"Date","Region","Canton","Scaled Value","Scaled Number of Transactions"
"2019-01-01","9999","9999",0.00958857429004186,0.0185915175096747
"2019-01-01","Central","LU",0.668984930472038,1.03677449746822
"2019-01-01","Central","NW",0.173352220513579,0.0861939458949453
"2019-01-01","Central","OW",0.352055183070341,0.299061723158369
"2019-01-01","Central","SZ",0.353352705865276,0.397593367144744
"2019-01-01","Central","UR",0.193901597829556,0.153422504641082
"2019-01-01","Central","ZG",0.119265033107984,0.190299646319321
"2019-01-01","Eastern","AI",0.0311723138443533,0.0215144983247241
"2019-01-01","Eastern","AR",0.08489272276612,0.0633199216097331
"2019-01-01","Eastern","GL",0.102727087175497,0.140778913208542
"2019-01-01","Eastern","GR",3.56972420757221,2.53626365558857
"2019-01-01","Eastern","SG",0.642908108477569,0.88549324621491
"2019-01-01","Eastern","SH",0.0715364424347962,0.141900522125945
"2019-01-01","Eastern","TG",0.181292803754143,0.241247881688613
"2019-01-01","Espace Mittelland","BE",2.56131789581814,2.70426707615589
"2019-01-01","Espace Mittelland","FR",0.295585300253327,0.47746551732342
"2019-01-01","Espace Mittelland","JU",0.0486593623964441,0.0799061383276879
"2019-01-01","Espace Mittelland","NE",0.149608693320098,0.245666341060199
"2019-01-01","Espace Mittelland","SO",0.192683644674203,0.321323960761362
"2019-01-01","Lake Geneva","GE",1.08695451588485,1.61922940709034
"2019-01-01","Lake Geneva","VD",1.34515084959044,1.941403071577
"2019-01-01","Lake Geneva","VS",2.86506397328142,2.7441351749472
"2019-01-01","Northwestern","AG",0.54864550947061,0.959621399210523
"2019-01-01","Northwestern","BL",0.214727199549648,0.392699073686987
"2019-01-01","Northwestern","BS",0.344037317146715,0.692032702037454
"2019-01-01","Ticino","TI",0.613250429488672,0.697912651816565
"2019-01-01","Zurich","ZH",2.50935137499756,4.67993020193719
"2019-01-02","9999","9999",0.011205523037588,0.0234518228184197
"2019-01-02","Central","LU",2.88673203652534,3.07079527510348
"2019-01-02","Central","NW",0.298087923821259,0.2712934054154
"2019-01-02","Central","OW",0.373073731082665,0.279722466370426
"2019-01-02","Central","SZ",1.09485122402123,1.20756494625454
"2019-01-02","Central","UR",0.293712278947981,0.233838465203953
"2019-01-02","Central","ZG",0.592388526249857,0.813132476967931
"2019-01-02","Eastern","AI",0.0531737010009629,0.0498266264518887
"2019-01-02","Eastern","AR",0.120418058627908,0.14737261411691
"2019-01-02","Eastern","GL",0.161462901392736,0.218407845552413
"2019-01-02","Eastern","GR",5.03014218874121,3.42257261737977
"2019-01-02","Eastern","SG",3.40699712439105,3.77737490491815
"2019-01-02","Eastern","SH",0.240682953825365,0.390387879554157
"2019-01-02","Eastern","TG",0.194211582254481,0.359594616549102
"2019-01-02","Espace Mittelland","BE",2.94160102236668,3.45013700622867
"2019-01-02","Espace Mittelland","FR",1.43035215484582,1.90214675946791
"2019-01-02","Espace Mittelland","JU",0.05767171371211,0.111277199865951
"2019-01-02","Espace Mittelland","NE",0.785492320864057,1.15610688865007
"2019-01-02","Espace Mittelland","SO",0.757048095521882,1.09880286941549
"2019-01-02","Lake Geneva","GE",4.04549539329616,5.26479827013917
"2019-01-02","Lake Geneva","VD",1.62447178891695,2.53398644960475
"2019-01-02","Lake Geneva","VS",5.17575492287852,4.99843314633054
"2019-01-02","Northwestern","AG",1.79383292569443,2.6892783024415
"2019-01-02","Northwestern","BL",1.34293648827653,1.72381094160088
"2019-01-02","Northwestern","BS",1.51536656406208,2.32264813904688
"2019-01-02","Ticino","TI",2.42775377280568,2.51977940331765
"2019-01-02","Zurich","ZH",7.09462049203815,10.9545163792289
"2019-01-03","9999","9999",0.0124454294091181,0.0295357014916039
"2019-01-03","Central","LU",2.98346660448442,3.69352614130505
"2019-01-03","Central","NW",0.305526672830667,0.331350464719961
"2019-01-03","Central","OW",0.406766756597968,0.444802906122693
"2019-01-03","Central","SZ",1.00268070855881,1.18853158280771
"2019-01-03","Central","UR",0.26341225104672,0.255420939826701
"2019-01-03","Central","ZG",0.893198120214159,1.23917392483589
"2019-01-03","Eastern","AI",0.0607830279881537,0.0573380073835855
"2019-01-03","Eastern","AR",0.148324367517406,0.170858425084342
"2019-01-03","Eastern","GL",0.215663308810124,0.291244448885563
"2019-01-03","Eastern","GR",4.5536387422527,3.56301164909819
"2019-01-03","Eastern","SG",3.24119428049248,3.85398419279166
"2019-01-03","Eastern","SH",0.384414771958108,0.582047051833967
"2019-01-03","Eastern","TG",1.22980877319362,1.62072488564687
"2019-01-03","Espace Mittelland","BE",8.08708014576857,9.79586037940291
"2019-01-03","Espace Mittelland","FR",1.60020717633093,2.11739370716219
"2019-01-03","Espace Mittelland","JU",0.367909544384729,0.463972222165575
"2019-01-03","Espace Mittelland","NE",0.921421728656627,1.35130082842714
"2019-01-03","Espace Mittelland","SO",1.19374996164747,1.69359547712903
"2019-01-03","Lake Geneva","GE",4.61498981264645,5.81798938346178
"2019-01-03","Lake Geneva","VD",6.74767052429892,8.473075607997
"2019-01-03","Lake Geneva","VS",4.66192561261172,4.60264115108344
"2019-01-03","Northwestern","AG",3.80002682631325,4.8476277291634
"2019-01-03","Northwestern","BL",1.2496455207605,1.67184306176123
"2019-01-03","Northwestern","BS",1.41595395435478,2.30483834896448
"2019-01-03","Ticino","TI",2.40347474926077,2.50169770804316
"2019-01-03","Zurich","ZH",11.0272467451469,17.0439691088511
"2019-01-04","9999","9999",0.0161525741788738,0.0315410022833238
"2019-01-04","Central","LU",3.42293244161661,4.14499072463413
"2019-01-04","Central","NW",0.376179633417082,0.381313043767899
"2019-01-04","Central","OW",0.403920737110209,0.413975654968626
"2019-01-04","Central","SZ",1.20946755591316,1.3734611015831
"2019-01-04","Central","UR",0.307710058415018,0.268914234984546
"2019-01-04","Central","ZG",1.09563994598287,1.40031173930274
"2019-01-04","Eastern","AI",0.0723531365375659,0.0676024283852706
"2019-01-04","Eastern","AR",0.184021538399858,0.211202357961826
"2019-01-04","Eastern","GL",0.226707299879449,0.303514170678968
"2019-01-04","Eastern","GR",4.80196459903306,3.46719905703279
"2019-01-04","Eastern","SG",3.62403489798531,4.27754450578172
"2019-01-04","Eastern","SH",0.419788722263177,0.633131239799307
"2019-01-04","Eastern","TG",1.30725770703074,1.69859173503383
"2019-01-04","Espace Mittelland","BE",8.1496558422182,9.83345127221041
"2019-01-04","Espace Mittelland","FR",1.82356863141046,2.33739899571817
"2019-01-04","Espace Mittelland","JU",0.356926102838866,0.450852796646865
"2019-01-04","Espace Mittelland","NE",1.01170019094951,1.44289889001503
"2019-01-04","Espace Mittelland","SO",1.27377928340622,1.75953248621271
"2019-01-04","Lake Geneva","GE",4.80192534483418,6.12160551858778
"2019-01-04","Lake Geneva","VD",6.81612710202583,8.61433035529172
"2019-01-04","Lake Geneva","VS",5.04745257773423,4.73716624487374
"2019-01-04","Northwestern","AG",4.13701508949184,5.22965452406055
"2019-01-04","Northwestern","BL",1.53251115653948,1.95856708682816
"2019-01-04","Northwestern","BS",1.58825454297549,2.50727176448116
"2019-01-04","Ticino","TI",2.40293616316843,2.51797803142
"2019-01-04","Zurich","ZH",12.2406491311482,18.5907017940984
"2019-01-05","9999","9999",0.0160527469603969,0.0275643888488962
"2019-01-05","Central","LU",3.38577584003291,4.03306774993695
"2019-01-05","Central","NW",0.389643620002015,0.398986881254244
"2019-01-05","Central","OW",0.363045908416077,0.319250683671617
"2019-01-05","Central","SZ",1.25146705813201,1.36737722290992
"2019-01-05","Central","UR",0.249995855870314,0.244782649185882
"2019-01-05","Central","ZG",1.18875255438652,1.41890325681241
"2019-01-05","Eastern","AI",0.0706203518759076,0.0661069498287337
"2019-01-05","Eastern","AR",0.189995178476926,0.200428114724958
"2019-01-05","Eastern","GL",0.227464724997767,0.289409088838904
"2019-01-05","Eastern","GR",4.17328549542431,2.79698674666117
"2019-01-05","Eastern","SG",3.71997346801492,4.20943225516127
"2019-01-05","Eastern","SH",0.482416192432228,0.684623285552794
"2019-01-05","Eastern","TG",1.47601528700421,1.87026587569446
"2019-01-05","Espace Mittelland","BE",8.0632912632148,9.78930066664356
"2019-01-05","Espace Mittelland","FR",1.74862564975949,2.26361072421268
"2019-01-05","Espace Mittelland","JU",0.375293672727131,0.469172408964442
"2019-01-05","Espace Mittelland","NE",1.2342614148804,1.64380283882616
"2019-01-05","Espace Mittelland","SO",1.52786357530556,1.99778941078825
"2019-01-05","Lake Geneva","GE",5.33233164376719,6.30191264909751
"2019-01-05","Lake Geneva","VD",7.5308067356211,9.34612919167345
"2019-01-05","Lake Geneva","VS",4.77789182058918,4.36224297312013
"2019-01-05","Northwestern","AG",4.86413844511087,5.94333767701878
"2019-01-05","Northwestern","BL",1.7795581777792,2.1717407574327
"2019-01-05","Northwestern","BS",1.79401190745422,2.55645261610182
"2019-01-05","Ticino","TI",2.47460346337557,2.72000358914854
"2019-01-05","Zurich","ZH",14.0139913376118,18.9162402853373
"2019-01-06","9999","9999",0.0109677578800073,0.0234178346694075
"2019-01-06","Central","LU",0.583443103656574,1.04336819837659
"2019-01-06","Central","NW",0.0888452062789159,0.0881992466866653
"2019-01-06","Central","OW",0.171414988204728,0.139555339844103
"2019-01-06","Central","SZ",0.275416340923845,0.360478308423419
"2019-01-06","Central","UR",0.169064795771239,0.080585901307932
"2019-01-06","Central","ZG",0.14762057231267,0.305451495172663
"2019-01-06","Eastern","AI",0.0116083994070251,0.0124056743894539
"2019-01-06","Eastern","AR",0.0557211943425223,0.0556385999329754
"2019-01-06","Eastern","GL",0.0532219072248548,0.101760518142534
"2019-01-06","Eastern","GR",2.07638020851068,1.13724346594829
"2019-01-06","Eastern","SG",0.541276399070419,0.873053583676444
"2019-01-06","Eastern","SH",0.086193241317455,0.186153092139833
"2019-01-06","Eastern","TG",0.178668282270914,0.336958509306975
"2019-01-06","Espace Mittelland","BE",1.6994918378698,2.57704943440321
"2019-01-06","Espace Mittelland","FR",0.350271024123448,0.670382251116681
"2019-01-06","Espace Mittelland","JU",0.0538057703570547,0.104615522659559
"2019-01-06","Espace Mittelland","NE",0.165301416933645,0.336924521157963
"2019-01-06","Espace Mittelland","SO",0.202557062531543,0.415980955760345
"2019-01-06","Lake Geneva","GE",1.17380253948273,2.16609872469667
"2019-01-06","Lake Geneva","VD",1.24454143324356,2.28617885515678
"2019-01-06","Lake Geneva","VS",1.95343219640123,1.73009874916814
"2019-01-06","Northwestern","AG",0.645989707982947,1.31476356823903
"2019-01-06","Northwestern","BL",0.241514160703581,0.506593361026877
"2019-01-06","Northwestern","BS",0.313752083974443,0.780163972426094
"2019-01-06","Ticino","TI",0.987945702812029,1.08785868543356
"2019-01-06","Zurich","ZH",2.78842060813017,5.95044120016233
"2019-01-07","9999","9999",0.011131760857797,0.0380327387446545
"2019-01-07","Central","LU",2.06300571476365,3.22816040502997
"2019-01-07","Central","NW",0.217963736443189,0.279484549327341
"2019-01-07","Central","OW",0.157802412102383,0.216572485505754
"2019-01-07","Central","SZ",0.789264506833863,1.04183873167104
"2019-01-07","Central","UR",0.177329562930459,0.184011838752064
"2019-01-07","Central","ZG",0.819770983469271,1.37502455643766
"2019-01-07","Eastern","AI",0.0324411909424758,0.042315245520192
"2019-01-07","Eastern","AR",0.122012627312941,0.168819136143609
"2019-01-07","Eastern","GL",0.136377518125628,0.211678192047997
"2019-01-07","Eastern","GR",2.04602178098172,1.84066219790483
"2019-01-07","Eastern","SG",2.33226435085481,3.41778028836905
"2019-01-07","Eastern","SH",0.307297227519087,0.541125320423275
"2019-01-07","Eastern","TG",0.947125424296517,1.45346920435782
"2019-01-07","Espace Mittelland","BE",4.95485404112873,8.00162599304874
"2019-01-07","Espace Mittelland","FR",1.29519726168912,1.972026393837
"2019-01-07","Espace Mittelland","JU",0.253872748421308,0.382978463069497
"2019-01-07","Espace Mittelland","NE",0.752124845958891,1.32696531373441
"2019-01-07","Espace Mittelland","SO",0.855855989282821,1.47661513383513
"2019-01-07","Lake Geneva","GE",4.18589527633713,6.51559614193723
"2019-01-07","Lake Geneva","VD",4.92017016037326,7.68081185452256
"2019-01-07","Lake Geneva","VS",2.5204202484671,2.93062814857715
"2019-01-07","Northwestern","AG",2.72604686090606,4.37325513340009
"2019-01-07","Northwestern","BL",1.07137954703592,1.71490604655969
"2019-01-07","Northwestern","BS",1.30454783194427,2.4171351933008
"2019-01-07","Ticino","TI",1.83048477561101,2.12109841540452
"2019-01-07","Zurich","ZH",9.40446103841994,18.7219300374345
"2019-01-08","9999","9999",0.0116292992134354,0.0379987505956423
"2019-01-08","Central","LU",2.15594631975771,3.20171762509848
"2019-01-08","Central","NW",0.210721211435956,0.279144667837219
"2019-01-08","Central","OW",0.138623673617596,0.188260357378589
"2019-01-08","Central","SZ",0.763187167924564,0.990686567407676
"2019-01-08","Central","UR",0.151719652087968,0.17191205770372
"2019-01-08","Central","ZG",0.822066042236946,1.36163322572685
"2019-01-08","Eastern","AI",0.040153438805079,0.0450342974411682
"2019-01-08","Eastern","AR",0.131711292713646,0.169226993931756
"2019-01-08","Eastern","GL",0.133851508077673,0.200292162128909
"2019-01-08","Eastern","GR",1.64433474641531,1.61154808541358
"2019-01-08","Eastern","SG",2.36732047686004,3.40860348813576
"2019-01-08","Eastern","SH",0.319412692961907,0.540921391529202
"2019-01-08","Eastern","TG",0.959050590677597,1.45499867106337
"2019-01-08","Espace Mittelland","BE",5.03806632077572,7.91485424862059
"2019-01-08","Espace Mittelland","FR",1.25655223126541,1.90027741127224
"2019-01-08","Espace Mittelland","JU",0.247559636277893,0.372510113173739
"2019-01-08","Espace Mittelland","NE",0.775797759453817,1.29620603887836
"2019-01-08","Espace Mittelland","SO",0.870840453427194,1.4787563872229
"2019-01-08","Lake Geneva","GE",4.0563138215307,6.25300370266895
"2019-01-08","Lake Geneva","VD",4.65666675217952,7.3201975935031
"2019-01-08","Lake Geneva","VS",2.32963877987784,2.7159929875651
"2019-01-08","Northwestern","AG",2.73892190136296,4.36594768136246
"2019-01-08","Northwestern","BL",1.03123323147383,1.68275325759414
"2019-01-08","Northwestern","BS",1.20083192585975,2.40663285525603
"2019-01-08","Ticino","TI",1.73878072487413,2.09407783693982
"2019-01-08","Zurich","ZH",9.345427884611,18.3815727132264
"2019-01-09","9999","9999",0.0130238257753917,0.0393582765561304
"2019-01-09","Central","LU",2.38562490481865,3.45057885216583
"2019-01-09","Central","NW",0.236465453561807,0.285330510957439
"2019-01-09","Central","OW",0.148835874321511,0.185371364712552
"2019-01-09","Central","SZ",0.752648946687938,0.993269666732604
"2019-01-09","Central","UR",0.16079207517248,0.17361146515433
"2019-01-09","Central","ZG",0.885434039891813,1.42376356212116
"2019-01-09","Eastern","AI",0.041975434351098,0.0436747714806801
"2019-01-09","Eastern","AR",0.12357432491403,0.168275325759414
"2019-01-09","Eastern","GL",0.134717685027323,0.202059545877543
"2019-01-09","Eastern","GR",1.58326332694444,1.52273705204469
"2019-01-09","Eastern","SG",2.34986839054734,3.42389815519125
"2019-01-09","Eastern","SH",0.336686463238464,0.560260648317145
"2019-01-09","Eastern","TG",0.973501355924381,1.4673363691548
"2019-01-09","Espace Mittelland","BE",4.77588371220834,7.91138745742135
"2019-01-09","Espace Mittelland","FR",1.22269703547035,1.89983556533508
"2019-01-09","Espace Mittelland","JU",0.25841325388107,0.38658120686479
"2019-01-09","Espace Mittelland","NE",0.7939883212571,1.35381595145405
"2019-01-09","Espace Mittelland","SO",0.919591928479884,1.53035039742343
"2019-01-09","Lake Geneva","GE",4.32494347409066,6.51943680277561
"2019-01-09","Lake Geneva","VD",4.86997979806777,7.69454306672349
"2019-01-09","Lake Geneva","VS",2.32645409502415,2.73087979683244
"2019-01-09","Northwestern","AG",2.91703703385781,4.5997521584174
"2019-01-09","Northwestern","BL",1.05472722978133,1.72387891789891
"2019-01-09","Northwestern","BS",1.21466781700057,2.4424903524639
"2019-01-09","Ticino","TI",1.80247501326719,2.14006380255333
"2019-01-09","Zurich","ZH",10.0170921608664,19.1868879159215
"2019-01-10","9999","9999",0.0138559803307955,0.0434028662885825
"2019-01-10","Central","LU",2.22958637058814,3.38154892152204
"2019-01-10","Central","NW",0.228486622539867,0.280538181946719
"2019-01-10","Central","OW",0.153961824986133,0.198796683572372
"2019-01-10","Central","SZ",0.738322750083072,0.980082264915869
"2019-01-10","Central","UR",0.157790562221514,0.175548789648026
"2019-01-10","Central","ZG",0.865388544886203,1.40258894528656
"2019-01-10","Eastern","AI",0.03892443463723,0.0419073877320456
"2019-01-10","Eastern","AR",0.112889213713295,0.153422504641082
"2019-01-10","Eastern","GL",0.139988450164694,0.210930452769728
"2019-01-10","Eastern","GR",1.84971996746084,1.7570173631858
"2019-01-10","Eastern","SG",2.20145566975427,3.28587228205269
"2019-01-10","Eastern","SH",0.32516196067471,0.571884595279318
"2019-01-10","Eastern","TG",0.896101015997273,1.38053063657764
"2019-01-10","Espace Mittelland","BE",5.31178717322607,8.47273572650688
"2019-01-10","Espace Mittelland","FR",1.41136209027387,2.11419882115504
"2019-01-10","Espace Mittelland","JU",0.282987827395888,0.418122209148114
"2019-01-10","Espace Mittelland","NE",0.933699450531676,1.4829369295514
"2019-01-10","Espace Mittelland","SO",1.0122931666636,1.63095531849955
"2019-01-10","Lake Geneva","GE",4.71038299053846,7.00556929809714
"2019-01-10","Lake Geneva","VD",5.183593924523,8.0026116493701
"2019-01-10","Lake Geneva","VS",2.59649672643908,3.00237713114191
"2019-01-10","Northwestern","AG",2.88151282189417,4.53619431976458
"2019-01-10","Northwestern","BL",1.09608945041956,1.76789357086971
"2019-01-10","Northwestern","BS",1.30960428106042,2.57888479444987
"2019-01-10","Ticino","TI",1.92714062370716,2.32417760575243
"2019-01-10","Zurich","ZH",9.5438484654465,18.8300803275914
"2019-01-11","9999","9999",0.0148085016371143,0.0439126885237655
"2019-01-11","Central","LU",3.12834601269934,4.16905433413477
"2019-01-11","Central","NW",0.307703162301267,0.357963185396516
"2019-01-11","Central","OW",0.249286010412458,0.287641705090269
"2019-01-11","Central","SZ",1.11323018953187,1.34358551860137
"2019-01-11","Central","UR",0.226609242702661,0.245122530676004
"2019-01-11","Central","ZG",1.22448335997709,1.73672643822552
"2019-01-11","Eastern","AI",0.0706507049580673,0.0681802269184781
"2019-01-11","Eastern","AR",0.203279317861334,0.222724340476962
"2019-01-11","Eastern","GL",0.204247945763824,0.292535998548026
"2019-01-11","Eastern","GR",2.40493471254094,2.27237966665783
"2019-01-11","Eastern","SG",3.28960805352052,4.31350396743663
"2019-01-11","Eastern","SH",0.416616952448186,0.658622351558459
"2019-01-11","Eastern","TG",1.32539213658275,1.7943363508012
"2019-01-11","Espace Mittelland","BE",6.884250528145,10.0009448705425
"2019-01-11","Espace Mittelland","FR",1.86132111439616,2.5252175071596
"2019-01-11","Espace Mittelland","JU",0.366838962864122,0.491706551759532
"2019-01-11","Espace Mittelland","NE",1.1153468030347,1.67537782925849
"2019-01-11","Espace Mittelland","SO",1.2585808987588,1.87641773066567
"2019-01-11","Lake Geneva","GE",5.52937323681379,7.45315923243883
"2019-01-11","Lake Geneva","VD",6.50016955002216,9.37457727239666
"2019-01-11","Lake Geneva","VS",3.39735205365974,3.7301653659402
"2019-01-11","Northwestern","AG",3.8566557505089,5.51624259653144
"2019-01-11","Northwestern","BL",1.45053142114372,2.10451219868656
"2019-01-11","Northwestern","BS",1.51599053900186,2.76095930870824
"2019-01-11","Ticino","TI",1.95190618941952,2.39997117804964
"2019-01-11","Zurich","ZH",12.6582102011207,22.0051852320133
"2019-01-12","9999","9999",0.0137961748514067,0.0317789193264093
"2019-01-12","Central","LU",3.84834560449326,4.45360311766493
"2019-01-12","Central","NW",0.403019065342252,0.45370780116389
"2019-01-12","Central","OW",0.342978475858376,0.418869948426383
"2019-01-12","Central","SZ",1.44972542561152,1.63486395563595
"2019-01-12","Central","UR",0.253120547275587,0.268642329792448
"2019-01-12","Central","ZG",1.38286371810329,1.629425851794
"2019-01-12","Eastern","AI",0.081834548900979,0.078750541261273
"2019-01-12","Eastern","AR",0.197848101577617,0.230677567345818
"2019-01-12","Eastern","GL",0.259242784702111,0.340663217549305
"2019-01-12","Eastern","GR",3.12858221536436,2.89694589290606
"2019-01-12","Eastern","SG",4.2598650248444,4.87427443798896
"2019-01-12","Eastern","SH",0.532249601551672,0.743116890002794
"2019-01-12","Eastern","TG",1.6967962601776,2.11559233526454
"2019-01-12","Espace Mittelland","BE",7.89741288709475,10.3111886947259
"2019-01-12","Espace Mittelland","FR",1.95728434752878,2.49867276278107
"2019-01-12","Espace Mittelland","JU",0.42322458073185,0.527835954159504
"2019-01-12","Espace Mittelland","NE",1.44834946490719,1.87716546994394
"2019-01-12","Espace Mittelland","SO",1.71271685316255,2.2346868094033
"2019-01-12","Lake Geneva","GE",6.05250789903621,7.08513555493471
"2019-01-12","Lake Geneva","VD",8.44249988830528,10.3214871038766
"2019-01-12","Lake Geneva","VS",3.94410212260227,4.21099571001583
"2019-01-12","Northwestern","AG",5.58861186035153,6.67588425267878
"2019-01-12","Northwestern","BL",1.90142826191183,2.30538215934868
"2019-01-12","Northwestern","BS",1.97646144911661,2.80905253956051
"2019-01-12","Ticino","TI",2.55166566659964,2.79515138661452
"2019-01-12","Zurich","ZH",16.35707719861,21.6964028982374
"2019-01-13","9999","9999",0.0107222742441739,0.0234518228184197
"2019-01-13","Central","LU",0.65304149925006,1.13856900375977
"2019-01-13","Central","NW",0.0814596564207321,0.081605545778298
"2019-01-13","Central","OW",0.132412898862399,0.126164009133295
"2019-01-13","Central","SZ",0.270091832308271,0.374005591730275
"2019-01-13","Central","UR",0.104553844603584,0.0782747071751022
"2019-01-13","Central","ZG",0.17695008870513,0.333763623299828
"2019-01-13","Eastern","AI",0.0143783149341742,0.0106382906408194
"2019-01-13","Eastern","AR",0.0482312746809943,0.0574739599796343
"2019-01-13","Eastern","GL",0.0441496564452855,0.0938072912736787
"2019-01-13","Eastern","GR",1.40784665433358,1.05920667581628
"2019-01-13","Eastern","SG",0.542806114524431,0.997926043147275
"2019-01-13","Eastern","SH",0.083111939429706,0.179423438635417
"2019-01-13","Eastern","TG",0.199799427647621,0.357045505373186
"2019-01-13","Espace Mittelland","BE",1.61861954550444,2.61093561896838
"2019-01-13","Espace Mittelland","FR",0.362658132225302,0.691624844249307
"2019-01-13","Espace Mittelland","JU",0.0582933938633289,0.114472085873098
"2019-01-13","Espace Mittelland","NE",0.17337121321755,0.34752882364977
"2019-01-13","Espace Mittelland","SO",0.199693025429151,0.423560312990067
"2019-01-13","Lake Geneva","GE",1.30907128313067,2.32863005327302
"2019-01-13","Lake Geneva","VD",1.19482852793578,2.33032946072364
"2019-01-13","Lake Geneva","VS",1.26577354931701,1.37424282901038
"2019-01-13","Northwestern","AG",0.667617937456807,1.37138782449336
"2019-01-13","Northwestern","BL",0.244173906799637,0.522907672552734
"2019-01-13","Northwestern","BS",0.326697503168619,0.822037372009128
"2019-01-13","Ticino","TI",0.912222203264327,1.0367065211702
"2019-01-13","Zurich","ZH",2.86658538285397,6.20603208073409
"2019-01-14","9999","9999",0.013179064697205,0.03997006323835
"2019-01-14","Central","LU",2.28945373094772,3.27421434694151
"2019-01-14","Central","NW",0.204628391162469,0.275575912190937
"2019-01-14","Central","OW",0.136098344957371,0.187172736610199
"2019-01-14","Central","SZ",0.719434737029782,0.998911699468629
"2019-01-14","Central","UR",0.117527784181887,0.162429364129315
"2019-01-14","Central","ZG",0.803715080195596,1.38168623364405
"2019-01-14","Eastern","AI",0.0336091286720332,0.0417714351359968
"2019-01-14","Eastern","AR",0.113877609692,0.168717171696573
"2019-01-14","Eastern","GL",0.121158586113725,0.194616141243871
"2019-01-14","Eastern","GR",1.34960892279895,1.52467437653839
"2019-01-14","Eastern","SG",2.15567905129462,3.3892302431988
"2019-01-14","Eastern","SH",0.298787372242199,0.536434955859591
"2019-01-14","Eastern","TG",0.873350724984993,1.43185274158606
"2019-01-14","Espace Mittelland","BE",4.58234460090312,7.91679157311429
"2019-01-14","Espace Mittelland","FR",1.21310299049836,1.93980562857343
"2019-01-14","Espace Mittelland","JU",0.236355362451143,0.368295582696225
"2019-01-14","Espace Mittelland","NE",0.736663473059811,1.30701427026424
"2019-01-14","Espace Mittelland","SO",0.797663585696335,1.4617623127168
"2019-01-14","Lake Geneva","GE",4.21743518319777,6.61232641402596
"2019-01-14","Lake Geneva","VD",4.58046645352571,7.5644704204538
"2019-01-14","Lake Geneva","VS",2.10845941417956,2.64587543615292
"2019-01-14","Northwestern","AG",2.55490441604529,4.37509049344674
"2019-01-14","Northwestern","BL",0.989651310284913,1.69811590094766
"2019-01-14","Northwestern","BS",1.11783760413391,2.43548879376739
"2019-01-14","Ticino","TI",1.47443321825961,2.08731419528639
"2019-01-14","Zurich","ZH",9.08896354453073,19.0347569609429
"2019-01-15","9999","9999",0.0110857162777384,0.0377948217015691
"2019-01-15","Central","LU",2.59199340751889,3.28563436500961
"2019-01-15","Central","NW",0.209343758727466,0.279824430817463
"2019-01-15","Central","OW",0.1636136821826,0.210284677938496
"2019-01-15","Central","SZ",0.743430687049083,1.00438379145959
"2019-01-15","Central","UR",0.141563297765768,0.169940745061012
"2019-01-15","Central","ZG",0.855822519047597,1.38729427823107
"2019-01-15","Eastern","AI",0.0415491636695951,0.0464278115506685
"2019-01-15","Eastern","AR",0.120916019913862,0.171028365829403
"2019-01-15","Eastern","GL",0.131298775099431,0.205186455586666
"2019-01-15","Eastern","GR",1.485690949695,1.62500739242241
"2019-01-15","Eastern","SG",2.21240157623466,3.42875846049999
"2019-01-15","Eastern","SH",0.34576210920862,0.558357311972461
"2019-01-15","Eastern","TG",0.924974730990572,1.44140341145849
"2019-01-15","Espace Mittelland","BE",4.99241434927842,8.21755270372327
"2019-01-15","Espace Mittelland","FR",1.22981924855097,1.89449942594016
"2019-01-15","Espace Mittelland","JU",0.238300274078033,0.375671011031873
"2019-01-15","Espace Mittelland","NE",0.817447635362734,1.3522864847485
"2019-01-15","Espace Mittelland","SO",0.927536838924135,1.54958768976433
"2019-01-15","Lake Geneva","GE",4.25938191311173,6.55356090438386
"2019-01-15","Lake Geneva","VD",4.60449998560275,7.56861697463329
"2019-01-15","Lake Geneva","VS",2.13368107107666,2.72629139671579
"2019-01-15","Northwestern","AG",2.84470806700455,4.56188936041781
"2019-01-15","Northwestern","BL",0.995397950347331,1.69420726381125
"2019-01-15","Northwestern","BS",1.19658026222518,2.48283428534139
"2019-01-15","Ticino","TI",1.49911881489819,2.07497649719496
"2019-01-15","Zurich","ZH",9.37233318793276,19.2151320677506
"2019-01-16","9999","9999",0.013541077382945,0.0434708425866069
"2019-01-16","Central","LU",2.39024929537362,3.46454798140984
"2019-01-16","Central","NW",0.217198303061032,0.288491408815574
"2019-01-16","Central","OW",0.178585317440745,0.239888355728125
"2019-01-16","Central","SZ",0.817460244951762,1.09203922776206
"2019-01-16","Central","UR",0.158747641776786,0.197641086505957
"2019-01-16","Central","ZG",0.872986926593477,1.4216562968824
"2019-01-16","Eastern","AI",0.0464613818001972,0.0506083538791694
"2019-01-16","Eastern","AR",0.135797187244765,0.177418137843697
"2019-01-16","Eastern","GL",0.1438093553572,0.225647321292012
"2019-01-16","Eastern","GR",1.64954130054917,1.85772424870896
"2019-01-16","Eastern","SG",2.35863645261371,3.56875564628125
"2019-01-16","Eastern","SH",0.345988733285211,0.575249422031526
"2019-01-16","Eastern","TG",0.947488087041816,1.48004793688537
"2019-01-16","Espace Mittelland","BE",5.17634125702025,8.27281743401711
"2019-01-16","Espace Mittelland","FR",1.29297788003571,2.02103730471259
"2019-01-16","Espace Mittelland","JU",0.265527525270214,0.402691589496574
"2019-01-16","Espace Mittelland","NE",0.842340706733082,1.40303079122372
"2019-01-16","Espace Mittelland","SO",0.928650202978943,1.56457646347871
"2019-01-16","Lake Geneva","GE",4.36583412742742,6.84997155191928
"2019-01-16","Lake Geneva","VD",4.94971942039264,8.01610494452794
"2019-01-16","Lake Geneva","VS",2.21488857096103,2.86285577944682
"2019-01-16","Northwestern","AG",2.86236315203651,4.60926884014082
"2019-01-16","Northwestern","BL",1.04196971304378,1.75875075878543
"2019-01-16","Northwestern","BS",1.2408611954571,2.51753618548285
"2019-01-16","Ticino","TI",1.53446152710026,2.15274138213488
"2019-01-16","Zurich","ZH",9.85595668194204,19.6584055071678
"2019-01-17","9999","9999",0.0129503338010799,0.0413295891988381
"2019-01-17","Central","LU",2.46977166074518,3.49642886518329
"2019-01-17","Central","NW",0.221479603145845,0.288661349560635
"2019-01-17","Central","OW",0.177473582450854,0.209842832001338
"2019-01-17","Central","SZ",0.777786961283161,1.02090203187952
"2019-01-17","Central","UR",0.167495806538234,0.177452125992709
"2019-01-17","Central","ZG",0.909470121298803,1.45826153336855
"2019-01-17","Eastern","AI",0.0477971014682312,0.0484331123423885
"2019-01-17","Eastern","AR",0.132065951111127,0.173951346644452
"2019-01-17","Eastern","GL",0.145220940108537,0.219019632234632
"2019-01-17","Eastern","GR",1.69753990090046,1.82716890274699
"2019-01-17","Eastern","SG",2.49209001850896,3.59145972982141
"2019-01-17","Eastern","SH",0.336396027592553,0.572496381961538
"2019-01-17","Eastern","TG",0.974814664201729,1.48755931781706
"2019-01-17","Espace Mittelland","BE",5.37519228693212,8.4332414973547
"2019-01-17","Espace Mittelland","FR",1.29435094288417,1.97219633458206
"2019-01-17","Espace Mittelland","JU",0.27147761831038,0.404900819182367
"2019-01-17","Espace Mittelland","NE",0.901166546367141,1.43820852545135
"2019-01-17","Espace Mittelland","SO",1.01306736018571,1.64828927449577
"2019-01-17","Lake Geneva","GE",4.68258450538321,7.1781611187811
"2019-01-17","Lake Geneva","VD",4.81059951245455,7.70171456616507
"2019-01-17","Lake Geneva","VS",2.25751016059733,2.75426364335284
"2019-01-17","Northwestern","AG",2.8963270252585,4.60209734069924
"2019-01-17","Northwestern","BL",1.08372359456605,1.77380750879783
"2019-01-17","Northwestern","BS",1.25751746397731,2.55652059239984
"2019-01-17","Ticino","TI",1.70961135417834,2.24712647194176
"2019-01-17","Zurich","ZH",10.0016127625206,19.7553397081506
"2019-01-18","9999","9999",0.0153782592600974,0.0423832218182164
"2019-01-18","Central","LU",3.26028499856343,4.13965458523922
"2019-01-18","Central","NW",0.307105612674144,0.348446503673099
"2019-01-18","Central","OW",0.24924206481989,0.309394120458079
"2019-01-18","Central","SZ",1.02880917112797,1.27465755240463
"2019-01-18","Central","UR",0.215017549043088,0.244952589930943
"2019-01-18","Central","ZG",1.20150873184474,1.74389793766709
"2019-01-18","Eastern","AI",0.0664007800370093,0.0657330801895995
"2019-01-18","Eastern","AR",0.166597925479028,0.197946979847067
"2019-01-18","Eastern","GL",0.199268751918581,0.271667275054534
"2019-01-18","Eastern","GR",2.45860660978914,2.39330950084325
"2019-01-18","Eastern","SG",3.12748045448107,4.18033839960682
"2019-01-18","Eastern","SH",0.399559272150555,0.645298997145675
"2019-01-18","Eastern","TG",1.23835449922687,1.74080501610698
"2019-01-18","Espace Mittelland","BE",6.90135882693573,9.89374624855805
"2019-01-18","Espace Mittelland","FR",1.78476296970342,2.44446166510661
"2019-01-18","Espace Mittelland","JU",0.339488157279576,0.47624194395898
"2019-01-18","Espace Mittelland","NE",1.13247817110771,1.65410124797686
"2019-01-18","Espace Mittelland","SO",1.20902520604764,1.82353217080268
"2019-01-18","Lake Geneva","GE",5.36900392356761,7.60892691936176
"2019-01-18","Lake Geneva","VD",6.48868412935234,9.40146189826531
"2019-01-18","Lake Geneva","VS",3.25311156783843,3.65019125131449
"2019-01-18","Northwestern","AG",3.71407255237196,5.39184597114678
"2019-01-18","Northwestern","BL",1.43706823734318,2.06811089109449
"2019-01-18","Northwestern","BS",1.51951766426614,2.83165465865362
"2019-01-18","Ticino","TI",1.85150253650303,2.39932540321841
"2019-01-18","Zurich","ZH",13.1137878270685,22.1247215520892
"2019-01-19","9999","9999",0.0155712564606081,0.0329005282438119
"2019-01-19","Central","LU",3.78059732539574,4.29875311076534
"2019-01-19","Central","NW",0.387530393857733,0.43086776502769
"2019-01-19","Central","OW",0.389443644451303,0.477907363260578
"2019-01-19","Central","SZ",1.42959896686269,1.66419572823348
"2019-01-19","Central","UR",0.252189070668472,0.266093218616533
"2019-01-19","Central","ZG",1.27100766440974,1.54408160962436
"2019-01-19","Eastern","AI",0.0890351724788342,0.0869076970242016
"2019-01-19","Eastern","AR",0.191506680515233,0.221704696006596
"2019-01-19","Eastern","GL",0.268699224596819,0.363095395897359
"2019-01-19","Eastern","GR",3.46628407163332,3.32026828885304
"2019-01-19","Eastern","SG",4.01035605575141,4.71622954508222
"2019-01-19","Eastern","SH",0.511572561936843,0.738460513588122
"2019-01-19","Eastern","TG",1.64663623529019,2.05108282843938
"2019-01-19","Espace Mittelland","BE",7.97735375767731,10.2439941241288
"2019-01-19","Espace Mittelland","FR",1.90678774059884,2.48936000995173
"2019-01-19","Espace Mittelland","JU",0.416967726152402,0.509448365543902
"2019-01-19","Espace Mittelland","NE",1.4132741817251,1.82533354270033
"2019-01-19","Espace Mittelland","SO",1.58571194857675,2.12446324215672
"2019-01-19","Lake Geneva","GE",5.75442963603984,6.90914491934952
"2019-01-19","Lake Geneva","VD",8.0328483945156,10.0557677548992
"2019-01-19","Lake Geneva","VS",4.17811749385577,4.40146529708021
"2019-01-19","Northwestern","AG",5.21391398678994,6.42413403294539
"2019-01-19","Northwestern","BL",1.84165638981898,2.24930171347854
"2019-01-19","Northwestern","BS",1.92357994988722,2.82054053392663
"2019-01-19","Ticino","TI",2.39574980565667,2.69597396779691
"2019-01-19","Zurich","ZH",15.7827760313345,21.4179379933805
"2019-01-20","9999","9999",0.0103784671420954,0.0249812895239688
"2019-01-20","Central","LU",0.675033041528777,1.18693413980413
"2019-01-20","Central","NW",0.108919182508439,0.112058927293231
"2019-01-20","Central","OW",0.239069345444105,0.219563442618828
"2019-01-20","Central","SZ",0.377519323930854,0.506525384728853
"2019-01-20","Central","UR",0.126263492079144,0.110427496140646
"2019-01-20","Central","ZG",0.172714731383819,0.33920172714178
"2019-01-20","Eastern","AI",0.0200673933974868,0.0237917043085417
"2019-01-20","Eastern","AR",0.0568063043026616,0.0604309289436959
"2019-01-20","Eastern","GL",0.07392506670267,0.138501707224725
"2019-01-20","Eastern","GR",2.14638939475292,1.79753123680835
"2019-01-20","Eastern","SG",0.664361409273829,1.12708100939364
"2019-01-20","Eastern","SH",0.0890913830505437,0.191965065620919
"2019-01-20","Eastern","TG",0.209949175641656,0.374821307306568
"2019-01-20","Espace Mittelland","BE",2.13761480467882,2.94816603346745
"2019-01-20","Espace Mittelland","FR",0.427838335372595,0.785364159224961
"2019-01-20","Espace Mittelland","JU",0.0653208901334458,0.11250077323039
"2019-01-20","Espace Mittelland","NE",0.191725077030785,0.372883982812873
"2019-01-20","Espace Mittelland","SO",0.213994613755306,0.453197978928707
"2019-01-20","Lake Geneva","GE",1.25809669445615,2.31839962042035
"2019-01-20","Lake Geneva","VD",1.36843899048304,2.54020628087398
"2019-01-20","Lake Geneva","VS",1.86463366518182,1.94731700950513
"2019-01-20","Northwestern","AG",0.711958848473063,1.43266845716236
"2019-01-20","Northwestern","BL",0.247540569169515,0.528991551225919
"2019-01-20","Northwestern","BS",0.340111963830436,0.831622030030569
"2019-01-20","Ticino","TI",0.818830543089086,1.00676296189045
"2019-01-20","Zurich","ZH",2.97194812476164,6.53510533947023
"2019-01-21","9999","9999",0.014100551533634,0.0405138736225453
"2019-01-21","Central","LU",2.12996755885605,3.18608307655287
"2019-01-21","Central","NW",0.205501988972742,0.27809103521784
"2019-01-21","Central","OW",0.175489643754322,0.219563442618828
"2019-01-21","Central","SZ",0.737626767341103,1.00214057362479
"2019-01-21","Central","UR",0.157896044174946,0.182006537960344
"2019-01-21","Central","ZG",0.750179750278994,1.35191261510936
"2019-01-21","Eastern","AI",0.0331575683240889,0.0436747714806801
"2019-01-21","Eastern","AR",0.108652031525993,0.164570617517084
"2019-01-21","Eastern","GL",0.127571000728744,0.208007471954679
"2019-01-21","Eastern","GR",1.97510373315616,2.03599209027796
"2019-01-21","Eastern","SG",2.16225505378916,3.31877281029651
"2019-01-21","Eastern","SH",0.286871005161289,0.529263456418016
"2019-01-21","Eastern","TG",0.878195462234189,1.43933013436875
"2019-01-21","Espace Mittelland","BE",4.69249346896714,7.99591598401469
"2019-01-21","Espace Mittelland","FR",1.18072682900787,1.88477881532267
"2019-01-21","Espace Mittelland","JU",0.226769090781706,0.368941357527457
"2019-01-21","Espace Mittelland","NE",0.717284300849804,1.29447264327874
"2019-01-21","Espace Mittelland","SO",0.80164707235085,1.44758925457871
"2019-01-21","Lake Geneva","GE",3.92053449134369,6.62327059800789
"2019-01-21","Lake Geneva","VD",4.42321945074377,7.52280094976484
"2019-01-21","Lake Geneva","VS",2.26822697590762,2.83179061124967
"2019-01-21","Northwestern","AG",2.50196007250388,4.27761248207975
"2019-01-21","Northwestern","BL",0.99849914170796,1.68720570511474
"2019-01-21","Northwestern","BS",1.07322853180168,2.38450657024909
"2019-01-21","Ticino","TI",1.5024610412943,2.09594718513549
"2019-01-21","Zurich","ZH",9.08686102478905,19.0427781641097
"2019-01-22","9999","9999",0.0137694519211192,0.0412276247518015
"2019-01-22","Central","LU",2.17011177543064,3.13680026048517
"2019-01-22","Central","NW",0.213158370873522,0.276255675171181
"2019-01-22","Central","OW",0.163498186962353,0.228536313958049
"2019-01-22","Central","SZ",0.750989321138769,1.0280735313211
"2019-01-22","Central","UR",0.150652383521496,0.185813210649711
"2019-01-22","Central","ZG",0.82149875562349,1.38002081434246
"2019-01-22","Eastern","AI",0.0436380909008591,0.0511181761143525
"2019-01-22","Eastern","AR",0.124475323126299,0.168003420567317
"2019-01-22","Eastern","GL",0.131947362233945,0.215688793631437
"2019-01-22","Eastern","GR",1.74750493924847,1.97124466640972
"2019-01-22","Eastern","SG",2.17357157645438,3.32217162519773
"2019-01-22","Eastern","SH",0.30295834233904,0.534497631365895
"2019-01-22","Eastern","TG",0.893974404891719,1.41424688039774
"2019-01-22","Espace Mittelland","BE",4.74817377612983,7.9371504743726
"2019-01-22","Espace Mittelland","FR",1.15400912660907,1.84939715220097
"2019-01-22","Espace Mittelland","JU",0.23991708968085,0.372000290938556
"2019-01-22","Espace Mittelland","NE",0.762254841540797,1.32254685436282
"2019-01-22","Espace Mittelland","SO",0.846766825206664,1.4690017884564
"2019-01-22","Lake Geneva","GE",3.99842570064193,6.48269561369342
"2019-01-22","Lake Geneva","VD",4.5041771006284,7.45818947849264
"2019-01-22","Lake Geneva","VS",2.12853267377716,2.74750000169941
"2019-01-22","Northwestern","AG",2.63293442872337,4.37264334671787
"2019-01-22","Northwestern","BL",1.00651660428138,1.65631047766265
"2019-01-22","Northwestern","BS",1.12174856607141,2.40462755446431
"2019-01-22","Ticino","TI",1.46329878667519,2.06359046727587
"2019-01-22","Zurich","ZH",9.36148830697341,18.9885670664353
"2019-01-23","9999","9999",0.0140636156194384,0.0412616129008137
"2019-01-23","Central","LU",2.66285260929031,3.48854361461246
"2019-01-23","Central","NW",0.226923338950096,0.29644463568443
"2019-01-23","Central","OW",0.175568978432618,0.208585270487886
"2019-01-23","Central","SZ",0.804728585703756,1.06246953812145
"2019-01-23","Central","UR",0.14447637912064,0.187852499590443
"2019-01-23","Central","ZG",0.892845192698154,1.44745330198266
"2019-01-23","Eastern","AI",0.0432858565206478,0.0488749582795471
"2019-01-23","Eastern","AR",0.133114849621037,0.173781405899391
"2019-01-23","Eastern","GL",0.136075573292713,0.216538497356742
"2019-01-23","Eastern","GR",1.91690412800625,2.06943642890597
"2019-01-23","Eastern","SG",2.31703631800909,3.49918190525328
"2019-01-23","Eastern","SH",0.328297511207428,0.566276550692305
"2019-01-23","Eastern","TG",0.966209171849302,1.47627525234501
"2019-01-23","Espace Mittelland","BE",4.98116275424862,8.28705846845322
"2019-01-23","Espace Mittelland","FR",1.24859002375447,1.95122564664153
"2019-01-23","Espace Mittelland","JU",0.255573547019867,0.385595550543437
"2019-01-23","Espace Mittelland","NE",0.822181384732357,1.38562885892947
"2019-01-23","Espace Mittelland","SO",0.901674000089058,1.54312994145201
"2019-01-23","Lake Geneva","GE",4.097463057595,6.56569467358122
"2019-01-23","Lake Geneva","VD",4.75372215194291,7.7338333669816
"2019-01-23","Lake Geneva","VS",2.31182600057862,2.89011427495461
"2019-01-23","Northwestern","AG",2.87427824641046,4.62966172954814
"2019-01-23","Northwestern","BL",1.03920221370186,1.72146575931904
"2019-01-23","Northwestern","BS",1.19496629748596,2.4942882915585
"2019-01-23","Ticino","TI",1.57723380132544,2.16851188327654
"2019-01-23","Zurich","ZH",10.1253005580718,19.8219904683635
"2019-01-24","9999","9999",0.0145276641597459,0.0419073877320456
"2019-01-24","Central","LU",2.67879229287978,3.48969921167887
"2019-01-24","Central","NW",0.242605869159842,0.28240753014239
"2019-01-24","Central","OW",0.182258377159911,0.220481122642157
"2019-01-24","Central","SZ",0.784925214387587,1.02134387781668
"2019-01-24","Central","UR",0.157129600459258,0.184147791348113
"2019-01-24","Central","ZG",0.994634702105136,1.45571242219263
"2019-01-24","Eastern","AI",0.0494690820650342,0.050710318326206
"2019-01-24","Eastern","AR",0.120759950795504,0.168479254653487
"2019-01-24","Eastern","GL",0.147689032199435,0.222962257520048
"2019-01-24","Eastern","GR",1.97028961136256,2.11763162420527
"2019-01-24","Eastern","SG",2.50896644575437,3.59400884099732
"2019-01-24","Eastern","SH",0.33076165986474,0.572462393812525
"2019-01-24","Eastern","TG",1.00838928489286,1.52015395271977
"2019-01-24","Espace Mittelland","BE",5.46894297186875,8.67258604269863
"2019-01-24","Espace Mittelland","FR",1.29245365007796,1.98297057781893
"2019-01-24","Espace Mittelland","JU",0.273399719112398,0.40092420574794
"2019-01-24","Espace Mittelland","NE",0.917755326173904,1.49524063949382
"2019-01-24","Espace Mittelland","SO",1.00313071033022,1.66236036818682
"2019-01-24","Lake Geneva","GE",4.76475505675555,7.29181748907791
"2019-01-24","Lake Geneva","VD",4.95956592343465,7.88803759904996
"2019-01-24","Lake Geneva","VS",2.41873488956626,2.86798798994767
"2019-01-24","Northwestern","AG",2.98062758684299,4.70960185602484
"2019-01-24","Northwestern","BL",1.06251412484457,1.75412837051977
"2019-01-24","Northwestern","BS",1.28317272234805,2.57341270245891
"2019-01-24","Ticino","TI",1.74574318777624,2.29566154873119
"2019-01-24","Zurich","ZH",10.6228264685941,20.0527360120073
"2019-01-25","9999","9999",0.0162568304175963,0.044150605566851
"2019-01-25","Central","LU",3.4897078635085,4.4585313992717
"2019-01-25","Central","NW",0.329487774175199,0.371218563511275
"2019-01-25","Central","OW",0.285514628480174,0.338352023416475
"2019-01-25","Central","SZ",1.1499640135252,1.378763252829
"2019-01-25","Central","UR",0.245818596643045,0.255692845018799
"2019-01-25","Central","ZG",1.23971993758159,1.75572581352334
"2019-01-25","Eastern","AI",0.0644627723559134,0.0660389735307093
"2019-01-25","Eastern","AR",0.18157064155909,0.221228861920426
"2019-01-25","Eastern","GL",0.228785888814119,0.307592748560432
"2019-01-25","Eastern","GR",2.91404105032911,2.71082678891524
"2019-01-25","Eastern","SG",3.49934774942743,4.53340729154558
"2019-01-25","Eastern","SH",0.453982446363419,0.7253070999204
"2019-01-25","Eastern","TG",1.40887717495488,1.95095374144943
"2019-01-25","Espace Mittelland","BE",7.48034666517116,10.6324106910402
"2019-01-25","Espace Mittelland","FR",1.93751719549488,2.62589040453375
"2019-01-25","Espace Mittelland","JU",0.387680545867699,0.525830653367784
"2019-01-25","Espace Mittelland","NE",1.22502766737676,1.80143987394475
"2019-01-25","Espace Mittelland","SO",1.34362351507747,2.00390727761044
"2019-01-25","Lake Geneva","GE",5.39235833529098,7.91502418936565
"2019-01-25","Lake Geneva","VD",6.92330484546524,9.92773439757025
"2019-01-25","Lake Geneva","VS",3.53318187702716,3.95985727696467
"2019-01-25","Northwestern","AG",4.15299814301872,5.92549389878737
"2019-01-25","Northwestern","BL",1.56886560420802,2.2483500453062
"2019-01-25","Northwestern","BS",1.63251636210678,2.93647411020725
"2019-01-25","Ticino","TI",2.44072307189858,2.53813300378424
"2019-01-25","Zurich","ZH",14.0322942892303,23.5431149866664
"2019-01-26","9999","9999",0.0172726111342115,0.0365712483371298
"2019-01-26","Central","LU",4.44877140446899,4.77611666364172
"2019-01-26","Central","NW",0.430141042130137,0.475392240233675
"2019-01-26","Central","OW",0.385332362353207,0.443443380162205
"2019-01-26","Central","SZ",1.52027599790144,1.70956990716477
"2019-01-26","Central","UR",0.252491015501387,0.279110679688206
"2019-01-26","Central","ZG",1.43220412361992,1.69651845794408
"2019-01-26","Eastern","AI",0.0876191665392948,0.0806198894569442
"2019-01-26","Eastern","AR",0.194248835366414,0.219835347810925
"2019-01-26","Eastern","GL",0.290184143350163,0.369825049401775
"2019-01-26","Eastern","GR",4.16376291392753,3.56878963443027
"2019-01-26","Eastern","SG",4.41942791962806,5.12439322656976
"2019-01-26","Eastern","SH",0.549266206700448,0.772652591494398
"2019-01-26","Eastern","TG",1.7072546494012,2.12368151472944
"2019-01-26","Espace Mittelland","BE",8.92234213075512,11.1802316768189
"2019-01-26","Espace Mittelland","FR",2.15178600907122,2.73788135552895
"2019-01-26","Espace Mittelland","JU",0.445567147340154,0.550370096954594
"2019-01-26","Espace Mittelland","NE",1.5338207132683,1.97501735095007
"2019-01-26","Espace Mittelland","SO",1.82919682748849,2.37838870342689
"2019-01-26","Lake Geneva","GE",6.21783236175601,7.37304916521707
"2019-01-26","Lake Geneva","VD",8.69545338202238,10.8364415495605
"2019-01-26","Lake Geneva","VS",4.71725243226735,4.84599629801081
"2019-01-26","Northwestern","AG",5.80797317785339,6.97997622189095
"2019-01-26","Northwestern","BL",2.03435316882908,2.42083990154313
"2019-01-26","Northwestern","BS",1.99940771350569,2.96505814352652
"2019-01-26","Ticino","TI",2.58256463823165,2.83926800403235
"2019-01-26","Zurich","ZH",17.6167854729483,23.1200305077626
"2019-01-27","9999","9999",0.0124009982298917,0.0277343295939572
"2019-01-27","Central","LU",0.870480387004108,1.27183653603661
"2019-01-27","Central","NW",0.117109631412823,0.106586835302267
"2019-01-27","Central","OW",0.233682435026929,0.221704696006596
"2019-01-27","Central","SZ",0.349443181107646,0.491808516206569
"2019-01-27","Central","UR",0.165756211915296,0.113486429551744
"2019-01-27","Central","ZG",0.178777421788368,0.354462406048259
"2019-01-27","Eastern","AI",0.0187121601946313,0.0209027116425045
"2019-01-27","Eastern","AR",0.0448264389341472,0.0615865260101108
"2019-01-27","Eastern","GL",0.0793057545617822,0.139181470204969
"2019-01-27","Eastern","GR",2.69328653771258,1.96322346324284
"2019-01-27","Eastern","SG",0.677785793133967,1.17632983731233
"2019-01-27","Eastern","SH",0.0958754398480173,0.204506692606422
"2019-01-27","Eastern","TG",0.220671520374216,0.40201182651633
"2019-01-27","Espace Mittelland","BE",2.21397537434199,3.17116227913651
"2019-01-27","Espace Mittelland","FR",0.450982546813285,0.79552661577961
"2019-01-27","Espace Mittelland","JU",0.070896952218081,0.124328649086636
"2019-01-27","Espace Mittelland","NE",0.215924765897399,0.40462891399027
"2019-01-27","Espace Mittelland","SO",0.240090342301274,0.495955070386058
"2019-01-27","Lake Geneva","GE",1.32988116594072,2.52552340050071
"2019-01-27","Lake Geneva","VD",1.43834643848835,2.67833411845958
"2019-01-27","Lake Geneva","VS",2.08555012486489,1.95982464834162
"2019-01-27","Northwestern","AG",0.782208877865741,1.55189888389716
"2019-01-27","Northwestern","BL",0.27129486933797,0.585275925990126
"2019-01-27","Northwestern","BS",0.344876081946304,0.905682206728158
"2019-01-27","Ticino","TI",0.802289550491921,0.940622023912702
"2019-01-27","Zurich","ZH",3.26795805488349,7.09230705437628
"2019-01-28","9999","9999",0.0133905376868563,0.0411596484537771
"2019-01-28","Central","LU",2.53483076876157,3.42002350620386
"2019-01-28","Central","NW",0.220148453474828,0.296036777896283
"2019-01-28","Central","OW",0.2020669763647,0.232308998498404
"2019-01-28","Central","SZ",0.781007266267845,1.06841746419858
"2019-01-28","Central","UR",0.153593750299209,0.188396309974638
"2019-01-28","Central","ZG",0.785737001715496,1.3943638132256
"2019-01-28","Eastern","AI",0.0333096313525166,0.0451362618882048
"2019-01-28","Eastern","AR",0.102377883795878,0.150873393465167
"2019-01-28","Eastern","GL",0.146234241983582,0.215790758078473
"2019-01-28","Eastern","GR",2.25795258878328,2.24134848660969
"2019-01-28","Eastern","SG",2.3222953272501,3.42308243961496
"2019-01-28","Eastern","SH",0.287522901333917,0.528277800096662
"2019-01-28","Eastern","TG",0.853939719436722,1.36000179457427
"2019-01-28","Espace Mittelland","BE",5.12666603950278,8.35680215022626
"2019-01-28","Espace Mittelland","FR",1.29447912209786,2.00139215458354
"2019-01-28","Espace Mittelland","JU",0.251561371592304,0.394092587796487
"2019-01-28","Espace Mittelland","NE",0.770389009385086,1.36384245541265
"2019-01-28","Espace Mittelland","SO",0.862694729403643,1.5389154109745
"2019-01-28","Lake Geneva","GE",4.09679653899832,6.89857460500673
"2019-01-28","Lake Geneva","VD",4.75475912616754,7.84490663795348
"2019-01-28","Lake Geneva","VS",2.47259614994708,3.04581398557951
"2019-01-28","Northwestern","AG",2.71511094419635,4.4058837564518
"2019-01-28","Northwestern","BL",1.0664966638219,1.78437782314063
"2019-01-28","Northwestern","BS",1.15291871043989,2.55016480853456
"2019-01-28","Ticino","TI",1.82842232068466,2.18180124954031
"2019-01-28","Zurich","ZH",9.61318722490268,19.7328395535045
"2019-01-29","9999","9999",0.0138276870759118,0.042315245520192
"2019-01-29","Central","LU",2.45382900881147,3.43677966366687
"2019-01-29","Central","NW",0.225182072186005,0.296478623833442
"2019-01-29","Central","OW",0.198079373971655,0.244068898056626
"2019-01-29","Central","SZ",0.788421097632848,1.06077013067084
"2019-01-29","Central","UR",0.147792282020648,0.182040526109356
"2019-01-29","Central","ZG",0.859040031908996,1.41808754123612
"2019-01-29","Eastern","AI",0.0449734307148137,0.052885559862987
"2019-01-29","Eastern","AR",0.109870709145312,0.157806975863656
"2019-01-29","Eastern","GL",0.141991694846912,0.220651063387218
"2019-01-29","Eastern","GR",1.93821148651559,2.1372087980363
"2019-01-29","Eastern","SG",2.22419963639193,3.3633312736515
"2019-01-29","Eastern","SH",0.292522176537089,0.52824381194765
"2019-01-29","Eastern","TG",0.849417239423636,1.32747513596959
"2019-01-29","Espace Mittelland","BE",4.89738775406917,8.36876597867855
"2019-01-29","Espace Mittelland","FR",1.32061925049488,1.99731357670208
"2019-01-29","Espace Mittelland","JU",0.255515186552389,0.395418125607963
"2019-01-29","Espace Mittelland","NE",0.820955160939729,1.42828398593978
"2019-01-29","Espace Mittelland","SO",0.911853537258166,1.58099273945161
"2019-01-29","Lake Geneva","GE",4.38717927945965,6.84059082279191
"2019-01-29","Lake Geneva","VD",4.74171175335525,7.87862288177358
"2019-01-29","Lake Geneva","VS",2.32641527158762,2.99615729987268
"2019-01-29","Northwestern","AG",2.7045523870604,4.4585313992717
"2019-01-29","Northwestern","BL",1.04618074403992,1.77713834740103
"2019-01-29","Northwestern","BS",1.26117299558453,2.56223060143389
"2019-01-29","Ticino","TI",1.6806085357903,2.17724683757268
"2019-01-29","Zurich","ZH",10.1429934170466,19.9931547867889
"2019-01-30","9999","9999",0.0154770761450436,0.0466657285937539
"2019-01-30","Central","LU",2.81357408317803,3.75708397995787
"2019-01-30","Central","NW",0.239931582876189,0.307150902623273
"2019-01-30","Central","OW",0.189939030561559,0.247943547044017
"2019-01-30","Central","SZ",0.866179158286201,1.12517767304896
"2019-01-30","Central","UR",0.180096016694657,0.203758953328154
"2019-01-30","Central","ZG",0.914178044507048,1.48616580370756
"2019-01-30","Eastern","AI",0.0466672509631719,0.0513900813064501
"2019-01-30","Eastern","AR",0.118518048102817,0.164128771579926
"2019-01-30","Eastern","GL",0.148989335369591,0.221058921175365
"2019-01-30","Eastern","GR",2.01126702807028,2.19182775349891
"2019-01-30","Eastern","SG",2.4157613996647,3.49435558809354
"2019-01-30","Eastern","SH",0.31166340345253,0.53857620924736
"2019-01-30","Eastern","TG",0.906172776424386,1.38379349888281
"2019-01-30","Espace Mittelland","BE",5.39964146944052,8.63013484458239
"2019-01-30","Espace Mittelland","FR",1.37743359830557,2.11029018401864
"2019-01-30","Espace Mittelland","JU",0.288764652151544,0.426823175295238
"2019-01-30","Espace Mittelland","NE",0.858929936882311,1.43824251360036
"2019-01-30","Espace Mittelland","SO",0.956950408800722,1.62198244716032
"2019-01-30","Lake Geneva","GE",4.62205977816906,7.09414241442294
"2019-01-30","Lake Geneva","VD",5.10288330118665,8.19335314162658
"2019-01-30","Lake Geneva","VS",2.52497876370945,3.13445507820333
"2019-01-30","Northwestern","AG",2.999170477011,4.69080640962109
"2019-01-30","Northwestern","BL",1.14843857828262,1.87359671429766
"2019-01-30","Northwestern","BS",1.33000085913594,2.62898332609386
"2019-01-30","Ticino","TI",1.67442191897135,2.2010045537322
"2019-01-30","Zurich","ZH",10.6524742048046,20.5997072940607
"2019-01-31","9999","9999",0.0176986429384067,0.0481272190012786
"2019-01-31","Central","LU",2.77597646317608,3.74501818705854
"2019-01-31","Central","NW",0.240059511464499,0.306369175195993
"2019-01-31","Central","OW",0.233566904562489,0.262932320758398
"2019-01-31","Central","SZ",0.855122522383655,1.11793819730936
"2019-01-31","Central","UR",0.181827673542142,0.196927335376701
"2019-01-31","Central","ZG",0.985903646441347,1.52589794990283
"2019-01-31","Eastern","AI",0.0521655761062574,0.0550608013997679
"2019-01-31","Eastern","AR",0.117327452273224,0.16450264121906
"2019-01-31","Eastern","GL",0.160607610982681,0.240398177963308
"2019-01-31","Eastern","GR",2.27945613213458,2.33216482077029
"2019-01-31","Eastern","SG",2.57787043676253,3.55261127550046
"2019-01-31","Eastern","SH",0.318052811441606,0.553429030365692
"2019-01-31","Eastern","TG",0.9532809557373,1.39572333918609
"2019-01-31","Espace Mittelland","BE",5.91773145410722,9.16004407583164
"2019-01-31","Espace Mittelland","FR",1.4680021359704,2.17411992786355
"2019-01-31","Espace Mittelland","JU",0.307148755482317,0.452858097438585
"2019-01-31","Espace Mittelland","NE",0.984891018121988,1.56243521009095
"2019-01-31","Espace Mittelland","SO",1.17067773059681,1.82207068039516
"2019-01-31","Lake Geneva","GE",5.00434045550464,7.53789168792625
"2019-01-31","Lake Geneva","VD",5.40759136498006,8.32882990358922
"2019-01-31","Lake Geneva","VS",2.58663600823926,3.20151369620441
"2019-01-31","Northwestern","AG",3.24216590415137,4.81217808974367
"2019-01-31","Northwestern","BL",1.18230761329744,1.8946013903872
"2019-01-31","Northwestern","BS",1.36989416055297,2.71408965122041
"2019-01-31","Ticino","TI",2.0624344298923,2.52164875151332
"2019-01-31","Zurich","ZH",10.8925600828414,20.8188968670404
"2019-02-01","9999","9999",0.0167287697410997,0.0445584633549974
"2019-02-01","Central","LU",3.54984467747113,4.46444533719982
"2019-02-01","Central","NW",0.327328060940436,0.380667268936667
"2019-02-01","Central","OW",0.305647881526191,0.324280929725423
"2019-02-01","Central","SZ",1.13662506550476,1.38280784256146
"2019-02-01","Central","UR",0.231329834240256,0.247807594447968
"2019-02-01","Central","ZG",1.26167127015219,1.78084305564336
"2019-02-01","Eastern","AI",0.0687905438671214,0.0693698121339052
"2019-02-01","Eastern","AR",0.175930376302992,0.196587453886579
"2019-02-01","Eastern","GL",0.208895045327106,0.28920515994483
"2019-02-01","Eastern","GR",3.02942258847396,2.70239772796021
"2019-02-01","Eastern","SG",3.22018674824846,4.22030846284517
"2019-02-01","Eastern","SH",0.396162522987976,0.646930428298261
"2019-02-01","Eastern","TG",1.1725523848831,1.66049101999115
"2019-02-01","Espace Mittelland","BE",7.22094000280395,10.2607502815918
"2019-02-01","Espace Mittelland","FR",1.68664995045038,2.33145106964104
"2019-02-01","Espace Mittelland","JU",0.370421386267125,0.508462709222548
"2019-02-01","Espace Mittelland","NE",1.09700422911127,1.68588016730326
"2019-02-01","Espace Mittelland","SO",1.3072073900713,1.95119165849252
"2019-02-01","Lake Geneva","GE",5.00300212776633,7.5157314147703
"2019-02-01","Lake Geneva","VD",6.32827213538852,9.1240166378787
"2019-02-01","Lake Geneva","VS",3.66171109687341,3.93725515787155
"2019-02-01","Northwestern","AG",3.81439449358514,5.47882164446901
"2019-02-01","Northwestern","BL",1.50184993048494,2.17459576194972
"2019-02-01","Northwestern","BS",1.54675143563402,2.8140487974653
"2019-02-01","Ticino","TI",1.45161411883465,1.86887236158496
"2019-02-01","Zurich","ZH",13.1927335817796,23.0784630015206
"2019-02-02","9999","9999",0.0158327017998195,0.035755532760837
"2019-02-02","Central","LU",4.38131282088932,4.73352951292943
"2019-02-02","Central","NW",0.41607685868759,0.468458657835186
"2019-02-02","Central","OW",0.429075136339125,0.469852171944686
"2019-02-02","Central","SZ",1.52463272447515,1.72272332083249
"2019-02-02","Central","UR",0.250824325449545,0.2740804336344
"2019-02-02","Central","ZG",1.36081045149468,1.62510935686945
"2019-02-02","Eastern","AI",0.0858723468568056,0.0855821592127257
"2019-02-02","Eastern","AR",0.177669544079593,0.217456177380071
"2019-02-02","Eastern","GL",0.265298430184095,0.362619561811188
"2019-02-02","Eastern","GR",4.21542782669304,3.58891061864549
"2019-02-02","Eastern","SG",4.3669565453238,5.00040445897325
"2019-02-02","Eastern","SH",0.478765465783318,0.717693754541666
"2019-02-02","Eastern","TG",1.65769504066861,2.09098491537971
"2019-02-02","Espace Mittelland","BE",9.08756296771565,11.1265304013796
"2019-02-02","Espace Mittelland","FR",2.10310448199344,2.72245073587741
"2019-02-02","Espace Mittelland","JU",0.448304649957867,0.540241628548958
"2019-02-02","Espace Mittelland","NE",1.48567377010895,1.94680718726994
"2019-02-02","Espace Mittelland","SO",1.6706734170992,2.2330213901017
"2019-02-02","Lake Geneva","GE",5.99583821297343,7.62265813156269
"2019-02-02","Lake Geneva","VD",8.56690812215231,10.7271016741882
"2019-02-02","Lake Geneva","VS",4.91513589943456,4.89745435561528
"2019-02-02","Northwestern","AG",5.42923196908166,6.60111032485193
"2019-02-02","Northwestern","BL",2.03922491879415,2.46176163295382
"2019-02-02","Northwestern","BS",2.0528553989465,3.00982053577559
"2019-02-02","Ticino","TI",2.3877112357277,2.65008996663044
"2019-02-02","Zurich","ZH",17.4207805643407,22.7977548788289
"2019-02-03","9999","9999",0.0114838111850007,0.0266127206765545
"2019-02-03","Central","LU",1.44984916014087,1.19716457265681
"2019-02-03","Central","NW",0.100254413339517,0.0889469859649338
"2019-02-03","Central","OW",0.202099220885214,0.169804792464963
"2019-02-03","Central","SZ",0.293990179409272,0.393990623349451
"2019-02-03","Central","UR",0.153749592288323,0.0956426513203376
"2019-02-03","Central","ZG",0.159580473803898,0.353578714173942
"2019-02-03","Eastern","AI",0.0140611798541045,0.0154306196515399
"2019-02-03","Eastern","AR",0.0365079713729591,0.0523757376278039
"2019-02-03","Eastern","GL",0.0666935887919112,0.112942619167549
"2019-02-03","Eastern","GR",2.4209808022649,1.71024967014501
"2019-02-03","Eastern","SG",0.604368003932249,1.05040374522212
"2019-02-03","Eastern","SH",0.0926048453160372,0.203623000732105
"2019-02-03","Eastern","TG",0.203910862470553,0.384405965328009
"2019-02-03","Espace Mittelland","BE",2.34729247472219,3.06732848390423
"2019-02-03","Espace Mittelland","FR",0.39368536530745,0.758309592611248
"2019-02-03","Espace Mittelland","JU",0.0691295460108964,0.120691917142331
"2019-02-03","Espace Mittelland","NE",0.188627202540314,0.388076685421327
"2019-02-03","Espace Mittelland","SO",0.210166252457984,0.457582450151281
"2019-02-03","Lake Geneva","GE",1.38339871320397,2.67724649769118
"2019-02-03","Lake Geneva","VD",1.40460264175511,2.66443296551358
"2019-02-03","Lake Geneva","VS",2.30295622768746,2.1405396366395
"2019-02-03","Northwestern","AG",0.703169095563952,1.45598432738473
"2019-02-03","Northwestern","BL",0.257455814051826,0.570796974510927
"2019-02-03","Northwestern","BS",0.341219446021046,0.908911080884317
"2019-02-03","Ticino","TI",0.836056886430017,0.99629461199469
"2019-02-03","Zurich","ZH",3.16713903348918,6.83827962865908
"2019-02-04","9999","9999",0.0125606857520576,0.0402759565794599
"2019-02-04","Central","LU",2.72231614951929,3.33529105071644
"2019-02-04","Central","NW",0.220966220567472,0.28672402506694
"2019-02-04","Central","OW",0.255797465125646,0.288763314007672
"2019-02-04","Central","SZ",0.773270860468996,1.09197125146404
"2019-02-04","Central","UR",0.163062102731129,0.200122221383848
"2019-02-04","Central","ZG",0.708357389289854,1.26938938930774
"2019-02-04","Eastern","AI",0.0349487447813972,0.0472435271269614
"2019-02-04","Eastern","AR",0.115096561432819,0.171266282872488
"2019-02-04","Eastern","GL",0.145447756070179,0.229521970279403
"2019-02-04","Eastern","GR",2.50542208999576,2.42145168822535
"2019-02-04","Eastern","SG",2.14382050035421,3.3641469892278
"2019-02-04","Eastern","SH",0.273925656455498,0.513357002680305
"2019-02-04","Eastern","TG",0.906928541149614,1.49187581274161
"2019-02-04","Espace Mittelland","BE",5.3231283198341,8.24756423930104
"2019-02-04","Espace Mittelland","FR",1.29457536615672,2.05879813826515
"2019-02-04","Espace Mittelland","JU",0.246081949084696,0.38749888688812
"2019-02-04","Espace Mittelland","NE",0.74596779118577,1.36829490293325
"2019-02-04","Espace Mittelland","SO",0.771682862867935,1.39698090069954
"2019-02-04","Lake Geneva","GE",4.09358419528522,6.92756649611414
"2019-02-04","Lake Geneva","VD",4.80840526774275,7.91563597604787
"2019-02-04","Lake Geneva","VS",2.88142999804078,3.3950762048289
"2019-02-04","Northwestern","AG",2.55727127506602,4.19026293911839
"2019-02-04","Northwestern","BL",1.02495127128095,1.75660950539766
"2019-02-04","Northwestern","BS",1.19419773128666,2.54883927072308
"2019-02-04","Ticino","TI",1.69607000658992,2.21099706954179
"2019-02-04","Zurich","ZH",9.13278879384413,18.9927815969128
"2019-02-05","9999","9999",0.0132757473504679,0.0402759565794599
"2019-02-05","Central","LU",2.80152966611214,3.39616382559729
"2019-02-05","Central","NW",0.222020080676542,0.301101012099101
"2019-02-05","Central","OW",0.244561964943956,0.293895524508514
"2019-02-05","Central","SZ",0.819919717879477,1.12001147439911
"2019-02-05","Central","UR",0.172794532068666,0.206104135609996
"2019-02-05","Central","ZG",0.797950469510803,1.30014866416378
"2019-02-05","Eastern","AI",0.0442471379669216,0.0540071687803897
"2019-02-05","Eastern","AR",0.133306288245016,0.178879628251221
"2019-02-05","Eastern","GL",0.151962292692238,0.233906441501977
"2019-02-05","Eastern","GR",2.11863209831115,2.31197586025705
"2019-02-05","Eastern","SG",2.17902140167197,3.4067681280891
"2019-02-05","Eastern","SH",0.283423496528841,0.525898629665808
"2019-02-05","Eastern","TG",0.908424958673345,1.50506321455835
"2019-02-05","Espace Mittelland","BE",5.36070363809396,8.20942953610935
"2019-02-05","Espace Mittelland","FR",1.32044635031638,2.05176259141962
"2019-02-05","Espace Mittelland","JU",0.254098315172112,0.395724018949073
"2019-02-05","Espace Mittelland","NE",0.790623703050413,1.4004816800478
"2019-02-05","Espace Mittelland","SO",0.801972419327873,1.39500958805684
"2019-02-05","Lake Geneva","GE",4.16829127972084,6.81696905922843
"2019-02-05","Lake Geneva","VD",4.86847922172927,7.79358453294505
"2019-02-05","Lake Geneva","VS",2.59046831688619,3.27407839434546
"2019-02-05","Northwestern","AG",2.59981178347846,4.26194394538512
"2019-02-05","Northwestern","BL",1.02733941779421,1.77533697550338
"2019-02-05","Northwestern","BS",1.16878886115271,2.56131292141056
"2019-02-05","Ticino","TI",1.73378034535291,2.19097804977361
"2019-02-05","Zurich","ZH",9.25094106596461,19.0516830591509
"2019-02-06","9999","9999",0.0128014819102307,0.0405138736225453
"2019-02-06","Central","LU",3.48417127883597,3.64254391778675
"2019-02-06","Central","NW",0.225721844832843,0.304499827000322
"2019-02-06","Central","OW",0.237922620802673,0.307456795964383
"2019-02-06","Central","SZ",0.861118503363022,1.16521571258534
"2019-02-06","Central","UR",0.173981196212736,0.231527271071123
"2019-02-06","Central","ZG",0.789594776249833,1.31904607501456
"2019-02-06","Eastern","AI",0.0471068831098185,0.0571680666385245
"2019-02-06","Eastern","AR",0.133001938974938,0.185745234351686
"2019-02-06","Eastern","GL",0.156841130656109,0.245972234401309
"2019-02-06","Eastern","GR",2.13221094180484,2.38216138796724
"2019-02-06","Eastern","SG",2.30733224458278,3.56790594255595
"2019-02-06","Eastern","SH",0.299716350427638,0.526340475602967
"2019-02-06","Eastern","TG",0.969828057327907,1.54734447192953
"2019-02-06","Espace Mittelland","BE",5.79076538862203,8.44928390368846
"2019-02-06","Espace Mittelland","FR",1.34327774996467,2.11678192047997
"2019-02-06","Espace Mittelland","JU",0.284495918579523,0.429644191663251
"2019-02-06","Espace Mittelland","NE",0.837123344380051,1.43674703504382
"2019-02-06","Espace Mittelland","SO",0.864356426528152,1.46312183867729
"2019-02-06","Lake Geneva","GE",4.6102136958409,6.99748011863224
"2019-02-06","Lake Geneva","VD",5.01112778218002,8.15464063990168
"2019-02-06","Lake Geneva","VS",2.72590537505153,3.46101321391257
"2019-02-06","Northwestern","AG",2.65210343589489,4.30259377160372
"2019-02-06","Northwestern","BL",1.09557955310027,1.8313834332245
"2019-02-06","Northwestern","BS",1.23823065896494,2.61331478939923
"2019-02-06","Ticino","TI",1.73387866881916,2.27550657636695
"2019-02-06","Zurich","ZH",9.9213713412088,19.6740740438624
"2019-02-07","9999","9999",0.0128881199685072,0.0394262528541548
"2019-02-07","Central","LU",3.3170884911627,3.73359816899044
"2019-02-07","Central","NW",0.252195680912658,0.31296287610436
"2019-02-07","Central","OW",0.228572128867948,0.270715606882192
"2019-02-07","Central","SZ",0.834739951916818,1.11375765498086
"2019-02-07","Central","UR",0.170318341645435,0.20525443188469
"2019-02-07","Central","ZG",0.866236712053264,1.38841588714847
"2019-02-07","Eastern","AI",0.0476722273766419,0.0530894887570602
"2019-02-07","Eastern","AR",0.128510767553242,0.185847198798723
"2019-02-07","Eastern","GL",0.161186469439484,0.246584021083529
"2019-02-07","Eastern","GR",2.48786733343302,2.44874417188215
"2019-02-07","Eastern","SG",2.50265625496295,3.6708220577649
"2019-02-07","Eastern","SH",0.292072084697184,0.527292143775308
"2019-02-07","Eastern","TG",0.994823274201423,1.5659359894392
"2019-02-07","Espace Mittelland","BE",6.02071397552902,8.75211831138719
"2019-02-07","Espace Mittelland","FR",1.34113419815038,2.1107320299558
"2019-02-07","Espace Mittelland","JU",0.291790291710585,0.431003717623739
"2019-02-07","Espace Mittelland","NE",0.891756996913122,1.49469682910963
"2019-02-07","Espace Mittelland","SO",0.944030169624387,1.55550162769246
"2019-02-07","Lake Geneva","GE",4.64201135914856,7.31302609406152
"2019-02-07","Lake Geneva","VD",4.95819634976129,7.9861953733972
"2019-02-07","Lake Geneva","VS",2.83979692186382,3.350789646666
"2019-02-07","Northwestern","AG",2.80867644831126,4.46447932534884
"2019-02-07","Northwestern","BL",1.0953021695538,1.82427991008095
"2019-02-07","Northwestern","BS",1.25656072903193,2.61402854052849
"2019-02-07","Ticino","TI",1.82091658812857,2.40748255898133
"2019-02-07","Zurich","ZH",10.2944122716959,19.7929645891071
"2019-02-08","9999","9999",0.016099378943671,0.0438107240767289
"2019-02-08","Central","LU",3.94082592424362,4.46240604825909
"2019-02-08","Central","NW",0.318077094690538,0.371252551660287
"2019-02-08","Central","OW",0.327840977512259,0.365644507073274
"2019-02-08","Central","SZ",1.10793800375724,1.38314772405158
"2019-02-08","Central","UR",0.257508339647363,0.272924836567985
"2019-02-08","Central","ZG",1.09929426753946,1.59329644939403
"2019-02-08","Eastern","AI",0.0686122434950645,0.0699136225181004
"2019-02-08","Eastern","AR",0.175090002018592,0.2169803432939
"2019-02-08","Eastern","GL",0.214313370068251,0.30986995454425
"2019-02-08","Eastern","GR",3.42509590639991,3.06015698446266
"2019-02-08","Eastern","SG",3.18238191980421,4.30799788729666
"2019-02-08","Eastern","SH",0.386812078045508,0.625993728506744
"2019-02-08","Eastern","TG",1.29623823417164,1.86611932151497
"2019-02-08","Espace Mittelland","BE",7.65936293293903,10.3162529289287
"2019-02-08","Espace Mittelland","FR",1.78819379608455,2.56824650380905
"2019-02-08","Espace Mittelland","JU",0.360913857956747,0.514342659001659
"2019-02-08","Espace Mittelland","NE",1.10649333254078,1.72170367636213
"2019-02-08","Espace Mittelland","SO",1.14183189767615,1.75174920008891
"2019-02-08","Lake Geneva","GE",5.44198869478289,7.9042839342778
"2019-02-08","Lake Geneva","VD",6.51770946094763,9.63669387757877
"2019-02-08","Lake Geneva","VS",3.90215589393905,4.29212542170796
"2019-02-08","Northwestern","AG",3.60008886157525,5.27268352071
"2019-02-08","Northwestern","BL",1.46387957573056,2.19536252099618
"2019-02-08","Northwestern","BS",1.53579149021678,2.88318069255612
"2019-02-08","Ticino","TI",2.15100292618045,2.5327288880913
"2019-02-08","Zurich","ZH",12.7402330479965,22.5137499056829
"2019-02-09","9999","9999",0.0148258613601454,0.033070468988873
"2019-02-09","Central","LU",4.49284523107516,4.61232777355192
"2019-02-09","Central","NW",0.416043560757309,0.462204838416941
"2019-02-09","Central","OW",0.453296061789994,0.49660084521729
"2019-02-09","Central","SZ",1.47318661549142,1.70107286991172
"2019-02-09","Central","UR",0.273419976691292,0.315885856919409
"2019-02-09","Central","ZG",1.17785902077683,1.49167188384754
"2019-02-09","Eastern","AI",0.0850612330845839,0.0841546569542132
"2019-02-09","Eastern","AR",0.184495431818059,0.229420005832366
"2019-02-09","Eastern","GL",0.297043646216645,0.399428727191403
"2019-02-09","Eastern","GR",4.90889044439352,4.08126294523626
"2019-02-09","Eastern","SG",4.24231418821911,4.9832744318711
"2019-02-09","Eastern","SH",0.481344193311861,0.722791976893497
"2019-02-09","Eastern","TG",1.66306483415608,2.16776414399827
"2019-02-09","Espace Mittelland","BE",9.08682167268963,10.7971852374514
"2019-02-09","Espace Mittelland","FR",1.94982090408819,2.61854896434711
"2019-02-09","Espace Mittelland","JU",0.419593669151412,0.541635142658458
"2019-02-09","Espace Mittelland","NE",1.39025935563269,1.88586643609106
"2019-02-09","Espace Mittelland","SO",1.52898297003339,2.09591319698647
"2019-02-09","Lake Geneva","GE",5.82895832611888,7.20589544837506
"2019-02-09","Lake Geneva","VD",7.97187814545856,10.3071780931425
"2019-02-09","Lake Geneva","VS",5.10331536757988,5.08778799008362
"2019-02-09","Northwestern","AG",5.03898710664431,6.35768720162654
"2019-02-09","Northwestern","BL",1.81382641985137,2.35728206289031
"2019-02-09","Northwestern","BS",1.90008184758925,2.98385358993026
"2019-02-09","Ticino","TI",2.49543629015521,2.78447910782468
"2019-02-09","Zurich","ZH",15.3391484110917,21.3478884182663
"2019-02-10","9999","9999",0.0110776571056207,0.0258989695472982
"2019-02-10","Central","LU",1.42941357065979,1.25650788083211
"2019-02-10","Central","NW",0.11852492072044,0.106654811600291
"2019-02-10","Central","OW",0.2716654111184,0.220549098940182
"2019-02-10","Central","SZ",0.329818380369013,0.452688156693524
"2019-02-10","Central","UR",0.110890084769607,0.104003735977339
"2019-02-10","Central","ZG",0.166862315666361,0.335598983346487
"2019-02-10","Eastern","AI",0.0169426980761922,0.0205968183013947
"2019-02-10","Eastern","AR",0.0467850644681099,0.0625042060334403
"2019-02-10","Eastern","GL",0.0773706447365498,0.136190513091895
"2019-02-10","Eastern","GR",2.96582380792773,2.14988637761785
"2019-02-10","Eastern","SG",0.660084311080018,1.15372771821921
"2019-02-10","Eastern","SH",0.0910506351479363,0.206919851186288
"2019-02-10","Eastern","TG",0.21800711812867,0.403643257668916
"2019-02-10","Espace Mittelland","BE",2.74480855877187,3.13037650032187
"2019-02-10","Espace Mittelland","FR",0.415553635147345,0.795866497269732
"2019-02-10","Espace Mittelland","JU",0.0711326575483857,0.119026497840733
"2019-02-10","Espace Mittelland","NE",0.19254685412938,0.386785135758864
"2019-02-10","Espace Mittelland","SO",0.200579839811775,0.444768917973681
"2019-02-10","Lake Geneva","GE",1.29678436643729,2.53905068380757
"2019-02-10","Lake Geneva","VD",1.4740577305441,2.64026739156591
"2019-02-10","Lake Geneva","VS",2.45197567726191,2.20810807687575
"2019-02-10","Northwestern","AG",0.708164180624186,1.46818607288011
"2019-02-10","Northwestern","BL",0.248065108492963,0.553055160726558
"2019-02-10","Northwestern","BS",0.347324151419595,0.965943194926793
"2019-02-10","Ticino","TI",0.741401866830859,0.922948186426357
"2019-02-10","Zurich","ZH",2.97891108108245,6.74331674031899
"2019-02-11","9999","9999",0.0116348521318333,0.0387125017248986
"2019-02-11","Central","LU",2.9941687307983,3.3792037392402
"2019-02-11","Central","NW",0.236817958147497,0.286622060619903
"2019-02-11","Central","OW",0.211259268865405,0.253619567929054
"2019-02-11","Central","SZ",0.742796777162916,1.05794911430282
"2019-02-11","Central","UR",0.161080114213271,0.186187080288845
"2019-02-11","Central","ZG",0.744234665830246,1.2734679671892
"2019-02-11","Eastern","AI",0.0324740111181409,0.0418733995830334
"2019-02-11","Eastern","AR",0.103618056456866,0.171062353978415
"2019-02-11","Eastern","GL",0.139917249062923,0.230677567345818
"2019-02-11","Eastern","GR",2.52871385320818,2.53459823628697
"2019-02-11","Eastern","SG",2.0922704170853,3.3978632330479
"2019-02-11","Eastern","SH",0.285681924831992,0.551219800679899
"2019-02-11","Eastern","TG",0.844759092763879,1.45472676587128
"2019-02-11","Espace Mittelland","BE",5.28562749213401,8.22248098533004
"2019-02-11","Espace Mittelland","FR",1.15115284322913,1.94123313083194
"2019-02-11","Espace Mittelland","JU",0.233168993708234,0.38919829433873
"2019-02-11","Espace Mittelland","NE",0.703592538877977,1.30837379622473
"2019-02-11","Espace Mittelland","SO",0.773456350656411,1.40778913208542
"2019-02-11","Lake Geneva","GE",4.02308373632164,6.84871399040582
"2019-02-11","Lake Geneva","VD",4.52611155514661,7.67455803510432
"2019-02-11","Lake Geneva","VS",2.70350619452131,3.19291469450432
"2019-02-11","Northwestern","AG",2.57442791714139,4.3900112908631
"2019-02-11","Northwestern","BL",0.979669955128699,1.72792350763136
"2019-02-11","Northwestern","BS",1.15266535560096,2.54951903370333
"2019-02-11","Ticino","TI",1.60187610634703,2.17381403452244
"2019-02-11","Zurich","ZH",8.7447836489595,17.9102590508741
"2019-02-12","9999","9999",0.0123089638940748,0.0407517906656307
"2019-02-12","Central","LU",3.03303604634685,3.42002350620386
"2019-02-12","Central","NW",0.217226658972259,0.293181773379258
"2019-02-12","Central","OW",0.235275355066936,0.283733067953866
"2019-02-12","Central","SZ",0.768169756960392,1.08575142019481
"2019-02-12","Central","UR",0.173139012726431,0.201719664387421
"2019-02-12","Central","ZG",0.755511264656919,1.26558271661837
"2019-02-12","Eastern","AI",0.0424795242106009,0.050710318326206
"2019-02-12","Eastern","AR",0.123387538523518,0.17701028005555
"2019-02-12","Eastern","GL",0.146388188618321,0.239446509790966
"2019-02-12","Eastern","GR",2.4366196296754,2.57789913812852
"2019-02-12","Eastern","SG",2.19173948015763,3.49486541032873
"2019-02-12","Eastern","SH",0.309803786688564,0.569233519656366
"2019-02-12","Eastern","TG",0.907172842146973,1.48864693858545
"2019-02-12","Espace Mittelland","BE",5.55117980581993,8.67438741459628
"2019-02-12","Espace Mittelland","FR",1.25022769608746,2.01308407784374
"2019-02-12","Espace Mittelland","JU",0.243652194843667,0.389946033616998
"2019-02-12","Espace Mittelland","NE",0.785902868719489,1.39008130645007
"2019-02-12","Espace Mittelland","SO",0.894089853119708,1.50747637313821
"2019-02-12","Lake Geneva","GE",4.15935474258019,6.85364227201259
"2019-02-12","Lake Geneva","VD",4.65723894165182,7.7783918303366
"2019-02-12","Lake Geneva","VS",2.6704244325402,3.3028663565588
"2019-02-12","Northwestern","AG",2.81003901230624,4.62945780065407
"2019-02-12","Northwestern","BL",1.00391693778621,1.76038218993801
"2019-02-12","Northwestern","BS",1.1582949966909,2.55733630797613
"2019-02-12","Ticino","TI",1.58709200935552,2.1901283460483
"2019-02-12","Zurich","ZH",9.12161689768263,18.3996883966499
"2019-02-13","9999","9999",0.0126613744952508,0.0416014943909358
"2019-02-13","Central","LU",3.09099027750952,3.71769171525273
"2019-02-13","Central","NW",0.222423642349731,0.30494167293748
"2019-02-13","Central","OW",0.240307971276625,0.316599608048666
"2019-02-13","Central","SZ",0.84426525896452,1.17952472331947
"2019-02-13","Central","UR",0.170201718611014,0.21528093584329
"2019-02-13","Central","ZG",0.768675017710305,1.31404981710977
"2019-02-13","Eastern","AI",0.0496171546676174,0.0568961614464269
"2019-02-13","Eastern","AR",0.128275261940031,0.182754277238612
"2019-02-13","Eastern","GL",0.163797970151435,0.25586278576386
"2019-02-13","Eastern","GR",2.47100508610123,2.7939957895481
"2019-02-13","Eastern","SG",2.34768673584446,3.71724986931557
"2019-02-13","Eastern","SH",0.317432008479189,0.596288086270079
"2019-02-13","Eastern","TG",0.950538789138055,1.55611341437468
"2019-02-13","Espace Mittelland","BE",5.62877505788203,8.75565307888445
"2019-02-13","Espace Mittelland","FR",1.3313839509153,2.14019975514937
"2019-02-13","Espace Mittelland","JU",0.267209166691902,0.427910796063629
"2019-02-13","Espace Mittelland","NE",0.847024311448202,1.4857239577704
"2019-02-13","Espace Mittelland","SO",0.848860001321187,1.52059579865692
"2019-02-13","Lake Geneva","GE",4.48533195234576,7.23777633214851
"2019-02-13","Lake Geneva","VD",5.20353515937387,8.44303008427022
"2019-02-13","Lake Geneva","VS",2.80233758049485,3.52871760674488
"2019-02-13","Northwestern","AG",2.78583321444619,4.67819680633757
"2019-02-13","Northwestern","BL",1.07255296719548,1.84358517871988
"2019-02-13","Northwestern","BS",1.2705254690261,2.67602292432675
"2019-02-13","Ticino","TI",1.66866640520436,2.35004258715071
"2019-02-13","Zurich","ZH",9.60147088428075,18.9067575917629
"2019-02-14","9999","9999",0.0141816366735126,0.0450682855901804
"2019-02-14","Central","LU",2.82050649844765,3.95387536273852
"2019-02-14","Central","NW",0.255714077365162,0.340799170145354
"2019-02-14","Central","OW",0.270799081443914,0.341105063486464
"2019-02-14","Central","SZ",0.903579093609974,1.24012559300823
"2019-02-14","Central","UR",0.21028839316661,0.23411037039605
"2019-02-14","Central","ZG",0.928237011809041,1.45710593630213
"2019-02-14","Eastern","AI",0.0495003358321244,0.0629460519705989
"2019-02-14","Eastern","AR",0.148365818604318,0.1927467930482
"2019-02-14","Eastern","GL",0.170838189575201,0.274318350677486
"2019-02-14","Eastern","GR",2.71945349477247,2.9452430526524
"2019-02-14","Eastern","SG",2.67475339843795,4.01434027983123
"2019-02-14","Eastern","SH",0.350086086095055,0.646862452000237
"2019-02-14","Eastern","TG",1.07935289562784,1.7277535668863
"2019-02-14","Espace Mittelland","BE",6.13868687428757,9.57045097515398
"2019-02-14","Espace Mittelland","FR",1.4946940826962,2.37393625590629
"2019-02-14","Espace Mittelland","JU",0.315883535282494,0.482291834483152
"2019-02-14","Espace Mittelland","NE",1.02730793689787,1.70725871303194
"2019-02-14","Espace Mittelland","SO",1.02676194169297,1.73227399070492
"2019-02-14","Lake Geneva","GE",5.36075178557753,8.20912364276824
"2019-02-14","Lake Geneva","VD",5.89791709835092,9.23427419327429
"2019-02-14","Lake Geneva","VS",3.09597650452927,3.81836461262687
"2019-02-14","Northwestern","AG",3.07503108821728,5.09788247034024
"2019-02-14","Northwestern","BL",1.17224618333488,2.00781591474685
"2019-02-14","Northwestern","BS",1.43756362188703,2.90425334494368
"2019-02-14","Ticino","TI",1.92739033273013,2.67442548132317
"2019-02-14","Zurich","ZH",10.4847822839128,20.3433686742107
"2019-02-15","9999","9999",0.0184025282116352,0.0434708425866069
"2019-02-15","Central","LU",3.89547634400568,4.33185756790322
"2019-02-15","Central","NW",0.315868133570181,0.377132501439398
"2019-02-15","Central","OW",0.353246276234656,0.40894540891482
"2019-02-15","Central","SZ",1.1125678180019,1.39633512586831
"2019-02-15","Central","UR",0.300710694842906,0.295968801598259
"2019-02-15","Central","ZG",1.05605709891334,1.53874547022944
"2019-02-15","Eastern","AI",0.0737869838707731,0.0783426834731266
"2019-02-15","Eastern","AR",0.173884302094315,0.213479563945643
"2019-02-15","Eastern","GL",0.226582680329253,0.324586823066533
"2019-02-15","Eastern","GR",3.94602678056629,3.51994866429973
"2019-02-15","Eastern","SG",3.18395361500803,4.31462557635404
"2019-02-15","Eastern","SH",0.38299664353495,0.658384434515373
"2019-02-15","Eastern","TG",1.24589683875136,1.81965752181529
"2019-02-15","Espace Mittelland","BE",7.77603369582939,10.4223299419958
"2019-02-15","Espace Mittelland","FR",1.73001496934439,2.51206409349188
"2019-02-15","Espace Mittelland","JU",0.341282556622527,0.496260963727168
"2019-02-15","Espace Mittelland","NE",1.08032770692818,1.67687330781503
"2019-02-15","Espace Mittelland","SO",1.13374425999857,1.7759487621856
"2019-02-15","Lake Geneva","GE",5.06279061553815,7.7341052721737
"2019-02-15","Lake Geneva","VD",6.45784071823248,9.52429506879541
"2019-02-15","Lake Geneva","VS",4.09340242923419,4.37852329649698
"2019-02-15","Northwestern","AG",3.61183594688147,5.36601497789751
"2019-02-15","Northwestern","BL",1.39882945106735,2.12759015186585
"2019-02-15","Northwestern","BS",1.47595626472911,2.85649999558154
"2019-02-15","Ticino","TI",1.96393498547589,2.5201872611058
"2019-02-15","Zurich","ZH",11.5978270929058,20.6863430858928
"2019-02-16","9999","9999",0.0147893718723936,0.0333763623299828
"2019-02-16","Central","LU",4.11950699232452,4.47324826779399
"2019-02-16","Central","NW",0.396309741897886,0.447589934341694
"2019-02-16","Central","OW",0.531764101045931,0.55879915790962
"2019-02-16","Central","SZ",1.42507640069713,1.69233791561558
"2019-02-16","Central","UR",0.334377682731673,0.30385405216909
"2019-02-16","Central","ZG",1.16711609735162,1.43304232680149
"2019-02-16","Eastern","AI",0.0932906464022687,0.0979198573041552
"2019-02-16","Eastern","AR",0.184108497571892,0.226157143527195
"2019-02-16","Eastern","GL",0.302850933703061,0.403269388029782
"2019-02-16","Eastern","GR",5.56892741860641,4.39769261253986
"2019-02-16","Eastern","SG",3.9328011543742,4.79508205079053
"2019-02-16","Eastern","SH",0.478934637909405,0.739480158058488
"2019-02-16","Eastern","TG",1.56585201816296,2.09380593174772
"2019-02-16","Espace Mittelland","BE",8.61831505917361,10.6844125590289
"2019-02-16","Espace Mittelland","FR",1.88291858352163,2.58306533677837
"2019-02-16","Espace Mittelland","JU",0.373711181052211,0.499897695671473
"2019-02-16","Espace Mittelland","NE",1.31892613121436,1.83321879327116
"2019-02-16","Espace Mittelland","SO",1.5366956956506,2.13170271789632
"2019-02-16","Lake Geneva","GE",5.09015288331744,6.70790108904827
"2019-02-16","Lake Geneva","VD",7.8002797660539,10.2337976794251
"2019-02-16","Lake Geneva","VS",5.78177340453386,5.38171750274114
"2019-02-16","Northwestern","AG",4.87587516079233,6.28022821002773
"2019-02-16","Northwestern","BL",1.76731548471591,2.30065780663598
"2019-02-16","Northwestern","BS",1.83402622959774,2.85014421171626
"2019-02-16","Ticino","TI",2.36441843085358,2.78434315522864
"2019-02-16","Zurich","ZH",13.9146219999414,20.0367275938226
"2019-02-17","9999","9999",0.0121668632241833,0.0275983769979084
"2019-02-17","Central","LU",1.16962607129179,1.4380725728553
"2019-02-17","Central","NW",0.155876520591614,0.158316798098839
"2019-02-17","Central","OW",0.351457660855368,0.350383828166795
"2019-02-17","Central","SZ",0.44826760047905,0.64876578834492
"2019-02-17","Central","UR",0.174614726244824,0.153524469088118
"2019-02-17","Central","ZG",0.187231133065911,0.396743663419439
"2019-02-17","Eastern","AI",0.0249401811082377,0.0333763623299828
"2019-02-17","Eastern","AR",0.0620747589873837,0.0680442743224293
"2019-02-17","Eastern","GL",0.112950409380294,0.183468028367869
"2019-02-17","Eastern","GR",3.76475074521594,2.70984113259389
"2019-02-17","Eastern","SG",0.781293480442647,1.32173113878653
"2019-02-17","Eastern","SH",0.102584422598519,0.231663223667172
"2019-02-17","Eastern","TG",0.241933848553048,0.468492645984198
"2019-02-17","Espace Mittelland","BE",2.89006046677793,3.78774129036688
"2019-02-17","Espace Mittelland","FR",0.499771439450807,0.950580551573277
"2019-02-17","Espace Mittelland","JU",0.0744429409576318,0.130514492206857
"2019-02-17","Espace Mittelland","NE",0.216423071793239,0.436203904422606
"2019-02-17","Espace Mittelland","SO",0.241798769309593,0.544694076069556
"2019-02-17","Lake Geneva","GE",1.28877078464111,2.44979780450153
"2019-02-17","Lake Geneva","VD",1.70810389739018,3.07137307363668
"2019-02-17","Lake Geneva","VS",3.65346818894586,3.06804223503349
"2019-02-17","Northwestern","AG",0.750551639170799,1.59268466271181
"2019-02-17","Northwestern","BL",0.274286509998893,0.636699995445588
"2019-02-17","Northwestern","BS",0.397105172004251,1.12239064482996
"2019-02-17","Ticino","TI",0.845740056133896,1.05835697209097
"2019-02-17","Zurich","ZH",2.98522628438131,7.09781313451626
"2019-02-18","9999","9999",0.0129254983931252,0.0413635773478504
"2019-02-18","Central","LU",2.55597726494231,3.33868986561766
"2019-02-18","Central","NW",0.226782475742979,0.294371358594685
"2019-02-18","Central","OW",0.244161806293397,0.296886481621588
"2019-02-18","Central","SZ",0.765276341865178,1.09244708555021
"2019-02-18","Central","UR",0.17287326367966,0.204506692606422
"2019-02-18","Central","ZG",0.768484992770065,1.39898620149126
"2019-02-18","Eastern","AI",0.0359719894348718,0.0510841879653402
"2019-02-18","Eastern","AR",0.107431630857242,0.168785147994597
"2019-02-18","Eastern","GL",0.143123726575911,0.236455552677892
"2019-02-18","Eastern","GR",2.97287976975768,2.88637557856327
"2019-02-18","Eastern","SG",2.11574616673291,3.51070388776841
"2019-02-18","Eastern","SH",0.263546950436095,0.535823169177371
"2019-02-18","Eastern","TG",0.830450439935051,1.45700397185509
"2019-02-18","Espace Mittelland","BE",5.09384487308423,8.40968771008925
"2019-02-18","Espace Mittelland","FR",1.17934821324101,2.0029556094381
"2019-02-18","Espace Mittelland","JU",0.209342928530921,0.34413000874855
"2019-02-18","Espace Mittelland","NE",0.710419041431808,1.33077198642377
"2019-02-18","Espace Mittelland","SO",0.773616488521043,1.48045579467351
"2019-02-18","Lake Geneva","GE",3.46277908755424,6.19637944641462
"2019-02-18","Lake Geneva","VD",4.68063958592428,7.91023186035493
"2019-02-18","Lake Geneva","VS",3.27176165126124,3.80004500030929
"2019-02-18","Northwestern","AG",2.48913550173126,4.40122738003713
"2019-02-18","Northwestern","BL",0.96191367618678,1.7598043914048
"2019-02-18","Northwestern","BS",1.07759049409606,2.55828797614848
"2019-02-18","Ticino","TI",1.53234255223651,2.17021129072715
"2019-02-18","Zurich","ZH",8.52013701830063,18.6208152941232
"2019-02-19","9999","9999",0.0118584491238542,0.0408877432616795
"2019-02-19","Central","LU",2.42950468864659,3.35323679339488
"2019-02-19","Central","NW",0.209322909829334,0.285772356894598
"2019-02-19","Central","OW",0.221228417782799,0.279926395264499
"2019-02-19","Central","SZ",0.771077610426645,1.07354967469943
"2019-02-19","Central","UR",0.169354420800712,0.197233228717811
"2019-02-19","Central","ZG",0.806583608974577,1.42240403616067
"2019-02-19","Eastern","AI",0.0427210135045683,0.0517639509455843
"2019-02-19","Eastern","AR",0.129899936997872,0.169974733210024
"2019-02-19","Eastern","GL",0.144898949161885,0.23873275866171
"2019-02-19","Eastern","GR",2.48996342306749,2.66579249147407
"2019-02-19","Eastern","SG",2.14435420316782,3.50699917952608
"2019-02-19","Eastern","SH",0.292658054648917,0.543028656767958
"2019-02-19","Eastern","TG",0.878152769768481,1.4506141998408
"2019-02-19","Espace Mittelland","BE",4.86371335706784,8.37260663951693
"2019-02-19","Espace Mittelland","FR",1.18485038000113,1.97005508119429
"2019-02-19","Espace Mittelland","JU",0.210890250417314,0.348718408865197
"2019-02-19","Espace Mittelland","NE",0.721035962951257,1.34705230980062
"2019-02-19","Espace Mittelland","SO",0.824546356230751,1.53096218410565
"2019-02-19","Lake Geneva","GE",3.90352690479228,6.03000745699989
"2019-02-19","Lake Geneva","VD",4.57281863987984,7.84109996526411
"2019-02-19","Lake Geneva","VS",2.99450418502666,3.64855982016191
"2019-02-19","Northwestern","AG",2.58276940307658,4.49877336770215
"2019-02-19","Northwestern","BL",0.978317510133107,1.76463070856454
"2019-02-19","Northwestern","BS",1.15165820971162,2.60162286613903
"2019-02-19","Ticino","TI",1.44435271077205,2.12939152376349
"2019-02-19","Zurich","ZH",8.7322936317303,18.7235614685871
"2019-02-20","9999","9999",0.0126377804660917,0.0411936366027893
"2019-02-20","Central","LU",2.49651630928748,3.60277778344247
"2019-02-20","Central","NW",0.219523597430224,0.303276253635882
"2019-02-20","Central","OW",0.227620492582474,0.289171171795818
"2019-02-20","Central","SZ",0.810324165239234,1.12409005228057
"2019-02-20","Central","UR",0.200403693251509,0.215144983247241
"2019-02-20","Central","ZG",0.836014389765381,1.44490419080675
"2019-02-20","Eastern","AI",0.0452802823225893,0.0542450858234751
"2019-02-20","Eastern","AR",0.136138644733981,0.179559391231465
"2019-02-20","Eastern","GL",0.148440438392804,0.23580977784666
"2019-02-20","Eastern","GR",2.52551385671067,2.72313049885766
"2019-02-20","Eastern","SG",2.29268848996753,3.6374117072859
"2019-02-20","Eastern","SH",0.307333243168245,0.562096008363804
"2019-02-20","Eastern","TG",0.929765270503077,1.48735538892299
"2019-02-20","Espace Mittelland","BE",5.04203492654877,8.55777407533541
"2019-02-20","Espace Mittelland","FR",1.23066795221296,2.05737063600664
"2019-02-20","Espace Mittelland","JU",0.228358729195749,0.363979087771676
"2019-02-20","Espace Mittelland","NE",0.779542815227106,1.39562137473906
"2019-02-20","Espace Mittelland","SO",0.89470175888142,1.55662323660986
"2019-02-20","Lake Geneva","GE",3.6077993276481,6.08299498130992
"2019-02-20","Lake Geneva","VD",4.93513999817756,8.13523340681571
"2019-02-20","Lake Geneva","VS",3.07499880062053,3.79888940324288
"2019-02-20","Northwestern","AG",2.73493642145354,4.64407270472932
"2019-02-20","Northwestern","BL",1.0196284113104,1.77999335191805
"2019-02-20","Northwestern","BS",1.19673964821369,2.60930418781579
"2019-02-20","Ticino","TI",1.56080048756973,2.21670707857584
"2019-02-20","Zurich","ZH",9.08259708051125,18.926606670786
"2019-02-21","9999","9999",0.0129043675414501,0.0406498262185941
"2019-02-21","Central","LU",2.40926670160724,3.66195115087271
"2019-02-21","Central","NW",0.228355149952156,0.301067023950089
"2019-02-21","Central","OW",0.244494597627172,0.298178031284052
"2019-02-21","Central","SZ",0.814526929514124,1.11409753647098
"2019-02-21","Central","UR",0.215753659256723,0.21358152839268
"2019-02-21","Central","ZG",0.880828990566723,1.47250256780466
"2019-02-21","Eastern","AI",0.0507328683352884,0.0534633583961944
"2019-02-21","Eastern","AR",0.13546685125643,0.174053311091489
"2019-02-21","Eastern","GL",0.153656187345003,0.239514486088991
"2019-02-21","Eastern","GR",2.90126889550342,2.74399922235115
"2019-02-21","Eastern","SG",2.46691735495606,3.7332242993513
"2019-02-21","Eastern","SH",0.309306420637868,0.563965356559475
"2019-02-21","Eastern","TG",0.95776273653959,1.52494628173049
"2019-02-21","Espace Mittelland","BE",5.61413158522032,8.88365244806441
"2019-02-21","Espace Mittelland","FR",1.29040937723914,2.06294469244464
"2019-02-21","Espace Mittelland","JU",0.242167345247262,0.381143103022838
"2019-02-21","Espace Mittelland","NE",0.855634471698183,1.46740434545283
"2019-02-21","Espace Mittelland","SO",0.975744484331777,1.68122379088859
"2019-02-21","Lake Geneva","GE",4.17254989820948,6.56433514762073
"2019-02-21","Lake Geneva","VD",4.95268157732817,8.0889755360101
"2019-02-21","Lake Geneva","VS",3.23103211871049,3.77795270345136
"2019-02-21","Northwestern","AG",2.85764518031726,4.70297416696746
"2019-02-21","Northwestern","BL",1.0538832331771,1.82230859743825
"2019-02-21","Northwestern","BS",1.21812050652938,2.65828111054238
"2019-02-21","Ticino","TI",1.71166090581406,2.33155303408807
"2019-02-21","Zurich","ZH",9.5285607211059,19.5074301492556
"2019-02-22","9999","9999",0.0163020291370244,0.0419073877320456
"2019-02-22","Central","LU",3.34896572802596,4.35021116836981
"2019-02-22","Central","NW",0.315394443785095,0.366732127841664
"2019-02-22","Central","OW",0.357701721792781,0.367785760461042
"2019-02-22","Central","SZ",1.08556920763735,1.35531143001058
"2019-02-22","Central","UR",0.294241983503705,0.27299281286601
"2019-02-22","Central","ZG",1.18274763704623,1.73461917298676
"2019-02-22","Eastern","AI",0.0652595887338679,0.0663108787228069
"2019-02-22","Eastern","AR",0.175516354936545,0.20926503346813
"2019-02-22","Eastern","GL",0.217619537738967,0.307796677454505
"2019-02-22","Eastern","GR",4.24582555541314,3.40670015179107
"2019-02-22","Eastern","SG",3.16431436806631,4.34694830606464
"2019-02-22","Eastern","SH",0.402722974961386,0.653524129206628
"2019-02-22","Eastern","TG",1.23722951633646,1.79239902630751
"2019-02-22","Espace Mittelland","BE",7.41876168690095,10.4289236429042
"2019-02-22","Espace Mittelland","FR",1.78017690916628,2.54173574757953
"2019-02-22","Espace Mittelland","JU",0.304875559862326,0.439330814131729
"2019-02-22","Espace Mittelland","NE",1.09248296306483,1.70426775591887
"2019-02-22","Espace Mittelland","SO",1.21373000035475,1.885696495346
"2019-02-22","Lake Geneva","GE",4.39132135323431,6.85051536230347
"2019-02-22","Lake Geneva","VD",6.67717786213401,9.67091994363405
"2019-02-22","Lake Geneva","VS",4.59906891812784,4.68659187914358
"2019-02-22","Northwestern","AG",3.76912650365384,5.55458122861721
"2019-02-22","Northwestern","BL",1.46017209809898,2.19393501873767
"2019-02-22","Northwestern","BS",1.4922732843962,2.85531041036611
"2019-02-22","Ticino","TI",2.03687083775137,2.52701887905725
"2019-02-22","Zurich","ZH",12.0298773599595,21.4876476870045
"2019-02-23","9999","9999",0.0148994355709074,0.0348378527375075
"2019-02-23","Central","LU",3.63501619746745,4.2941986987977
"2019-02-23","Central","NW",0.382960882427185,0.435592117740386
"2019-02-23","Central","OW",0.479806124984124,0.486710293854739
"2019-02-23","Central","SZ",1.38969552686616,1.62045298045477
"2019-02-23","Central","UR",0.305077027417206,0.305825364811797
"2019-02-23","Central","ZG",1.2793651629566,1.62395375980303
"2019-02-23","Eastern","AI",0.0787346184992532,0.0792263753474439
"2019-02-23","Eastern","AR",0.171905164440065,0.212833789114412
"2019-02-23","Eastern","GL",0.288475696761737,0.383250368261595
"2019-02-23","Eastern","GR",5.34133048872492,4.08289437638884
"2019-02-23","Eastern","SG",4.03816594436108,4.79766515011546
"2019-02-23","Eastern","SH",0.459935844525678,0.694207943574235
"2019-02-23","Eastern","TG",1.60397862608871,2.09394188434377
"2019-02-23","Espace Mittelland","BE",8.8058626537639,10.9003732578525
"2019-02-23","Espace Mittelland","FR",1.85204221124933,2.52195464485443
"2019-02-23","Espace Mittelland","JU",0.376931756242374,0.491706551759532
"2019-02-23","Espace Mittelland","NE",1.32293440236855,1.82149288186195
"2019-02-23","Espace Mittelland","SO",1.59679548363055,2.20936563838921
"2019-02-23","Lake Geneva","GE",5.20147453322953,6.41509318530815
"2019-02-23","Lake Geneva","VD",7.59352814331238,9.90883698671947
"2019-02-23","Lake Geneva","VS",6.21195298814698,5.39534675049504
"2019-02-23","Northwestern","AG",5.21069662665337,6.52562264589583
"2019-02-23","Northwestern","BL",1.84716718749034,2.36061290149351
"2019-02-23","Northwestern","BS",1.8802847458234,2.88066556952922
"2019-02-23","Ticino","TI",2.33933340394442,2.71653679794929
"2019-02-23","Zurich","ZH",15.3362933338464,21.5153820165985
"2019-02-24","9999","9999",0.0117048784271732,0.0278362940409938
"2019-02-24","Central","LU",0.753450070689474,1.28468405636323
"2019-02-24","Central","NW",0.142021832547892,0.131160267038089
"2019-02-24","Central","OW",0.321325974883649,0.29844993647615
"2019-02-24","Central","SZ",0.407218508830963,0.578580260634722
"2019-02-24","Central","UR",0.178023058998814,0.147882436352093
"2019-02-24","Central","ZG",0.181167228694716,0.383624237900729
"2019-02-24","Eastern","AI",0.0223684006017249,0.0283461162761768
"2019-02-24","Eastern","AR",0.0471620128596113,0.0618244430531962
"2019-02-24","Eastern","GL",0.0893830326631001,0.155699710624899
"2019-02-24","Eastern","GR",3.48963217464616,2.33406815711498
"2019-02-24","Eastern","SG",0.747460805686871,1.2459035783403
"2019-02-24","Eastern","SH",0.101687853406494,0.228264408765951
"2019-02-24","Eastern","TG",0.248121620598323,0.447080112106511
"2019-02-24","Espace Mittelland","BE",2.58057886292107,3.56450712765473
"2019-02-24","Espace Mittelland","FR",0.456463445660975,0.877811924538152
"2019-02-24","Espace Mittelland","JU",0.0697867248964434,0.128781096607235
"2019-02-24","Espace Mittelland","NE",0.208317201119855,0.424342040417347
"2019-02-24","Espace Mittelland","SO",0.235733952505403,0.526272499304942
"2019-02-24","Lake Geneva","GE",1.28276221365283,2.49473013749566
"2019-02-24","Lake Geneva","VD",1.58898253527669,2.86003476307881
"2019-02-24","Lake Geneva","VS",3.41471976537455,2.89575630769063
"2019-02-24","Northwestern","AG",0.772389458027998,1.59125716045329
"2019-02-24","Northwestern","BL",0.267593273570591,0.606960365059911
"2019-02-24","Northwestern","BS",0.364652988789602,0.994357287500994
"2019-02-24","Ticino","TI",0.784088959757738,0.993745500818775
"2019-02-24","Zurich","ZH",3.21386369724264,7.42246793388081
"2019-02-25","9999","9999",0.0137212104530345,0.039800122493289
"2019-02-25","Central","LU",2.44330262570765,3.40364121837998
"2019-02-25","Central","NW",0.22431977992962,0.307150902623273
"2019-02-25","Central","OW",0.230749699160464,0.286078250235708
"2019-02-25","Central","SZ",0.800498197813649,1.09472429153403
"2019-02-25","Central","UR",0.179276154530545,0.211610215749972
"2019-02-25","Central","ZG",0.781984595569969,1.43175077713903
"2019-02-25","Eastern","AI",0.0379450729199807,0.0512201405613891
"2019-02-25","Eastern","AR",0.123166338136617,0.1799332608706
"2019-02-25","Eastern","GL",0.145251387175211,0.240500142410344
"2019-02-25","Eastern","GR",2.50792768582396,2.5655954281861
"2019-02-25","Eastern","SG",2.39542306849203,3.80510923451211
"2019-02-25","Eastern","SH",0.301000613573987,0.580415620681381
"2019-02-25","Eastern","TG",0.974587323493215,1.59540371463278
"2019-02-25","Espace Mittelland","BE",5.29077127244424,8.94285980364367
"2019-02-25","Espace Mittelland","FR",1.34882930558715,2.14771113608107
"2019-02-25","Espace Mittelland","JU",0.26191526178386,0.408061717040502
"2019-02-25","Espace Mittelland","NE",0.777309288904274,1.36625561399251
"2019-02-25","Espace Mittelland","SO",0.88030310021588,1.62381780720698
"2019-02-25","Lake Geneva","GE",4.1183812771381,6.86455246784551
"2019-02-25","Lake Geneva","VD",4.85221365858387,7.85438933152788
"2019-02-25","Lake Geneva","VS",3.47534087370832,3.98650398579023
"2019-02-25","Northwestern","AG",2.82612000944529,4.81173624380651
"2019-02-25","Northwestern","BL",1.11066253259593,1.89412555630103
"2019-02-25","Northwestern","BS",1.21090819362754,2.69366277366408
"2019-02-25","Ticino","TI",2.00732993452173,2.2402608658413
"2019-02-25","Zurich","ZH",9.7753569446687,20.7469099674326
"2019-02-26","9999","9999",0.0136068038867468,0.0425531625632774
"2019-02-26","Central","LU",2.51375115039493,3.48194991370409
"2019-02-26","Central","NW",0.240907302693502,0.302392561761565
"2019-02-26","Central","OW",0.208009307850377,0.2827134234835
"2019-02-26","Central","SZ",0.806453859436298,1.0898979743743
"2019-02-26","Central","UR",0.191993097369989,0.216912366995876
"2019-02-26","Central","ZG",0.849394647895965,1.46713244026073
"2019-02-26","Eastern","AI",0.0460967414640728,0.0555366354859388
"2019-02-26","Eastern","AR",0.136599121862738,0.188294345527601
"2019-02-26","Eastern","GL",0.157583349863186,0.240330201665283
"2019-02-26","Eastern","GR",2.16724888572253,2.39130420005153
"2019-02-26","Eastern","SG",2.49598692584552,3.88583108841609
"2019-02-26","Eastern","SH",0.312536997346782,0.58796098976209
"2019-02-26","Eastern","TG",1.03316050142415,1.62857614806869
"2019-02-26","Espace Mittelland","BE",5.16087933979419,9.00818502604512
"2019-02-26","Espace Mittelland","FR",1.38413354679462,2.16565687875951
"2019-02-26","Espace Mittelland","JU",0.260623366311729,0.419957569194773
"2019-02-26","Espace Mittelland","NE",0.808867287783955,1.36679942437671
"2019-02-26","Espace Mittelland","SO",0.957175313743903,1.70827835750231
"2019-02-26","Lake Geneva","GE",4.1282206726012,6.90197341990795
"2019-02-26","Lake Geneva","VD",4.78021612812097,7.67969024560516
"2019-02-26","Lake Geneva","VS",3.1091215781604,3.88205840387574
"2019-02-26","Northwestern","AG",3.00067367316784,4.92420302888789
"2019-02-26","Northwestern","BL",1.09042245831715,1.89337781702276
"2019-02-26","Northwestern","BS",1.2880879088229,2.75405971445876
"2019-02-26","Ticino","TI",1.80041906285245,2.24403355038165
"2019-02-26","Zurich","ZH",10.0228394979806,20.7984360013351
"2019-02-27","9999","9999",0.014133226816506,0.0415675062419236
"2019-02-27","Central","LU",2.70875295444727,3.80911983609555
"2019-02-27","Central","NW",0.255633493476028,0.324348906023448
"2019-02-27","Central","OW",0.245224046688343,0.29844993647615
"2019-02-27","Central","SZ",0.8507017062031,1.14234168830012
"2019-02-27","Central","UR",0.202641950128237,0.226598989464354
"2019-02-27","Central","ZG",0.95302033276259,1.55536567509641
"2019-02-27","Eastern","AI",0.0554393896078589,0.0589014622381468
"2019-02-27","Eastern","AR",0.136023658596521,0.191149350044626
"2019-02-27","Eastern","GL",0.163253118424792,0.25586278576386
"2019-02-27","Eastern","GR",2.3026798662226,2.44629702515327
"2019-02-27","Eastern","SG",2.65361525121491,4.097271363421
"2019-02-27","Eastern","SH",0.348151305215623,0.62500807218539
"2019-02-27","Eastern","TG",1.07030844076844,1.70362198108763
"2019-02-27","Espace Mittelland","BE",5.61355385849371,9.32937303421043
"2019-02-27","Espace Mittelland","FR",1.47606447223346,2.29239868642602
"2019-02-27","Espace Mittelland","JU",0.287834307274624,0.447895827682804
"2019-02-27","Espace Mittelland","NE",0.850641278076302,1.43178476528804
"2019-02-27","Espace Mittelland","SO",1.06308358876595,1.8155109676358
"2019-02-27","Lake Geneva","GE",4.5070723758338,7.26041243939063
"2019-02-27","Lake Geneva","VD",4.91567088278719,7.9290952830567
"2019-02-27","Lake Geneva","VS",3.36716838641946,4.14098012305069
"2019-02-27","Northwestern","AG",3.17023229099037,5.19053416454751
"2019-02-27","Northwestern","BL",1.16777480348553,1.9817809926035
"2019-02-27","Northwestern","BS",1.3719516068879,2.86197208757251
"2019-02-27","Ticino","TI",1.94895381470554,2.34664377224949
"2019-02-27","Zurich","ZH",10.7382137241302,21.4898909048393
"2019-02-28","9999","9999",0.0130809683602033,0.0417374469869846
"2019-02-28","Central","LU",1.8222447812034,3.12204940381388
"2019-02-28","Central","NW",0.174877479535195,0.247467712957846
"2019-02-28","Central","OW",0.217486283361502,0.265005597848142
"2019-02-28","Central","SZ",0.760102513922465,1.03996938347537
"2019-02-28","Central","UR",0.172292411967946,0.201447759195324
"2019-02-28","Central","ZG",0.84900398559739,1.45516861180843
"2019-02-28","Eastern","AI",0.0455417080816935,0.0540751450784141
"2019-02-28","Eastern","AR",0.135888121178558,0.188566250719699
"2019-02-28","Eastern","GL",0.166161849079847,0.249269084855493
"2019-02-28","Eastern","GR",2.40941986503769,2.47121033837921
"2019-02-28","Eastern","SG",2.67512063509628,4.05002783629404
"2019-02-28","Eastern","SH",0.331633683434396,0.615661331207035
"2019-02-28","Eastern","TG",1.12812881448634,1.72843332986654
"2019-02-28","Espace Mittelland","BE",5.91220550534892,9.48045035656967
"2019-02-28","Espace Mittelland","FR",1.48495855186968,2.29532166724107
"2019-02-28","Espace Mittelland","JU",0.317804610086895,0.46743901336482
"2019-02-28","Espace Mittelland","NE",0.992930441743626,1.57823969938162
"2019-02-28","Espace Mittelland","SO",1.01712402553282,1.75660950539766
"2019-02-28","Lake Geneva","GE",5.1250318211007,7.64560013214592
"2019-02-28","Lake Geneva","VD",5.0975545593519,8.04611648010572
"2019-02-28","Lake Geneva","VS",3.37613486546001,4.03255792770177
"2019-02-28","Northwestern","AG",3.1694383763843,5.08748209674251
"2019-02-28","Northwestern","BL",1.16956905401966,1.98031950219597
"2019-02-28","Northwestern","BS",1.42840532828444,2.90255393749307
"2019-02-28","Ticino","TI",2.01847067090066,2.51828392476111
"2019-02-28","Zurich","ZH",10.9775170009469,21.8259317341229
"2019-03-01","9999","9999",0.016736609616017,0.0425191744142652
"2019-03-01","Central","LU",3.51715427092439,4.16704903334305
"2019-03-01","Central","NW",0.32508100867956,0.369077310123506
"2019-03-01","Central","OW",0.314950049756381,0.321323960761362
"2019-03-01","Central","SZ",1.16898786944613,1.33733169918313
"2019-03-01","Central","UR",0.263741400480559,0.257018382830275
"2019-03-01","Central","ZG",1.26328553642506,1.75321069049644
"2019-03-01","Eastern","AI",0.0613625756647299,0.0621643245433182
"2019-03-01","Eastern","AR",0.189464612396486,0.223743984947329
"2019-03-01","Eastern","GL",0.23529918014136,0.312419065720165
"2019-03-01","Eastern","GR",3.6869903114536,3.00975255947756
"2019-03-01","Eastern","SG",3.54101374759661,4.68978676515073
"2019-03-01","Eastern","SH",0.436921699821003,0.709434634331701
"2019-03-01","Eastern","TG",1.42822698875217,1.96291756990173
"2019-03-01","Espace Mittelland","BE",7.98608090906772,11.3179516566164
"2019-03-01","Espace Mittelland","FR",2.02427138338709,2.79144667837219
"2019-03-01","Espace Mittelland","JU",0.405743233906972,0.555944153392595
"2019-03-01","Espace Mittelland","NE",0.239660641184993,0.463054542142246
"2019-03-01","Espace Mittelland","SO",1.33461941481897,2.03945888147721
"2019-03-01","Lake Geneva","GE",5.49636095288503,8.01760042308448
"2019-03-01","Lake Geneva","VD",6.85816056789861,9.4746723712376
"2019-03-01","Lake Geneva","VS",4.767789174501,4.89048678506778
"2019-03-01","Northwestern","AG",4.17891155335463,5.96896474137398
"2019-03-01","Northwestern","BL",1.58262335897311,2.33117916444894
"2019-03-01","Northwestern","BS",1.61381742631654,3.0326945600608
"2019-03-01","Ticino","TI",2.31437294176116,2.66902136563023
"2019-03-01","Zurich","ZH",13.149685400348,23.299487934547
"2019-03-02","9999","9999",0.01358228959255,0.0326626112007265
"2019-03-02","Central","LU",3.54373828035132,4.20718903732647
"2019-03-02","Central","NW",0.353919706609168,0.388178649868364
"2019-03-02","Central","OW",0.39946171230849,0.430629847984605
"2019-03-02","Central","SZ",1.41937044026541,1.60927087942976
"2019-03-02","Central","UR",0.25217220044812,0.272279061736754
"2019-03-02","Central","ZG",1.30604595293732,1.63948634390161
"2019-03-02","Eastern","AI",0.0578387751026422,0.06481540016627
"2019-03-02","Eastern","AR",0.186247890571418,0.224627676821646
"2019-03-02","Eastern","GL",0.278801831524793,0.37577297547891
"2019-03-02","Eastern","GR",4.83583821187694,3.79134403416217
"2019-03-02","Eastern","SG",4.40715045621043,5.17486562785288
"2019-03-02","Eastern","SH",0.551018250355535,0.804397522671795
"2019-03-02","Eastern","TG",1.81165796997279,2.29963816216562
"2019-03-02","Espace Mittelland","BE",9.44079377174961,11.690223852747
"2019-03-02","Espace Mittelland","FR",1.99286318015942,2.6444139457454
"2019-03-02","Espace Mittelland","JU",0.447138313881078,0.575079481286465
"2019-03-02","Espace Mittelland","NE",1.41721452948746,1.91067778486997
"2019-03-02","Espace Mittelland","SO",1.69459064725557,2.30759138903447
"2019-03-02","Lake Geneva","GE",6.22679669481682,7.62670272129514
"2019-03-02","Lake Geneva","VD",8.09881331745063,10.3376314746574
"2019-03-02","Lake Geneva","VS",5.85306448081347,5.27234363921988
"2019-03-02","Northwestern","AG",5.74892666649533,7.06484462997442
"2019-03-02","Northwestern","BL",1.97746445185527,2.42848723507088
"2019-03-02","Northwestern","BS",2.01704505896054,2.97756578236301
"2019-03-02","Ticino","TI",2.46463266972917,2.81136373369334
"2019-03-02","Zurich","ZH",17.2205831357704,23.4490697783497
"2019-03-03","9999","9999",0.0117606464884603,0.0264427799314935
"2019-03-03","Central","LU",0.720993689499843,1.29895907894835
"2019-03-03","Central","NW",0.128335388533177,0.118482687456538
"2019-03-03","Central","OW",0.278704416575521,0.259771422900263
"2019-03-03","Central","SZ",0.374013114137062,0.533715903938615
"2019-03-03","Central","UR",0.173325568071678,0.144925467388031
"2019-03-03","Central","ZG",0.192314324692461,0.391475500322548
"2019-03-03","Eastern","AI",0.0131428414989109,0.0178437782314063
"2019-03-03","Eastern","AR",0.0487819926077498,0.0617224786061596
"2019-03-03","Eastern","GL",0.0797223565863567,0.134355153045236
"2019-03-03","Eastern","GR",3.24716642073334,2.19322126760841
"2019-03-03","Eastern","SG",0.71902835973718,1.29226341359295
"2019-03-03","Eastern","SH",0.108877680513247,0.232920785180623
"2019-03-03","Eastern","TG",0.252492272544268,0.471959437183443
"2019-03-03","Espace Mittelland","BE",2.4233237813869,3.59213949280165
"2019-03-03","Espace Mittelland","FR",0.434035580273727,0.825300234314299
"2019-03-03","Espace Mittelland","JU",0.0692717484973452,0.127217641752674
"2019-03-03","Espace Mittelland","NE",0.202800439347843,0.401943850218306
"2019-03-03","Espace Mittelland","SO",0.240095221663985,0.526340475602967
"2019-03-03","Lake Geneva","GE",1.4749834505997,2.7795168380689
"2019-03-03","Lake Geneva","VD",1.63957035026192,2.99625926431972
"2019-03-03","Lake Geneva","VS",3.10172370849877,2.65678563198584
"2019-03-03","Northwestern","AG",0.763344462757632,1.61994315821959
"2019-03-03","Northwestern","BL",0.249376971758401,0.60016273525747
"2019-03-03","Northwestern","BS",0.389350842575284,1.03871182196192
"2019-03-03","Ticino","TI",0.910417790654561,1.07242806578202
"2019-03-03","Zurich","ZH",3.24139753766916,7.58737843288802
"2019-03-04","9999","9999",0.0114122419772146,0.0365032720391054
"2019-03-04","Central","LU",1.97515741789404,3.17221591175589
"2019-03-04","Central","NW",0.21874942740424,0.282475506440414
"2019-03-04","Central","OW",0.215525817297464,0.239684426834052
"2019-03-04","Central","SZ",0.722993734792547,0.993541571924701
"2019-03-04","Central","UR",0.169100650863518,0.184623625434284
"2019-03-04","Central","ZG",0.761778300892105,1.36547388656523
"2019-03-04","Eastern","AI",0.0358050024487469,0.0431309610964849
"2019-03-04","Eastern","AR",0.119136646345165,0.18071498829788
"2019-03-04","Eastern","GL",0.14009209158805,0.224661664970658
"2019-03-04","Eastern","GR",2.60539024608424,2.50380497328192
"2019-03-04","Eastern","SG",2.27243465087339,3.66093150640235
"2019-03-04","Eastern","SH",0.27447928007016,0.559071063101718
"2019-03-04","Eastern","TG",0.933616599266129,1.54312994145201
"2019-03-04","Espace Mittelland","BE",5.14578310848197,8.73444447390084
"2019-03-04","Espace Mittelland","FR",1.24355734488844,1.99190946100914
"2019-03-04","Espace Mittelland","JU",0.234414053563976,0.393786694455377
"2019-03-04","Espace Mittelland","NE",0.788639321843457,1.43419792386791
"2019-03-04","Espace Mittelland","SO",0.818562225132253,1.52154746682927
"2019-03-04","Lake Geneva","GE",4.79373352532229,7.21775731238032
"2019-03-04","Lake Geneva","VD",4.9699786518483,8.15086795536133
"2019-03-04","Lake Geneva","VS",3.18201193801485,3.48827170942036
"2019-03-04","Northwestern","AG",2.70503367001106,4.64203341578858
"2019-03-04","Northwestern","BL",1.00281209499405,1.6764994381759
"2019-03-04","Northwestern","BS",1.15536226474046,2.49908062056922
"2019-03-04","Ticino","TI",1.7736716848432,2.21449784889005
"2019-03-04","Zurich","ZH",9.36845696502143,20.3795660529087
"2019-03-05","9999","9999",0.0131062932708376,0.0436747714806801
"2019-03-05","Central","LU",2.21462627192915,3.14485545180107
"2019-03-05","Central","NW",0.224102248854806,0.280640146393755
"2019-03-05","Central","OW",0.222218172620943,0.243117229884284
"2019-03-05","Central","SZ",0.742811278190298,1.00700087893353
"2019-03-05","Central","UR",0.175173977182291,0.188702203315748
"2019-03-05","Central","ZG",0.836081439884429,1.40316674381977
"2019-03-05","Eastern","AI",0.038329759369842,0.0445584633549974
"2019-03-05","Eastern","AR",0.128792544875755,0.184011838752064
"2019-03-05","Eastern","GL",0.147321587991962,0.229589946577427
"2019-03-05","Eastern","GR",2.4523406230477,2.43011866622346
"2019-03-05","Eastern","SG",2.44298000036552,3.78053580277629
"2019-03-05","Eastern","SH",0.32728962519003,0.587315214930858
"2019-03-05","Eastern","TG",0.977691761235615,1.57694814971916
"2019-03-05","Espace Mittelland","BE",5.2221352665311,9.02001290190137
"2019-03-05","Espace Mittelland","FR",1.23379679460096,1.99167154396605
"2019-03-05","Espace Mittelland","JU",0.240665100683633,0.398137177528939
"2019-03-05","Espace Mittelland","NE",0.819687599624809,1.43705292838493
"2019-03-05","Espace Mittelland","SO",0.849155241925402,1.57239373775152
"2019-03-05","Lake Geneva","GE",4.49932833379315,7.27645484572439
"2019-03-05","Lake Geneva","VD",4.91903711831073,8.21894621783277
"2019-03-05","Lake Geneva","VS",2.93348761726805,3.48232378334322
"2019-03-05","Northwestern","AG",2.88252165558876,4.83083758355137
"2019-03-05","Northwestern","BL",0.972491108546056,1.6634140008062
"2019-03-05","Northwestern","BS",1.19721399197436,2.5399683638309
"2019-03-05","Ticino","TI",1.79818907269697,2.08850378050181
"2019-03-05","Zurich","ZH",9.90228755841182,20.8721223083935
"2019-03-06","9999","9999",0.0142229702797821,0.0435048307356191
"2019-03-06","Central","LU",2.73481659511358,3.51648187310049
"2019-03-06","Central","NW",0.236689156286407,0.299435592797503
"2019-03-06","Central","OW",0.209782125999188,0.267758637918131
"2019-03-06","Central","SZ",0.842224577117362,1.10645020294324
"2019-03-06","Central","UR",0.189843683271607,0.199510434701628
"2019-03-06","Central","ZG",0.931098362520727,1.51376418070547
"2019-03-06","Eastern","AI",0.0383014073746367,0.0460879300605465
"2019-03-06","Eastern","AR",0.117881236444765,0.182380407599478
"2019-03-06","Eastern","GL",0.1477087728635,0.243083241735272
"2019-03-06","Eastern","GR",2.36959713032696,2.41540179770118
"2019-03-06","Eastern","SG",2.58524208866063,3.91523083731165
"2019-03-06","Eastern","SH",0.326168648389548,0.607266258401021
"2019-03-06","Eastern","TG",1.04276728521387,1.62490542797537
"2019-03-06","Espace Mittelland","BE",5.44522028182533,9.29273380957528
"2019-03-06","Espace Mittelland","FR",1.27294834281746,2.027732970068
"2019-03-06","Espace Mittelland","JU",0.279633602310095,0.425531625632774
"2019-03-06","Espace Mittelland","NE",0.845833543313666,1.5105013184003
"2019-03-06","Espace Mittelland","SO",0.955694626878286,1.68224343535896
"2019-03-06","Lake Geneva","GE",4.94705536275698,7.6193612811085
"2019-03-06","Lake Geneva","VD",5.25630999009532,8.65916072383881
"2019-03-06","Lake Geneva","VS",2.89521626927397,3.5510478206459
"2019-03-06","Northwestern","AG",3.03296517027486,5.00088029305942
"2019-03-06","Northwestern","BL",1.03090276234077,1.71388640208932
"2019-03-06","Northwestern","BS",1.27493913455151,2.58170581081788
"2019-03-06","Ticino","TI",1.76878058190019,2.11249941370443
"2019-03-06","Zurich","ZH",10.4672409788836,21.4104606005978
"2019-03-07","9999","9999",0.0135904035889679,0.0437767359277167
"2019-03-07","Central","LU",2.85099664527366,3.73291840601019
"2019-03-07","Central","NW",0.260810728357392,0.318197051052239
"2019-03-07","Central","OW",0.222697192111205,0.255047070187567
"2019-03-07","Central","SZ",0.859619270219878,1.12980006131462
"2019-03-07","Central","UR",0.188588896018615,0.202195498473592
"2019-03-07","Central","ZG",0.970269639653229,1.54737846007854
"2019-03-07","Eastern","AI",0.0454077605684343,0.0500645434949742
"2019-03-07","Eastern","AR",0.131758578672501,0.185439341010576
"2019-03-07","Eastern","GL",0.156252850251728,0.243932945460577
"2019-03-07","Eastern","GR",2.63561099804752,2.4513952475051
"2019-03-07","Eastern","SG",2.70948983220111,4.04091901235877
"2019-03-07","Eastern","SH",0.334902073246307,0.609713405129899
"2019-03-07","Eastern","TG",1.06955011496519,1.66106881852436
"2019-03-07","Espace Mittelland","BE",6.06113285009916,9.60607055531877
"2019-03-07","Espace Mittelland","FR",1.34156608832264,2.09142676131686
"2019-03-07","Espace Mittelland","JU",0.286976009360106,0.448133744725889
"2019-03-07","Espace Mittelland","NE",0.916439445070471,1.56661575241945
"2019-03-07","Espace Mittelland","SO",1.07517592618616,1.80150785024278
"2019-03-07","Lake Geneva","GE",5.02769492988436,8.02521376846321
"2019-03-07","Lake Geneva","VD",5.24441412730266,8.56844635412524
"2019-03-07","Lake Geneva","VS",3.15799921959175,3.61514946968291
"2019-03-07","Northwestern","AG",3.22186853847897,5.11069600251784
"2019-03-07","Northwestern","BL",1.10999428311778,1.78454776388569
"2019-03-07","Northwestern","BS",1.32572817038227,2.67877596439673
"2019-03-07","Ticino","TI",1.87520779633502,2.27220972591277
"2019-03-07","Zurich","ZH",10.772142674273,21.8969329774094
"2019-03-08","9999","9999",0.0157862930297673,0.0422132810731554
"2019-03-08","Central","LU",3.46246169401675,4.44146934846758
"2019-03-08","Central","NW",0.338439250937624,0.381924830450119
"2019-03-08","Central","OW",0.321012270238358,0.338997798247707
"2019-03-08","Central","SZ",1.14663907636374,1.3904551760892
"2019-03-08","Central","UR",0.250359450628715,0.280946039734865
"2019-03-08","Central","ZG",1.29929005233398,1.81404947722828
"2019-03-08","Eastern","AI",0.0639915261682043,0.0631499808646721
"2019-03-08","Eastern","AR",0.182211592451801,0.225715297590036
"2019-03-08","Eastern","GL",0.215179112339522,0.31666758434669
"2019-03-08","Eastern","GR",3.8839261170971,3.18553926616867
"2019-03-08","Eastern","SG",3.34000794646902,4.65967326512592
"2019-03-08","Eastern","SH",0.416406372311423,0.717217920455496
"2019-03-08","Eastern","TG",1.33898120089238,1.9461274242897
"2019-03-08","Espace Mittelland","BE",7.5962982898848,11.0805784239151
"2019-03-08","Espace Mittelland","FR",1.76557007088512,2.50315919845068
"2019-03-08","Espace Mittelland","JU",0.367544884468498,0.525898629665808
"2019-03-08","Espace Mittelland","NE",1.13333623797697,1.78407192979952
"2019-03-08","Espace Mittelland","SO",1.26588159234846,2.02028956543432
"2019-03-08","Lake Geneva","GE",5.83928372333846,8.72972012118814
"2019-03-08","Lake Geneva","VD",6.81526939151453,10.2525591376799
"2019-03-08","Lake Geneva","VS",4.37696403209106,4.45339918877086
"2019-03-08","Northwestern","AG",4.11867830736411,6.05349326796733
"2019-03-08","Northwestern","BL",1.43682648567578,2.11766561235428
"2019-03-08","Northwestern","BS",1.57622551978987,2.8998348855721
"2019-03-08","Ticino","TI",2.27186080884005,2.59346571037611
"2019-03-08","Zurich","ZH",13.2503175491993,24.2460918726858
"2019-03-09","9999","9999",0.0149917871044607,0.0344639830983733
"2019-03-09","Central","LU",4.32419523204262,4.68383883907359
"2019-03-09","Central","NW",0.419990134993757,0.456562805680915
"2019-03-09","Central","OW",0.40153122782149,0.383556261602704
"2019-03-09","Central","SZ",1.45431522986515,1.64699772483331
"2019-03-09","Central","UR",0.270700076589939,0.29783814979393
"2019-03-09","Central","ZG",1.44813099398723,1.75565783722532
"2019-03-09","Eastern","AI",0.0826729651746608,0.0763713708304189
"2019-03-09","Eastern","AR",0.18843656670073,0.230507626600757
"2019-03-09","Eastern","GL",0.258488582469436,0.353884607515052
"2019-03-09","Eastern","GR",4.72092405089063,3.76510518312475
"2019-03-09","Eastern","SG",4.40216334025382,5.17071907367339
"2019-03-09","Eastern","SH",0.509744304672546,0.759193284485566
"2019-03-09","Eastern","TG",1.72790270654138,2.22115952609644
"2019-03-09","Espace Mittelland","BE",8.94581146595961,11.2398468901863
"2019-03-09","Espace Mittelland","FR",1.92641215756737,2.54591628990803
"2019-03-09","Espace Mittelland","JU",0.419289938612722,0.553836888153838
"2019-03-09","Espace Mittelland","NE",1.49038019348099,1.98966624317433
"2019-03-09","Espace Mittelland","SO",1.6746879930479,2.27020442512105
"2019-03-09","Lake Geneva","GE",7.09986906899805,8.4858891401746
"2019-03-09","Lake Geneva","VD",8.49798290630797,11.0079797376251
"2019-03-09","Lake Geneva","VS",4.96896704952655,4.74946995481615
"2019-03-09","Northwestern","AG",5.65220103489717,7.00873019595528
"2019-03-09","Northwestern","BL",1.81055510868747,2.31836563227134
"2019-03-09","Northwestern","BS",1.78195959177309,2.78271172407605
"2019-03-09","Ticino","TI",2.30528583751228,2.65151746888895
"2019-03-09","Zurich","ZH",16.8746372398437,23.1583691398483
"2019-03-10","9999","9999",0.010803292811688,0.0263408154844569
"2019-03-10","Central","LU",0.964020362575261,1.30572272060178
"2019-03-10","Central","NW",0.10712773192963,0.0935013979325689
"2019-03-10","Central","OW",0.15557329913571,0.127217641752674
"2019-03-10","Central","SZ",0.268665625132888,0.383998107539863
"2019-03-10","Central","UR",0.144257046675964,0.113792322892854
"2019-03-10","Central","ZG",0.186091527751452,0.378797920740996
"2019-03-10","Eastern","AI",0.00827826176909237,0.010740255087856
"2019-03-10","Eastern","AR",0.0456163513663079,0.0606348578377691
"2019-03-10","Eastern","GL",0.0499861926958157,0.10046896848007
"2019-03-10","Eastern","GR",2.60379866923958,1.67530985296047
"2019-03-10","Eastern","SG",0.625852726884521,1.14614836098949
"2019-03-10","Eastern","SH",0.0922058223116943,0.208143424550728
"2019-03-10","Eastern","TG",0.22155858146619,0.416082920207382
"2019-03-10","Espace Mittelland","BE",2.20798901502729,3.17598859629624
"2019-03-10","Espace Mittelland","FR",0.414951448950841,0.806776693102649
"2019-03-10","Espace Mittelland","JU",0.0721588392179381,0.129902705524638
"2019-03-10","Espace Mittelland","NE",0.208012299690755,0.419651675853663
"2019-03-10","Espace Mittelland","SO",0.22878390339125,0.493881793296313
"2019-03-10","Lake Geneva","GE",1.92982594533923,3.48732004124802
"2019-03-10","Lake Geneva","VD",1.50579808287803,2.9471803771461
"2019-03-10","Lake Geneva","VS",1.9728978774408,1.90326836838531
"2019-03-10","Northwestern","AG",0.758595938239126,1.59312650864896
"2019-03-10","Northwestern","BL",0.253360509321194,0.615389426014937
"2019-03-10","Northwestern","BS",0.436686589725957,1.08310034457185
"2019-03-10","Ticino","TI",0.853888611440946,1.07242806578202
"2019-03-10","Zurich","ZH",3.17004629955221,7.28083931694697
"2019-03-11","9999","9999",0.01249167370627,0.0406158380695819
"2019-03-11","Central","LU",2.37382448721648,3.44092621784636
"2019-03-11","Central","NW",0.213007345590775,0.288321468070513
"2019-03-11","Central","OW",0.184803677529466,0.226531013166329
"2019-03-11","Central","SZ",0.737514964929071,1.04999588743397
"2019-03-11","Central","UR",0.152806261884317,0.189687859637102
"2019-03-11","Central","ZG",0.775284498272108,1.40568186684667
"2019-03-11","Eastern","AI",0.0318128104785779,0.0437427477787045
"2019-03-11","Eastern","AR",0.107017723055416,0.171164318425451
"2019-03-11","Eastern","GL",0.129474946855379,0.214567184714034
"2019-03-11","Eastern","GR",2.2113073850208,2.04068245484165
"2019-03-11","Eastern","SG",2.1364948264638,3.55138770213602
"2019-03-11","Eastern","SH",0.287029979967553,0.563795415814414
"2019-03-11","Eastern","TG",0.919125581234992,1.53323939008946
"2019-03-11","Espace Mittelland","BE",4.84172076137936,8.30072170435612
"2019-03-11","Espace Mittelland","FR",1.18265812462822,1.98572361788891
"2019-03-11","Espace Mittelland","JU",0.232732224173258,0.384236024582948
"2019-03-11","Espace Mittelland","NE",0.71076045976081,1.33094192716883
"2019-03-11","Espace Mittelland","SO",0.80876702980312,1.51390013330152
"2019-03-11","Lake Geneva","GE",4.16697049184254,7.45982090964522
"2019-03-11","Lake Geneva","VD",4.5371231528866,7.78501951939398
"2019-03-11","Lake Geneva","VS",2.41437121597051,3.00077968813834
"2019-03-11","Northwestern","AG",2.63788782381939,4.58653076845166
"2019-03-11","Northwestern","BL",0.88398303646869,1.45122598652302
"2019-03-11","Northwestern","BS",0.791042458886778,1.95377475781744
"2019-03-11","Ticino","TI",1.70211805890634,2.3101744883594
"2019-03-11","Zurich","ZH",9.21304840115952,19.9644008127246
"2019-03-12","9999","9999",0.0110222140741129,0.0380327387446545
"2019-03-12","Central","LU",2.37424863541436,3.4841931315389
"2019-03-12","Central","NW",0.226874811612446,0.294405346743697
"2019-03-12","Central","OW",0.179428174482737,0.242097585413918
"2019-03-12","Central","SZ",0.757311913970084,1.04880630221854
"2019-03-12","Central","UR",0.163481958969517,0.204336751861361
"2019-03-12","Central","ZG",0.811213376226978,1.43732483357703
"2019-03-12","Eastern","AI",0.0487171902850071,0.0499285908989254
"2019-03-12","Eastern","AR",0.115625220410819,0.177044268204562
"2019-03-12","Eastern","GL",0.143156394026741,0.225205475354853
"2019-03-12","Eastern","GR",1.75144169993519,2.00275168054403
"2019-03-12","Eastern","SG",2.29022667917501,3.67323521634476
"2019-03-12","Eastern","SH",0.306813630199765,0.572564358259562
"2019-03-12","Eastern","TG",0.92765791447493,1.52453842394234
"2019-03-12","Espace Mittelland","BE",5.01211518348928,8.88021964501418
"2019-03-12","Espace Mittelland","FR",1.2231563064645,2.03181154794946
"2019-03-12","Espace Mittelland","JU",0.237127887748123,0.387838768378242
"2019-03-12","Espace Mittelland","NE",0.7677514162223,1.40683746391308
"2019-03-12","Espace Mittelland","SO",0.946070267984351,1.62850817177067
"2019-03-12","Lake Geneva","GE",4.52972991979436,7.41702983003886
"2019-03-12","Lake Geneva","VD",4.56927370063403,7.94241863746949
"2019-03-12","Lake Geneva","VS",2.35391051179083,3.07936028865455
"2019-03-12","Northwestern","AG",2.88634778866988,4.76473063372263
"2019-03-12","Northwestern","BL",0.877925566120716,1.53235569821515
"2019-03-12","Northwestern","BS",1.03020638016461,2.39993718990063
"2019-03-12","Ticino","TI",1.69432649202952,2.21935815419879
"2019-03-12","Zurich","ZH",9.87523123763935,20.6327097867516
"2019-03-13","9999","9999",0.0127856337714744,0.0399360750893379
"2019-03-13","Central","LU",2.62647973282489,3.75915725704761
"2019-03-13","Central","NW",0.228810849534759,0.307490784113395
"2019-03-13","Central","OW",0.182374714324768,0.226089167229171
"2019-03-13","Central","SZ",0.808333467489701,1.09394256410675
"2019-03-13","Central","UR",0.154049684843098,0.212018073538119
"2019-03-13","Central","ZG",0.887622109037803,1.48769527041311
"2019-03-13","Eastern","AI",0.0488664807702573,0.0513560931574379
"2019-03-13","Eastern","AR",0.1190777219706,0.178437782314063
"2019-03-13","Eastern","GL",0.147611017220364,0.235130014866416
"2019-03-13","Eastern","GR",1.7058104441913,1.98405819858732
"2019-03-13","Eastern","SG",2.3545783070105,3.78838706519811
"2019-03-13","Eastern","SH",0.312667463516983,0.582318957026064
"2019-03-13","Eastern","TG",0.977464663320429,1.58677072478368
"2019-03-13","Espace Mittelland","BE",5.14258289268726,8.83120873413858
"2019-03-13","Espace Mittelland","FR",1.31326322352231,2.12103043910649
"2019-03-13","Espace Mittelland","JU",0.263979240042547,0.421283107006249
"2019-03-13","Espace Mittelland","NE",0.825743100214,1.47579941825884
"2019-03-13","Espace Mittelland","SO",0.907982663632121,1.62228834050143
"2019-03-13","Lake Geneva","GE",4.77157721252558,7.65752997244921
"2019-03-13","Lake Geneva","VD",4.92542409836651,8.36968365870188
"2019-03-13","Lake Geneva","VS",2.48521843471634,3.17292966288515
"2019-03-13","Northwestern","AG",2.89096103422784,4.8323330621079
"2019-03-13","Northwestern","BL",0.874585152842532,1.47889233981895
"2019-03-13","Northwestern","BS",0.837306293069554,2.03918697628511
"2019-03-13","Ticino","TI",1.58792324364588,2.31537467515827
"2019-03-13","Zurich","ZH",10.1394342626429,21.0329202413702
"2019-03-14","9999","9999",0.0138423290800654,0.0418394114340212
"2019-03-14","Central","LU",2.76978667046375,3.76112856969032
"2019-03-14","Central","NW",0.23567775759778,0.296342671237393
"2019-03-14","Central","OW",0.176762879384304,0.23101744883594
"2019-03-14","Central","SZ",0.798858904247782,1.07388955618955
"2019-03-14","Central","UR",0.153795793509239,0.191999053769932
"2019-03-14","Central","ZG",0.925526420090643,1.52185336017038
"2019-03-14","Eastern","AI",0.0500661578535632,0.0517979390945965
"2019-03-14","Eastern","AR",0.130005493355712,0.185065471371442
"2019-03-14","Eastern","GL",0.151331918973428,0.235401920058514
"2019-03-14","Eastern","GR",1.83380303987195,1.98460200897151
"2019-03-14","Eastern","SG",2.53715858504857,3.84103470801801
"2019-03-14","Eastern","SH",0.31173225885746,0.563523510622316
"2019-03-14","Eastern","TG",1.00948618207752,1.57861356902075
"2019-03-14","Espace Mittelland","BE",5.55858036187226,8.93470264788074
"2019-03-14","Espace Mittelland","FR",1.29250069715951,2.06994625114115
"2019-03-14","Espace Mittelland","JU",0.270954715883892,0.420807272920078
"2019-03-14","Espace Mittelland","NE",0.841018849780936,1.45584837478868
"2019-03-14","Espace Mittelland","SO",0.968229157523164,1.64638593815109
"2019-03-14","Lake Geneva","GE",4.81017187899758,7.75014767850746
"2019-03-14","Lake Geneva","VD",4.80631956731315,7.95815515046214
"2019-03-14","Lake Geneva","VS",2.45615063386857,3.07463593594186
"2019-03-14","Northwestern","AG",2.94598179331202,4.81445529572749
"2019-03-14","Northwestern","BL",1.07124904562152,1.68285522204118
"2019-03-14","Northwestern","BS",1.28067697922978,2.43399331521085
"2019-03-14","Ticino","TI",1.79808510624383,2.5051644992424
"2019-03-14","Zurich","ZH",10.1665046850086,20.9325872254862
"2019-03-15","9999","9999",0.0152279427772307,0.0449663211431438
"2019-03-15","Central","LU",3.53120327195183,4.56250114710003
"2019-03-15","Central","NW",0.328112906040857,0.375535058435825
"2019-03-15","Central","OW",0.270568314216642,0.301984703973419
"2019-03-15","Central","SZ",1.09022942978847,1.33532639839141
"2019-03-15","Central","UR",0.226061074105862,0.264937621550118
"2019-03-15","Central","ZG",1.19779458131264,1.74423781915722
"2019-03-15","Eastern","AI",0.0668341974576351,0.064645459421209
"2019-03-15","Eastern","AR",0.171491025592974,0.212086049836143
"2019-03-15","Eastern","GL",0.219636280947079,0.298823806115284
"2019-03-15","Eastern","GR",2.75540405573803,2.46995277686576
"2019-03-15","Eastern","SG",3.21641638322862,4.38005276320253
"2019-03-15","Eastern","SH",0.393549502859708,0.680782624714415
"2019-03-15","Eastern","TG",1.32149913743558,1.87876291294751
"2019-03-15","Espace Mittelland","BE",7.4758761781747,10.6998771668295
"2019-03-15","Espace Mittelland","FR",1.8389833605782,2.6472009739644
"2019-03-15","Espace Mittelland","JU",0.349091557626779,0.506661337324901
"2019-03-15","Espace Mittelland","NE",1.10642943090297,1.73808596418601
"2019-03-15","Espace Mittelland","SO",1.26367012497438,1.94439402869008
"2019-03-15","Lake Geneva","GE",5.41780657318844,8.58550840492937
"2019-03-15","Lake Geneva","VD",6.60583333607781,9.91594050986302
"2019-03-15","Lake Geneva","VS",3.58000403405032,3.99700632383501
"2019-03-15","Northwestern","AG",3.87494632358366,5.70205580718115
"2019-03-15","Northwestern","BL",1.42621828905209,2.03262726352575
"2019-03-15","Northwestern","BS",1.40399907711906,2.66157796099656
"2019-03-15","Ticino","TI",2.06556830045183,2.69264312919371
"2019-03-15","Zurich","ZH",12.6790052422095,23.0901209366318
"2019-03-16","9999","9999",0.01468004438591,0.0346339238434343
"2019-03-16","Central","LU",4.32556283595719,4.71517591246284
"2019-03-16","Central","NW",0.379202238059509,0.43688366740285
"2019-03-16","Central","OW",0.401011332899467,0.466623297788527
"2019-03-16","Central","SZ",1.44082194752385,1.68227742350797
"2019-03-16","Central","UR",0.260099426139561,0.309156203414993
"2019-03-16","Central","ZG",1.32329257343726,1.64390480327319
"2019-03-16","Eastern","AI",0.0885367921785868,0.0855481710637135
"2019-03-16","Eastern","AR",0.174392985446964,0.22438975977856
"2019-03-16","Eastern","GL",0.264846811095829,0.362075751426992
"2019-03-16","Eastern","GR",4.0324702595696,3.57817036355763
"2019-03-16","Eastern","SG",4.1077186948087,4.97946775918173
"2019-03-16","Eastern","SH",0.511415137875067,0.776527240481789
"2019-03-16","Eastern","TG",1.70373274027747,2.20939962653822
"2019-03-16","Espace Mittelland","BE",8.34784788012661,10.9628774638859
"2019-03-16","Espace Mittelland","FR",1.9020905237932,2.55821999985045
"2019-03-16","Espace Mittelland","JU",0.398246660925022,0.530758934974553
"2019-03-16","Espace Mittelland","NE",1.35627914085325,1.91428052866526
"2019-03-16","Espace Mittelland","SO",1.64485200977093,2.24933570162756
"2019-03-16","Lake Geneva","GE",6.24450221037285,8.17268834702716
"2019-03-16","Lake Geneva","VD",7.86055632324152,10.5862207965327
"2019-03-16","Lake Geneva","VS",4.38630101766785,4.79569383747275
"2019-03-16","Northwestern","AG",5.39254445595785,6.77224065512837
"2019-03-16","Northwestern","BL",1.74041051425597,2.23448288050922
"2019-03-16","Northwestern","BS",1.71298047189366,2.71803227650583
"2019-03-16","Ticino","TI",2.45832408842256,2.8728143071074
"2019-03-16","Zurich","ZH",16.8010669137749,23.4456369752995
"2019-03-17","9999","9999",0.0124088459368519,0.0268166495706277
"2019-03-17","Central","LU",0.908673970644493,1.34436724602865
"2019-03-17","Central","NW",0.101229228555877,0.102304328526729
"2019-03-17","Central","OW",0.221858200182372,0.191013397448578
"2019-03-17","Central","SZ",0.286555608794737,0.436611762210752
"2019-03-17","Central","UR",0.13442552633198,0.121881502357758
"2019-03-17","Central","ZG",0.185362262743289,0.385221680904302
"2019-03-17","Eastern","AI",0.013079210066578,0.0154985959495643
"2019-03-17","Eastern","AR",0.0499830598786659,0.0610767037749278
"2019-03-17","Eastern","GL",0.0647728703454605,0.121473644569611
"2019-03-17","Eastern","GR",2.37671944130811,1.71725122884153
"2019-03-17","Eastern","SG",0.645712481077344,1.20892447221503
"2019-03-17","Eastern","SH",0.0990432035730782,0.216810402548839
"2019-03-17","Eastern","TG",0.250280018049883,0.439942600813948
"2019-03-17","Espace Mittelland","BE",1.90603840598081,3.19362844563358
"2019-03-17","Espace Mittelland","FR",0.409213854897942,0.794574947607268
"2019-03-17","Espace Mittelland","JU",0.0784488781630454,0.129290918842418
"2019-03-17","Espace Mittelland","NE",0.231354489511224,0.398273130124988
"2019-03-17","Espace Mittelland","SO",0.238519073943793,0.514682540491781
"2019-03-17","Lake Geneva","GE",1.78322852369551,3.29569485711722
"2019-03-17","Lake Geneva","VD",1.51973275174358,2.84436622638418
"2019-03-17","Lake Geneva","VS",2.07910896665252,2.1090666106542
"2019-03-17","Northwestern","AG",0.799711245893694,1.58371179137258
"2019-03-17","Northwestern","BL",0.262032362572896,0.586295570460492
"2019-03-17","Northwestern","BS",0.396344214634597,1.07089859907647
"2019-03-17","Ticino","TI",0.83518017146668,1.01039969383475
"2019-03-17","Zurich","ZH",3.2885974967765,7.45047416866687
"2019-03-18","9999","9999",0.0133732836964041,0.0405478617715575
"2019-03-18","Central","LU",2.58951170333747,3.53116475347376
"2019-03-18","Central","NW",0.224567029691122,0.304907684788468
"2019-03-18","Central","OW",0.184781724313289,0.214431232117985
"2019-03-18","Central","SZ",0.824885820465055,1.12266255002206
"2019-03-18","Central","UR",0.166333288582346,0.196111619800408
"2019-03-18","Central","ZG",0.79290928504621,1.44473425006169
"2019-03-18","Eastern","AI",0.0339957457204631,0.0460879300605465
"2019-03-18","Eastern","AR",0.107762616905135,0.172727773280013
"2019-03-18","Eastern","GL",0.121510307495128,0.214635161012058
"2019-03-18","Eastern","GR",1.81418179488078,1.91210528712848
"2019-03-18","Eastern","SG",2.22709976746391,3.61382393187144
"2019-03-18","Eastern","SH",0.290620924633203,0.548568725056947
"2019-03-18","Eastern","TG",0.909184279146038,1.52049383420989
"2019-03-18","Espace Mittelland","BE",4.81549533420339,8.57816696474273
"2019-03-18","Espace Mittelland","FR",1.21991730639348,2.02929642492256
"2019-03-18","Espace Mittelland","JU",0.224644942853636,0.38087119783074
"2019-03-18","Espace Mittelland","NE",0.731876555867135,1.36982436963879
"2019-03-18","Espace Mittelland","SO",0.826747798589948,1.54924780827421
"2019-03-18","Lake Geneva","GE",4.28021606742264,7.16402204879203
"2019-03-18","Lake Geneva","VD",4.59671852597726,7.95550407483919
"2019-03-18","Lake Geneva","VS",2.52894926483688,3.16310708782062
"2019-03-18","Northwestern","AG",2.65838155055472,4.634827928198
"2019-03-18","Northwestern","BL",1.03824786361353,1.80579035701831
"2019-03-18","Northwestern","BS",1.22729478533148,2.66616636111321
"2019-03-18","Ticino","TI",1.98427553311668,2.62245760148351
"2019-03-18","Zurich","ZH",9.54848411847912,20.4604238594087
"2019-03-19","9999","9999",0.0120623367799817,0.0402079802814355
"2019-03-19","Central","LU",2.83782654043351,3.71721588116656
"2019-03-19","Central","NW",0.0823404244662572,0.103833795232278
"2019-03-19","Central","OW",0.196524419759481,0.247875570745992
"2019-03-19","Central","SZ",0.259300561682395,0.428930440533995
"2019-03-19","Central","UR",0.101902427885124,0.130174610716735
"2019-03-19","Central","ZG",0.9330420288528,1.49724594028554
"2019-03-19","Eastern","AI",0.0486692346864873,0.0497246620048521
"2019-03-19","Eastern","AR",0.123334237555737,0.176534445969379
"2019-03-19","Eastern","GL",0.14736425304552,0.23101744883594
"2019-03-19","Eastern","GR",1.70186936804895,1.877335410689
"2019-03-19","Eastern","SG",2.51764366787146,3.84473941626034
"2019-03-19","Eastern","SH",0.298863852140868,0.568995602613281
"2019-03-19","Eastern","TG",0.971758930017944,1.53623034720254
"2019-03-19","Espace Mittelland","BE",4.9451211379526,8.75901790563666
"2019-03-19","Espace Mittelland","FR",1.24150948497398,2.027732970068
"2019-03-19","Espace Mittelland","JU",0.237527294522566,0.390795737342303
"2019-03-19","Espace Mittelland","NE",0.786485784174501,1.40129739562409
"2019-03-19","Espace Mittelland","SO",0.898172293719919,1.59836068359684
"2019-03-19","Lake Geneva","GE",4.26580683549922,7.08357210008014
"2019-03-19","Lake Geneva","VD",4.97878323473059,8.15834534814401
"2019-03-19","Lake Geneva","VS",1.17098237748452,1.55723502329208
"2019-03-19","Northwestern","AG",2.76410968467463,4.68863116808431
"2019-03-19","Northwestern","BL",1.04491523863626,1.78363008386236
"2019-03-19","Northwestern","BS",1.30329568800575,2.67677066360501
"2019-03-19","Ticino","TI",0.713443929114733,0.936067611945067
"2019-03-19","Zurich","ZH",9.98019833215316,20.9118544545888
"2019-03-20","9999","9999",0.0130975487949683,0.0417374469869846
"2019-03-20","Central","LU",2.86461795410381,3.73665710240153
"2019-03-20","Central","NW",0.267615939502669,0.335870888538584
"2019-03-20","Central","OW",0.18905688799251,0.23411037039605
"2019-03-20","Central","SZ",0.892801129624942,1.20219481871061
"2019-03-20","Central","UR",0.172363746214446,0.233498583713831
"2019-03-20","Central","ZG",0.995434925421741,1.51101114063548
"2019-03-20","Eastern","AI",0.0509732376471248,0.0542110976744629
"2019-03-20","Eastern","AR",0.129116869771184,0.183909874305027
"2019-03-20","Eastern","GL",0.141131078647702,0.224457736076585
"2019-03-20","Eastern","GR",1.60839898409475,1.89959764829199
"2019-03-20","Eastern","SG",2.40071758429942,3.75857945851441
"2019-03-20","Eastern","SH",0.324314823421287,0.592889271368859
"2019-03-20","Eastern","TG",0.983499800598146,1.57402516890411
"2019-03-20","Espace Mittelland","BE",5.37893835695496,8.95105094755561
"2019-03-20","Espace Mittelland","FR",1.30079429406855,2.10988232623049
"2019-03-20","Espace Mittelland","JU",0.272857628180868,0.420603344026005
"2019-03-20","Espace Mittelland","NE",0.81003151312519,1.4620342179089
"2019-03-20","Espace Mittelland","SO",0.956446984664864,1.65624250136462
"2019-03-20","Lake Geneva","GE",4.37708667405043,7.27407567529354
"2019-03-20","Lake Geneva","VD",5.02056188900447,8.32913579693033
"2019-03-20","Lake Geneva","VS",2.53283776447541,3.26119688586983
"2019-03-20","Northwestern","AG",2.98376133208983,4.89687655708208
"2019-03-20","Northwestern","BL",1.07314595465763,1.85595686496033
"2019-03-20","Northwestern","BS",1.41937400384491,2.78845572125911
"2019-03-20","Ticino","TI",1.88699713551255,2.42947289139223
"2019-03-20","Zurich","ZH",10.3763393287713,21.3751469137741
"2019-03-21","9999","9999",0.0138092974392427,0.0423492336692042
"2019-03-21","Central","LU",2.96448843678561,3.74671759450915
"2019-03-21","Central","NW",0.250861977995664,0.305655424066736
"2019-03-21","Central","OW",0.216278179000063,0.263748036334691
"2019-03-21","Central","SZ",0.837542393918024,1.13204327914943
"2019-03-21","Central","UR",0.167045973155744,0.212323966879229
"2019-03-21","Central","ZG",0.946729279567931,1.53459891604995
"2019-03-21","Eastern","AI",0.0525035326723087,0.056250386615195
"2019-03-21","Eastern","AR",0.120745896194566,0.1813267749801
"2019-03-21","Eastern","GL",0.152384424139081,0.231119413282976
"2019-03-21","Eastern","GR",1.74086290480046,1.98409218673633
"2019-03-21","Eastern","SG",2.58283040685853,3.85945628478262
"2019-03-21","Eastern","SH",0.319666870165331,0.588980634232456
"2019-03-21","Eastern","TG",1.06742063341592,1.62538126206154
"2019-03-21","Espace Mittelland","BE",5.79389754396416,9.19457603522804
"2019-03-21","Espace Mittelland","FR",1.32216717936459,2.10658547577631
"2019-03-21","Espace Mittelland","JU",0.27103059271526,0.423968170778213
"2019-03-21","Espace Mittelland","NE",0.867421218469522,1.49469682910963
"2019-03-21","Espace Mittelland","SO",1.05578816222512,1.75429831126483
"2019-03-21","Lake Geneva","GE",4.87321351542588,7.62031294928084
"2019-03-21","Lake Geneva","VD",4.96464535568062,8.17445573077579
"2019-03-21","Lake Geneva","VS",2.48928539528381,3.07851058492925
"2019-03-21","Northwestern","AG",3.11356500936475,4.96471690251043
"2019-03-21","Northwestern","BL",1.10474305109534,1.88630828202822
"2019-03-21","Northwestern","BS",1.49354915550861,2.8965040469689
"2019-03-21","Ticino","TI",1.85037137413079,2.48191660531806
"2019-03-21","Zurich","ZH",10.7553020355476,21.7038802910201
"2019-03-22","9999","9999",0.0150685842008656,0.0421792929241432
"2019-03-22","Central","LU",3.81144032924937,4.53687408274483
"2019-03-22","Central","NW",0.339417007086084,0.384779834967144
"2019-03-22","Central","OW",0.302844534924033,0.351131567445063
"2019-03-22","Central","SZ",1.11397325068356,1.37808348984876
"2019-03-22","Central","UR",0.24474554411291,0.282747411632512
"2019-03-22","Central","ZG",1.2395943507741,1.763135230008
"2019-03-22","Eastern","AI",0.0774667164904685,0.0728366033331498
"2019-03-22","Eastern","AR",0.170314347303569,0.215994686972546
"2019-03-22","Eastern","GL",0.20444164001615,0.29491516897888
"2019-03-22","Eastern","GR",2.74945505526785,2.62915326683892
"2019-03-22","Eastern","SG",3.25174202940927,4.51937018600354
"2019-03-22","Eastern","SH",0.410848985733021,0.680850601012439
"2019-03-22","Eastern","TG",1.35002464371871,1.90122907944458
"2019-03-22","Espace Mittelland","BE",7.45711027450186,10.7060969980987
"2019-03-22","Espace Mittelland","FR",1.8279727849198,2.57878283000283
"2019-03-22","Espace Mittelland","JU",0.36243417887533,0.519304928757441
"2019-03-22","Espace Mittelland","NE",1.12193165573768,1.75110342525768
"2019-03-22","Espace Mittelland","SO",1.30136219941339,1.97811027251018
"2019-03-22","Lake Geneva","GE",5.20190171242801,8.05298208620618
"2019-03-22","Lake Geneva","VD",6.46172037549461,9.75330721683963
"2019-03-22","Lake Geneva","VS",3.61218026306634,4.04900819182367
"2019-03-22","Northwestern","AG",4.03510829132679,5.84677734567511
"2019-03-22","Northwestern","BL",1.52507470623466,2.24311587035832
"2019-03-22","Northwestern","BS",1.77573448829546,3.1950899360411
"2019-03-22","Ticino","TI",2.15455224745424,2.67789227252242
"2019-03-22","Zurich","ZH",13.5444503344453,24.1242783466261
"2019-03-23","9999","9999",0.0151366681495726,0.0341580897572634
"2019-03-23","Central","LU",4.53426968121005,4.76775557898472
"2019-03-23","Central","NW",0.406445635008076,0.446842195063425
"2019-03-23","Central","OW",0.377893738656485,0.457038639767086
"2019-03-23","Central","SZ",1.46541354398385,1.66847823500902
"2019-03-23","Central","UR",0.273632604907267,0.319488600714703
"2019-03-23","Central","ZG",1.4475446950897,1.69797994835161
"2019-03-23","Eastern","AI",0.0974455333990674,0.0916320497368977
"2019-03-23","Eastern","AR",0.193540497576811,0.238256924575539
"2019-03-23","Eastern","GL",0.256880378197759,0.349975970378648
"2019-03-23","Eastern","GR",3.5440013273433,3.33083860319584
"2019-03-23","Eastern","SG",4.24606961753319,5.02168104025488
"2019-03-23","Eastern","SH",0.523013539679363,0.776289323438703
"2019-03-23","Eastern","TG",1.76287083171287,2.25450190027741
"2019-03-23","Espace Mittelland","BE",8.69176560589465,11.0421718155314
"2019-03-23","Espace Mittelland","FR",1.98546223250495,2.62514266525548
"2019-03-23","Espace Mittelland","JU",0.409637560585404,0.545849673135971
"2019-03-23","Espace Mittelland","NE",1.39400441140598,1.92138405180882
"2019-03-23","Espace Mittelland","SO",1.6922854694885,2.30269709557671
"2019-03-23","Lake Geneva","GE",5.79118679560491,7.34031857771832
"2019-03-23","Lake Geneva","VD",8.13975035606131,10.5291546943412
"2019-03-23","Lake Geneva","VS",4.24336583577607,4.64420865732536
"2019-03-23","Northwestern","AG",5.53563943110437,6.79134199487323
"2019-03-23","Northwestern","BL",1.94837421220467,2.44252434061291
"2019-03-23","Northwestern","BS",2.18261134383613,3.20583019112896
"2019-03-23","Ticino","TI",2.64101954448314,3.00349874005932
"2019-03-23","Zurich","ZH",16.9886930520072,23.4911810949758
"2019-03-24","9999","9999",0.0127676239888847,0.0300455237267869
"2019-03-24","Central","LU",1.10315642801781,1.48596187481349
"2019-03-24","Central","NW",0.125661760141126,0.128917049203284
"2019-03-24","Central","OW",0.225452160184528,0.215824746227485
"2019-03-24","Central","SZ",0.344158373117403,0.516008078303257
"2019-03-24","Central","UR",0.150449878220936,0.148528211183325
"2019-03-24","Central","ZG",0.213295200578559,0.434232591779898
"2019-03-24","Eastern","AI",0.0335317911646701,0.0272245073587741
"2019-03-24","Eastern","AR",0.0537060762833066,0.0677723691303316
"2019-03-24","Eastern","GL",0.0685805237214232,0.136904264221151
"2019-03-24","Eastern","GR",2.16761204971858,1.68615207249536
"2019-03-24","Eastern","SG",0.734131213041642,1.34528492605198
"2019-03-24","Eastern","SH",0.110303276789286,0.244272826950699
"2019-03-24","Eastern","TG",0.304343999112442,0.544626099771532
"2019-03-24","Espace Mittelland","BE",2.42945627487356,3.53198046905005
"2019-03-24","Espace Mittelland","FR",0.455215613262056,0.884643542489605
"2019-03-24","Espace Mittelland","JU",0.0804325623181848,0.143565941427543
"2019-03-24","Espace Mittelland","NE",0.241263245546014,0.471041757160113
"2019-03-24","Espace Mittelland","SO",0.286392573074242,0.577900497654478
"2019-03-24","Lake Geneva","GE",1.374395075036,2.7229605581126
"2019-03-24","Lake Geneva","VD",1.70420785157834,3.08146755389331
"2019-03-24","Lake Geneva","VS",1.97673180732061,2.15199364285661
"2019-03-24","Northwestern","AG",0.836953024859683,1.71874670739806
"2019-03-24","Northwestern","BL",0.621772044577936,0.774827833031179
"2019-03-24","Northwestern","BS",0.532049723901496,1.23594505067973
"2019-03-24","Ticino","TI",0.913211155318076,1.16004951393548
"2019-03-24","Zurich","ZH",3.50418456456526,8.0067921916986
"2019-03-25","9999","9999",0.0133116063587683,0.041805423285009
"2019-03-25","Central","LU",3.04069973554363,3.78063776722332
"2019-03-25","Central","NW",0.2376594289179,0.314152461319787
"2019-03-25","Central","OW",0.194969128769464,0.220787015983267
"2019-03-25","Central","SZ",0.84906226774444,1.14815366178121
"2019-03-25","Central","UR",0.144401050532274,0.197369181313859
"2019-03-25","Central","ZG",0.912904949853838,1.49758582177566
"2019-03-25","Eastern","AI",0.0446253003250685,0.0501665079420108
"2019-03-25","Eastern","AR",0.118500116640657,0.183773921708978
"2019-03-25","Eastern","GL",0.145591959643582,0.23132334217705
"2019-03-25","Eastern","GR",1.66800169189357,1.81591882542395
"2019-03-25","Eastern","SG",2.46892548291701,3.91145815277129
"2019-03-25","Eastern","SH",0.323222864339654,0.603663514605727
"2019-03-25","Eastern","TG",1.07395184445726,1.70290822995838
"2019-03-25","Espace Mittelland","BE",5.59828934007626,9.22326203299433
"2019-03-25","Espace Mittelland","FR",1.36644020223322,2.20484521457058
"2019-03-25","Espace Mittelland","JU",0.275185052865722,0.431853421349044
"2019-03-25","Espace Mittelland","NE",0.849023667521133,1.51226870214893
"2019-03-25","Espace Mittelland","SO",0.970464308994893,1.71589170288104
"2019-03-25","Lake Geneva","GE",4.43292244726418,7.32747105739171
"2019-03-25","Lake Geneva","VD",5.15548611675045,8.46903101826455
"2019-03-25","Lake Geneva","VS",2.36144577506458,2.99122901826591
"2019-03-25","Northwestern","AG",3.12555917212754,5.15188963912063
"2019-03-25","Northwestern","BL",1.20098602130331,1.98759296608459
"2019-03-25","Northwestern","BS",1.45121268747713,2.93083207747123
"2019-03-25","Ticino","TI",2.42922450906083,2.43735814196306
"2019-03-25","Zurich","ZH",10.7226418567703,21.8841874215299
"2019-03-26","9999","9999",0.0130412873149802,0.042145304775131
"2019-03-26","Central","LU",2.91213266343417,3.83094022776138
"2019-03-26","Central","NW",0.248145253787696,0.319964434800874
"2019-03-26","Central","OW",0.178041934222141,0.219937312257962
"2019-03-26","Central","SZ",0.879958999412194,1.13513620070954
"2019-03-26","Central","UR",0.158058410255775,0.198218885039165
"2019-03-26","Central","ZG",0.969468680124594,1.57514677782151
"2019-03-26","Eastern","AI",0.0540665068963859,0.0556385999329754
"2019-03-26","Eastern","AR",0.135495727998508,0.194276259753749
"2019-03-26","Eastern","GL",0.147830506305897,0.236251623783819
"2019-03-26","Eastern","GR",1.42752281369336,1.69335756008595
"2019-03-26","Eastern","SG",2.58405163772383,3.98307118274
"2019-03-26","Eastern","SH",0.366591294088327,0.6253139655265
"2019-03-26","Eastern","TG",1.14221522135055,1.71946045852732
"2019-03-26","Espace Mittelland","BE",5.54016325039679,9.20942885634637
"2019-03-26","Espace Mittelland","FR",1.41633056596844,2.19087608532657
"2019-03-26","Espace Mittelland","JU",0.286299469664573,0.431581516156946
"2019-03-26","Espace Mittelland","NE",0.919655646064688,1.53782779020611
"2019-03-26","Espace Mittelland","SO",1.0347817812914,1.76191165664356
"2019-03-26","Lake Geneva","GE",4.43100020940141,7.20140901270545
"2019-03-26","Lake Geneva","VD",5.11464496584068,8.43500888110334
"2019-03-26","Lake Geneva","VS",2.28492144130093,2.91220657181254
"2019-03-26","Northwestern","AG",3.26732672565545,5.2270034484376
"2019-03-26","Northwestern","BL",1.19367585877381,1.97909592883154
"2019-03-26","Northwestern","BS",1.50176284991624,2.96036777896283
"2019-03-26","Ticino","TI",1.96207292119852,2.38127769609293
"2019-03-26","Zurich","ZH",10.9196082347931,22.026665742189
"2019-03-27","9999","9999",0.0137957323409843,0.044490487056973
"2019-03-27","Central","LU",3.21134776703386,4.12782670938297
"2019-03-27","Central","NW",0.260254931350832,0.330058915057498
"2019-03-27","Central","OW",0.189506842771665,0.244374791397735
"2019-03-27","Central","SZ",0.901781549701809,1.20175297277345
"2019-03-27","Central","UR",0.183281766706179,0.226497025017317
"2019-03-27","Central","ZG",1.01526586552883,1.6347280030399
"2019-03-27","Eastern","AI",0.050562078892348,0.0546189554626093
"2019-03-27","Eastern","AR",0.139769893092262,0.200190197681872
"2019-03-27","Eastern","GL",0.15577880019267,0.24243746690404
"2019-03-27","Eastern","GR",1.50772570135425,1.78556740835605
"2019-03-27","Eastern","SG",2.78507166184127,4.19638080594058
"2019-03-27","Eastern","SH",0.365171438699715,0.642681909671736
"2019-03-27","Eastern","TG",1.17593614851859,1.79239902630751
"2019-03-27","Espace Mittelland","BE",5.90751749510968,9.54492587524582
"2019-03-27","Espace Mittelland","FR",1.52676562471113,2.32682868137538
"2019-03-27","Espace Mittelland","JU",0.300160184465286,0.46852663413321
"2019-03-27","Espace Mittelland","NE",0.95240840350475,1.60532825414435
"2019-03-27","Espace Mittelland","SO",1.10414861862128,1.83199521990672
"2019-03-27","Lake Geneva","GE",4.69720063638325,7.54601485554017
"2019-03-27","Lake Geneva","VD",5.65976133329596,8.95981989000076
"2019-03-27","Lake Geneva","VS",2.45705579481163,3.12408869275461
"2019-03-27","Northwestern","AG",3.44157632989351,5.39823574316107
"2019-03-27","Northwestern","BL",1.2410909993431,2.03667185325821
"2019-03-27","Northwestern","BS",1.4544242949782,2.87940800801577
"2019-03-27","Ticino","TI",2.16855069656094,2.47331760361797
"2019-03-27","Zurich","ZH",11.5125096541187,22.6928674509772
"2019-03-28","9999","9999",0.0143706708603288,0.045000309292156
"2019-03-28","Central","LU",3.21802842911733,4.18829162647568
"2019-03-28","Central","NW",0.262672224811648,0.329277187630217
"2019-03-28","Central","OW",0.207119810993069,0.257732133959531
"2019-03-28","Central","SZ",0.939496748247405,1.20712310031738
"2019-03-28","Central","UR",0.167572822931839,0.213785457286753
"2019-03-28","Central","ZG",1.04941617661542,1.6286101362177
"2019-03-28","Eastern","AI",0.0557445690744809,0.0569981258934635
"2019-03-28","Eastern","AR",0.136907520298981,0.20046210287397
"2019-03-28","Eastern","GL",0.172314647137666,0.253755520525103
"2019-03-28","Eastern","GR",1.54211560246441,1.84997495073418
"2019-03-28","Eastern","SG",2.97448552259993,4.27550521684099
"2019-03-28","Eastern","SH",0.382395675221112,0.660015865667959
"2019-03-28","Eastern","TG",1.265643118391,1.85415549306268
"2019-03-28","Espace Mittelland","BE",6.21844349214548,9.93470196811776
"2019-03-28","Espace Mittelland","FR",1.56271474458081,2.34185144323877
"2019-03-28","Espace Mittelland","JU",0.326407678422053,0.478519149942798
"2019-03-28","Espace Mittelland","NE",1.01053523722829,1.65454309391401
"2019-03-28","Espace Mittelland","SO",1.22207919693616,1.95465844969176
"2019-03-28","Lake Geneva","GE",5.43760792383755,8.0597117397106
"2019-03-28","Lake Geneva","VD",5.59125432504498,8.89847128103373
"2019-03-28","Lake Geneva","VS",2.49376087129159,3.09601448167053
"2019-03-28","Northwestern","AG",3.55982321700793,5.45853071950872
"2019-03-28","Northwestern","BL",1.2834067555372,2.0433335304646
"2019-03-28","Northwestern","BS",1.46871246701491,2.941334415516
"2019-03-28","Ticino","TI",2.35327613981414,2.69546414556173
"2019-03-28","Zurich","ZH",11.9402854075527,23.0910386166551
"2019-03-29","9999","9999",0.0163527102864645,0.047005610083876
"2019-03-29","Central","LU",4.25541051129937,5.05322204253821
"2019-03-29","Central","NW",0.37415779546508,0.418020244701078
"2019-03-29","Central","OW",0.275914525423021,0.321697830400496
"2019-03-29","Central","SZ",1.26554730509449,1.47131298258923
"2019-03-29","Central","UR",0.253530151369853,0.286214202831757
"2019-03-29","Central","ZG",1.41595208249654,1.92287953036535
"2019-03-29","Eastern","AI",0.0821409971585466,0.0781727427280656
"2019-03-29","Eastern","AR",0.210100447633753,0.243253182480333
"2019-03-29","Eastern","GL",0.222962126625517,0.306811021133151
"2019-03-29","Eastern","GR",2.31990137719308,2.42903104545507
"2019-03-29","Eastern","SG",3.7001824360823,4.95118961920358
"2019-03-29","Eastern","SH",0.486110445659413,0.775303667117349
"2019-03-29","Eastern","TG",1.59079660871134,2.15277537028389
"2019-03-29","Espace Mittelland","BE",8.12403278920777,11.5387726607487
"2019-03-29","Espace Mittelland","FR",2.12604694784173,2.846643432368
"2019-03-29","Espace Mittelland","JU",0.426164737458938,0.580517585128417
"2019-03-29","Espace Mittelland","NE",1.26342130097226,1.89147448067808
"2019-03-29","Espace Mittelland","SO",1.50417449647415,2.20216015079862
"2019-03-29","Lake Geneva","GE",5.72654790018486,8.42229731337277
"2019-03-29","Lake Geneva","VD",7.29120136124665,10.5182444985083
"2019-03-29","Lake Geneva","VS",3.53485319190032,4.02827542092623
"2019-03-29","Northwestern","AG",4.7004519915019,6.4079896621646
"2019-03-29","Northwestern","BL",1.72352326312731,2.46318913521233
"2019-03-29","Northwestern","BS",1.87580151609318,3.29097050440452
"2019-03-29","Ticino","TI",2.54088724835612,2.83831633586001
"2019-03-29","Zurich","ZH",14.9582302899191,25.7711401188634
"2019-03-30","9999","9999",0.0173316138292057,0.0388144661719352
"2019-03-30","Central","LU",4.93573173251285,5.29304242196831
"2019-03-30","Central","NW",0.484923942072222,0.494459591829521
"2019-03-30","Central","OW",0.342718287562046,0.410916721557527
"2019-03-30","Central","SZ",1.60512018158184,1.80239154211709
"2019-03-30","Central","UR",0.290395236485735,0.317313359177922
"2019-03-30","Central","ZG",1.64656954544511,1.85296590784725
"2019-03-30","Eastern","AI",0.09950595591029,0.0923797890151662
"2019-03-30","Eastern","AR",0.227031436805848,0.265753337126411
"2019-03-30","Eastern","GL",0.286528921108643,0.368499511590299
"2019-03-30","Eastern","GR",3.17480191206952,3.05380120059738
"2019-03-30","Eastern","SG",4.75942401621621,5.45370440234899
"2019-03-30","Eastern","SH",0.63045213322272,0.87747204304803
"2019-03-30","Eastern","TG",2.09378666925761,2.55686047388996
"2019-03-30","Espace Mittelland","BE",9.43998984779275,11.7194536608975
"2019-03-30","Espace Mittelland","FR",2.32114945238532,2.86319566093694
"2019-03-30","Espace Mittelland","JU",0.486331555977821,0.609305547341753
"2019-03-30","Espace Mittelland","NE",1.57385398503955,2.08979533016428
"2019-03-30","Espace Mittelland","SO",1.89760863334231,2.51135034236263
"2019-03-30","Lake Geneva","GE",6.49741931641875,7.78420380381769
"2019-03-30","Lake Geneva","VD",9.21861322034661,11.4920729440059
"2019-03-30","Lake Geneva","VS",4.079237839002,4.52368668092809
"2019-03-30","Northwestern","AG",6.30273983617489,7.45679596438314
"2019-03-30","Northwestern","BL",2.19728851386231,2.64788073694464
"2019-03-30","Northwestern","BS",2.23002835234765,3.25147627525234
"2019-03-30","Ticino","TI",2.88814355470432,3.16830727461949
"2019-03-30","Zurich","ZH",18.8454331731979,25.1202330771307
"2019-03-31","9999","9999",0.0134701621507388,0.0333083860319584
"2019-03-31","Central","LU",1.06097901702904,1.54571304077694
"2019-03-31","Central","NW",0.1278136021728,0.127693475838845
"2019-03-31","Central","OW",0.177386055455712,0.17391735849544
"2019-03-31","Central","SZ",0.319381967857711,0.507748958093292
"2019-03-31","Central","UR",0.137838248946002,0.135204856770541
"2019-03-31","Central","ZG",0.229635391344489,0.44969719958045
"2019-03-31","Eastern","AI",0.018431162160384,0.0209027116425045
"2019-03-31","Eastern","AR",0.0555875953551709,0.0732444611212962
"2019-03-31","Eastern","GL",0.0598708182065094,0.120454000099245
"2019-03-31","Eastern","GR",1.76773982871487,1.40204513490236
"2019-03-31","Eastern","SG",0.740157813392627,1.37053812076805
"2019-03-31","Eastern","SH",0.122161224662397,0.27608573442612
"2019-03-31","Eastern","TG",0.327266853525373,0.568485780378098
"2019-03-31","Espace Mittelland","BE",2.14301139941701,3.62558383142966
"2019-03-31","Espace Mittelland","FR",0.458088762946333,0.877641983793091
"2019-03-31","Espace Mittelland","JU",0.0802004949717952,0.155903639518973
"2019-03-31","Espace Mittelland","NE",0.25344235025321,0.495207331107789
"2019-03-31","Espace Mittelland","SO",0.281326259500087,0.597443683336494
"2019-03-31","Lake Geneva","GE",1.41360349171582,2.65777128830719
"2019-03-31","Lake Geneva","VD",1.61656625015223,3.14869611263945
"2019-03-31","Lake Geneva","VS",1.58469198554924,1.86526961778967
"2019-03-31","Northwestern","AG",0.907396752420709,1.82669306866082
"2019-03-31","Northwestern","BL",0.290773156050552,0.68982347235166
"2019-03-31","Northwestern","BS",0.423871773762732,1.14873146031442
"2019-03-31","Ticino","TI",0.949700999427803,1.14557056245628
"2019-03-31","Zurich","ZH",3.70749275133663,8.33984206386917
"2019-04-01","9999","9999",0.011702618882804,0.039290300258106
"2019-04-01","Central","LU",2.69906050377258,3.68859785969828
"2019-04-01","Central","NW",0.232019112753524,0.313132816849421
"2019-04-01","Central","OW",0.161923597818693,0.227652622083732
"2019-04-01","Central","SZ",0.806564306904913,1.13724346594829
"2019-04-01","Central","UR",0.156145269310805,0.200326150277921
"2019-04-01","Central","ZG",0.869605340265903,1.52491229358147
"2019-04-01","Eastern","AI",0.0390325050808322,0.0491128753226325
"2019-04-01","Eastern","AR",0.121316018007543,0.191183338193639
"2019-04-01","Eastern","GL",0.140259031581918,0.229080124342244
"2019-04-01","Eastern","GR",1.3472964220718,1.69821786539469
"2019-04-01","Eastern","SG",2.34053998888954,3.81778681409366
"2019-04-01","Eastern","SH",0.317048872773817,0.602745834582398
"2019-04-01","Eastern","TG",1.04725970193038,1.69597464755989
"2019-04-01","Espace Mittelland","BE",5.21638122127214,8.96658353165418
"2019-04-01","Espace Mittelland","FR",1.34839397323204,2.16501110392828
"2019-04-01","Espace Mittelland","JU",0.269074876785225,0.433076994713483
"2019-04-01","Espace Mittelland","NE",0.781595534924162,1.45251753618548
"2019-04-01","Espace Mittelland","SO",0.939540075108586,1.68057801605736
"2019-04-01","Lake Geneva","GE",4.34139908175641,7.26316547946062
"2019-04-01","Lake Geneva","VD",5.22270278027379,8.40057888615398
"2019-04-01","Lake Geneva","VS",2.12906177134956,2.82886763043462
"2019-04-01","Northwestern","AG",3.07610220231681,5.03167355606447
"2019-04-01","Northwestern","BL",1.13811931746864,1.95843113423212
"2019-04-01","Northwestern","BS",1.23063495581633,2.75993966423787
"2019-04-01","Ticino","TI",2.0023929044793,2.37872858491701
"2019-04-01","Zurich","ZH",10.3900739202696,21.8105351026204
"2019-04-02","9999","9999",0.0111756202978936,0.0403779210264965
"2019-04-02","Central","LU",2.80423743437908,3.80273006408126
"2019-04-02","Central","NW",0.238135507476063,0.312487042018189
"2019-04-02","Central","OW",0.166974098498285,0.215688793631437
"2019-04-02","Central","SZ",0.838966083091623,1.12997000205968
"2019-04-02","Central","UR",0.165664326388294,0.20447270445741
"2019-04-02","Central","ZG",0.90961648651604,1.54567905262793
"2019-04-02","Eastern","AI",0.0524135620797891,0.0579158059167929
"2019-04-02","Eastern","AR",0.147563817413981,0.200360138426933
"2019-04-02","Eastern","GL",0.146017161251233,0.230575602898781
"2019-04-02","Eastern","GR",1.21098176392228,1.59642335910315
"2019-04-02","Eastern","SG",2.42201870458661,3.87522678592428
"2019-04-02","Eastern","SH",0.337146000522076,0.623444617330829
"2019-04-02","Eastern","TG",1.07816190819611,1.68523439247203
"2019-04-02","Espace Mittelland","BE",5.48307982100508,9.10977560344259
"2019-04-02","Espace Mittelland","FR",1.34850079446481,2.15770365189066
"2019-04-02","Espace Mittelland","JU",0.270345390780308,0.438481110406424
"2019-04-02","Espace Mittelland","NE",0.850650821420545,1.51610936298731
"2019-04-02","Espace Mittelland","SO",1.00355639752453,1.73203607366184
"2019-04-02","Lake Geneva","GE",4.2974349624908,7.2689434647927
"2019-04-02","Lake Geneva","VD",5.22586833927879,8.42817726315188
"2019-04-02","Lake Geneva","VS",2.15194546946414,2.83332007795522
"2019-04-02","Northwestern","AG",3.10037891540907,5.07636797201552
"2019-04-02","Northwestern","BL",1.15066685322071,1.96267965285864
"2019-04-02","Northwestern","BS",1.29239770579571,2.81068397071309
"2019-04-02","Ticino","TI",1.97310392282474,2.3714551210284
"2019-04-02","Zurich","ZH",10.5629726655007,21.8271213193384
"2019-04-03","9999","9999",0.0132797221122266,0.0438447122257411
"2019-04-03","Central","LU",3.4078753196105,4.17836708696412
"2019-04-03","Central","NW",0.271133431354222,0.338657916757585
"2019-04-03","Central","OW",0.172670734882972,0.221126897473389
"2019-04-03","Central","SZ",0.938988805022808,1.197708383041
"2019-04-03","Central","UR",0.17036851762811,0.211610215749972
"2019-04-03","Central","ZG",1.07685954128265,1.63836473498421
"2019-04-03","Eastern","AI",0.0532360675583716,0.0536332991412554
"2019-04-03","Eastern","AR",0.139815941588342,0.199408470254592
"2019-04-03","Eastern","GL",0.189151115300332,0.27809103521784
"2019-04-03","Eastern","GR",1.339923364322,1.65930143477572
"2019-04-03","Eastern","SG",2.7195399057015,4.12225265294497
"2019-04-03","Eastern","SH",0.374005857749339,0.640608632581991
"2019-04-03","Eastern","TG",1.142052357935,1.76099397662023
"2019-04-03","Espace Mittelland","BE",5.59127516219505,9.20055794945418
"2019-04-03","Espace Mittelland","FR",1.46672406013792,2.24083866437451
"2019-04-03","Espace Mittelland","JU",0.307498980943531,0.462204838416941
"2019-04-03","Espace Mittelland","NE",0.911837160456515,1.54411559777337
"2019-04-03","Espace Mittelland","SO",1.06572849314076,1.76955899017131
"2019-04-03","Lake Geneva","GE",4.46576592325686,7.26693816400098
"2019-04-03","Lake Geneva","VD",5.46444457930352,8.559405506488
"2019-04-03","Lake Geneva","VS",2.34022206277314,3.00064373554229
"2019-04-03","Northwestern","AG",3.408845412105,5.3609847318437
"2019-04-03","Northwestern","BL",1.22857992958265,1.98817076461779
"2019-04-03","Northwestern","BS",1.3641903852612,2.81387885672024
"2019-04-03","Ticino","TI",1.90392356251968,2.4110173264786
"2019-04-03","Zurich","ZH",11.3742598313196,22.6554125107657
"2019-04-04","9999","9999",0.0128405168119167,0.0447963803980828
"2019-04-04","Central","LU",2.93351339252115,3.7538211176527
"2019-04-04","Central","NW",0.211869373257255,0.272550966928851
"2019-04-04","Central","OW",0.137649966635302,0.188362321825626
"2019-04-04","Central","SZ",0.799673428874675,1.06229959737639
"2019-04-04","Central","UR",0.103322808020609,0.153150599448984
"2019-04-04","Central","ZG",0.946022543431096,1.55254465872839
"2019-04-04","Eastern","AI",0.0598505488795505,0.0641016490370138
"2019-04-04","Eastern","AR",0.136158683015675,0.186968807716126
"2019-04-04","Eastern","GL",0.0332186582585092,0.0751477974659796
"2019-04-04","Eastern","GR",1.18058170516943,1.50903982799278
"2019-04-04","Eastern","SG",2.71573680274245,3.9399062334945
"2019-04-04","Eastern","SH",0.349308794999986,0.602439941241288
"2019-04-04","Eastern","TG",1.1545684793631,1.71225497093673
"2019-04-04","Espace Mittelland","BE",5.69398669884942,9.02776219987615
"2019-04-04","Espace Mittelland","FR",1.33434044528383,2.11144578108505
"2019-04-04","Espace Mittelland","JU",0.300204161386026,0.454829410081293
"2019-04-04","Espace Mittelland","NE",0.909715976956673,1.54469339630658
"2019-04-04","Espace Mittelland","SO",1.08084733556075,1.79671552123206
"2019-04-04","Lake Geneva","GE",4.91594550162251,7.70739058705011
"2019-04-04","Lake Geneva","VD",5.04524411394859,8.18230699319761
"2019-04-04","Lake Geneva","VS",2.01128320907086,2.65987855354595
"2019-04-04","Northwestern","AG",3.24926907361974,5.07021611704431
"2019-04-04","Northwestern","BL",1.17346437536754,1.93647478997023
"2019-04-04","Northwestern","BS",1.33351472083562,2.80354645942053
"2019-04-04","Ticino","TI",1.94145872589572,2.43181807367407
"2019-04-04","Zurich","ZH",10.491332663879,21.2964303606618
"2019-04-05","9999","9999",0.014576696664161,0.0454421552293146
"2019-04-05","Central","LU",4.13846417406446,4.98915438165021
"2019-04-05","Central","NW",0.379243078247078,0.410067017832222
"2019-04-05","Central","OW",0.282426328662116,0.340221371612146
"2019-04-05","Central","SZ",1.25651937192953,1.47348822412601
"2019-04-05","Central","UR",0.246713728655201,0.28502461761633
"2019-04-05","Central","ZG",1.37947617942313,1.90228271206396
"2019-04-05","Eastern","AI",0.0835412136996512,0.0869416851732138
"2019-04-05","Eastern","AR",0.200541889648028,0.227482681338671
"2019-04-05","Eastern","GL",0.226003434186328,0.30463577959637
"2019-04-05","Eastern","GR",1.77457616048251,2.08952342497218
"2019-04-05","Eastern","SG",3.6140503825998,4.82420989449399
"2019-04-05","Eastern","SH",0.500658136352788,0.744374451516245
"2019-04-05","Eastern","TG",1.5317963729786,2.07711775058273
"2019-04-05","Espace Mittelland","BE",7.94385005221838,11.0955332094805
"2019-04-05","Espace Mittelland","FR",2.03616284848768,2.78213392554284
"2019-04-05","Espace Mittelland","JU",0.405483820982886,0.561280292787511
"2019-04-05","Espace Mittelland","NE",1.19799785806942,1.8408321386499
"2019-04-05","Espace Mittelland","SO",1.40340965323642,2.0915287257639
"2019-04-05","Lake Geneva","GE",5.51369693307814,8.33416604298413
"2019-04-05","Lake Geneva","VD",7.16086473303423,10.4202906530551
"2019-04-05","Lake Geneva","VS",3.08374310810087,3.7822352102269
"2019-04-05","Northwestern","AG",4.44350647420356,6.26646300967778
"2019-04-05","Northwestern","BL",1.63788884590098,2.3689399980015
"2019-04-05","Northwestern","BS",1.74797136481379,3.19016165443433
"2019-04-05","Ticino","TI",2.48805696677111,2.8238033962318
"2019-04-05","Zurich","ZH",14.3537983060286,25.1919140833974
"2019-04-06","9999","9999",0.0137873128948943,0.0357215446118248
"2019-04-06","Central","LU",5.32277612853012,5.3008257080921
"2019-04-06","Central","NW",0.453308405089564,0.492386314739777
"2019-04-06","Central","OW",0.329029920780805,0.411970354176906
"2019-04-06","Central","SZ",1.61000942833069,1.77271988802944
"2019-04-06","Central","UR",0.295231303663469,0.328937306140095
"2019-04-06","Central","ZG",1.56224862446516,1.86081717026907
"2019-04-06","Eastern","AI",0.109866229216788,0.100367004033034
"2019-04-06","Eastern","AR",0.195359105764287,0.235877754144685
"2019-04-06","Eastern","GL",0.233140473324107,0.321357948910374
"2019-04-06","Eastern","GR",2.50944698466095,2.65790724090324
"2019-04-06","Eastern","SG",4.63270579181176,5.35496882946854
"2019-04-06","Eastern","SH",0.600531129204322,0.84922789121889
"2019-04-06","Eastern","TG",1.96256651220455,2.41139119611774
"2019-04-06","Espace Mittelland","BE",9.07576996314205,11.3680162001113
"2019-04-06","Espace Mittelland","FR",2.22669721612425,2.7939957895481
"2019-04-06","Espace Mittelland","JU",0.474786502133564,0.611446800729522
"2019-04-06","Espace Mittelland","NE",1.54776088414397,2.05940992494737
"2019-04-06","Espace Mittelland","SO",1.87537584456296,2.45343453644583
"2019-04-06","Lake Geneva","GE",6.79306983017707,7.69274169482585
"2019-04-06","Lake Geneva","VD",9.10637914918772,11.3675403660252
"2019-04-06","Lake Geneva","VS",3.87364388618182,4.28682327046206
"2019-04-06","Northwestern","AG",6.20409199021009,7.4695075321137
"2019-04-06","Northwestern","BL",2.07459975803608,2.59761226455559
"2019-04-06","Northwestern","BS",2.16363142175971,3.24229947501905
"2019-04-06","Ticino","TI",2.87170401839055,3.17439115329267
"2019-04-06","Zurich","ZH",18.5200703049594,24.6305658143119
"2019-04-07","9999","9999",0.0118756052137706,0.0293657607465429
"2019-04-07","Central","LU",1.08121113003624,1.47641120494106
"2019-04-07","Central","NW",0.107985908447484,0.0990414662215579
"2019-04-07","Central","OW",0.124738370118278,0.128033357328967
"2019-04-07","Central","SZ",0.299969458557209,0.418020244701078
"2019-04-07","Central","UR",0.114918374625384,0.115763635535561
"2019-04-07","Central","ZG",0.196374808160473,0.407347965911246
"2019-04-07","Eastern","AI",0.0136397924513338,0.0154646078005521
"2019-04-07","Eastern","AR",0.0506657203157048,0.0645434949741724
"2019-04-07","Eastern","GL",0.0461536255914695,0.0990754543705701
"2019-04-07","Eastern","GR",1.24373771683583,1.08904827064899
"2019-04-07","Eastern","SG",0.636698465452567,1.22143211105152
"2019-04-07","Eastern","SH",0.149812189374082,0.26187868813902
"2019-04-07","Eastern","TG",0.286034680043054,0.492828160676935
"2019-04-07","Espace Mittelland","BE",1.92328506172494,3.2148710387662
"2019-04-07","Espace Mittelland","FR",0.458562879577755,0.843585858482864
"2019-04-07","Espace Mittelland","JU",0.0813695487674622,0.140880877655579
"2019-04-07","Espace Mittelland","NE",0.228085727677277,0.439228849684692
"2019-04-07","Espace Mittelland","SO",0.400769177881855,0.65987991307191
"2019-04-07","Lake Geneva","GE",1.37889603651129,2.63938369969159
"2019-04-07","Lake Geneva","VD",1.5700534392425,2.94724835344412
"2019-04-07","Lake Geneva","VS",1.44632298646979,1.59727306282845
"2019-04-07","Northwestern","AG",0.871405782029931,1.73115238178752
"2019-04-07","Northwestern","BL",0.29145262493012,0.649343586878127
"2019-04-07","Northwestern","BS",0.472059447461045,1.19600897559039
"2019-04-07","Ticino","TI",1.07698871124976,1.17796126846491
"2019-04-07","Zurich","ZH",3.58371921058005,7.93558701951803
"2019-04-08","9999","9999",0.0121336671104602,0.0411596484537771
"2019-04-08","Central","LU",2.69859043239131,3.83845160869308
"2019-04-08","Central","NW",0.24174993260625,0.317041453985824
"2019-04-08","Central","OW",0.17224125306389,0.22190862490067
"2019-04-08","Central","SZ",0.892165696406436,1.19750445414693
"2019-04-08","Central","UR",0.149618894555942,0.2041668111163
"2019-04-08","Central","ZG",0.933708786326782,1.59472395165254
"2019-04-08","Eastern","AI",0.042019861614303,0.05339538209817
"2019-04-08","Eastern","AR",0.117185026573554,0.178573734910112
"2019-04-08","Eastern","GL",0.142559506207241,0.226089167229171
"2019-04-08","Eastern","GR",1.32696406674785,1.71167717240353
"2019-04-08","Eastern","SG",2.45731037536526,3.71408897145743
"2019-04-08","Eastern","SH",0.360836418632826,0.629732424898087
"2019-04-08","Eastern","TG",1.04886531379587,1.63404824005966
"2019-04-08","Espace Mittelland","BE",5.55597865904594,8.69413452917237
"2019-04-08","Espace Mittelland","FR",1.32037683701985,2.15260542953883
"2019-04-08","Espace Mittelland","JU",0.248148594153982,0.420875249218103
"2019-04-08","Espace Mittelland","NE",0.777410353585525,1.43983995660393
"2019-04-08","Espace Mittelland","SO",0.89768137344051,1.59152906564539
"2019-04-08","Lake Geneva","GE",4.5414225528225,7.30391727012625
"2019-04-08","Lake Geneva","VD",4.90728972363881,8.35401512200726
"2019-04-08","Lake Geneva","VS",2.2097816717407,2.94575287488758
"2019-04-08","Northwestern","AG",3.15596146301261,5.21126693544495
"2019-04-08","Northwestern","BL",1.12155674759335,1.96859359078676
"2019-04-08","Northwestern","BS",1.27399346628271,2.81652993234319
"2019-04-08","Ticino","TI",1.90622578760658,2.476172608135
"2019-04-08","Zurich","ZH",9.43893730346688,19.4416630809169
"2019-04-09","9999","9999",0.0112675919773675,0.0396981580462524
"2019-04-09","Central","LU",3.11959325444474,3.80762435753901
"2019-04-09","Central","NW",0.253119795399471,0.317415323624958
"2019-04-09","Central","OW",0.153383878962325,0.218033975913279
"2019-04-09","Central","SZ",0.835178213455961,1.12480380340983
"2019-04-09","Central","UR",0.169926872646444,0.203079190347909
"2019-04-09","Central","ZG",0.933425407351501,1.55349632690074
"2019-04-09","Eastern","AI",0.0531869998097636,0.0563183629132194
"2019-04-09","Eastern","AR",0.131059173327796,0.178097900823941
"2019-04-09","Eastern","GL",0.14740182727121,0.22238445898684
"2019-04-09","Eastern","GR",1.17019906354848,1.58269214690222
"2019-04-09","Eastern","SG",2.54976136019903,3.65025922761252
"2019-04-09","Eastern","SH",0.337359329705889,0.613961923756425
"2019-04-09","Eastern","TG",1.03162103116073,1.59268466271181
"2019-04-09","Espace Mittelland","BE",5.49628495074097,8.90533688713419
"2019-04-09","Espace Mittelland","FR",1.33022351628282,2.15039619985304
"2019-04-09","Espace Mittelland","JU",0.270787235479066,0.434912354760142
"2019-04-09","Espace Mittelland","NE",0.823943085296308,1.48089764061067
"2019-04-09","Espace Mittelland","SO",1.03935686913648,1.6871037406677
"2019-04-09","Lake Geneva","GE",4.77447222927356,7.43201860375324
"2019-04-09","Lake Geneva","VD",4.98265898771935,8.31071422016571
"2019-04-09","Lake Geneva","VS",2.29489157313971,3.02062876716147
"2019-04-09","Northwestern","AG",3.26035951261933,5.17564735528016
"2019-04-09","Northwestern","BL",1.13544134229279,1.93946574708331
"2019-04-09","Northwestern","BS",1.31111970303619,2.78539678784801
"2019-04-09","Ticino","TI",1.87461460132374,2.4527887616146
"2019-04-09","Zurich","ZH",10.8205812905411,21.5840720657521
"2019-04-10","9999","9999",0.0125873029497663,0.0409897077087161
"2019-04-10","Central","LU",3.40620018270041,4.08914819580709
"2019-04-10","Central","NW",0.268449558650091,0.328155578712814
"2019-04-10","Central","OW",0.17416027978908,0.229793875471501
"2019-04-10","Central","SZ",0.901281238802993,1.17966067591552
"2019-04-10","Central","UR",0.168966166855322,0.208347353444801
"2019-04-10","Central","ZG",0.951703664538848,1.60794534161828
"2019-04-10","Eastern","AI",0.0491206031493811,0.0558425288270486
"2019-04-10","Eastern","AR",0.122328963524637,0.178097900823941
"2019-04-10","Eastern","GL",0.142033858649726,0.222180530092767
"2019-04-10","Eastern","GR",1.25052329696565,1.64319105214394
"2019-04-10","Eastern","SG",2.54337002161139,3.69631316952405
"2019-04-10","Eastern","SH",0.366524345785836,0.63935107106854
"2019-04-10","Eastern","TG",1.05624254602452,1.59873455323598
"2019-04-10","Espace Mittelland","BE",5.62762052469385,8.87454362412914
"2019-04-10","Espace Mittelland","FR",1.50020280096018,2.32145855383145
"2019-04-10","Espace Mittelland","JU",0.320647488925462,0.482087905589079
"2019-04-10","Espace Mittelland","NE",0.93683823178208,1.59812276655376
"2019-04-10","Espace Mittelland","SO",1.00815530261199,1.67966033603403
"2019-04-10","Lake Geneva","GE",5.081287809652,7.73519289294209
"2019-04-10","Lake Geneva","VD",5.7302713003596,9.09369920895982
"2019-04-10","Lake Geneva","VS",2.44153559935454,3.17605657259427
"2019-04-10","Northwestern","AG",3.32102288657247,5.27526662003493
"2019-04-10","Northwestern","BL",1.20967682809876,2.00526680357093
"2019-04-10","Northwestern","BS",1.34623831699549,2.83896211069124
"2019-04-10","Ticino","TI",2.04903545317925,2.60437590620902
"2019-04-10","Zurich","ZH",11.3214792205506,22.1877015922088
"2019-04-11","9999","9999",0.0129789677498287,0.041465541794887
"2019-04-11","Central","LU",3.13010623692321,4.09247903441028
"2019-04-11","Central","NW",0.264153260203173,0.326422183113192
"2019-04-11","Central","OW",0.174762967236329,0.218781715191547
"2019-04-11","Central","SZ",0.918739743474828,1.19481939037496
"2019-04-11","Central","UR",0.169240198287432,0.221466778963511
"2019-04-11","Central","ZG",1.01549703219029,1.63965628464667
"2019-04-11","Eastern","AI",0.0570901453684723,0.0555026473369266
"2019-04-11","Eastern","AR",0.132264610878636,0.181360763129112
"2019-04-11","Eastern","GL",0.150298155886373,0.229352029534342
"2019-04-11","Eastern","GR",1.29731128278575,1.66110280667337
"2019-04-11","Eastern","SG",2.65658664996102,3.75348123616258
"2019-04-11","Eastern","SH",0.377942379558757,0.646080724572956
"2019-04-11","Eastern","TG",1.11345329310519,1.65393130723179
"2019-04-11","Espace Mittelland","BE",5.93614938403117,9.09366522081081
"2019-04-11","Espace Mittelland","FR",1.48098790193344,2.27302544148906
"2019-04-11","Espace Mittelland","JU",0.321948046637011,0.483991241933763
"2019-04-11","Espace Mittelland","NE",0.958906324447851,1.6152188055069
"2019-04-11","Espace Mittelland","SO",1.1062597496941,1.77601673848363
"2019-04-11","Lake Geneva","GE",5.21965528539911,7.98775882825176
"2019-04-11","Lake Geneva","VD",5.39510815379612,8.6488283265391
"2019-04-11","Lake Geneva","VS",2.37081157472711,3.02718847992082
"2019-04-11","Northwestern","AG",3.33867093451391,5.24668258671566
"2019-04-11","Northwestern","BL",1.24524300414812,2.0486356817105
"2019-04-11","Northwestern","BS",1.51594010847779,2.88141330880749
"2019-04-11","Ticino","TI",2.2805974644145,2.80398830535769
"2019-04-11","Zurich","ZH",11.8686209777893,22.4959401156005
"2019-04-12","9999","9999",0.0152559384144852,0.042485186265253
"2019-04-12","Central","LU",4.1186928279716,4.86791865412368
"2019-04-12","Central","NW",0.367400759215523,0.411868389729869
"2019-04-12","Central","OW",0.24694137872941,0.280266276754621
"2019-04-12","Central","SZ",1.19690273092644,1.43936412251776
"2019-04-12","Central","UR",0.239863886613604,0.274794184763657
"2019-04-12","Central","ZG",1.3355271642522,1.87869493664949
"2019-04-12","Eastern","AI",0.0836464920199687,0.0768811930656019
"2019-04-12","Eastern","AR",0.177733206840097,0.203894905924202
"2019-04-12","Eastern","GL",0.193535085635185,0.266399111957643
"2019-04-12","Eastern","GR",1.62372530124651,1.9475209383992
"2019-04-12","Eastern","SG",3.32326437025087,4.33005619600558
"2019-04-12","Eastern","SH",0.460792529039365,0.731764848232718
"2019-04-12","Eastern","TG",1.37896814613004,1.90401610766358
"2019-04-12","Espace Mittelland","BE",7.3682163411682,10.2965737906507
"2019-04-12","Espace Mittelland","FR",1.93912317546638,2.74631041648398
"2019-04-12","Espace Mittelland","JU",0.39598665054921,0.560634517956279
"2019-04-12","Espace Mittelland","NE",1.1597972177584,1.81078661492311
"2019-04-12","Espace Mittelland","SO",1.33015679510957,1.97817824880821
"2019-04-12","Lake Geneva","GE",5.68281837801548,8.32886389173823
"2019-04-12","Lake Geneva","VD",6.90838053141014,10.202698523079
"2019-04-12","Lake Geneva","VS",3.25039014440474,3.84953174527106
"2019-04-12","Northwestern","AG",4.26380653958115,6.12928684026454
"2019-04-12","Northwestern","BL",1.61658979718913,2.37012958321692
"2019-04-12","Northwestern","BS",1.71408236200566,3.14590908442044
"2019-04-12","Ticino","TI",2.45170011858144,2.93283737826295
"2019-04-12","Zurich","ZH",14.6918387062668,25.1258751098667
"2019-04-13","9999","9999",0.0147304044215923,0.0351437460786173
"2019-04-13","Central","LU",4.61991991916298,5.15039416056409
"2019-04-13","Central","NW",0.462261252459492,0.491502622865459
"2019-04-13","Central","OW",0.270705586432101,0.318265027350264
"2019-04-13","Central","SZ",1.55548161019298,1.71184711314859
"2019-04-13","Central","UR",0.254272922735953,0.297294339409735
"2019-04-13","Central","ZG",1.4993669066043,1.80708190668078
"2019-04-13","Eastern","AI",0.094245070895006,0.0845285265933474
"2019-04-13","Eastern","AR",0.189400279996316,0.218917667787596
"2019-04-13","Eastern","GL",0.235197457568508,0.314798236151019
"2019-04-13","Eastern","GR",2.11190030473578,2.27513270672782
"2019-04-13","Eastern","SG",4.10918062784765,4.76840135381595
"2019-04-13","Eastern","SH",0.595898033333699,0.837739896852765
"2019-04-13","Eastern","TG",1.80385534425143,2.24267402442116
"2019-04-13","Espace Mittelland","BE",8.75991073460462,10.6355715888984
"2019-04-13","Espace Mittelland","FR",2.07766040291075,2.71609495201213
"2019-04-13","Espace Mittelland","JU",0.447605577474985,0.580925442916564
"2019-04-13","Espace Mittelland","NE",1.43609315192134,1.99024404170754
"2019-04-13","Espace Mittelland","SO",1.73117115509361,2.28665468924295
"2019-04-13","Lake Geneva","GE",6.31845264506239,7.63149505030586
"2019-04-13","Lake Geneva","VD",8.56185531102008,10.8861322234163
"2019-04-13","Lake Geneva","VS",3.80316724837664,4.18598043234285
"2019-04-13","Northwestern","AG",5.99870777949809,7.1954270984793
"2019-04-13","Northwestern","BL",2.07354837285256,2.52650905682207
"2019-04-13","Northwestern","BS",2.11596203741463,3.16242732484037
"2019-04-13","Ticino","TI",3.03010971709146,3.25623461611405
"2019-04-13","Zurich","ZH",18.8591464537076,24.7849059989763
"2019-04-14","9999","9999",0.0124006575360267,0.0300795118757991
"2019-04-14","Central","LU",1.66568779706278,1.43851441879246
"2019-04-14","Central","NW",0.116951431978804,0.0971041417278623
"2019-04-14","Central","OW",0.0981357674215658,0.100027122542912
"2019-04-14","Central","SZ",0.264995267468513,0.359594616549102
"2019-04-14","Central","UR",0.0935178422179904,0.113452441402732
"2019-04-14","Central","ZG",0.168947542257366,0.361531941042797
"2019-04-14","Eastern","AI",0.0151338877743522,0.0114540062171122
"2019-04-14","Eastern","AR",0.050286645524563,0.0571680666385245
"2019-04-14","Eastern","GL",0.0433458382210013,0.0883691874317263
"2019-04-14","Eastern","GR",0.895089585980474,0.843415917737803
"2019-04-14","Eastern","SG",0.578534864203753,1.06851942864562
"2019-04-14","Eastern","SH",0.118030162740022,0.235945730442709
"2019-04-14","Eastern","TG",0.250740334621761,0.418258161744163
"2019-04-14","Espace Mittelland","BE",1.96266409554275,3.09275161936536
"2019-04-14","Espace Mittelland","FR",0.462741031657912,0.870606436947565
"2019-04-14","Espace Mittelland","JU",0.0813034032493666,0.133811342661041
"2019-04-14","Espace Mittelland","NE",0.225409083948719,0.421555012198347
"2019-04-14","Espace Mittelland","SO",0.250805606867076,0.506559372877865
"2019-04-14","Lake Geneva","GE",1.37153381439281,2.60631323070272
"2019-04-14","Lake Geneva","VD",1.53132331758898,2.95632318923038
"2019-04-14","Lake Geneva","VS",1.54682283645288,1.67945640713996
"2019-04-14","Northwestern","AG",0.820470690347626,1.58853810853232
"2019-04-14","Northwestern","BL",0.289912735652415,0.607606139891143
"2019-04-14","Northwestern","BS",0.412932262145352,1.00791855895686
"2019-04-14","Ticino","TI",1.17756102329353,1.26425717880689
"2019-04-14","Zurich","ZH",3.35080997832181,7.32961231077948
"2019-04-15","9999","9999",0.0124062104544246,0.0396641698972402
"2019-04-15","Central","LU",3.36541229359821,3.935725691166
"2019-04-15","Central","NW",0.241501280909074,0.325810396430972
"2019-04-15","Central","OW",0.192840849438778,0.261198925158776
"2019-04-15","Central","SZ",0.847157283872124,1.17446048911665
"2019-04-15","Central","UR",0.169856768030676,0.220888980430304
"2019-04-15","Central","ZG",0.876467666583841,1.44082561292529
"2019-04-15","Eastern","AI",0.0494995839560085,0.0580857466618539
"2019-04-15","Eastern","AR",0.120713256155887,0.184351720242186
"2019-04-15","Eastern","GL",0.139417925001509,0.223574044202268
"2019-04-15","Eastern","GR",1.36616125227818,1.71211901834068
"2019-04-15","Eastern","SG",2.49669285528194,3.73251054822205
"2019-04-15","Eastern","SH",0.335684615726123,0.610121262918046
"2019-04-15","Eastern","TG",1.07817830066184,1.66762853128371
"2019-04-15","Espace Mittelland","BE",5.80631526752161,8.93837336797406
"2019-04-15","Espace Mittelland","FR",1.38241583881549,2.19478472246297
"2019-04-15","Espace Mittelland","JU",0.290184668097035,0.446876183212437
"2019-04-15","Espace Mittelland","NE",0.798127567664279,1.43219262307619
"2019-04-15","Espace Mittelland","SO",0.965387527895436,1.643360992889
"2019-04-15","Lake Geneva","GE",4.4266582423125,7.22853155561719
"2019-04-15","Lake Geneva","VD",5.03700727193824,8.19386296386176
"2019-04-15","Lake Geneva","VS",2.38314318888917,3.12007809117117
"2019-04-15","Northwestern","AG",3.04614855042769,4.85255601077017
"2019-04-15","Northwestern","BL",1.18588382589044,1.95836315793409
"2019-04-15","Northwestern","BS",1.29383541432605,2.73815326072105
"2019-04-15","Ticino","TI",2.06907605707409,2.6800675140592
"2019-04-15","Zurich","ZH",10.7785190575748,22.0149058426308
"2019-04-16","9999","9999",0.0133524739584868,0.0410236958577283
"2019-04-16","Central","LU",4.01185691795947,4.02582827419735
"2019-04-16","Central","NW",0.272566836177006,0.33410350478995
"2019-04-16","Central","OW",0.207774573693389,0.23733924455221
"2019-04-16","Central","SZ",0.919525782961788,1.20012154162087
"2019-04-16","Central","UR",0.181044762956311,0.23210506960433
"2019-04-16","Central","ZG",0.932820464275904,1.48263103621029
"2019-04-16","Eastern","AI",0.0602429420596002,0.0653252224014531
"2019-04-16","Eastern","AR",0.138869094597086,0.183841898007003
"2019-04-16","Eastern","GL",0.158465249638907,0.23502805041938
"2019-04-16","Eastern","GR",1.29573673671832,1.6648075149157
"2019-04-16","Eastern","SG",2.73505976438074,3.81833062447786
"2019-04-16","Eastern","SH",0.366063183353328,0.627761112255379
"2019-04-16","Eastern","TG",1.15875367636582,1.70188858548801
"2019-04-16","Espace Mittelland","BE",6.39573374605275,9.11681115028812
"2019-04-16","Espace Mittelland","FR",1.45599725897296,2.16864783587259
"2019-04-16","Espace Mittelland","JU",0.312059027350265,0.461864956926819
"2019-04-16","Espace Mittelland","NE",0.875722373299936,1.45975701192508
"2019-04-16","Espace Mittelland","SO",1.06061995310744,1.68428272429969
"2019-04-16","Lake Geneva","GE",4.42170560692464,7.16079317463587
"2019-04-16","Lake Geneva","VD",5.07737393419456,7.99244919281545
"2019-04-16","Lake Geneva","VS",2.48503700544316,3.14818629040426
"2019-04-16","Northwestern","AG",3.26783834210815,4.92382915924875
"2019-04-16","Northwestern","BL",1.24565743669682,1.94629736503476
"2019-04-16","Northwestern","BS",1.33769829660547,2.72856860269961
"2019-04-16","Ticino","TI",2.09708096746735,2.68553960605016
"2019-04-16","Zurich","ZH",11.3790016907697,22.2376641712568
"2019-04-17","9999","9999",0.0134973158433843,0.0415675062419236
"2019-04-17","Central","LU",3.82726686331543,4.71928847849332
"2019-04-17","Central","NW",0.314482061698508,0.385901443884546
"2019-04-17","Central","OW",0.248996389299006,0.281183956777951
"2019-04-17","Central","SZ",1.0978243144886,1.37471866309655
"2019-04-17","Central","UR",0.208462610827861,0.265855301573447
"2019-04-17","Central","ZG",1.15057623648465,1.60243926147831
"2019-04-17","Eastern","AI",0.0769097720896278,0.0752837500620284
"2019-04-17","Eastern","AR",0.172886601648676,0.211508251302936
"2019-04-17","Eastern","GL",0.187351139542854,0.265413455636289
"2019-04-17","Eastern","GR",1.50164090109267,1.86068121767302
"2019-04-17","Eastern","SG",3.25125153597619,4.29093583649253
"2019-04-17","Eastern","SH",0.427290468309446,0.69305234650782
"2019-04-17","Eastern","TG",1.43980181610742,1.95251719630399
"2019-04-17","Espace Mittelland","BE",7.38789784589725,10.0541703118956
"2019-04-17","Espace Mittelland","FR",1.58088119152408,2.30262911927869
"2019-04-17","Espace Mittelland","JU",0.341157435821588,0.495819117790009
"2019-04-17","Espace Mittelland","NE",0.985268596992941,1.5517289431521
"2019-04-17","Espace Mittelland","SO",1.27891261577125,1.89582496375164
"2019-04-17","Lake Geneva","GE",4.87134142613363,7.52541803723877
"2019-04-17","Lake Geneva","VD",5.63424602178333,8.58438679601197
"2019-04-17","Lake Geneva","VS",2.54885732707015,3.36523460999619
"2019-04-17","Northwestern","AG",3.90369462799044,5.48813439729835
"2019-04-17","Northwestern","BL",1.46666389046854,2.16042270381164
"2019-04-17","Northwestern","BS",1.49381403911464,2.90275786638715
"2019-04-17","Ticino","TI",2.19447397135486,2.86526893802669
"2019-04-17","Zurich","ZH",12.9993818755962,23.8774903966485
"2019-04-18","9999","9999",0.0176258715120394,0.0489429345775715
"2019-04-18","Central","LU",4.30186964138724,4.94840259098458
"2019-04-18","Central","NW",0.433021177996657,0.486098507172519
"2019-04-18","Central","OW",0.308567851162771,0.363027419599334
"2019-04-18","Central","SZ",1.45193988090995,1.75324467864545
"2019-04-18","Central","UR",0.249094932062452,0.309054238967957
"2019-04-18","Central","ZG",1.45620127194178,1.92311744740844
"2019-04-18","Eastern","AI",0.096376984293586,0.095710627618362
"2019-04-18","Eastern","AR",0.236278741575703,0.262354522225191
"2019-04-18","Eastern","GL",0.25891657228435,0.3498400177826
"2019-04-18","Eastern","GR",2.06994828819288,2.34059388172532
"2019-04-18","Eastern","SG",3.69689270003753,4.8281525197794
"2019-04-18","Eastern","SH",0.546744559100374,0.847936341556426
"2019-04-18","Eastern","TG",1.91841453355856,2.49167120408456
"2019-04-18","Espace Mittelland","BE",7.98813971817811,10.9945204306163
"2019-04-18","Espace Mittelland","FR",2.19181881875195,2.94476721856623
"2019-04-18","Espace Mittelland","JU",0.497714443458342,0.667051412513485
"2019-04-18","Espace Mittelland","NE",1.28080800147502,1.88549256645193
"2019-04-18","Espace Mittelland","SO",1.71756431987869,2.41672733551265
"2019-04-18","Lake Geneva","GE",5.7174044091433,8.2608196174158
"2019-04-18","Lake Geneva","VD",7.07683878245301,10.0769423717338
"2019-04-18","Lake Geneva","VS",3.07594312961001,3.75959910298477
"2019-04-18","Northwestern","AG",5.11823922346047,6.88005106379508
"2019-04-18","Northwestern","BL",2.03082190433013,2.72153305585408
"2019-04-18","Northwestern","BS",1.66501156281692,2.90527298941405
"2019-04-18","Ticino","TI",2.81559014108239,3.43977062077995
"2019-04-18","Zurich","ZH",16.0416884917963,27.2003417848265
"2019-04-19","9999","9999",0.0154915262641468,0.0343960068003489
"2019-04-19","Central","LU",0.85458545570763,1.73523095966898
"2019-04-19","Central","NW",0.12066915000644,0.151043334210228
"2019-04-19","Central","OW",0.167670793956155,0.186764878822052
"2019-04-19","Central","SZ",0.315988942831519,0.515396291621038
"2019-04-19","Central","UR",0.114106571633389,0.14536731332519
"2019-04-19","Central","ZG",0.209318010886516,0.429508239067202
"2019-04-19","Eastern","AI",0.0254537673197258,0.0322887415615923
"2019-04-19","Eastern","AR",0.0547904539474371,0.0696417173260028
"2019-04-19","Eastern","GL",0.0469867943964255,0.110563448736694
"2019-04-19","Eastern","GR",1.31963913690151,1.29124376912258
"2019-04-19","Eastern","SG",0.652620143175461,1.34433325787964
"2019-04-19","Eastern","SH",0.157043005477218,0.323499202298143
"2019-04-19","Eastern","TG",0.271712650084997,0.422608644817725
"2019-04-19","Espace Mittelland","BE",2.54707285092552,3.77414603076199
"2019-04-19","Espace Mittelland","FR",0.505974378247109,0.949526918953899
"2019-04-19","Espace Mittelland","JU",0.095164595804695,0.172829737727049
"2019-04-19","Espace Mittelland","NE",0.256555121289229,0.494629532574582
"2019-04-19","Espace Mittelland","SO",0.290252043245862,0.619841873535536
"2019-04-19","Lake Geneva","GE",1.32696490086042,2.50560634517956
"2019-04-19","Lake Geneva","VD",1.71557685676287,3.2538554456832
"2019-04-19","Lake Geneva","VS",4.13438017880374,4.68237734866607
"2019-04-19","Northwestern","AG",0.839796765222966,1.7720401250492
"2019-04-19","Northwestern","BL",0.315887404311674,0.724015550257936
"2019-04-19","Northwestern","BS",0.417389465997102,1.12439594562168
"2019-04-19","Ticino","TI",3.2878680242192,3.68686446409866
"2019-04-19","Zurich","ZH",3.62412217435508,8.38633785171786
"2019-04-20","9999","9999",0.0124059676610955,0.0297056422366649
"2019-04-20","Central","LU",5.88537663493357,5.52178266482043
"2019-04-20","Central","NW",0.537933749743995,0.560770470552328
"2019-04-20","Central","OW",0.355964445454534,0.40942124300099
"2019-04-20","Central","SZ",1.71171808364306,1.89579097560263
"2019-04-20","Central","UR",0.317698415417561,0.36805766565314
"2019-04-20","Central","ZG",1.44609388746765,1.67534384110948
"2019-04-20","Eastern","AI",0.150491203995163,0.150295594931959
"2019-04-20","Eastern","AR",0.242315879940375,0.288457420666562
"2019-04-20","Eastern","GL",0.304238689463953,0.386921088354912
"2019-04-20","Eastern","GR",2.92400231237933,2.92376254247669
"2019-04-20","Eastern","SG",4.90872522744908,5.62449485113531
"2019-04-20","Eastern","SH",0.668684704772534,0.930697484401139
"2019-04-20","Eastern","TG",2.31755676117411,2.79501543401847
"2019-04-20","Espace Mittelland","BE",9.81509945184824,12.1768321821547
"2019-04-20","Espace Mittelland","FR",2.27763546411983,2.8764510390517
"2019-04-20","Espace Mittelland","JU",0.536218074179996,0.664026467251399
"2019-04-20","Espace Mittelland","NE",1.46025532138657,1.96944329451207
"2019-04-20","Espace Mittelland","SO",1.97565619371245,2.562536494775
"2019-04-20","Lake Geneva","GE",4.83325582678438,6.03717895644147
"2019-04-20","Lake Geneva","VD",7.9965164952985,10.2341715490643
"2019-04-20","Lake Geneva","VS",3.73085209724701,4.29718965591078
"2019-04-20","Northwestern","AG",6.07754690094542,7.22520071701399
"2019-04-20","Northwestern","BL",2.15296583975788,2.64594341245095
"2019-04-20","Northwestern","BS",1.85764168722614,2.8296493578619
"2019-04-20","Ticino","TI",3.12867244833032,3.67337116894081
"2019-04-20","Zurich","ZH",17.123725565578,22.4600486302436
"2019-04-21","9999","9999",0.012237218465324,0.0254911117591518
"2019-04-21","Central","LU",0.756268435233844,1.37862730023295
"2019-04-21","Central","NW",0.143822834302987,0.127149665454649
"2019-04-21","Central","OW",0.135704338376489,0.146488922242592
"2019-04-21","Central","SZ",0.293002578382919,0.421249118857237
"2019-04-21","Central","UR",0.111962585140719,0.129358895140442
"2019-04-21","Central","ZG",0.178101081809929,0.32377110749024
"2019-04-21","Eastern","AI",0.0288603848563269,0.0309971918991286
"2019-04-21","Eastern","AR",0.0517872375271457,0.0612126563709766
"2019-04-21","Eastern","GL",0.0385277025054278,0.0829310835897739
"2019-04-21","Eastern","GR",1.1802654002859,1.01651756065695
"2019-04-21","Eastern","SG",0.580037140095553,1.06063417807479
"2019-04-21","Eastern","SH",0.12508482836687,0.249676942643639
"2019-04-21","Eastern","TG",0.24998892451237,0.351913294872344
"2019-04-21","Espace Mittelland","BE",2.37766802701289,3.18020312677376
"2019-04-21","Espace Mittelland","FR",0.447130912600561,0.761844360108517
"2019-04-21","Espace Mittelland","JU",0.0864153149771369,0.135782655303749
"2019-04-21","Espace Mittelland","NE",0.23677619377887,0.40323539988077
"2019-04-21","Espace Mittelland","SO",0.251052089088376,0.500543470502705
"2019-04-21","Lake Geneva","GE",1.06498418277823,1.94847260657154
"2019-04-21","Lake Geneva","VD",1.40019408272165,2.55964750210896
"2019-04-21","Lake Geneva","VS",1.45753076905175,1.68679784732659
"2019-04-21","Northwestern","AG",0.689721082430462,1.38987737755599
"2019-04-21","Northwestern","BL",0.255622830149654,0.551287776977923
"2019-04-21","Northwestern","BS",0.334771520923633,0.856569331405525
"2019-04-21","Ticino","TI",1.03231305480503,1.19784433563705
"2019-04-21","Zurich","ZH",2.8172480396661,6.18468752315443
"2019-04-22","9999","9999",0.0118080851721505,0.0298755829817259
"2019-04-22","Central","LU",2.71935308406679,2.4110173264786
"2019-04-22","Central","NW",0.173798862338599,0.141288735443725
"2019-04-22","Central","OW",0.138961081940646,0.137753967946456
"2019-04-22","Central","SZ",0.314516158497161,0.457990307939428
"2019-04-22","Central","UR",0.130926944947948,0.149819760845788
"2019-04-22","Central","ZG",0.197317594237499,0.419209829916505
"2019-04-22","Eastern","AI",0.0300446445632345,0.0285840333192622
"2019-04-22","Eastern","AR",0.0526078554833955,0.0680442743224293
"2019-04-22","Eastern","GL",0.0530503267455841,0.106756776047328
"2019-04-22","Eastern","GR",1.29591868290634,1.04829647998336
"2019-04-22","Eastern","SG",0.604065577428698,1.19998558902482
"2019-04-22","Eastern","SH",0.130694803197151,0.272856860269961
"2019-04-22","Eastern","TG",0.296710666913841,0.517911414647941
"2019-04-22","Espace Mittelland","BE",2.77885155912301,4.0173312369443
"2019-04-22","Espace Mittelland","FR",1.10766456756039,1.64822129819774
"2019-04-22","Espace Mittelland","JU",0.0791869033111633,0.158724655886985
"2019-04-22","Espace Mittelland","NE",0.248684215818097,0.493745840700265
"2019-04-22","Espace Mittelland","SO",0.50550315947155,0.881720561674555
"2019-04-22","Lake Geneva","GE",1.0725239612247,2.16871581217061
"2019-04-22","Lake Geneva","VD",1.48532941084785,2.85034814061033
"2019-04-22","Lake Geneva","VS",2.36179076088911,2.87886419763157
"2019-04-22","Northwestern","AG",0.805821872316656,1.69009469778078
"2019-04-22","Northwestern","BL",0.283831675191304,0.691149010163136
"2019-04-22","Northwestern","BS",0.381168820949032,1.01614369101782
"2019-04-22","Ticino","TI",1.32563071235676,1.43997590919998
"2019-04-22","Zurich","ZH",2.9880369617756,6.97460609434702
"2019-04-23","9999","9999",0.0104036549919795,0.0350417816315807
"2019-04-23","Central","LU",3.43349891303189,3.82924082031077
"2019-04-23","Central","NW",0.298484949654669,0.354190500856161
"2019-04-23","Central","OW",0.193703317916127,0.233090725925684
"2019-04-23","Central","SZ",0.970125839430034,1.27581314947104
"2019-04-23","Central","UR",0.198238156892869,0.250866527859066
"2019-04-23","Central","ZG",0.916135483486516,1.45159985616215
"2019-04-23","Eastern","AI",0.0636100469399,0.0693358239848929
"2019-04-23","Eastern","AR",0.147402669215819,0.215110995098229
"2019-04-23","Eastern","GL",0.170700412192976,0.257800110257555
"2019-04-23","Eastern","GR",1.35678820014396,1.67323657587073
"2019-04-23","Eastern","SG",2.80814184481271,4.13734339110639
"2019-04-23","Eastern","SH",0.383344112117072,0.642579945224699
"2019-04-23","Eastern","TG",1.19543143468023,1.80779565781003
"2019-04-23","Espace Mittelland","BE",6.06356575673745,9.57667080642322
"2019-04-23","Espace Mittelland","FR",1.41062819652837,2.10039963265609
"2019-04-23","Espace Mittelland","JU",0.310599788534059,0.468696574878271
"2019-04-23","Espace Mittelland","NE",0.934850373148089,1.52297496908778
"2019-04-23","Espace Mittelland","SO",1.05052354132538,1.76789357086971
"2019-04-23","Lake Geneva","GE",4.50442693104803,6.53119670233383
"2019-04-23","Lake Geneva","VD",5.37344871363141,8.26187325003518
"2019-04-23","Lake Geneva","VS",2.10802325945995,2.78192999664877
"2019-04-23","Northwestern","AG",3.32978665667935,5.03558219320087
"2019-04-23","Northwestern","BL",1.27083994512761,2.00931139330338
"2019-04-23","Northwestern","BS",1.3692626433559,2.74824774097768
"2019-04-23","Ticino","TI",2.21709418388306,2.74977720768322
"2019-04-23","Zurich","ZH",10.9969198572546,20.4240565399656
"2019-04-24","9999","9999",0.0135213680470516,0.0383386320857643
"2019-04-24","Central","LU",3.1206748047414,3.79012046079773
"2019-04-24","Central","NW",0.266379514474197,0.324858728258631
"2019-04-24","Central","OW",0.166147304976229,0.210216701640472
"2019-04-24","Central","SZ",0.923023256111753,1.20906042481108
"2019-04-24","Central","UR",0.158990771883735,0.196859359078676
"2019-04-24","Central","ZG",0.934275959375616,1.42152034428635
"2019-04-24","Eastern","AI",0.0650876675607322,0.0704914210513078
"2019-04-24","Eastern","AR",0.138880098617324,0.195907690906335
"2019-04-24","Eastern","GL",0.153560338804306,0.240874012049479
"2019-04-24","Eastern","GR",1.17858252140144,1.47804263609365
"2019-04-24","Eastern","SG",2.64664509333068,4.00727074483669
"2019-04-24","Eastern","SH",0.351179646829456,0.604955064268191
"2019-04-24","Eastern","TG",1.16349346815652,1.73502703077491
"2019-04-24","Espace Mittelland","BE",5.84592535443626,9.14842012886947
"2019-04-24","Espace Mittelland","FR",1.39851592655904,2.06413427766007
"2019-04-24","Espace Mittelland","JU",0.289158216222004,0.428250677553751
"2019-04-24","Espace Mittelland","NE",0.885492960350357,1.44402049893243
"2019-04-24","Espace Mittelland","SO",1.04219711249261,1.72180564080916
"2019-04-24","Lake Geneva","GE",3.97239059210781,6.2690121208537
"2019-04-24","Lake Geneva","VD",5.00830812534857,7.72509841268546
"2019-04-24","Lake Geneva","VS",1.99656912662662,2.65270705410437
"2019-04-24","Northwestern","AG",3.18936516894811,4.78842037358414
"2019-04-24","Northwestern","BL",1.15703227557848,1.83549599925498
"2019-04-24","Northwestern","BS",1.30322111520952,2.62857546830571
"2019-04-24","Ticino","TI",1.98873665690589,2.4753568925587
"2019-04-24","Zurich","ZH",10.5436351088505,19.8807219898566
"2019-04-25","9999","9999",0.0132939451020865,0.0394942291521792
"2019-04-25","Central","LU",3.85476692414103,4.26126418240488
"2019-04-25","Central","NW",0.314488491805708,0.352762998597649
"2019-04-25","Central","OW",0.166598395401601,0.217354212933035
"2019-04-25","Central","SZ",1.03087787602453,1.31173862297694
"2019-04-25","Central","UR",0.177652368409569,0.225035534609792
"2019-04-25","Central","ZG",1.03180271889133,1.52307693353482
"2019-04-25","Eastern","AI",0.0654997739926968,0.0666167720639168
"2019-04-25","Eastern","AR",0.156873727618552,0.209706879405289
"2019-04-25","Eastern","GL",0.18118345277153,0.265005597848142
"2019-04-25","Eastern","GR",1.29702793905466,1.55104918017186
"2019-04-25","Eastern","SG",3.16516436009937,4.5044833767362
"2019-04-25","Eastern","SH",0.402856479964223,0.677825655750353
"2019-04-25","Eastern","TG",1.34951753069065,1.94228676345132
"2019-04-25","Espace Mittelland","BE",6.83926905000613,10.2191147990519
"2019-04-25","Espace Mittelland","FR",1.64365465488833,2.30701359050126
"2019-04-25","Espace Mittelland","JU",0.350592455079034,0.497790430432717
"2019-04-25","Espace Mittelland","NE",1.10298024621335,1.65821381400733
"2019-04-25","Espace Mittelland","SO",1.30520276303351,2.02616951521344
"2019-04-25","Lake Geneva","GE",4.77096506005452,7.00471959437184
"2019-04-25","Lake Geneva","VD",5.79974380369592,8.63414544616583
"2019-04-25","Lake Geneva","VS",2.177552341474,2.83984580256556
"2019-04-25","Northwestern","AG",3.63357038277273,5.39072436222938
"2019-04-25","Northwestern","BL",1.33855048161053,2.06743112811425
"2019-04-25","Northwestern","BS",1.52000845923287,2.97793965200214
"2019-04-25","Ticino","TI",2.81448622247128,3.06338585861882
"2019-04-25","Zurich","ZH",11.8158603661417,21.3294328533527
"2019-04-26","9999","9999",0.0147596571017282,0.0429950085004361
"2019-04-26","Central","LU",4.5511629395156,4.88491272862978
"2019-04-26","Central","NW",0.372266877941767,0.410848745259503
"2019-04-26","Central","OW",0.230292644634443,0.242471455053052
"2019-04-26","Central","SZ",1.30962653581025,1.51016143691018
"2019-04-26","Central","UR",0.226880991094274,0.27299281286601
"2019-04-26","Central","ZG",1.28295037848288,1.71497402285771
"2019-04-26","Eastern","AI",0.0887638626816225,0.0818774509703956
"2019-04-26","Eastern","AR",0.217377590270491,0.248215452236114
"2019-04-26","Eastern","GL",0.229368459659244,0.297362315707759
"2019-04-26","Eastern","GR",1.46236102876969,1.65716018138795
"2019-04-26","Eastern","SG",3.75787824899033,4.92063427324161
"2019-04-26","Eastern","SH",0.495158150816614,0.747909219013514
"2019-04-26","Eastern","TG",1.61328909236832,2.1338779594331
"2019-04-26","Espace Mittelland","BE",9.1350172489192,11.7175843127018
"2019-04-26","Espace Mittelland","FR",2.12364643453277,2.77496242610127
"2019-04-26","Espace Mittelland","JU",0.421647309113506,0.559988743125047
"2019-04-26","Espace Mittelland","NE",1.28732605076831,1.8118742356915
"2019-04-26","Espace Mittelland","SO",1.58162413519513,2.21572142225449
"2019-04-26","Lake Geneva","GE",5.08093736880961,7.39667092878055
"2019-04-26","Lake Geneva","VD",7.32638194624519,9.9323227976869
"2019-04-26","Lake Geneva","VS",2.7478098289295,3.33376158401089
"2019-04-26","Northwestern","AG",4.81496511664886,6.20484249551866
"2019-04-26","Northwestern","BL",1.71676551024583,2.33172297483314
"2019-04-26","Northwestern","BS",1.79946729733826,3.08405065321824
"2019-04-26","Ticino","TI",2.92199150585972,2.96380058201306
"2019-04-26","Zurich","ZH",13.5426384187384,22.3949953130343
"2019-04-27","9999","9999",0.0137580053904583,0.0339541608631902
"2019-04-27","Central","LU",4.90244085107097,4.97321393976348
"2019-04-27","Central","NW",0.454615494724871,0.46312251844027
"2019-04-27","Central","OW",0.243820109926873,0.273026801015022
"2019-04-27","Central","SZ",1.65631692615249,1.75202110528101
"2019-04-27","Central","UR",0.253721096575131,0.302358573612553
"2019-04-27","Central","ZG",1.43684645346909,1.71052157533711
"2019-04-27","Eastern","AI",0.110080650970582,0.0984976558373626
"2019-04-27","Eastern","AR",0.235975320402706,0.256270643552006
"2019-04-27","Eastern","GL",0.292806906539766,0.362143727725017
"2019-04-27","Eastern","GR",1.71954152301835,1.91713553318229
"2019-04-27","Eastern","SG",4.77008487941221,5.49316464335216
"2019-04-27","Eastern","SH",0.582581488871899,0.832573698202911
"2019-04-27","Eastern","TG",2.08962600221317,2.48419381130188
"2019-04-27","Espace Mittelland","BE",9.32891651671601,11.5018615309214
"2019-04-27","Espace Mittelland","FR",2.15381147325907,2.69580402705185
"2019-04-27","Espace Mittelland","JU",0.495332875861098,0.599958806363397
"2019-04-27","Espace Mittelland","NE",1.53230153974399,2.01706069127817
"2019-04-27","Espace Mittelland","SO",1.93076433372418,2.49894466797317
"2019-04-27","Lake Geneva","GE",5.85520160252056,7.0040738195406
"2019-04-27","Lake Geneva","VD",8.75672350042097,10.779273482922
"2019-04-27","Lake Geneva","VS",2.84819378034214,3.37036682049703
"2019-04-27","Northwestern","AG",6.17409138913996,7.28637938523596
"2019-04-27","Northwestern","BL",2.14116653430579,2.50305723400365
"2019-04-27","Northwestern","BS",2.13898941043972,3.07507778187901
"2019-04-27","Ticino","TI",2.91388289397133,3.31510209020319
"2019-04-27","Zurich","ZH",17.0153368316693,22.6073532680625
"2019-04-28","9999","9999",0.0103504127645194,0.0245734317358224
"2019-04-28","Central","LU",1.24234066835607,1.42403546731326
"2019-04-28","Central","NW",0.110884171577237,0.0894568082001168
"2019-04-28","Central","OW",0.0740735426554613,0.0773570271517727
"2019-04-28","Central","SZ",0.295118592734464,0.361871822532919
"2019-04-28","Central","UR",0.0988101885495008,0.11080136577978
"2019-04-28","Central","ZG",0.225204354347982,0.382706557877399
"2019-04-28","Eastern","AI",0.0217179533570284,0.0183875886156015
"2019-04-28","Eastern","AR",0.0540846694038116,0.064985340911331
"2019-04-28","Eastern","GL",0.0623951012890105,0.100061110691924
"2019-04-28","Eastern","GR",0.505211243569536,0.625789799612671
"2019-04-28","Eastern","SG",0.682463750946174,1.18367127749896
"2019-04-28","Eastern","SH",0.12076448946435,0.246074198848346
"2019-04-28","Eastern","TG",0.313425354641852,0.477941351409591
"2019-04-28","Espace Mittelland","BE",2.09311130436851,3.29797206310104
"2019-04-28","Espace Mittelland","FR",0.44652745369709,0.826999641764909
"2019-04-28","Espace Mittelland","JU",0.081131850182246,0.135102892323505
"2019-04-28","Espace Mittelland","NE",0.249420983923334,0.438175217065314
"2019-04-28","Espace Mittelland","SO",0.299332756547757,0.536978766243786
"2019-04-28","Lake Geneva","GE",1.27571075133151,2.38420067690798
"2019-04-28","Lake Geneva","VD",1.55026717702399,2.85493654072698
"2019-04-28","Lake Geneva","VS",0.715461435947026,1.07467128361683
"2019-04-28","Northwestern","AG",0.91898887292662,1.70321412329949
"2019-04-28","Northwestern","BL",0.306177891531587,0.624838131440329
"2019-04-28","Northwestern","BS",0.419034238076959,1.07188425539783
"2019-04-28","Ticino","TI",1.13020347956753,1.3525583899406
"2019-04-28","Zurich","ZH",3.83337176059903,7.61079626755743
"2019-04-29","9999","9999",0.0115382595470635,0.0396641698972402
"2019-04-29","Central","LU",3.18581390141166,3.68329570845238
"2019-04-29","Central","NW",0.238692600685718,0.303718099573041
"2019-04-29","Central","OW",0.156444519920971,0.19753912205892
"2019-04-29","Central","SZ",0.828995641887155,1.09577792415341
"2019-04-29","Central","UR",0.129592956161389,0.183264099473795
"2019-04-29","Central","ZG",0.889057303482384,1.4709391129501
"2019-04-29","Eastern","AI",0.0369438049788116,0.0463938234016563
"2019-04-29","Eastern","AR",0.138524774496199,0.189823812233151
"2019-04-29","Eastern","GL",0.151765081852661,0.22901214804422
"2019-04-29","Eastern","GR",1.08617498090949,1.45037628279771
"2019-04-29","Eastern","SG",2.56011531304693,3.91026856755586
"2019-04-29","Eastern","SH",0.358254613111434,0.634898623547941
"2019-04-29","Eastern","TG",1.08781609934135,1.69838780613976
"2019-04-29","Espace Mittelland","BE",5.59130427389841,9.13540266779779
"2019-04-29","Espace Mittelland","FR",1.41931159812729,2.21337623997265
"2019-04-29","Espace Mittelland","JU",0.274409038393641,0.435660094038411
"2019-04-29","Espace Mittelland","NE",0.871605080108934,1.50968560282401
"2019-04-29","Espace Mittelland","SO",0.959979815572386,1.68200551831587
"2019-04-29","Lake Geneva","GE",4.66844980222662,7.16871241335571
"2019-04-29","Lake Geneva","VD",5.0946140345188,8.37930230487234
"2019-04-29","Lake Geneva","VS",1.87479898719311,2.57902074704592
"2019-04-29","Northwestern","AG",3.11514924758524,5.0337128450052
"2019-04-29","Northwestern","BL",1.2048071066328,1.97545919688723
"2019-04-29","Northwestern","BS",1.30788765781924,2.74026052595981
"2019-04-29","Ticino","TI",2.42075323051112,2.76673729404031
"2019-04-29","Zurich","ZH",10.2700560946966,19.868010422126
"2019-04-30","9999","9999",0.013252513595281,0.0416694706889602
"2019-04-30","Central","LU",3.09402251556469,3.7006296644486
"2019-04-30","Central","NW",0.251700409933432,0.30755876041142
"2019-04-30","Central","OW",0.158160136744649,0.196247572396457
"2019-04-30","Central","SZ",0.860349627798022,1.11827807879948
"2019-04-30","Central","UR",0.136646685859114,0.189891788531175
"2019-04-30","Central","ZG",0.949478823951564,1.53320540194045
"2019-04-30","Eastern","AI",0.0524609224430505,0.0587994977911102
"2019-04-30","Eastern","AR",0.146189575843069,0.195805726459298
"2019-04-30","Eastern","GL",0.164257902953212,0.240806035751454
"2019-04-30","Eastern","GR",1.10375532084028,1.44385055818737
"2019-04-30","Eastern","SG",2.69080873388851,4.06141386621313
"2019-04-30","Eastern","SH",0.448663263537,0.760076976359883
"2019-04-30","Eastern","TG",1.38409633675892,2.0441832341899
"2019-04-30","Espace Mittelland","BE",5.74802334608235,9.32950898680648
"2019-04-30","Espace Mittelland","FR",1.42917524551115,2.24236813108005
"2019-04-30","Espace Mittelland","JU",0.35376565424185,0.520494513972868
"2019-04-30","Espace Mittelland","NE",0.971832523808813,1.65022659898946
"2019-04-30","Espace Mittelland","SO",1.11739627243396,1.83046575320117
"2019-04-30","Lake Geneva","GE",4.83325605782964,7.42637657101722
"2019-04-30","Lake Geneva","VD",5.18010161268929,8.5179059765441
"2019-04-30","Lake Geneva","VS",1.96678967111909,2.64505972057663
"2019-04-30","Northwestern","AG",3.44285631674445,5.32920581251729
"2019-04-30","Northwestern","BL",1.50076860731753,2.36910993874656
"2019-04-30","Northwestern","BS",1.47547480555749,2.95292437432916
"2019-04-30","Ticino","TI",2.55870335627356,3.05835561256501
"2019-04-30","Zurich","ZH",12.3161093761548,22.53621607218
"2019-05-01","9999","9999",0.014036050744542,0.0404798854735331
"2019-05-01","Central","LU",3.56554778245751,4.31374188447972
"2019-05-01","Central","NW",0.27011292008371,0.344741795430769
"2019-05-01","Central","OW",0.176794908523638,0.2398203794301
"2019-05-01","Central","SZ",1.11871663738194,1.41370307001355
"2019-05-01","Central","UR",0.146486187054787,0.211168369812814
"2019-05-01","Central","ZG",1.25468336485881,1.89606288079472
"2019-05-01","Eastern","AI",0.0801852968925974,0.0861599577459331
"2019-05-01","Eastern","AR",0.175900630204155,0.229284053236318
"2019-05-01","Eastern","GL",0.185817230029884,0.27778514187673
"2019-05-01","Eastern","GR",1.14848343630818,1.58690667737973
"2019-05-01","Eastern","SG",3.89354733925786,5.36397568895677
"2019-05-01","Eastern","SH",0.150513607553805,0.305757388513773
"2019-05-01","Eastern","TG",0.344245273549115,0.581707170343844
"2019-05-01","Espace Mittelland","BE",6.92714818946058,10.4734481181102
"2019-05-01","Espace Mittelland","FR",1.52027968287761,2.3514021131112
"2019-05-01","Espace Mittelland","JU",0.0863823694887858,0.171776105107671
"2019-05-01","Espace Mittelland","NE",0.273094465241368,0.575487339074611
"2019-05-01","Espace Mittelland","SO",0.713269462527663,1.23064289943383
"2019-05-01","Lake Geneva","GE",5.38799974860709,7.66687671342756
"2019-05-01","Lake Geneva","VD",6.35749225380611,9.65243039057142
"2019-05-01","Lake Geneva","VS",2.07789502741914,2.85881118971437
"2019-05-01","Northwestern","AG",4.6573957822264,6.32342714742224
"2019-05-01","Northwestern","BL",0.366097272319939,0.824756423930104
"2019-05-01","Northwestern","BS",0.448659715621578,1.21742150946808
"2019-05-01","Ticino","TI",1.16225185048362,1.40517204461148
"2019-05-01","Zurich","ZH",3.61472699278372,8.42243326596882
"2019-05-02","9999","9999",0.0125358425120601,0.0381686913407033
"2019-05-02","Central","LU",3.46383844967343,4.01892867994788
"2019-05-02","Central","NW",0.270689354523244,0.325028669003692
"2019-05-02","Central","OW",0.180382704708053,0.211100393514789
"2019-05-02","Central","SZ",0.848534760076743,1.12103111886947
"2019-05-02","Central","UR",0.149357468796838,0.202059545877543
"2019-05-02","Central","ZG",1.03549591087671,1.64186551433246
"2019-05-02","Eastern","AI",0.0579181293610455,0.0626741467785013
"2019-05-02","Eastern","AR",0.146839913439166,0.203487048136056
"2019-05-02","Eastern","GL",0.155225149165858,0.24274336024515
"2019-05-02","Eastern","GR",1.06953042912542,1.44456430931663
"2019-05-02","Eastern","SG",2.82012159270059,4.20984011294942
"2019-05-02","Eastern","SH",0.408357150804149,0.703588672701602
"2019-05-02","Eastern","TG",1.32143281569652,1.93117263872433
"2019-05-02","Espace Mittelland","BE",6.11101894928704,9.85625732019759
"2019-05-02","Espace Mittelland","FR",1.52740540862946,2.34943080046849
"2019-05-02","Espace Mittelland","JU",0.339342164084376,0.511045808547476
"2019-05-02","Espace Mittelland","NE",1.07650510218237,1.78332419052125
"2019-05-02","Espace Mittelland","SO",1.23457749263468,1.98820475276681
"2019-05-02","Lake Geneva","GE",5.40487122991742,7.77023467457367
"2019-05-02","Lake Geneva","VD",5.42229840641776,8.69715947443445
"2019-05-02","Lake Geneva","VS",1.94117278584242,2.6742215524291
"2019-05-02","Northwestern","AG",3.40315343970185,5.34052386613835
"2019-05-02","Northwestern","BL",1.39651428744561,2.15260542953883
"2019-05-02","Northwestern","BS",1.50175255861191,3.01243762324953
"2019-05-02","Ticino","TI",2.69978606422447,3.04108963286681
"2019-05-02","Zurich","ZH",11.7875770931966,21.6358700048467
"2019-05-03","9999","9999",0.0162194989852355,0.0419073877320456
"2019-05-03","Central","LU",4.46023773845031,4.7559956794265
"2019-05-03","Central","NW",0.339505795040129,0.392631097388962
"2019-05-03","Central","OW",0.201465718265276,0.239582462387015
"2019-05-03","Central","SZ",1.11975611002825,1.35663696782206
"2019-05-03","Central","UR",0.208011633967111,0.263646071887654
"2019-05-03","Central","ZG",1.34883165520001,1.88844953541599
"2019-05-03","Eastern","AI",0.0785852105333599,0.0754536908070894
"2019-05-03","Eastern","AR",0.205215422356011,0.240194249069235
"2019-05-03","Eastern","GL",0.216148981620807,0.303412206231931
"2019-05-03","Eastern","GR",1.28299142621959,1.69189606967842
"2019-05-03","Eastern","SG",3.48305074062989,4.79824294864866
"2019-05-03","Eastern","SH",0.476314525866314,0.757663817780016
"2019-05-03","Eastern","TG",1.55129430245471,2.08779002937256
"2019-05-03","Espace Mittelland","BE",7.76916505688489,11.2509950030623
"2019-05-03","Espace Mittelland","FR",1.98356914942178,2.78896554349429
"2019-05-03","Espace Mittelland","JU",0.401547397074004,0.570389116722781
"2019-05-03","Espace Mittelland","NE",1.21781752786681,1.89517918892041
"2019-05-03","Espace Mittelland","SO",1.41758104168183,2.13697088099322
"2019-05-03","Lake Geneva","GE",5.74916633483933,8.32770829467181
"2019-05-03","Lake Geneva","VD",7.24714015989358,10.4957443438622
"2019-05-03","Lake Geneva","VS",2.62124754049868,3.32298734077402
"2019-05-03","Northwestern","AG",4.3571210228059,6.24277326981628
"2019-05-03","Northwestern","BL",1.67015601668283,2.4012627277121
"2019-05-03","Northwestern","BS",1.75352762749404,3.25925956137614
"2019-05-03","Ticino","TI",2.78476460660038,3.10549717524494
"2019-05-03","Zurich","ZH",13.8304148746284,23.2766818865598
"2019-05-04","9999","9999",0.0157454567582203,0.0353476749726905
"2019-05-04","Central","LU",4.61811615661277,4.88052825740721
"2019-05-04","Central","NW",0.473777284668877,0.464550020698783
"2019-05-04","Central","OW",0.225955693968987,0.26327220224852
"2019-05-04","Central","SZ",1.45410802142285,1.56420259383958
"2019-05-04","Central","UR",0.22375733351866,0.278226987813889
"2019-05-04","Central","ZG",1.52905577278792,1.74950598225411
"2019-05-04","Eastern","AI",0.0983438961289098,0.0876894244514823
"2019-05-04","Eastern","AR",0.215656479268737,0.248929203365371
"2019-05-04","Eastern","GL",0.239545134216681,0.318265027350264
"2019-05-04","Eastern","GR",1.48971293867228,1.74437377175327
"2019-05-04","Eastern","SG",4.43478209535632,5.08911352789509
"2019-05-04","Eastern","SH",0.587935383312338,0.823396897969616
"2019-05-04","Eastern","TG",1.90090581765985,2.36156456966585
"2019-05-04","Espace Mittelland","BE",8.98300185497628,11.2415462976369
"2019-05-04","Espace Mittelland","FR",2.14355157933008,2.79341799101489
"2019-05-04","Espace Mittelland","JU",0.453969382515905,0.574467694604245
"2019-05-04","Espace Mittelland","NE",1.53112764182981,2.08143424550728
"2019-05-04","Espace Mittelland","SO",1.78810272117398,2.36387576379868
"2019-05-04","Lake Geneva","GE",6.31957142497484,7.63822470381028
"2019-05-04","Lake Geneva","VD",9.01488290604442,11.3962943400895
"2019-05-04","Lake Geneva","VS",2.83790311040067,3.36825955525827
"2019-05-04","Northwestern","AG",5.93973858215126,7.186216310097
"2019-05-04","Northwestern","BL",2.06256692456161,2.52746072499441
"2019-05-04","Northwestern","BS",2.19589924260112,3.29158229108674
"2019-05-04","Ticino","TI",3.11125918937017,3.40931723926501
"2019-05-04","Zurich","ZH",17.2172192733558,23.1081346556083
"2019-05-05","9999","9999",0.0112896783382733,0.0261708747393959
"2019-05-05","Central","LU",1.53013862711972,1.44898276868821
"2019-05-05","Central","NW",0.0961372141330294,0.0881312703886409
"2019-05-05","Central","OW",0.062469799397925,0.0737542833564793
"2019-05-05","Central","SZ",0.260084827211643,0.345115665069903
"2019-05-05","Central","UR",0.0587719355989755,0.100197063287973
"2019-05-05","Central","ZG",0.206512279427302,0.398443070870049
"2019-05-05","Eastern","AI",0.0181302511571285,0.0144789514791982
"2019-05-05","Eastern","AR",0.0514034047699577,0.0625721823314647
"2019-05-05","Eastern","GL",0.0607569942776393,0.0953027698302156
"2019-05-05","Eastern","GR",0.361840380796744,0.510637950759329
"2019-05-05","Eastern","SG",0.636842246095655,1.11722444618011
"2019-05-05","Eastern","SH",0.135674611857759,0.242811336543174
"2019-05-05","Eastern","TG",0.327697067640463,0.475698133574785
"2019-05-05","Espace Mittelland","BE",2.08525381518682,3.16086386998581
"2019-05-05","Espace Mittelland","FR",0.492366986957146,0.876112517087542
"2019-05-05","Espace Mittelland","JU",0.0774806536107635,0.136292477538932
"2019-05-05","Espace Mittelland","NE",0.254161621574665,0.47284312905776
"2019-05-05","Espace Mittelland","SO",0.288770569259936,0.535143406197127
"2019-05-05","Lake Geneva","GE",1.36886334231404,2.69991659308232
"2019-05-05","Lake Geneva","VD",1.82057771912953,3.14458354660897
"2019-05-05","Lake Geneva","VS",0.638602290182538,0.963665988942975
"2019-05-05","Northwestern","AG",0.985427219357276,1.77285584062549
"2019-05-05","Northwestern","BL",0.322411347217224,0.655597406296373
"2019-05-05","Northwestern","BS",0.480972194771456,1.25861514607087
"2019-05-05","Ticino","TI",1.19193321357017,1.26395128546578
"2019-05-05","Zurich","ZH",3.39958987977411,7.59648725682329
"2019-05-06","9999","9999",0.0120498133434256,0.0372849994663861
"2019-05-06","Central","LU",2.77802137432639,3.71592433150409
"2019-05-06","Central","NW",0.230128759137297,0.313302757594482
"2019-05-06","Central","OW",0.146584365628239,0.212154026134168
"2019-05-06","Central","SZ",0.750872467059084,1.04435385469794
"2019-05-06","Central","UR",0.132578808942628,0.197641086505957
"2019-05-06","Central","ZG",0.844799498273068,1.50118856557096
"2019-05-06","Eastern","AI",0.0384877081784898,0.0492488279186813
"2019-05-06","Eastern","AR",0.115594256429315,0.182754277238612
"2019-05-06","Eastern","GL",0.129288379762069,0.21619861586662
"2019-05-06","Eastern","GR",0.884304400851912,1.33311716870562
"2019-05-06","Eastern","SG",2.24899774815845,3.76755232985363
"2019-05-06","Eastern","SH",0.317014928699999,0.608285902871387
"2019-05-06","Eastern","TG",1.0158487183275,1.66484150306471
"2019-05-06","Espace Mittelland","BE",5.2424406874596,9.00940859940956
"2019-05-06","Espace Mittelland","FR",1.37360917260979,2.19311930316137
"2019-05-06","Espace Mittelland","JU",0.260548985400551,0.423866206331176
"2019-05-06","Espace Mittelland","NE",0.799739257195034,1.47681906272921
"2019-05-06","Espace Mittelland","SO",0.901574642793154,1.65267374571834
"2019-05-06","Lake Geneva","GE",4.39944291932161,7.24736099016995
"2019-05-06","Lake Geneva","VD",4.96423916635704,8.4126106909043
"2019-05-06","Lake Geneva","VS",1.7720410613488,2.54115794904633
"2019-05-06","Northwestern","AG",2.8763110531385,4.89065672581284
"2019-05-06","Northwestern","BL",1.09955910806926,1.92563257043534
"2019-05-06","Northwestern","BS",1.29252471020296,2.78301761741716
"2019-05-06","Ticino","TI",2.12152651590786,2.54193967647361
"2019-05-06","Zurich","ZH",10.217700842176,21.4170543015061
"2019-05-07","9999","9999",0.0139056315665977,0.0416014943909358
"2019-05-07","Central","LU",2.85214485408722,3.74573193818779
"2019-05-07","Central","NW",0.235169270046203,0.309530073054127
"2019-05-07","Central","OW",0.142603440051744,0.206240088206044
"2019-05-07","Central","SZ",0.750441681204864,1.03075859509306
"2019-05-07","Central","UR",0.142032640767059,0.19383441381659
"2019-05-07","Central","ZG",0.898986328844133,1.54853405714495
"2019-05-07","Eastern","AI",0.0519944538014948,0.0586295570460492
"2019-05-07","Eastern","AR",0.141321197572457,0.183909874305027
"2019-05-07","Eastern","GL",0.137464253234664,0.224967558311768
"2019-05-07","Eastern","GR",0.851300818322776,1.30477105242944
"2019-05-07","Eastern","SG",2.39140616251057,3.83399916117248
"2019-05-07","Eastern","SH",0.357756021346029,0.624940095887366
"2019-05-07","Eastern","TG",1.04289712873666,1.66348197710422
"2019-05-07","Espace Mittelland","BE",5.2800176387004,9.08302693016999
"2019-05-07","Espace Mittelland","FR",1.33894002001095,2.16021877491756
"2019-05-07","Espace Mittelland","JU",0.279483618689051,0.435082295505203
"2019-05-07","Espace Mittelland","NE",0.839260697132408,1.51237066659597
"2019-05-07","Espace Mittelland","SO",0.95335613160083,1.69458113345039
"2019-05-07","Lake Geneva","GE",4.46059738977513,7.53085614108073
"2019-05-07","Lake Geneva","VD",4.90858933367317,8.25837247068692
"2019-05-07","Lake Geneva","VS",1.80815961180198,2.57538401510161
"2019-05-07","Northwestern","AG",2.95683922512008,4.93290399503501
"2019-05-07","Northwestern","BL",1.07672820967171,1.90942022335652
"2019-05-07","Northwestern","BS",1.32537211788116,2.78855768570615
"2019-05-07","Ticino","TI",1.9228898020172,2.46957890722663
"2019-05-07","Zurich","ZH",10.1527728347253,21.483501132825
"2019-05-08","9999","9999",0.0145557498654935,0.0451022737391926
"2019-05-08","Central","LU",3.17239153430256,4.04897420367466
"2019-05-08","Central","NW",0.26413028098938,0.335089161111304
"2019-05-08","Central","OW",0.170643743446758,0.222894281222023
"2019-05-08","Central","SZ",0.820542420112292,1.08361016680704
"2019-05-08","Central","UR",0.150244435904298,0.201481747344336
"2019-05-08","Central","ZG",0.994745188733965,1.6049203963562
"2019-05-08","Eastern","AI",0.066183378190902,0.0660729616797215
"2019-05-08","Eastern","AR",0.14125733901088,0.200020256936811
"2019-05-08","Eastern","GL",0.155621998778303,0.237135315658136
"2019-05-08","Eastern","GR",0.908019615210402,1.37838938318987
"2019-05-08","Eastern","SG",2.72048161878865,4.10345720654122
"2019-05-08","Eastern","SH",0.36002779936626,0.631567784944745
"2019-05-08","Eastern","TG",1.17127199859797,1.75399241792372
"2019-05-08","Espace Mittelland","BE",5.57869084325362,9.25612857308914
"2019-05-08","Espace Mittelland","FR",1.46491757986883,2.28430950696111
"2019-05-08","Espace Mittelland","JU",0.301865885922685,0.472061401630479
"2019-05-08","Espace Mittelland","NE",0.8891485154537,1.54676667339632
"2019-05-08","Espace Mittelland","SO",1.02996329704992,1.75110342525768
"2019-05-08","Lake Geneva","GE",4.89894787351362,7.79939650642614
"2019-05-08","Lake Geneva","VD",5.27035872874932,8.51858573952434
"2019-05-08","Lake Geneva","VS",1.93410829491778,2.65321687633956
"2019-05-08","Northwestern","AG",3.2268176807757,5.13639104317107
"2019-05-08","Northwestern","BL",1.16511944333348,1.96815174484961
"2019-05-08","Northwestern","BS",1.31983950405437,2.79440364733625
"2019-05-08","Ticino","TI",2.05211318757147,2.55516106643935
"2019-05-08","Zurich","ZH",10.8782492605367,21.5318322807204
"2019-05-09","9999","9999",0.0157138583812435,0.0435048307356191
"2019-05-09","Central","LU",3.40960161542463,4.13197326356246
"2019-05-09","Central","NW",0.244444358988154,0.324484858619497
"2019-05-09","Central","OW",0.174565901289545,0.22330213901017
"2019-05-09","Central","SZ",0.834995742521074,1.10726591851953
"2019-05-09","Central","UR",0.150219248054414,0.21449920841601
"2019-05-09","Central","ZG",1.00791937015244,1.63211091556596
"2019-05-09","Eastern","AI",0.0539855000769361,0.0571680666385245
"2019-05-09","Eastern","AR",0.139466311362387,0.197709062803981
"2019-05-09","Eastern","GL",0.156611514739139,0.239854367579113
"2019-05-09","Eastern","GR",0.934079555236455,1.39154279685759
"2019-05-09","Eastern","SG",2.72804465448643,4.11103656377094
"2019-05-09","Eastern","SH",0.391883960202148,0.65848639896241
"2019-05-09","Eastern","TG",1.17669351489659,1.77346762730771
"2019-05-09","Espace Mittelland","BE",6.07781883730606,9.75198167902816
"2019-05-09","Espace Mittelland","FR",1.51058447532383,2.32757642065365
"2019-05-09","Espace Mittelland","JU",0.323761074493939,0.483787313039689
"2019-05-09","Espace Mittelland","NE",0.976750643383721,1.64206944322654
"2019-05-09","Espace Mittelland","SO",1.15109669139774,1.88817763022389
"2019-05-09","Lake Geneva","GE",5.268422506774,8.00736999023181
"2019-05-09","Lake Geneva","VD",5.33031152103258,8.5780650002957
"2019-05-09","Lake Geneva","VS",1.8469921609122,2.57664157661507
"2019-05-09","Northwestern","AG",3.30490408024645,5.31238167875625
"2019-05-09","Northwestern","BL",1.19841598342633,2.01104478890301
"2019-05-09","Northwestern","BS",1.47176612570733,2.93820750580688
"2019-05-09","Ticino","TI",2.19706327214128,2.76983021560042
"2019-05-09","Zurich","ZH",11.4101909335747,22.6563981670871
"2019-05-10","9999","9999",0.0162543084997907,0.0464617996996807
"2019-05-10","Central","LU",4.42366595159201,4.95135955994864
"2019-05-10","Central","NW",0.360398454711312,0.413057974945296
"2019-05-10","Central","OW",0.23661036593509,0.259431541410141
"2019-05-10","Central","SZ",1.10361145796074,1.34463915122075
"2019-05-10","Central","UR",0.215393283467943,0.26096100811569
"2019-05-10","Central","ZG",1.34774825262522,1.90180687797779
"2019-05-10","Eastern","AI",0.0809110257334026,0.080755842052993
"2019-05-10","Eastern","AR",0.197497930940704,0.230847508090879
"2019-05-10","Eastern","GL",0.195560647723573,0.293317725975307
"2019-05-10","Eastern","GR",1.23687511639639,1.63540776602014
"2019-05-10","Eastern","SG",3.40477354476267,4.73437921665474
"2019-05-10","Eastern","SH",0.467749325458454,0.754231014729784
"2019-05-10","Eastern","TG",1.44816747564294,2.05876415011614
"2019-05-10","Espace Mittelland","BE",7.91591830876965,11.436740237414
"2019-05-10","Espace Mittelland","FR",2.06504085152445,2.87665496794578
"2019-05-10","Espace Mittelland","JU",0.431508528564069,0.594520702521445
"2019-05-10","Espace Mittelland","NE",1.25764570976336,1.90401610766358
"2019-05-10","Espace Mittelland","SO",1.39465378174478,2.14087951812962
"2019-05-10","Lake Geneva","GE",5.96900249343658,8.48891408543669
"2019-05-10","Lake Geneva","VD",7.3533041746116,10.581598408267
"2019-05-10","Lake Geneva","VS",2.60400530985878,3.38661315572486
"2019-05-10","Northwestern","AG",4.29232320740389,6.26768658304222
"2019-05-10","Northwestern","BL",1.59184475926115,2.36958577283273
"2019-05-10","Northwestern","BS",1.72911428832985,3.19192903818297
"2019-05-10","Ticino","TI",2.52686611373723,2.97759977051202
"2019-05-10","Zurich","ZH",14.0393062663075,25.2422505320845
"2019-05-11","9999","9999",0.0155281958888847,0.0353816631217027
"2019-05-11","Central","LU",4.93220003333552,5.37464796774661
"2019-05-11","Central","NW",0.488933983268101,0.536536920306627
"2019-05-11","Central","OW",0.289257330724579,0.298279995731088
"2019-05-11","Central","SZ",1.54190485785475,1.74651502514103
"2019-05-11","Central","UR",0.245704221404929,0.298619877221211
"2019-05-11","Central","ZG",1.57556950787872,1.87981654556689
"2019-05-11","Eastern","AI",0.108001823158604,0.101590577397473
"2019-05-11","Eastern","AR",0.216101758318296,0.259941363645324
"2019-05-11","Eastern","GL",0.260893422982081,0.352083235617405
"2019-05-11","Eastern","GR",1.4845482507236,1.83590385704313
"2019-05-11","Eastern","SG",4.58113339896872,5.42433864160245
"2019-05-11","Eastern","SH",0.593259183128031,0.866697799811162
"2019-05-11","Eastern","TG",1.98962221816166,2.53854086157239
"2019-05-11","Espace Mittelland","BE",9.34226321062685,11.8726382484955
"2019-05-11","Espace Mittelland","FR",2.36307093179306,3.01155393137521
"2019-05-11","Espace Mittelland","JU",0.494597458783258,0.637311782127808
"2019-05-11","Espace Mittelland","NE",1.65359787974381,2.20579688274293
"2019-05-11","Espace Mittelland","SO",1.88976282565257,2.59200421996858
"2019-05-11","Lake Geneva","GE",6.66021156219662,7.95030388804032
"2019-05-11","Lake Geneva","VD",9.11173220951559,11.5414237363716
"2019-05-11","Lake Geneva","VS",3.0169418600476,3.68625267741644
"2019-05-11","Northwestern","AG",6.22178517421461,7.82522749967541
"2019-05-11","Northwestern","BL",2.16227104682071,2.72438806037111
"2019-05-11","Northwestern","BS",2.18111912037136,3.24314917874436
"2019-05-11","Ticino","TI",3.12556747017696,3.45764838716036
"2019-05-11","Zurich","ZH",18.9690658311673,25.5128301863706
"2019-05-12","9999","9999",0.014131605583631,0.0305213578129578
"2019-05-12","Central","LU",1.51455941330355,1.66134072371645
"2019-05-12","Central","NW",0.160968268725004,0.135204856770541
"2019-05-12","Central","OW",0.101037676367277,0.093195504591459
"2019-05-12","Central","SZ",0.359597091832469,0.441709984562583
"2019-05-12","Central","UR",0.079931895061418,0.104853439702644
"2019-05-12","Central","ZG",0.275402885474187,0.461796980628794
"2019-05-12","Eastern","AI",0.0273150288126956,0.019645150129053
"2019-05-12","Eastern","AR",0.0755896734311068,0.0786145886652242
"2019-05-12","Eastern","GL",0.054795047440583,0.101964447036607
"2019-05-12","Eastern","GR",0.469635120825728,0.56219797281084
"2019-05-12","Eastern","SG",0.837183051958904,1.30324158572389
"2019-05-12","Eastern","SH",0.160151370989119,0.283597115357817
"2019-05-12","Eastern","TG",0.381769252767933,0.539018055184518
"2019-05-12","Espace Mittelland","BE",2.5012879265844,3.65705685741496
"2019-05-12","Espace Mittelland","FR",0.656967714091056,0.977091307802795
"2019-05-12","Espace Mittelland","JU",0.117176567967249,0.163381032301657
"2019-05-12","Espace Mittelland","NE",0.338389059290863,0.540241628548958
"2019-05-12","Espace Mittelland","SO",0.418209324245193,0.666915459917436
"2019-05-12","Lake Geneva","GE",1.69200761993549,2.8380104425189
"2019-05-12","Lake Geneva","VD",2.02456696076914,3.31965650217082
"2019-05-12","Lake Geneva","VS",0.843722553217625,1.12133701221058
"2019-05-12","Northwestern","AG",1.1947950107083,1.98500986675966
"2019-05-12","Northwestern","BL",0.39128037598599,0.722588047999424
"2019-05-12","Northwestern","BS",0.507321301652474,1.17476638245776
"2019-05-12","Ticino","TI",1.20186179250548,1.29505044181195
"2019-05-12","Zurich","ZH",4.25898246717707,8.31829357739543
"2019-05-13","9999","9999",0.0121631273397323,0.0390523832150206
"2019-05-13","Central","LU",3.97811045441564,3.75929320964366
"2019-05-13","Central","NW",0.222278079916889,0.304091969212175
"2019-05-13","Central","OW",0.149720859922124,0.213377599498607
"2019-05-13","Central","SZ",0.740495801286849,1.07980349411767
"2019-05-13","Central","UR",0.134783344958761,0.195397868671152
"2019-05-13","Central","ZG",0.839408100095325,1.48215520212412
"2019-05-13","Eastern","AI",0.0400220406217754,0.0529195480119992
"2019-05-13","Eastern","AR",0.11504874289505,0.184691601732308
"2019-05-13","Eastern","GL",0.135720339240081,0.217932011466242
"2019-05-13","Eastern","GR",0.86498663185804,1.30164414272032
"2019-05-13","Eastern","SG",2.14533625910782,3.67408492007007
"2019-05-13","Eastern","SH",0.322856461793883,0.593127188411945
"2019-05-13","Eastern","TG",0.98196914529899,1.62222036420341
"2019-05-13","Espace Mittelland","BE",4.98853229149515,8.84810084419765
"2019-05-13","Espace Mittelland","FR",1.24366785109737,2.08643050341207
"2019-05-13","Espace Mittelland","JU",0.245411812084213,0.410678804514442
"2019-05-13","Espace Mittelland","NE",0.755445506824946,1.43130893120187
"2019-05-13","Espace Mittelland","SO",0.849134208974263,1.60362884669373
"2019-05-13","Lake Geneva","GE",4.18311065223346,7.14012838003645
"2019-05-13","Lake Geneva","VD",4.5533111161512,8.01909590164102
"2019-05-13","Lake Geneva","VS",1.65891699599787,2.47324962731995
"2019-05-13","Northwestern","AG",2.68823563368278,4.78464768904378
"2019-05-13","Northwestern","BL",1.03638465977392,1.90748289886282
"2019-05-13","Northwestern","BS",1.23250548653204,2.75066089955754
"2019-05-13","Ticino","TI",1.84881563671433,2.45985829660914
"2019-05-13","Zurich","ZH",9.72472802712246,21.2770911038739
"2019-05-14","9999","9999",0.0131897319395999,0.0431989373945093
"2019-05-14","Central","LU",2.99496024879925,3.69522554875566
"2019-05-14","Central","NW",0.234408351836763,0.304669767745383
"2019-05-14","Central","OW",0.167818619849388,0.209536938660228
"2019-05-14","Central","SZ",0.782287781781679,1.10128400429338
"2019-05-14","Central","UR",0.149192729607018,0.202331451069641
"2019-05-14","Central","ZG",0.948942540479826,1.52066377495495
"2019-05-14","Eastern","AI",0.0526782303046433,0.0603629526456715
"2019-05-14","Eastern","AR",0.129022716867769,0.186391009182918
"2019-05-14","Eastern","GL",0.136216385591552,0.223574044202268
"2019-05-14","Eastern","GR",0.834034602051572,1.28706322679408
"2019-05-14","Eastern","SG",2.33274516388289,3.77142697884102
"2019-05-14","Eastern","SH",0.334627967409789,0.607470187295094
"2019-05-14","Eastern","TG",1.00253323902353,1.63190698667189
"2019-05-14","Espace Mittelland","BE",5.69755446458418,9.32910112901833
"2019-05-14","Espace Mittelland","FR",1.31323992711078,2.09295622802241
"2019-05-14","Espace Mittelland","JU",0.265543737598964,0.427672879020543
"2019-05-14","Espace Mittelland","NE",0.808612832543009,1.47165286407935
"2019-05-14","Espace Mittelland","SO",0.989406300487674,1.7313902988306
"2019-05-14","Lake Geneva","GE",4.25953863620567,7.11586084164174
"2019-05-14","Lake Geneva","VD",4.75004911963589,8.00053837228035
"2019-05-14","Lake Geneva","VS",1.75779528807618,2.53847288527436
"2019-05-14","Northwestern","AG",3.08546027958506,5.07147367855776
"2019-05-14","Northwestern","BL",1.09325300952024,1.90133104389162
"2019-05-14","Northwestern","BS",1.31270735602736,2.8056877128083
"2019-05-14","Ticino","TI",1.79815737641946,2.4530606668067
"2019-05-14","Zurich","ZH",10.5320475700897,21.6559909890619
"2019-05-15","9999","9999",0.0143429375965106,0.0451362618882048
"2019-05-15","Central","LU",3.35421382331523,4.01685540285813
"2019-05-15","Central","NW",0.239308821903054,0.320576221483093
"2019-05-15","Central","OW",0.169207444684132,0.219121596681669
"2019-05-15","Central","SZ",0.860791441168609,1.16076326506474
"2019-05-15","Central","UR",0.148798715194093,0.208041460103691
"2019-05-15","Central","ZG",0.928673937984874,1.57103421179103
"2019-05-15","Eastern","AI",0.0565704070873064,0.0620623600962816
"2019-05-15","Eastern","AR",0.153016426922809,0.203181154794946
"2019-05-15","Eastern","GL",0.141909235183509,0.224593688672634
"2019-05-15","Eastern","GR",0.926014352445697,1.34834385946308
"2019-05-15","Eastern","SG",2.5165245590132,3.97355450101659
"2019-05-15","Eastern","SH",0.359204307050275,0.634762670951893
"2019-05-15","Eastern","TG",1.08491209140815,1.72778755503531
"2019-05-15","Espace Mittelland","BE",5.84065566620479,9.45475531591645
"2019-05-15","Espace Mittelland","FR",1.39938263608761,2.22469429359371
"2019-05-15","Espace Mittelland","JU",0.284037039187513,0.450580891454768
"2019-05-15","Espace Mittelland","NE",0.876707354507948,1.52195532461741
"2019-05-15","Espace Mittelland","SO",1.00473754791042,1.7717682198571
"2019-05-15","Lake Geneva","GE",4.75364606756241,7.34507691858003
"2019-05-15","Lake Geneva","VD",5.26651265920306,8.58798953980726
"2019-05-15","Lake Geneva","VS",1.88975806768653,2.66402510772544
"2019-05-15","Northwestern","AG",3.10115521183469,5.11946494496299
"2019-05-15","Northwestern","BL",1.15275966906126,1.96889948412787
"2019-05-15","Northwestern","BS",1.35092738064449,2.89572231954162
"2019-05-15","Ticino","TI",1.90250600975167,2.5817397989669
"2019-05-15","Zurich","ZH",11.0357758868294,22.0745890322962
"2019-05-16","9999","9999",0.0143029628496797,0.045340190782278
"2019-05-16","Central","LU",3.27570692537857,4.05934058912338
"2019-05-16","Central","NW",0.248436954308532,0.318604908840386
"2019-05-16","Central","OW",0.168452854765334,0.22391392569239
"2019-05-16","Central","SZ",0.848246842432616,1.15226622781169
"2019-05-16","Central","UR",0.159337915436078,0.216708438101803
"2019-05-16","Central","ZG",0.98761339314889,1.6160685092322
"2019-05-16","Eastern","AI",0.0589118667929907,0.0660729616797215
"2019-05-16","Eastern","AR",0.139904240039708,0.200258173979897
"2019-05-16","Eastern","GL",0.147850239137919,0.237305256403197
"2019-05-16","Eastern","GR",0.956548429200194,1.38919761457575
"2019-05-16","Eastern","SG",2.6567425389424,4.03143631878437
"2019-05-16","Eastern","SH",0.364310681523733,0.638365414747186
"2019-05-16","Eastern","TG",1.13804844531266,1.75161324749286
"2019-05-16","Espace Mittelland","BE",5.87984955836109,9.64274376810294
"2019-05-16","Espace Mittelland","FR",1.38521935380657,2.21976601198694
"2019-05-16","Espace Mittelland","JU",0.299387580847878,0.461321146542623
"2019-05-16","Espace Mittelland","NE",0.940410696742568,1.59666127614623
"2019-05-16","Espace Mittelland","SO",1.08158271347837,1.85140245299269
"2019-05-16","Lake Geneva","GE",4.84541107117296,7.68458453906292
"2019-05-16","Lake Geneva","VD",5.17779718288232,8.45577564014979
"2019-05-16","Lake Geneva","VS",1.85682929683093,2.59030481251797
"2019-05-16","Northwestern","AG",3.22091949851571,5.19532649355823
"2019-05-16","Northwestern","BL",1.19480621052961,1.99507035886727
"2019-05-16","Northwestern","BS",1.43758551244686,2.90574882350022
"2019-05-16","Ticino","TI",2.14398548625338,2.72982616421306
"2019-05-16","Zurich","ZH",11.2211744785035,22.5353323803056
"2019-05-17","9999","9999",0.0147198154996262,0.0429270322024117
"2019-05-17","Central","LU",4.22849781061311,4.79314472629683
"2019-05-17","Central","NW",0.331300112812354,0.394636398180682
"2019-05-17","Central","OW",0.255451018625119,0.273774540293291
"2019-05-17","Central","SZ",1.13481342783544,1.39956400002447
"2019-05-17","Central","UR",0.228401351173072,0.275609900339949
"2019-05-17","Central","ZG",1.27941058880527,1.8503148322243
"2019-05-17","Eastern","AI",0.0784005270463604,0.0820813798644689
"2019-05-17","Eastern","AR",0.188596160238381,0.233634536309879
"2019-05-17","Eastern","GL",0.203152575827519,0.288049562878416
"2019-05-17","Eastern","GR",1.21152195166739,1.64200146692851
"2019-05-17","Eastern","SG",3.32078691103669,4.64536425439178
"2019-05-17","Eastern","SH",0.459631757629037,0.737984679501951
"2019-05-17","Eastern","TG",1.42959881805388,2.03340899095303
"2019-05-17","Espace Mittelland","BE",7.69620695769162,10.9317443193907
"2019-05-17","Espace Mittelland","FR",1.90117066993771,2.68044138369833
"2019-05-17","Espace Mittelland","JU",0.378525224525383,0.541771095254507
"2019-05-17","Espace Mittelland","NE",1.14779690292594,1.80884929042941
"2019-05-17","Espace Mittelland","SO",1.28808389881695,2.041668111163
"2019-05-17","Lake Geneva","GE",5.60267151687329,8.0137597622461
"2019-05-17","Lake Geneva","VD",6.58023357556289,9.8774319370322
"2019-05-17","Lake Geneva","VS",2.43973725266198,3.17078840949738
"2019-05-17","Northwestern","AG",4.05947199883528,5.97902523348159
"2019-05-17","Northwestern","BL",1.51859728174776,2.32183242347058
"2019-05-17","Northwestern","BS",1.70169904069654,3.13173602628236
"2019-05-17","Ticino","TI",2.35647434277383,2.86125833644325
"2019-05-17","Zurich","ZH",13.7699875271193,24.683995184559
"2019-05-18","9999","9999",0.0151074311335225,0.0344299949493611
"2019-05-18","Central","LU",4.9516647275377,5.01593704307182
"2019-05-18","Central","NW",0.439564411223808,0.470565923073943
"2019-05-18","Central","OW",0.251671544939418,0.290802602948404
"2019-05-18","Central","SZ",1.4616725491248,1.67938843084193
"2019-05-18","Central","UR",0.243027072509605,0.283291222016707
"2019-05-18","Central","ZG",1.44343931051989,1.7480784799956
"2019-05-18","Eastern","AI",0.103459109062752,0.102270340377717
"2019-05-18","Eastern","AR",0.209640808533584,0.249812895239688
"2019-05-18","Eastern","GL",0.244857260372471,0.328495460202936
"2019-05-18","Eastern","GR",1.46785245779902,1.76058611883209
"2019-05-18","Eastern","SG",4.13110350269047,4.97997758141691
"2019-05-18","Eastern","SH",0.553066306071059,0.818094746723712
"2019-05-18","Eastern","TG",1.88801448655377,2.36968773727977
"2019-05-18","Espace Mittelland","BE",8.90376546490221,11.1432185825446
"2019-05-18","Espace Mittelland","FR",2.04427221616821,2.67602292432675
"2019-05-18","Espace Mittelland","JU",0.420779350374102,0.546019613881032
"2019-05-18","Espace Mittelland","NE",1.41504078123187,1.93402764324135
"2019-05-18","Espace Mittelland","SO",1.6845185108904,2.31734598780097
"2019-05-18","Lake Geneva","GE",6.12332540301137,7.38994127527614
"2019-05-18","Lake Geneva","VD",8.53579439590468,10.8019775664621
"2019-05-18","Lake Geneva","VS",2.72902252811554,3.25528294794171
"2019-05-18","Northwestern","AG",5.56745876567466,6.99775202382433
"2019-05-18","Northwestern","BL",1.93806758839186,2.44017915833107
"2019-05-18","Northwestern","BS",2.0107872371238,3.06787229428843
"2019-05-18","Ticino","TI",2.81613550189182,3.13666430788913
"2019-05-18","Zurich","ZH",17.4804898701591,24.2204308201816
"2019-05-19","9999","9999",0.011861331315632,0.0277683177429694
"2019-05-19","Central","LU",2.10521290709544,1.53198182857601
"2019-05-19","Central","NW",0.115367311238965,0.108388207199914
"2019-05-19","Central","OW",0.100951872421567,0.0880632940906165
"2019-05-19","Central","SZ",0.289682344363201,0.404730878437306
"2019-05-19","Central","UR",0.109192524720776,0.104547546361535
"2019-05-19","Central","ZG",0.205824571238631,0.401739921324233
"2019-05-19","Eastern","AI",0.0228465429031849,0.0206647945994191
"2019-05-19","Eastern","AR",0.0560845893838296,0.0623002771393671
"2019-05-19","Eastern","GL",0.0469822831397299,0.089830677839251
"2019-05-19","Eastern","GR",0.445335663480958,0.55709975045901
"2019-05-19","Eastern","SG",0.629113942545159,1.15379569451724
"2019-05-19","Eastern","SH",0.127969119132135,0.244612708440821
"2019-05-19","Eastern","TG",0.295279278842096,0.476615813598115
"2019-05-19","Espace Mittelland","BE",2.29290874659326,3.24029417422733
"2019-05-19","Espace Mittelland","FR",0.466277723762571,0.848174258599512
"2019-05-19","Espace Mittelland","JU",0.0776604264068807,0.132825686339687
"2019-05-19","Espace Mittelland","NE",0.241000496171664,0.426007459718945
"2019-05-19","Espace Mittelland","SO",0.258959096361136,0.526646368944077
"2019-05-19","Lake Geneva","GE",1.41394359034559,2.49534192417788
"2019-05-19","Lake Geneva","VD",1.5525766193384,2.82251184656934
"2019-05-19","Lake Geneva","VS",0.641014034640977,0.949968764891058
"2019-05-19","Northwestern","AG",0.839261562573145,1.6636859059983
"2019-05-19","Northwestern","BL",0.285479967774433,0.616443058634315
"2019-05-19","Northwestern","BS",0.446716076701655,1.14020043491235
"2019-05-19","Ticino","TI",1.01354244799045,1.11348574978876
"2019-05-19","Zurich","ZH",3.51856909422546,7.70287016323148
"2019-05-20","9999","9999",0.0122815987362717,0.0403439328774843
"2019-05-20","Central","LU",3.96582287983065,3.6554934025604
"2019-05-20","Central","NW",0.235201303101559,0.306233222599944
"2019-05-20","Central","OW",0.156880377022953,0.20525443188469
"2019-05-20","Central","SZ",0.76177120506126,1.07616676217337
"2019-05-20","Central","UR",0.135084749380717,0.197641086505957
"2019-05-20","Central","ZG",0.884077733699084,1.4336201253347
"2019-05-20","Eastern","AI",0.0453823495053284,0.0531574650550846
"2019-05-20","Eastern","AR",0.116625575918993,0.177893971929868
"2019-05-20","Eastern","GL",0.133114845705016,0.216606473654766
"2019-05-20","Eastern","GR",1.02785429237675,1.35303422402677
"2019-05-20","Eastern","SG",2.18280074221294,3.56416724616461
"2019-05-20","Eastern","SH",0.300874337546723,0.564339226198609
"2019-05-20","Eastern","TG",0.970020055942951,1.56158550636564
"2019-05-20","Espace Mittelland","BE",5.47787915656746,8.59448127626859
"2019-05-20","Espace Mittelland","FR",1.26316736264615,2.03106380867119
"2019-05-20","Espace Mittelland","JU",0.23358688018784,0.390693772895267
"2019-05-20","Espace Mittelland","NE",0.73811917962468,1.36071554570352
"2019-05-20","Espace Mittelland","SO",0.837928094617437,1.54323190589905
"2019-05-20","Lake Geneva","GE",4.31905035133037,7.02310718298744
"2019-05-20","Lake Geneva","VD",4.49484694850902,7.68295310791033
"2019-05-20","Lake Geneva","VS",1.72417083209625,2.45649346985693
"2019-05-20","Northwestern","AG",2.76699838879606,4.62908393101493
"2019-05-20","Northwestern","BL",1.07044177738235,1.8450126809784
"2019-05-20","Northwestern","BS",1.16189087945959,2.64519567317268
"2019-05-20","Ticino","TI",1.70044769954241,2.36764844833903
"2019-05-20","Zurich","ZH",9.49700312557643,20.1640811881713
"2019-05-21","9999","9999",0.0117952171257079,0.039800122493289
"2019-05-21","Central","LU",3.11395186137447,3.45173444923224
"2019-05-21","Central","NW",0.214551969338398,0.282339553844366
"2019-05-21","Central","OW",0.16420484869478,0.188328333676614
"2019-05-21","Central","SZ",0.739634562440232,1.00771463006279
"2019-05-21","Central","UR",0.14240942468566,0.189449942594016
"2019-05-21","Central","ZG",0.878943872671158,1.39633512586831
"2019-05-21","Eastern","AI",0.0460450147369089,0.0506763301771938
"2019-05-21","Eastern","AR",0.115597028972493,0.173135631068159
"2019-05-21","Eastern","GL",0.127534542569164,0.207293720825423
"2019-05-21","Eastern","GR",0.877238868265575,1.25545424821273
"2019-05-21","Eastern","SG",2.16482040418847,3.40744789106934
"2019-05-21","Eastern","SH",0.316162316848607,0.550981883636814
"2019-05-21","Eastern","TG",0.960623245306667,1.48412651476683
"2019-05-21","Espace Mittelland","BE",5.22212879334766,8.40384174845915
"2019-05-21","Espace Mittelland","FR",1.22230861313603,1.96403917881913
"2019-05-21","Espace Mittelland","JU",0.247859697504496,0.384337989029985
"2019-05-21","Espace Mittelland","NE",0.757252754634233,1.36000179457427
"2019-05-21","Espace Mittelland","SO",0.848083125324391,1.51845454526916
"2019-05-21","Lake Geneva","GE",4.35803060885318,6.8982347235166
"2019-05-21","Lake Geneva","VD",4.47007315523563,7.56780125905699
"2019-05-21","Lake Geneva","VS",1.69390612279233,2.3171420589069
"2019-05-21","Northwestern","AG",2.74243161991196,4.50913975315087
"2019-05-21","Northwestern","BL",0.98967778650585,1.74542740437264
"2019-05-21","Northwestern","BS",1.24331201006142,2.5831333130764
"2019-05-21","Ticino","TI",1.64419404768109,2.25096713278014
"2019-05-21","Zurich","ZH",10.0591127782728,20.01548500069
"2019-05-22","9999","9999",0.0136254872250237,0.0412276247518015
"2019-05-22","Central","LU",3.32931266927663,4.00774657892286
"2019-05-22","Central","NW",0.251747911273465,0.32237759338074
"2019-05-22","Central","OW",0.167826471472369,0.218543798148462
"2019-05-22","Central","SZ",0.838752323145452,1.13758334743842
"2019-05-22","Central","UR",0.165480355617196,0.202195498473592
"2019-05-22","Central","ZG",0.933748400799641,1.5770841023152
"2019-05-22","Eastern","AI",0.0544716623902995,0.0612466445199888
"2019-05-22","Eastern","AR",0.138117598335224,0.194106319008688
"2019-05-22","Eastern","GL",0.15750278947018,0.237611149744307
"2019-05-22","Eastern","GR",0.956966245191414,1.40197715860434
"2019-05-22","Eastern","SG",2.53769437118558,3.92073691745162
"2019-05-22","Eastern","SH",0.376072831764426,0.624124380311073
"2019-05-22","Eastern","TG",1.07772810308936,1.69002672148275
"2019-05-22","Espace Mittelland","BE",5.92224238968911,9.31343259232371
"2019-05-22","Espace Mittelland","FR",1.37958107397334,2.20097056558319
"2019-05-22","Espace Mittelland","JU",0.283835587296719,0.445278740208864
"2019-05-22","Espace Mittelland","NE",0.851734607765438,1.50863197020463
"2019-05-22","Espace Mittelland","SO",0.992162682244736,1.71864474295103
"2019-05-22","Lake Geneva","GE",4.86421506207029,7.47895623753909
"2019-05-22","Lake Geneva","VD",5.18595860623581,8.52269830555482
"2019-05-22","Lake Geneva","VS",1.87828070618883,2.59883583792003
"2019-05-22","Northwestern","AG",3.10651517219234,5.09363395171372
"2019-05-22","Northwestern","BL",1.1415194618218,1.94922034584981
"2019-05-22","Northwestern","BS",1.35928095142184,2.8129271885479
"2019-05-22","Ticino","TI",1.78977734116923,2.50091598061588
"2019-05-22","Zurich","ZH",11.1717646536749,22.1194533889923
"2019-05-23","9999","9999",0.0142393196692824,0.0433009018415459
"2019-05-23","Central","LU",3.6814830147054,4.01077152418495
"2019-05-23","Central","NW",0.24743576077177,0.32067818593013
"2019-05-23","Central","OW",0.17214621122361,0.233600548160867
"2019-05-23","Central","SZ",0.855684377475378,1.15060080851009
"2019-05-23","Central","UR",0.164900122636869,0.212527895773302
"2019-05-23","Central","ZG",1.02957326131478,1.62973174513511
"2019-05-23","Eastern","AI",0.0563993865991013,0.0653931986994775
"2019-05-23","Eastern","AR",0.133645313884919,0.199408470254592
"2019-05-23","Eastern","GL",0.152090628546777,0.23873275866171
"2019-05-23","Eastern","GR",0.958744659334859,1.37883122912703
"2019-05-23","Eastern","SG",2.54126407143494,3.96730068159834
"2019-05-23","Eastern","SH",0.37724403153984,0.648527871301834
"2019-05-23","Eastern","TG",1.1444444948741,1.75079753191657
"2019-05-23","Espace Mittelland","BE",5.96782245128476,9.69372599162124
"2019-05-23","Espace Mittelland","FR",1.43423398158382,2.28492129364333
"2019-05-23","Espace Mittelland","JU",0.292304543645717,0.460539419115343
"2019-05-23","Espace Mittelland","NE",0.957087825908975,1.58952376485367
"2019-05-23","Espace Mittelland","SO",1.10611735923862,1.86710497783633
"2019-05-23","Lake Geneva","GE",5.52315711277332,7.94303042415171
"2019-05-23","Lake Geneva","VD",5.2558849568766,8.49078343363236
"2019-05-23","Lake Geneva","VS",1.835555259748,2.56172077919871
"2019-05-23","Northwestern","AG",3.19702505177206,5.1768709286446
"2019-05-23","Northwestern","BL",1.16673230767067,2.02589761002134
"2019-05-23","Northwestern","BS",1.41046383719263,2.89898518184679
"2019-05-23","Ticino","TI",2.04737105008393,2.72486389445728
"2019-05-23","Zurich","ZH",11.36293008425,22.7404848477433
"2019-05-24","9999","9999",0.0159690106740054,0.0438107240767289
"2019-05-24","Central","LU",4.97232694892741,5.13156472601133
"2019-05-24","Central","NW",0.361054783820207,0.417952268403053
"2019-05-24","Central","OW",0.240649405269713,0.288219503623477
"2019-05-24","Central","SZ",1.21156468329331,1.52062978680594
"2019-05-24","Central","UR",0.231846478864486,0.286282179129781
"2019-05-24","Central","ZG",1.33012971190531,1.92451096151794
"2019-05-24","Eastern","AI",0.0839899936723751,0.0904764526704829
"2019-05-24","Eastern","AR",0.204592207124389,0.252837840501774
"2019-05-24","Eastern","GL",0.222207556286826,0.315953833217434
"2019-05-24","Eastern","GR",1.35731482279081,1.75973641510678
"2019-05-24","Eastern","SG",3.62563733787343,4.99989463673806
"2019-05-24","Eastern","SH",0.486298156230983,0.797361975826269
"2019-05-24","Eastern","TG",1.59833443306311,2.22092160905336
"2019-05-24","Espace Mittelland","BE",8.043462566988,11.7704358844158
"2019-05-24","Espace Mittelland","FR",2.12182198755734,2.93423089237245
"2019-05-24","Espace Mittelland","JU",0.431247886009253,0.592345460984664
"2019-05-24","Espace Mittelland","NE",1.50962473287398,1.9335857973042
"2019-05-24","Espace Mittelland","SO",1.51093245690476,2.25385612544618
"2019-05-24","Lake Geneva","GE",6.40629011413272,8.44105877162751
"2019-05-24","Lake Geneva","VD",7.34468524247361,10.6528035804476
"2019-05-24","Lake Geneva","VS",2.71233819738571,3.38997798247707
"2019-05-24","Northwestern","AG",4.50720203530358,6.55998466454716
"2019-05-24","Northwestern","BL",1.68488761157494,2.49897865612218
"2019-05-24","Northwestern","BS",1.81897551811871,3.25317568270296
"2019-05-24","Ticino","TI",3.03651459336521,3.03915230837312
"2019-05-24","Zurich","ZH",14.8105469202866,26.243541401984
"2019-05-25","9999","9999",0.0161950160192102,0.0365712483371298
"2019-05-25","Central","LU",5.91041144278381,5.2868905669971
"2019-05-25","Central","NW",0.479316587060282,0.510230092971183
"2019-05-25","Central","OW",0.266906191945349,0.289341112540879
"2019-05-25","Central","SZ",1.55815003810857,1.75807099580518
"2019-05-25","Central","UR",0.237265567229812,0.290666650352355
"2019-05-25","Central","ZG",1.57086319023926,1.80025028872933
"2019-05-25","Eastern","AI",0.116290059034297,0.104003735977339
"2019-05-25","Eastern","AR",0.215663676916139,0.252905816799798
"2019-05-25","Eastern","GL",0.27653819491313,0.353170856385795
"2019-05-25","Eastern","GR",1.5921405911846,1.91676166354316
"2019-05-25","Eastern","SG",4.52513914045139,5.29406206643867
"2019-05-25","Eastern","SH",0.612587591952148,0.86805732577165
"2019-05-25","Eastern","TG",2.08506970343895,2.56794061046794
"2019-05-25","Espace Mittelland","BE",9.77487531319214,11.8959881068669
"2019-05-25","Espace Mittelland","FR",2.25185585248836,2.84922653169293
"2019-05-25","Espace Mittelland","JU",0.495003581534466,0.599041126340068
"2019-05-25","Espace Mittelland","NE",1.75912364562392,2.07908906322543
"2019-05-25","Espace Mittelland","SO",1.89267196357386,2.46577223453726
"2019-05-25","Lake Geneva","GE",6.34491525782476,7.40394439266916
"2019-05-25","Lake Geneva","VD",9.02555522751914,11.2983065064873
"2019-05-25","Lake Geneva","VS",2.90928795189757,3.43232721614627
"2019-05-25","Northwestern","AG",6.23526137095438,7.52388857053323
"2019-05-25","Northwestern","BL",2.18940822168779,2.65008996663044
"2019-05-25","Northwestern","BS",2.22850500042847,3.2677905867782
"2019-05-25","Ticino","TI",3.19587185394719,3.38746285945017
"2019-05-25","Zurich","ZH",18.5820133563978,24.8719496485965
"2019-05-26","9999","9999",0.0126956905911049,0.0295357014916039
"2019-05-26","Central","LU",2.15244331718548,1.7598043914048
"2019-05-26","Central","NW",0.133690931618641,0.138229802032627
"2019-05-26","Central","OW",0.131671400203266,0.123716862404417
"2019-05-26","Central","SZ",0.327823750933956,0.50200496091023
"2019-05-26","Central","UR",0.0856958400225669,0.123003111275161
"2019-05-26","Central","ZG",0.215601572732166,0.433586816948666
"2019-05-26","Eastern","AI",0.0249247441517323,0.0277683177429694
"2019-05-26","Eastern","AR",0.0515214297400533,0.0694377884319296
"2019-05-26","Eastern","GL",0.0518789429171619,0.106043024918072
"2019-05-26","Eastern","GR",0.478202858815479,0.649275610580103
"2019-05-26","Eastern","SG",0.659349465741307,1.27292415680501
"2019-05-26","Eastern","SH",0.14907439918725,0.300829106907004
"2019-05-26","Eastern","TG",0.37904158719607,0.594146832882311
"2019-05-26","Espace Mittelland","BE",2.4680098270365,3.78104562501147
"2019-05-26","Espace Mittelland","FR",0.509164913636827,0.940180177975544
"2019-05-26","Espace Mittelland","JU",0.0882255389627157,0.153150599448984
"2019-05-26","Espace Mittelland","NE",0.272546171331882,0.488511665752385
"2019-05-26","Espace Mittelland","SO",0.306441815712368,0.620725565409853
"2019-05-26","Lake Geneva","GE",1.4109831564595,2.57623371882692
"2019-05-26","Lake Geneva","VD",1.74857174964043,3.26867427865252
"2019-05-26","Lake Geneva","VS",0.676356139859719,1.07093258722549
"2019-05-26","Northwestern","AG",0.930910189858627,1.91173141748935
"2019-05-26","Northwestern","BL",0.32201013907292,0.738834383227256
"2019-05-26","Northwestern","BS",0.449474941216308,1.16871649193359
"2019-05-26","Ticino","TI",1.22796560763571,1.32744114782058
"2019-05-26","Zurich","ZH",3.70986695681357,8.35367524051714
"2019-05-27","9999","9999",0.0143717360181597,0.0438107240767289
"2019-05-27","Central","LU",3.55426370794591,4.04999384814503
"2019-05-27","Central","NW",0.263848711216003,0.340663217549305
"2019-05-27","Central","OW",0.198712481073428,0.242165561711942
"2019-05-27","Central","SZ",0.872597035751126,1.19169248066584
"2019-05-27","Central","UR",0.165066005304948,0.220753027834255
"2019-05-27","Central","ZG",0.928261412538616,1.57552064746064
"2019-05-27","Eastern","AI",0.0483796879774426,0.0591393792812322
"2019-05-27","Eastern","AR",0.130554578301528,0.2027732970068
"2019-05-27","Eastern","GL",0.158888963158411,0.247365748510809
"2019-05-27","Eastern","GR",1.04487831447013,1.51794472303397
"2019-05-27","Eastern","SG",2.52740771125006,4.01644754506999
"2019-05-27","Eastern","SH",0.363546168406614,0.673067314888645
"2019-05-27","Eastern","TG",1.15946705799103,1.8316553384166
"2019-05-27","Espace Mittelland","BE",6.28291186049603,9.69185664342557
"2019-05-27","Espace Mittelland","FR",1.45578730539963,2.31727801150295
"2019-05-27","Espace Mittelland","JU",0.301175181977614,0.472401283120602
"2019-05-27","Espace Mittelland","NE",0.902655887640134,1.56420259383958
"2019-05-27","Espace Mittelland","SO",1.0336441418197,1.7971233790202
"2019-05-27","Lake Geneva","GE",4.48630843970328,7.39565128431019
"2019-05-27","Lake Geneva","VD",5.20025610231956,8.77913888985189
"2019-05-27","Lake Geneva","VS",1.96657543733432,2.71188042153462
"2019-05-27","Northwestern","AG",3.17704425727263,5.30422452299332
"2019-05-27","Northwestern","BL",1.22019243431159,2.07246137416805
"2019-05-27","Northwestern","BS",1.36500552078744,2.89279933872657
"2019-05-27","Ticino","TI",2.35988044731162,2.62646820306695
"2019-05-27","Zurich","ZH",10.8906829066373,22.672882419358
"2019-05-28","9999","9999",0.0138613452801645,0.0438447122257411
"2019-05-28","Central","LU",3.51567181010106,4.11327978160575
"2019-05-28","Central","NW",0.279266209010901,0.344503878387684
"2019-05-28","Central","OW",0.173950702153804,0.228162444318915
"2019-05-28","Central","SZ",0.953621911975772,1.2110657256028
"2019-05-28","Central","UR",0.192460838718512,0.228196432467927
"2019-05-28","Central","ZG",0.986006864934388,1.5500635238505
"2019-05-28","Eastern","AI",0.0611661519454616,0.0635238505038063
"2019-05-28","Eastern","AR",0.158574812086676,0.212120037985155
"2019-05-28","Eastern","GL",0.165616684071489,0.244680684738845
"2019-05-28","Eastern","GR",1.12009425064731,1.51311840587424
"2019-05-28","Eastern","SG",2.84441607278211,4.13108957168814
"2019-05-28","Eastern","SH",0.402106350393842,0.672523504504449
"2019-05-28","Eastern","TG",1.27651913563679,1.88093815448429
"2019-05-28","Espace Mittelland","BE",6.74690229879348,9.92542320343743
"2019-05-28","Espace Mittelland","FR",1.57049200623131,2.31595247369147
"2019-05-28","Espace Mittelland","JU",0.335436457447648,0.483719336741665
"2019-05-28","Espace Mittelland","NE",0.990396466508068,1.61436910178159
"2019-05-28","Espace Mittelland","SO",1.10819670396543,1.82798461832328
"2019-05-28","Lake Geneva","GE",4.55478334832654,7.30442709236144
"2019-05-28","Lake Geneva","VD",5.49622942547302,8.63465526840101
"2019-05-28","Lake Geneva","VS",2.14821154302378,2.81819535164479
"2019-05-28","Northwestern","AG",3.54321231951209,5.45955036397909
"2019-05-28","Northwestern","BL",1.29080260453176,2.07106786005855
"2019-05-28","Northwestern","BS",1.42229469402944,2.8750575249422
"2019-05-28","Ticino","TI",2.25081831044062,2.63503321661803
"2019-05-28","Zurich","ZH",11.9399700229342,22.5159251472197
"2019-05-29","9999","9999",0.0167714465427223,0.0482971597463396
"2019-05-29","Central","LU",3.97280289042482,4.68298913534829
"2019-05-29","Central","NW",0.38469706227943,0.453843753759939
"2019-05-29","Central","OW",0.244885032796503,0.298585889072198
"2019-05-29","Central","SZ",1.28425685330283,1.58021101202433
"2019-05-29","Central","UR",0.212896964694525,0.266093218616533
"2019-05-29","Central","ZG",1.29456565050753,1.89025090731364
"2019-05-29","Eastern","AI",0.0822115090405447,0.0840187043581644
"2019-05-29","Eastern","AR",0.218320795361811,0.262354522225191
"2019-05-29","Eastern","GL",0.233422270226727,0.328291531308863
"2019-05-29","Eastern","GR",1.41259575450723,1.89667466747694
"2019-05-29","Eastern","SG",3.66588717737823,5.12048458943336
"2019-05-29","Eastern","SH",0.500048216013945,0.842804131055583
"2019-05-29","Eastern","TG",1.66988227503631,2.37104726324025
"2019-05-29","Espace Mittelland","BE",7.59172363280208,11.2830118394318
"2019-05-29","Espace Mittelland","FR",2.09338031937716,2.96189724566838
"2019-05-29","Espace Mittelland","JU",0.458019414122701,0.647338286086407
"2019-05-29","Espace Mittelland","NE",1.24758431504499,1.93045888759507
"2019-05-29","Espace Mittelland","SO",1.51087274540989,2.31649628407567
"2019-05-29","Lake Geneva","GE",5.77560460169643,8.50971483263216
"2019-05-29","Lake Geneva","VD",7.3089854126126,10.5667795752977
"2019-05-29","Lake Geneva","VS",2.58794117119202,3.37046878494407
"2019-05-29","Northwestern","AG",4.66868712095776,6.81200678947265
"2019-05-29","Northwestern","BL",1.73974262505179,2.63693655296271
"2019-05-29","Northwestern","BS",1.65489061324453,3.1750369281239
"2019-05-29","Ticino","TI",2.88213102853438,3.36169984249892
"2019-05-29","Zurich","ZH",14.5437547433054,26.2765099065258
"2019-05-30","9999","9999",0.0154915145160825,0.0373529757644105
"2019-05-30","Central","LU",1.94597877014347,2.02776695821701
"2019-05-30","Central","NW",0.146341204193118,0.176806351161477
"2019-05-30","Central","OW",0.137131841754968,0.160356087039571
"2019-05-30","Central","SZ",0.366666293730892,0.651586804712933
"2019-05-30","Central","UR",0.0942923686019244,0.150839405316154
"2019-05-30","Central","ZG",0.249709547710998,0.507884910689341
"2019-05-30","Eastern","AI",0.0336280587196606,0.0438107240767289
"2019-05-30","Eastern","AR",0.0684538130157799,0.0910882393527025
"2019-05-30","Eastern","GL",0.0610139675203694,0.134796998982395
"2019-05-30","Eastern","GR",0.740501922028356,0.895553738322522
"2019-05-30","Eastern","SG",0.757828476357865,1.58568310401529
"2019-05-30","Eastern","SH",0.17130349515839,0.34831055107705
"2019-05-30","Eastern","TG",0.360754671685325,0.64414340007926
"2019-05-30","Espace Mittelland","BE",2.65703490127085,4.45180174576729
"2019-05-30","Espace Mittelland","FR",0.641354587529241,1.20015552976988
"2019-05-30","Espace Mittelland","JU",0.114008733753803,0.196927335376701
"2019-05-30","Espace Mittelland","NE",0.307806627503659,0.598293387061799
"2019-05-30","Espace Mittelland","SO",0.330889760757993,0.72238411910535
"2019-05-30","Lake Geneva","GE",1.5938135742829,2.99354021239874
"2019-05-30","Lake Geneva","VD",2.02834901902899,3.81170293542048
"2019-05-30","Lake Geneva","VS",1.30842566042439,1.70114084620974
"2019-05-30","Northwestern","AG",0.95870877683043,2.12096246280847
"2019-05-30","Northwestern","BL",0.355079589082629,0.831452089285508
"2019-05-30","Northwestern","BS",0.481681860092326,1.27323005014612
"2019-05-30","Ticino","TI",1.3454791805758,1.60723159048903
"2019-05-30","Zurich","ZH",4.02603200704514,9.40846345696183
"2019-05-31","9999","9999",0.0170945183112908,0.0410576840067405
"2019-05-31","Central","LU",5.47662753737581,5.95774865219995
"2019-05-31","Central","NW",0.454324315034887,0.507171159560085
"2019-05-31","Central","OW",0.333783262005679,0.360274379529346
"2019-05-31","Central","SZ",1.62607578346558,1.85779222500698
"2019-05-31","Central","UR",0.301475039571103,0.342702506490037
"2019-05-31","Central","ZG",1.5428166682022,1.85354370638046
"2019-05-31","Eastern","AI",0.126691172528364,0.133233544127834
"2019-05-31","Eastern","AR",0.228705469397884,0.269526021666765
"2019-05-31","Eastern","GL",0.277664607151367,0.360818189913541
"2019-05-31","Eastern","GR",2.11235762163524,2.36666279201768
"2019-05-31","Eastern","SG",4.70853271740164,5.50981883636813
"2019-05-31","Eastern","SH",0.61383003590557,0.900957854015462
"2019-05-31","Eastern","TG",1.94683262728968,2.48636905283866
"2019-05-31","Espace Mittelland","BE",10.4420443257834,13.2350192135006
"2019-05-31","Espace Mittelland","FR",2.71268656273674,3.40262157390961
"2019-05-31","Espace Mittelland","JU",0.518113762748867,0.664298372443496
"2019-05-31","Espace Mittelland","NE",1.50826546616905,2.02117325730864
"2019-05-31","Espace Mittelland","SO",1.892384276975,2.53595776224746
"2019-05-31","Lake Geneva","GE",6.11021312214376,8.20229202481679
"2019-05-31","Lake Geneva","VD",8.72499633333123,11.0230364876375
"2019-05-31","Lake Geneva","VS",3.85734525615141,4.39738671919875
"2019-05-31","Northwestern","AG",5.59355367577215,7.035818750718
"2019-05-31","Northwestern","BL",2.09218548249635,2.54955302185234
"2019-05-31","Northwestern","BS",2.04073397331906,3.26595522673154
"2019-05-31","Ticino","TI",3.41688710310305,3.8000789884583
"2019-05-31","Zurich","ZH",16.7145422673953,24.959605084899
"2019-06-01","9999","9999",0.0140017738089022,0.0315749904323361
"2019-06-01","Central","LU",4.44596579832246,4.99816124113844
"2019-06-01","Central","NW",0.461169990429674,0.494527568127545
"2019-06-01","Central","OW",0.309064434009178,0.369417191613628
"2019-06-01","Central","SZ",1.49092699147028,1.74797651554856
"2019-06-01","Central","UR",0.262671171401881,0.327305874987509
"2019-06-01","Central","ZG",1.27656567363555,1.62514334501846
"2019-06-01","Eastern","AI",0.125292013313047,0.130344551461796
"2019-06-01","Eastern","AR",0.21447066881734,0.254673200548433
"2019-06-01","Eastern","GL",0.25377403726894,0.342770482788061
"2019-06-01","Eastern","GR",1.72868515112066,2.10250689789484
"2019-06-01","Eastern","SG",3.7798737464507,4.75528192829724
"2019-06-01","Eastern","SH",0.537547669190502,0.830194527772056
"2019-06-01","Eastern","TG",1.73895942859639,2.29719101543674
"2019-06-01","Espace Mittelland","BE",8.33755536965506,11.166500464618
"2019-06-01","Espace Mittelland","FR",2.06373683204995,2.82098237986379
"2019-06-01","Espace Mittelland","JU",0.446836647085685,0.595880228481933
"2019-06-01","Espace Mittelland","NE",1.30759404236392,1.84185178312026
"2019-06-01","Espace Mittelland","SO",1.68791688520187,2.37111523953828
"2019-06-01","Lake Geneva","GE",5.46151504282657,7.01042960340588
"2019-06-01","Lake Geneva","VD",7.47891051913337,10.0256202667254
"2019-06-01","Lake Geneva","VS",3.07101342644369,3.71408897145743
"2019-06-01","Northwestern","AG",5.22794892538439,6.73614524087741
"2019-06-01","Northwestern","BL",1.80322464941887,2.38076787385774
"2019-06-01","Northwestern","BS",1.72388631747475,2.79552525625365
"2019-06-01","Ticino","TI",3.35538597859987,3.66280085459802
"2019-06-01","Zurich","ZH",15.4071205221426,22.3891493514042
"2019-06-02","9999","9999",0.0140612033502331,0.0329005282438119
"2019-06-02","Central","LU",1.76811836701107,1.81928365217616
"2019-06-02","Central","NW",0.157757753793913,0.173543488856306
"2019-06-02","Central","OW",0.193773927698661,0.160458051486608
"2019-06-02","Central","SZ",0.405632387004171,0.601862142708081
"2019-06-02","Central","UR",0.132224581307505,0.186798866971065
"2019-06-02","Central","ZG",0.217077168769915,0.478960995879957
"2019-06-02","Eastern","AI",0.0354459855194064,0.0390863713640328
"2019-06-02","Eastern","AR",0.075434814363373,0.0886410926238239
"2019-06-02","Eastern","GL",0.0618737574390554,0.134559081939309
"2019-06-02","Eastern","GR",0.769357098576171,0.949492930804887
"2019-06-02","Eastern","SG",0.716316542304073,1.41815551753415
"2019-06-02","Eastern","SH",0.154729016661915,0.321561877804447
"2019-06-02","Eastern","TG",0.364265706017527,0.628033017447476
"2019-06-02","Espace Mittelland","BE",2.51419604567439,3.99581673861958
"2019-06-02","Espace Mittelland","FR",0.560188233282112,1.06151786994911
"2019-06-02","Espace Mittelland","JU",0.101233226813765,0.178641711208136
"2019-06-02","Espace Mittelland","NE",0.292198270655955,0.525388807430625
"2019-06-02","Espace Mittelland","SO",0.310806746350993,0.683127806996257
"2019-06-02","Lake Geneva","GE",1.3896307754517,2.54989290334246
"2019-06-02","Lake Geneva","VD",1.81943891659946,3.38141296892599
"2019-06-02","Lake Geneva","VS",0.902864791719723,1.39096499832438
"2019-06-02","Northwestern","AG",0.883584307165955,1.93062882834013
"2019-06-02","Northwestern","BL",0.31860082731357,0.763713708304188
"2019-06-02","Northwestern","BS",0.4503145832047,1.14098216233964
"2019-06-02","Ticino","TI",1.49527029000649,1.61970524117651
"2019-06-02","Zurich","ZH",3.59054149557879,8.52426176040938
"2019-06-03","9999","9999",0.0131276316716489,0.0427570914573506
"2019-06-03","Central","LU",3.12545994797636,4.2317964572113
"2019-06-03","Central","NW",0.284080749818795,0.373019935408922
"2019-06-03","Central","OW",0.172213954478452,0.248997179663395
"2019-06-03","Central","SZ",0.952302314567995,1.32774704116169
"2019-06-03","Central","UR",0.184879401635997,0.274318350677486
"2019-06-03","Central","ZG",0.959364616436646,1.66361792970027
"2019-06-03","Eastern","AI",0.0598822451570631,0.0722588047999424
"2019-06-03","Eastern","AR",0.149119809371836,0.218509809999449
"2019-06-03","Eastern","GL",0.162801299619433,0.258411896939775
"2019-06-03","Eastern","GR",1.22581898174459,1.72989482027407
"2019-06-03","Eastern","SG",2.65949054041358,4.25460250519849
"2019-06-03","Eastern","SH",0.378115217080909,0.699374142224089
"2019-06-03","Eastern","TG",1.13978074438766,1.82030329664653
"2019-06-03","Espace Mittelland","BE",6.18931040338831,10.1568485100615
"2019-06-03","Espace Mittelland","FR",1.54328287838634,2.44911804152128
"2019-06-03","Espace Mittelland","JU",0.303358183791864,0.488987499838556
"2019-06-03","Espace Mittelland","NE",0.917180305418109,1.60393474003484
"2019-06-03","Espace Mittelland","SO",1.05647055245668,1.8918143621682
"2019-06-03","Lake Geneva","GE",4.64751268004804,7.53425495598195
"2019-06-03","Lake Geneva","VD",5.4398595930877,8.95224053277103
"2019-06-03","Lake Geneva","VS",2.2010200711097,2.97117601034871
"2019-06-03","Northwestern","AG",3.22953852855424,5.48235641196628
"2019-06-03","Northwestern","BL",1.26956994413134,2.14910465019057
"2019-06-03","Northwestern","BS",1.39021846845287,2.96023182636678
"2019-06-03","Ticino","TI",2.43128714412416,2.83481555651176
"2019-06-03","Zurich","ZH",11.240295248123,22.9584508473585
"2019-06-04","9999","9999",0.0123841710857761,0.0432329255435215
"2019-06-04","Central","LU",3.10045236039112,4.19063680875752
"2019-06-04","Central","NW",0.28349079727326,0.36326533664242
"2019-06-04","Central","OW",0.185663259899016,0.245700329209211
"2019-06-04","Central","SZ",0.919965697061978,1.25756151345149
"2019-06-04","Central","UR",0.191356704726231,0.249201108557468
"2019-06-04","Central","ZG",1.04625439265509,1.66834228241297
"2019-06-04","Eastern","AI",0.0675343194342624,0.07623541823437
"2019-06-04","Eastern","AR",0.141491712893896,0.213989386180826
"2019-06-04","Eastern","GL",0.17027315075805,0.255726833167811
"2019-06-04","Eastern","GR",1.11979788222892,1.59771490876561
"2019-06-04","Eastern","SG",2.63521849521887,4.17836708696412
"2019-06-04","Eastern","SH",0.383345267343396,0.690945081269063
"2019-06-04","Eastern","TG",1.11596947002332,1.76276136036887
"2019-06-04","Espace Mittelland","BE",5.85985269642571,10.0374481425816
"2019-06-04","Espace Mittelland","FR",1.47894249344841,2.37845667972491
"2019-06-04","Espace Mittelland","JU",0.30980456597683,0.495343283703838
"2019-06-04","Espace Mittelland","NE",0.936505103670461,1.64652189074713
"2019-06-04","Espace Mittelland","SO",1.07229259876217,1.87488826396012
"2019-06-04","Lake Geneva","GE",4.72670980417516,7.60202732511228
"2019-06-04","Lake Geneva","VD",5.36618084413343,8.95778060106002
"2019-06-04","Lake Geneva","VS",2.13445997948858,2.89680994031001
"2019-06-04","Northwestern","AG",3.27462434516828,5.48391986682084
"2019-06-04","Northwestern","BL",1.23028577984886,2.10937250399531
"2019-06-04","Northwestern","BS",1.38797741945285,3.02841205328526
"2019-06-04","Ticino","TI",2.2961518584868,2.73900296444636
"2019-06-04","Zurich","ZH",11.1602838891546,22.9109014268905
"2019-06-05","9999","9999",0.0140045972603584,0.0464617996996807
"2019-06-05","Central","LU",3.39738434125649,4.46872784397536
"2019-06-05","Central","NW",0.306028287764622,0.368125641951164
"2019-06-05","Central","OW",0.189732174561182,0.251716231584371
"2019-06-05","Central","SZ",0.96291748170984,1.31112683629472
"2019-06-05","Central","UR",0.191201532376782,0.249812895239688
"2019-06-05","Central","ZG",1.08709888393115,1.74994782819127
"2019-06-05","Eastern","AI",0.0645075677251335,0.0759295248932602
"2019-06-05","Eastern","AR",0.148220859238778,0.225375416099914
"2019-06-05","Eastern","GL",0.169315934142028,0.271361381713424
"2019-06-05","Eastern","GR",1.23273735416134,1.72268933268348
"2019-06-05","Eastern","SG",2.83744689390324,4.40595173274983
"2019-06-05","Eastern","SH",0.403254394734499,0.728434009629522
"2019-06-05","Eastern","TG",1.15360627765179,1.82091508332875
"2019-06-05","Espace Mittelland","BE",6.38097492306359,10.6928416199839
"2019-06-05","Espace Mittelland","FR",1.62582415950814,2.54173574757953
"2019-06-05","Espace Mittelland","JU",0.34305875821386,0.530656970527516
"2019-06-05","Espace Mittelland","NE",1.02187616453911,1.72839934171753
"2019-06-05","Espace Mittelland","SO",1.14730902931121,1.97902795253351
"2019-06-05","Lake Geneva","GE",5.41137768778726,7.93351374242829
"2019-06-05","Lake Geneva","VD",6.01234053877492,9.54278462185805
"2019-06-05","Lake Geneva","VS",2.31627706410876,3.14451557031094
"2019-06-05","Northwestern","AG",3.52853518473011,5.76286060576398
"2019-06-05","Northwestern","BL",1.29503251858327,2.17520754863194
"2019-06-05","Northwestern","BS",1.47163061570152,3.10859009680505
"2019-06-05","Ticino","TI",2.52091162692101,2.86054458531399
"2019-06-05","Zurich","ZH",11.8127824829406,23.8530189293597
"2019-06-06","9999","9999",0.0146896895467098,0.044660427802034
"2019-06-06","Central","LU",4.23779693217862,4.51875839932132
"2019-06-06","Central","NW",0.306722101030714,0.368261594547213
"2019-06-06","Central","OW",0.196832512746053,0.252599923458688
"2019-06-06","Central","SZ",1.03286865992654,1.33610812581869
"2019-06-06","Central","UR",0.19638477051901,0.250594622666969
"2019-06-06","Central","ZG",1.12344125850559,1.72873922320765
"2019-06-06","Eastern","AI",0.0695472836816877,0.0731424966742596
"2019-06-06","Eastern","AR",0.157892233886088,0.211134381663801
"2019-06-06","Eastern","GL",0.183628127054235,0.270273760945034
"2019-06-06","Eastern","GR",1.3124439644255,1.70093691731567
"2019-06-06","Eastern","SG",3.10602175349125,4.46920367806153
"2019-06-06","Eastern","SH",0.425200891018623,0.726904542923973
"2019-06-06","Eastern","TG",1.24532744531837,1.83879284970916
"2019-06-06","Espace Mittelland","BE",7.17335701763984,10.6827811278763
"2019-06-06","Espace Mittelland","FR",1.63951315676883,2.47246789989267
"2019-06-06","Espace Mittelland","JU",0.344999092011689,0.506763301771938
"2019-06-06","Espace Mittelland","NE",1.05136820756928,1.72445671643211
"2019-06-06","Espace Mittelland","SO",1.30446319105693,2.0597837945865
"2019-06-06","Lake Geneva","GE",5.39562871444179,8.12289570872428
"2019-06-06","Lake Geneva","VD",5.77919525266047,9.12255514747118
"2019-06-06","Lake Geneva","VS",2.25542374745183,2.97284142965031
"2019-06-06","Northwestern","AG",3.79238416615159,5.74549266161875
"2019-06-06","Northwestern","BL",1.30299071217224,2.0954373629003
"2019-06-06","Northwestern","BS",1.54880921483077,2.97617226825351
"2019-06-06","Ticino","TI",2.5024226055439,2.98599484331803
"2019-06-06","Zurich","ZH",12.1329412014824,23.2622369232296
"2019-06-07","9999","9999",0.0177246844809641,0.0482971597463396
"2019-06-07","Central","LU",4.49916849746216,5.24902776899751
"2019-06-07","Central","NW",0.390111846937196,0.450444938858719
"2019-06-07","Central","OW",0.257700956993794,0.305349530725627
"2019-06-07","Central","SZ",1.33799381133119,1.59448603460945
"2019-06-07","Central","UR",0.265191405318216,0.32407700083135
"2019-06-07","Central","ZG",1.4367724367479,1.97104073751564
"2019-06-07","Eastern","AI",0.0986304744937051,0.0951328290851546
"2019-06-07","Eastern","AR",0.218692488452544,0.262796368162349
"2019-06-07","Eastern","GL",0.238112399033562,0.328903317991083
"2019-06-07","Eastern","GR",1.60957283110066,2.0628427279976
"2019-06-07","Eastern","SG",3.72563560425074,5.12153822205273
"2019-06-07","Eastern","SH",0.533972083160929,0.825028329122202
"2019-06-07","Eastern","TG",1.57950064124264,2.16851188327654
"2019-06-07","Espace Mittelland","BE",8.57021654545138,12.0198749100164
"2019-06-07","Espace Mittelland","FR",2.12786286180646,2.9736571452266
"2019-06-07","Espace Mittelland","JU",0.436492327650522,0.59336510545503
"2019-06-07","Espace Mittelland","NE",1.27006976552747,1.91013397448578
"2019-06-07","Espace Mittelland","SO",1.500870259402,2.23896931617884
"2019-06-07","Lake Geneva","GE",5.71256461391316,8.44734657919477
"2019-06-07","Lake Geneva","VD",7.39269613130016,10.6844805353269
"2019-06-07","Lake Geneva","VS",2.86589658601134,3.68149433655473
"2019-06-07","Northwestern","AG",4.53946940971855,6.48769187159821
"2019-06-07","Northwestern","BL",1.6966132214196,2.47070051614403
"2019-06-07","Northwestern","BS",1.83358860245407,3.30167677134337
"2019-06-07","Ticino","TI",2.88801738832565,3.20593215557599
"2019-06-07","Zurich","ZH",14.822356873401,25.8655252086702
"2019-06-08","9999","9999",0.0181153937717958,0.0406838143676063
"2019-06-08","Central","LU",5.02061757091328,5.52596320714893
"2019-06-08","Central","NW",0.539656294009595,0.555366354859388
"2019-06-08","Central","OW",0.299061556399146,0.369927013848811
"2019-06-08","Central","SZ",1.70009671045702,1.9436123012628
"2019-06-08","Central","UR",0.267396650134229,0.350825674103953
"2019-06-08","Central","ZG",1.5864542186921,1.88865346431006
"2019-06-08","Eastern","AI",0.139799302413256,0.140269090973359
"2019-06-08","Eastern","AR",0.242345911908777,0.28811753917644
"2019-06-08","Eastern","GL",0.306359700658851,0.408775468169759
"2019-06-08","Eastern","GR",2.20567615402616,2.54564438471594
"2019-06-08","Eastern","SG",4.91705894399775,5.7840692107476
"2019-06-08","Eastern","SH",0.659982189072979,0.962102534088414
"2019-06-08","Eastern","TG",2.13725167984299,2.69199735436248
"2019-06-08","Espace Mittelland","BE",9.76718777150878,12.6331230826435
"2019-06-08","Espace Mittelland","FR",2.28114838597437,2.99462783316713
"2019-06-08","Espace Mittelland","JU",0.508045652053734,0.662938846483008
"2019-06-08","Espace Mittelland","NE",1.57303456930188,2.14774512423008
"2019-06-08","Espace Mittelland","SO",1.97080996054307,2.63452339438285
"2019-06-08","Lake Geneva","GE",6.27176965560906,7.39758860880388
"2019-06-08","Lake Geneva","VD",9.1260703421538,11.5655893103193
"2019-06-08","Lake Geneva","VS",3.23356602345767,3.89460003086124
"2019-06-08","Northwestern","AG",6.22284820956191,7.74443766947341
"2019-06-08","Northwestern","BL",2.18377286712257,2.65627580975066
"2019-06-08","Northwestern","BS",2.29736725056413,3.34524957837701
"2019-06-08","Ticino","TI",3.28131358725472,3.69104500642716
"2019-06-08","Zurich","ZH",18.7088006515884,25.1187715867231
"2019-06-09","9999","9999",0.0141515068045748,0.030385405216909
"2019-06-09","Central","LU",0.868313346893236,1.70097090546468
"2019-06-09","Central","NW",0.139813803440638,0.135068904174492
"2019-06-09","Central","OW",0.119122450767455,0.136428430134981
"2019-06-09","Central","SZ",0.329884655115816,0.517197663518684
"2019-06-09","Central","UR",0.0994709897548773,0.14244433251014
"2019-06-09","Central","ZG",0.195209243539907,0.387464898739108
"2019-06-09","Eastern","AI",0.039641501238616,0.044830368547095
"2019-06-09","Eastern","AR",0.0640668155963558,0.0786825649632486
"2019-06-09","Eastern","GL",0.0553941869724094,0.107266598282511
"2019-06-09","Eastern","GR",0.779724091775455,0.94058803576369
"2019-06-09","Eastern","SG",0.676956368045505,1.3344766946661
"2019-06-09","Eastern","SH",0.146342696197285,0.303718099573041
"2019-06-09","Eastern","TG",0.272722960119664,0.415369169078126
"2019-06-09","Espace Mittelland","BE",2.44795776877896,3.80497328191606
"2019-06-09","Espace Mittelland","FR",0.560267184190307,0.987287752506456
"2019-06-09","Espace Mittelland","JU",0.0922839782675378,0.156617390648229
"2019-06-09","Espace Mittelland","NE",0.274606319721604,0.47855313809181
"2019-06-09","Espace Mittelland","SO",0.267362635572026,0.55247736219335
"2019-06-09","Lake Geneva","GE",1.46561051986214,2.573684607651
"2019-06-09","Lake Geneva","VD",1.82967869392634,3.17795990893895
"2019-06-09","Lake Geneva","VS",0.865012117325553,1.28206696888929
"2019-06-09","Northwestern","AG",0.838376024813509,1.74005727682872
"2019-06-09","Northwestern","BL",0.2954107318497,0.657670683386117
"2019-06-09","Northwestern","BS",0.51779317373789,1.17483435875579
"2019-06-09","Ticino","TI",1.40379298082684,1.56399866494551
"2019-06-09","Zurich","ZH",3.5530072368037,7.88385705672146
"2019-06-10","9999","9999",0.0123841984979262,0.0326286230517143
"2019-06-10","Central","LU",3.16949976785238,3.05781180218082
"2019-06-10","Central","NW",0.286569134732781,0.293793560061478
"2019-06-10","Central","OW",0.132314998326469,0.106280941961157
"2019-06-10","Central","SZ",0.330389101333269,0.473998726124175
"2019-06-10","Central","UR",0.102611400070199,0.136768311625103
"2019-06-10","Central","ZG",0.213028170992778,0.443239451268132
"2019-06-10","Eastern","AI",0.0298982010255692,0.0290598674054331
"2019-06-10","Eastern","AR",0.058834380476813,0.0752837500620284
"2019-06-10","Eastern","GL",0.0589171925821453,0.113214524359646
"2019-06-10","Eastern","GR",0.834145824892431,0.932600820745822
"2019-06-10","Eastern","SG",0.64824233665835,1.29624002702738
"2019-06-10","Eastern","SH",0.133800035891903,0.278498893005987
"2019-06-10","Eastern","TG",0.296040831447009,0.518863082820282
"2019-06-10","Espace Mittelland","BE",2.69488536702893,3.77985603979604
"2019-06-10","Espace Mittelland","FR",1.48799500747993,2.0982243911193
"2019-06-10","Espace Mittelland","JU",0.0834427061803986,0.156753343244278
"2019-06-10","Espace Mittelland","NE",0.253130462641866,0.472299318673565
"2019-06-10","Espace Mittelland","SO",0.649019071678375,1.06423692187008
"2019-06-10","Lake Geneva","GE",1.37482046461268,2.61158139379961
"2019-06-10","Lake Geneva","VD",1.58301237654268,2.98762627447062
"2019-06-10","Lake Geneva","VS",2.64001659656877,3.22452367308567
"2019-06-10","Northwestern","AG",0.863798695007002,1.86894033788299
"2019-06-10","Northwestern","BL",0.29797762907748,0.713513212213166
"2019-06-10","Northwestern","BS",0.613363410623157,1.34684838090655
"2019-06-10","Ticino","TI",1.39129529994369,1.60359485854472
"2019-06-10","Zurich","ZH",3.46008130122594,8.12728017994686
"2019-06-11","9999","9999",0.0128482979465124,0.0423832218182164
"2019-06-11","Central","LU",3.19279294866456,4.2005953364181
"2019-06-11","Central","NW",0.284860241717911,0.346169297689282
"2019-06-11","Central","OW",0.226898014039462,0.25494510574053
"2019-06-11","Central","SZ",0.99833320421558,1.33508848134832
"2019-06-11","Central","UR",0.200094033856363,0.263034285205435
"2019-06-11","Central","ZG",1.03518155225584,1.67530985296047
"2019-06-11","Eastern","AI",0.0655016536829866,0.0722927929489546
"2019-06-11","Eastern","AR",0.170376549388077,0.22639506057028
"2019-06-11","Eastern","GL",0.175811646449038,0.272584955077863
"2019-06-11","Eastern","GR",1.33683368214837,1.80262945916018
"2019-06-11","Eastern","SG",2.79144808038724,4.28104528512998
"2019-06-11","Eastern","SH",0.39062498672224,0.700223845949394
"2019-06-11","Eastern","TG",1.27362664080662,1.96301953434876
"2019-06-11","Espace Mittelland","BE",7.03128265558039,10.7155457035241
"2019-06-11","Espace Mittelland","FR",1.50881548312796,2.32444951094452
"2019-06-11","Espace Mittelland","JU",0.320549098886853,0.493100065869033
"2019-06-11","Espace Mittelland","NE",0.975568169382589,1.6756837225996
"2019-06-11","Espace Mittelland","SO",1.13496047835643,1.91774731986451
"2019-06-11","Lake Geneva","GE",4.89292198587854,7.66602700970226
"2019-06-11","Lake Geneva","VD",5.78174044338142,9.22859817238925
"2019-06-11","Lake Geneva","VS",2.0167507268733,2.79005316426269
"2019-06-11","Northwestern","AG",3.62778400684079,5.69739943076648
"2019-06-11","Northwestern","BL",1.33249511025004,2.17289635449911
"2019-06-11","Northwestern","BS",1.68091221150469,3.30633314775804
"2019-06-11","Ticino","TI",2.38320341729888,2.90248596119505
"2019-06-11","Zurich","ZH",11.7527343120392,22.8864639477507
"2019-06-12","9999","9999",0.0130311800636508,0.0446944159510462
"2019-06-12","Central","LU",3.40777664761834,4.28379832519997
"2019-06-12","Central","NW",0.278232261870838,0.344435902089659
"2019-06-12","Central","OW",0.189648673236077,0.248317416683151
"2019-06-12","Central","SZ",0.939651215712995,1.26768998185713
"2019-06-12","Central","UR",0.193795238687322,0.245020566228967
"2019-06-12","Central","ZG",1.0063626145704,1.65716018138795
"2019-06-12","Eastern","AI",0.0623293473730586,0.0690979069418075
"2019-06-12","Eastern","AR",0.134913180649511,0.206987827484313
"2019-06-12","Eastern","GL",0.170530930701196,0.253075757544859
"2019-06-12","Eastern","GR",1.1562224305972,1.62480346352834
"2019-06-12","Eastern","SG",2.74265934439058,4.1178681817224
"2019-06-12","Eastern","SH",0.384833476886195,0.676330177193816
"2019-06-12","Eastern","TG",1.15997713153129,1.79715736716922
"2019-06-12","Espace Mittelland","BE",6.31384144366762,10.0849635749007
"2019-06-12","Espace Mittelland","FR",1.46292449334622,2.34351686254037
"2019-06-12","Espace Mittelland","JU",0.320322055795967,0.490041132457935
"2019-06-12","Espace Mittelland","NE",0.972567333903331,1.62354590201489
"2019-06-12","Espace Mittelland","SO",1.09049647112232,1.84943114034998
"2019-06-12","Lake Geneva","GE",5.15952357401242,7.83430233546167
"2019-06-12","Lake Geneva","VD",5.70161858603611,9.10358976032237
"2019-06-12","Lake Geneva","VS",2.13602797405214,2.91818848603869
"2019-06-12","Northwestern","AG",3.34053776067334,5.42940287580526
"2019-06-12","Northwestern","BL",1.23543469797922,2.0514227099295
"2019-06-12","Northwestern","BS",1.70909590785667,3.19097737001062
"2019-06-12","Ticino","TI",2.16964768773012,2.79226239394848
"2019-06-12","Zurich","ZH",11.4423029398391,22.4187530291938
"2019-06-13","9999","9999",0.014194144445983,0.0460539419115343
"2019-06-13","Central","LU",3.35362398825034,4.2677219307172
"2019-06-13","Central","NW",0.274091531291535,0.34290643538411
"2019-06-13","Central","OW",0.2092164410385,0.257290288022372
"2019-06-13","Central","SZ",0.898853556137305,1.25134168218226
"2019-06-13","Central","UR",0.175173205726068,0.247025867020687
"2019-06-13","Central","ZG",1.03516069160964,1.67418824404307
"2019-06-13","Eastern","AI",0.0650141677543775,0.0754197026580772
"2019-06-13","Eastern","AR",0.156444441600543,0.210692535726643
"2019-06-13","Eastern","GL",0.15452785847273,0.255454927975713
"2019-06-13","Eastern","GR",1.15691390208248,1.65433916501994
"2019-06-13","Eastern","SG",2.77480912851383,4.18373721450804
"2019-06-13","Eastern","SH",0.378140541991543,0.681394411396634
"2019-06-13","Eastern","TG",1.18828021562883,1.86275449476277
"2019-06-13","Espace Mittelland","BE",6.40106103895957,10.314179651839
"2019-06-13","Espace Mittelland","FR",1.51278310206362,2.44707875258055
"2019-06-13","Espace Mittelland","JU",0.316930554102113,0.497314596346546
"2019-06-13","Espace Mittelland","NE",0.996995745834028,1.66589513568409
"2019-06-13","Espace Mittelland","SO",1.14551618071275,1.92923531423063
"2019-06-13","Lake Geneva","GE",5.563917871679,8.23998488207132
"2019-06-13","Lake Geneva","VD",5.5521698582757,8.9702542517475
"2019-06-13","Lake Geneva","VS",2.02022922298338,2.89949500408198
"2019-06-13","Northwestern","AG",3.29853193799589,5.45914250619094
"2019-06-13","Northwestern","BL",1.26134946325855,2.08802794641564
"2019-06-13","Northwestern","BS",1.81071481578974,3.42080523363114
"2019-06-13","Ticino","TI",2.29562025466068,2.95802259668099
"2019-06-13","Zurich","ZH",11.8612088498936,22.9377520646101
"2019-06-14","9999","9999",0.0145139502526729,0.0468016811898027
"2019-06-14","Central","LU",4.076068442296,4.96746994258042
"2019-06-14","Central","NW",0.362632145507045,0.413227915690357
"2019-06-14","Central","OW",0.229654944039525,0.286010273937683
"2019-06-14","Central","SZ",1.13176389662961,1.47199274556947
"2019-06-14","Central","UR",0.242168774595087,0.313744603531641
"2019-06-14","Central","ZG",1.33616744550524,1.87821910256332
"2019-06-14","Eastern","AI",0.0821371320453881,0.0870776377692626
"2019-06-14","Eastern","AR",0.178005170612889,0.242301514307991
"2019-06-14","Eastern","GL",0.199346645500988,0.303582146976992
"2019-06-14","Eastern","GR",1.50098689810051,1.9269241200978
"2019-06-14","Eastern","SG",3.26290058760176,4.68047401232138
"2019-06-14","Eastern","SH",0.457416291997073,0.759941023763834
"2019-06-14","Eastern","TG",1.40876382571438,2.09795248592721
"2019-06-14","Espace Mittelland","BE",7.80390901724125,11.5177000083611
"2019-06-14","Espace Mittelland","FR",1.88886194492095,2.78315357001321
"2019-06-14","Espace Mittelland","JU",0.397935736654952,0.566344526990329
"2019-06-14","Espace Mittelland","NE",1.13791017451174,1.7745552480761
"2019-06-14","Espace Mittelland","SO",1.3497831661728,2.10203106380867
"2019-06-14","Lake Geneva","GE",5.66440303266568,8.24922965860264
"2019-06-14","Lake Geneva","VD",6.77645365780035,9.98796139761988
"2019-06-14","Lake Geneva","VS",2.61645225476819,3.42665119526124
"2019-06-14","Northwestern","AG",4.08692283527142,6.31027373375452
"2019-06-14","Northwestern","BL",1.53658081916174,2.34219132472889
"2019-06-14","Northwestern","BS",1.86215225078599,3.49462749328564
"2019-06-14","Ticino","TI",2.50470660546703,3.1310222751531
"2019-06-14","Zurich","ZH",13.7942291839876,25.0426381329358
"2019-06-15","9999","9999",0.0147186250291093,0.0350757697805929
"2019-06-15","Central","LU",4.78168569348571,5.13108889192516
"2019-06-15","Central","NW",0.477807438550859,0.484671004914007
"2019-06-15","Central","OW",0.252935574003001,0.306811021133151
"2019-06-15","Central","SZ",1.49583578308213,1.77526899920536
"2019-06-15","Central","UR",0.274585161457779,0.332913919574523
"2019-06-15","Central","ZG",1.4413948771242,1.77948352968287
"2019-06-15","Eastern","AI",0.110589126774094,0.111209223567926
"2019-06-15","Eastern","AR",0.210452544953214,0.263068273354447
"2019-06-15","Eastern","GL",0.258584599399054,0.38117709117185
"2019-06-15","Eastern","GR",1.86986887676056,2.15641210222819
"2019-06-15","Eastern","SG",4.11043243500833,5.04129220223492
"2019-06-15","Eastern","SH",0.552427129136058,0.845047348890389
"2019-06-15","Eastern","TG",1.81290221529607,2.39432914531361
"2019-06-15","Espace Mittelland","BE",8.9657070360845,11.4846295393722
"2019-06-15","Espace Mittelland","FR",2.04062814675574,2.73312301466725
"2019-06-15","Espace Mittelland","JU",0.439115490274312,0.574977516839428
"2019-06-15","Espace Mittelland","NE",1.44016986338219,1.9606063757689
"2019-06-15","Espace Mittelland","SO",1.71655063031752,2.34878502563726
"2019-06-15","Lake Geneva","GE",6.21999267414206,7.34935942535557
"2019-06-15","Lake Geneva","VD",8.4651903973343,10.575888399233
"2019-06-15","Lake Geneva","VS",2.86353508802396,3.48140610331989
"2019-06-15","Northwestern","AG",5.64753533031604,7.37875917425112
"2019-06-15","Northwestern","BL",1.94265102911066,2.48283428534139
"2019-06-15","Northwestern","BS",2.35398632204984,3.59846128851792
"2019-06-15","Ticino","TI",3.1274736640999,3.52049247468393
"2019-06-15","Zurich","ZH",17.2939661115415,24.6630244966185
"2019-06-16","9999","9999",0.0118912223072621,0.0304193933659212
"2019-06-16","Central","LU",2.01761334024344,1.68683183547561
"2019-06-16","Central","NW",0.128769988592277,0.134491105641285
"2019-06-16","Central","OW",0.11116840032917,0.126197997282308
"2019-06-16","Central","SZ",0.33023223726256,0.516619864985477
"2019-06-16","Central","UR",0.103494940658902,0.150295594931959
"2019-06-16","Central","ZG",0.207073159429687,0.418700007681322
"2019-06-16","Eastern","AI",0.0272229239884927,0.0259329576963104
"2019-06-16","Eastern","AR",0.0572410805827261,0.0740261885485769
"2019-06-16","Eastern","GL",0.0561928164682893,0.120454000099245
"2019-06-16","Eastern","GR",0.70564547004019,0.835870548657094
"2019-06-16","Eastern","SG",0.608008866123159,1.22986117200654
"2019-06-16","Eastern","SH",0.131522908586389,0.274930137359705
"2019-06-16","Eastern","TG",0.296315524686742,0.517061710922636
"2019-06-16","Espace Mittelland","BE",2.52920322665912,3.79691809060017
"2019-06-16","Espace Mittelland","FR",0.528672233732345,0.994731157140128
"2019-06-16","Espace Mittelland","JU",0.0867991085741105,0.160288110741547
"2019-06-16","Espace Mittelland","NE",0.284543118385906,0.493507923657179
"2019-06-16","Espace Mittelland","SO",0.288944483687983,0.618448359426035
"2019-06-16","Lake Geneva","GE",1.55177569113794,2.79419971844217
"2019-06-16","Lake Geneva","VD",1.61998398135767,3.18598111210583
"2019-06-16","Lake Geneva","VS",0.810665681468772,1.29895907894835
"2019-06-16","Northwestern","AG",0.864702011503963,1.91903886952697
"2019-06-16","Northwestern","BL",0.299971933482757,0.700291822247419
"2019-06-16","Northwestern","BS",0.700377226820626,1.51254060734103
"2019-06-16","Ticino","TI",1.23303521066788,1.55047138163865
"2019-06-16","Zurich","ZH",3.60539996956546,8.19097397119572
"2019-06-17","9999","9999",0.0137372974690985,0.0440826292688265
"2019-06-17","Central","LU",3.2276567392769,4.08003937187182
"2019-06-17","Central","NW",0.26966570260354,0.348752397014209
"2019-06-17","Central","OW",0.173181415406553,0.254537247952384
"2019-06-17","Central","SZ",0.815134308355055,1.22629241636026
"2019-06-17","Central","UR",0.16798886888137,0.245564376613163
"2019-06-17","Central","ZG",0.888970168089385,1.59553966722883
"2019-06-17","Eastern","AI",0.0551935222019247,0.0673984994911974
"2019-06-17","Eastern","AR",0.131342109792655,0.208823187530972
"2019-06-17","Eastern","GL",0.14162161124099,0.24814747593809
"2019-06-17","Eastern","GR",1.21528975560921,1.72449070458113
"2019-06-17","Eastern","SG",2.34540328024831,3.94119778315697
"2019-06-17","Eastern","SH",0.337097786466141,0.65416990403786
"2019-06-17","Eastern","TG",1.04555567261414,1.77628864367572
"2019-06-17","Espace Mittelland","BE",5.92209714053799,9.80738236191805
"2019-06-17","Espace Mittelland","FR",1.35748310206401,2.28838808484258
"2019-06-17","Espace Mittelland","JU",0.273233354773681,0.453333931524756
"2019-06-17","Espace Mittelland","NE",0.842198747039963,1.529160812208
"2019-06-17","Espace Mittelland","SO",0.917003837744085,1.74369400877302
"2019-06-17","Lake Geneva","GE",5.06405081081674,7.7449814798576
"2019-06-17","Lake Geneva","VD",5.12770558263748,8.73954269625267
"2019-06-17","Lake Geneva","VS",2.11618691494566,2.98684454704334
"2019-06-17","Northwestern","AG",2.9290904029487,5.14057158549957
"2019-06-17","Northwestern","BL",1.12366249805271,2.01145264669115
"2019-06-17","Northwestern","BS",1.41780575473996,3.02453740429787
"2019-06-17","Ticino","TI",2.05930305383844,2.78560071674209
"2019-06-17","Zurich","ZH",10.6044145654271,22.3899650669804
"2019-06-18","9999","9999",0.0127737486464125,0.0430629847984605
"2019-06-18","Central","LU",3.32474582074066,4.0563156438613
"2019-06-18","Central","NW",0.282415872884879,0.341988755360781
"2019-06-18","Central","OW",0.189285231202513,0.246584021083529
"2019-06-18","Central","SZ",0.860326836553258,1.20664726623121
"2019-06-18","Central","UR",0.181577196978976,0.249065155961419
"2019-06-18","Central","ZG",0.933309786818568,1.60641587491274
"2019-06-18","Eastern","AI",0.0595414729715985,0.0715110655216739
"2019-06-18","Eastern","AR",0.139503826847755,0.19536388052214
"2019-06-18","Eastern","GL",0.149520692486361,0.247807594447968
"2019-06-18","Eastern","GR",1.14284610415214,1.63904449796445
"2019-06-18","Eastern","SG",2.40479980951845,3.84426358217417
"2019-06-18","Eastern","SH",0.353821469295394,0.647100369043322
"2019-06-18","Eastern","TG",1.07639189783467,1.74889419557189
"2019-06-18","Espace Mittelland","BE",5.72779443246466,9.69348807457816
"2019-06-18","Espace Mittelland","FR",1.41659085608133,2.33002356738253
"2019-06-18","Espace Mittelland","JU",0.291267455856462,0.476173967660956
"2019-06-18","Espace Mittelland","NE",0.890705188799284,1.55675918920591
"2019-06-18","Espace Mittelland","SO",0.992675015329364,1.78900021140629
"2019-06-18","Lake Geneva","GE",4.76285347590586,7.64855710110998
"2019-06-18","Lake Geneva","VD",5.20494893318119,8.64723088353553
"2019-06-18","Lake Geneva","VS",2.13967799190117,2.98290192175792
"2019-06-18","Northwestern","AG",3.03074955583408,5.12656846810654
"2019-06-18","Northwestern","BL",1.08345326769021,1.96356334473296
"2019-06-18","Northwestern","BS",1.41009881308641,2.99010740934851
"2019-06-18","Ticino","TI",2.10208489882001,2.7399546326187
"2019-06-18","Zurich","ZH",10.8586020053311,22.2036760222446
"2019-06-19","9999","9999",0.0151585782895137,0.0486710293854739
"2019-06-19","Central","LU",3.67459681240476,4.42641259845517
"2019-06-19","Central","NW",0.343743850500211,0.434334556226935
"2019-06-19","Central","OW",0.244575365569314,0.311705314590908
"2019-06-19","Central","SZ",1.06422806561108,1.4088427647048
"2019-06-19","Central","UR",0.207908615191163,0.273026801015022
"2019-06-19","Central","ZG",1.16402159063958,1.81839996030184
"2019-06-19","Eastern","AI",0.0739936127419067,0.083780787315079
"2019-06-19","Eastern","AR",0.161764767905222,0.217932011466242
"2019-06-19","Eastern","GL",0.159802755012716,0.262796368162349
"2019-06-19","Eastern","GR",1.26330477192236,1.75140931859879
"2019-06-19","Eastern","SG",2.56310258342793,4.04645908064776
"2019-06-19","Eastern","SH",0.376422473738446,0.688395970093148
"2019-06-19","Eastern","TG",1.11863745542848,1.81122846086027
"2019-06-19","Espace Mittelland","BE",6.13701815965265,10.0417986256552
"2019-06-19","Espace Mittelland","FR",1.67981012559162,2.65702354902892
"2019-06-19","Espace Mittelland","JU",0.388356204458408,0.580313656234344
"2019-06-19","Espace Mittelland","NE",0.95795793846017,1.64393879142221
"2019-06-19","Espace Mittelland","SO",1.19844969253886,2.02324653439839
"2019-06-19","Lake Geneva","GE",5.27327027893981,8.04825773349349
"2019-06-19","Lake Geneva","VD",5.59608946804166,9.15253269489994
"2019-06-19","Lake Geneva","VS",2.37193294312973,3.0981557350583
"2019-06-19","Northwestern","AG",3.42115489682993,5.62136794142618
"2019-06-19","Northwestern","BL",1.17169169427948,2.0692325000119
"2019-06-19","Northwestern","BS",1.39595262423894,3.0070674957056
"2019-06-19","Ticino","TI",2.48777844757844,3.14125270800577
"2019-06-19","Zurich","ZH",11.3161189351631,23.0787009185637
"2019-06-20","9999","9999",0.01386258665896,0.0436747714806801
"2019-06-20","Central","LU",1.57722751611103,1.77778412223226
"2019-06-20","Central","NW",0.125343046904417,0.123410969063307
"2019-06-20","Central","OW",0.118016797358857,0.115695659237537
"2019-06-20","Central","SZ",0.295364052874168,0.488443689454361
"2019-06-20","Central","UR",0.0917274646290552,0.136904264221151
"2019-06-20","Central","ZG",0.200437868370591,0.422336739625627
"2019-06-20","Eastern","AI",0.0182996856566516,0.018965387148809
"2019-06-20","Eastern","AR",0.161102678328793,0.21327563505157
"2019-06-20","Eastern","GL",0.199964425294856,0.314798236151019
"2019-06-20","Eastern","GR",1.46822222420721,1.77781811038127
"2019-06-20","Eastern","SG",3.36591000034277,4.67506989662844
"2019-06-20","Eastern","SH",0.43233525159774,0.761096620830249
"2019-06-20","Eastern","TG",1.28338629824121,1.92852156310138
"2019-06-20","Espace Mittelland","BE",7.81947316220693,11.411589007145
"2019-06-20","Espace Mittelland","FR",0.537736213874639,1.0013248580485
"2019-06-20","Espace Mittelland","JU",0.0819246173940344,0.156209532860082
"2019-06-20","Espace Mittelland","NE",1.07115500628273,1.70188858548801
"2019-06-20","Espace Mittelland","SO",0.27542090308882,0.6038674434998
"2019-06-20","Lake Geneva","GE",5.71928005809903,8.42613797421115
"2019-06-20","Lake Geneva","VD",6.34757907266709,9.47623582609216
"2019-06-20","Lake Geneva","VS",0.843649578158143,1.14135603197877
"2019-06-20","Northwestern","AG",2.93618456556776,4.64325698915302
"2019-06-20","Northwestern","BL",1.48917265694266,2.1954304972942
"2019-06-20","Northwestern","BS",1.68007822425126,3.22816040502997
"2019-06-20","Ticino","TI",1.17294578448066,1.39568935103708
"2019-06-20","Zurich","ZH",13.3368636240483,24.3241966391159
"2019-06-21","9999","9999",0.0154179246412348,0.0440146529708021
"2019-06-21","Central","LU",4.99834060158008,5.70973712885791
"2019-06-21","Central","NW",0.45545532076627,0.482325822632165
"2019-06-21","Central","OW",0.270579588442359,0.305655424066736
"2019-06-21","Central","SZ",1.44178236352938,1.7361146515433
"2019-06-21","Central","UR",0.289233239360697,0.34783471699088
"2019-06-21","Central","ZG",1.49798553787437,1.87397058393679
"2019-06-21","Eastern","AI",0.106092719631736,0.100672897374144
"2019-06-21","Eastern","AR",0.215106783423577,0.236047694889746
"2019-06-21","Eastern","GL",0.235517607985084,0.381448996363948
"2019-06-21","Eastern","GR",1.73798609363614,2.10311868457706
"2019-06-21","Eastern","SG",3.45185302355447,4.73543284927411
"2019-06-21","Eastern","SH",0.451079950014493,0.750968152424613
"2019-06-21","Eastern","TG",1.45611654490196,2.06967434594905
"2019-06-21","Espace Mittelland","BE",8.12678922187311,11.5755138498308
"2019-06-21","Espace Mittelland","FR",2.17299719401008,2.90941954359354
"2019-06-21","Espace Mittelland","JU",0.426055351232133,0.578104426548551
"2019-06-21","Espace Mittelland","NE",1.24103670370587,1.8179921025137
"2019-06-21","Espace Mittelland","SO",1.51220205846685,2.18689947189214
"2019-06-21","Lake Geneva","GE",6.19116783109629,8.50053803239886
"2019-06-21","Lake Geneva","VD",7.13875475460316,10.1621166731584
"2019-06-21","Lake Geneva","VS",3.18265421643883,3.70239704819723
"2019-06-21","Northwestern","AG",4.64915661018329,6.91094629124717
"2019-06-21","Northwestern","BL",1.54449515331061,2.28648474849789
"2019-06-21","Northwestern","BS",1.81172281537176,3.23485607038538
"2019-06-21","Ticino","TI",2.90699248586366,3.36934717602666
"2019-06-21","Zurich","ZH",14.400575205592,25.0246244139593
"2019-06-22","9999","9999",0.0133003869573507,0.0337162438201048
"2019-06-22","Central","LU",4.39112471021784,5.07205147709097
"2019-06-22","Central","NW",0.455452896749,0.459757691688062
"2019-06-22","Central","OW",0.245904565061655,0.295662908257149
"2019-06-22","Central","SZ",1.52765598309316,1.79474420858935
"2019-06-22","Central","UR",0.245622157259691,0.314390378362872
"2019-06-22","Central","ZG",1.4279327232373,1.67259080103949
"2019-06-22","Eastern","AI",0.101274807129385,0.0981237861982284
"2019-06-22","Eastern","AR",0.210024641290772,0.238052995681466
"2019-06-22","Eastern","GL",0.282845895114919,0.452348275203402
"2019-06-22","Eastern","GR",2.06832709839412,2.24209622588796
"2019-06-22","Eastern","SG",4.27971963338505,5.04407923045393
"2019-06-22","Eastern","SH",0.560539946831472,0.799809122555147
"2019-06-22","Eastern","TG",1.86390538309504,2.35857361255277
"2019-06-22","Espace Mittelland","BE",9.03070305699553,11.4218194399977
"2019-06-22","Espace Mittelland","FR",1.93039450857567,2.55954553766193
"2019-06-22","Espace Mittelland","JU",0.423884434260039,0.524743032599393
"2019-06-22","Espace Mittelland","NE",1.56582977124518,1.98840868166088
"2019-06-22","Espace Mittelland","SO",1.66289846590134,2.27384115706535
"2019-06-22","Lake Geneva","GE",6.7429270945243,7.74141272421132
"2019-06-22","Lake Geneva","VD",8.81995549073531,11.1097402557676
"2019-06-22","Lake Geneva","VS",2.89319656946967,3.35711144238227
"2019-06-22","Northwestern","AG",5.68339254116258,7.67741303962134
"2019-06-22","Northwestern","BL",1.92565418029003,2.37607750929406
"2019-06-22","Northwestern","BS",2.19072530500981,3.15420219277942
"2019-06-22","Ticino","TI",3.16085481766795,3.40829759479465
"2019-06-22","Zurich","ZH",17.441762752094,23.7988418198343
"2019-06-23","9999","9999",0.0140064965307555,0.0341580897572634
"2019-06-23","Central","LU",1.50395310420219,1.7979390945965
"2019-06-23","Central","NW",0.184338109572841,0.183162135026759
"2019-06-23","Central","OW",0.159071833527485,0.186764878822052
"2019-06-23","Central","SZ",0.393950691423906,0.682176138823915
"2019-06-23","Central","UR",0.117796983243544,0.182924217983673
"2019-06-23","Central","ZG",0.2075524256293,0.439704683770863
"2019-06-23","Eastern","AI",0.0362120219688646,0.0492828160676935
"2019-06-23","Eastern","AR",0.0737418987159667,0.0826931665466885
"2019-06-23","Eastern","GL",0.0768281426227695,0.1927467930482
"2019-06-23","Eastern","GR",0.860282977113161,0.977839047081064
"2019-06-23","Eastern","SG",0.679680336893131,1.28261077927348
"2019-06-23","Eastern","SH",0.132713093233731,0.283393186463744
"2019-06-23","Eastern","TG",0.34360060635206,0.58564979562926
"2019-06-23","Espace Mittelland","BE",2.63820444981667,4.06562839669064
"2019-06-23","Espace Mittelland","FR",0.532422231524688,1.0007810476643
"2019-06-23","Espace Mittelland","JU",0.0778956578985915,0.140337067271384
"2019-06-23","Espace Mittelland","NE",0.284597273046361,0.497824418581729
"2019-06-23","Espace Mittelland","SO",0.269724043490911,0.590306172043932
"2019-06-23","Lake Geneva","GE",1.5021121159522,2.81146569814037
"2019-06-23","Lake Geneva","VD",1.81923339987842,3.27305874987509
"2019-06-23","Lake Geneva","VS",0.919914248372336,1.38189016253813
"2019-06-23","Northwestern","AG",0.874223124492706,2.00632043619031
"2019-06-23","Northwestern","BL",0.284367371259826,0.663380692420167
"2019-06-23","Northwestern","BS",0.442735401750533,1.1005022768661
"2019-06-23","Ticino","TI",1.25407863716439,1.50506321455835
"2019-06-23","Zurich","ZH",3.6180730138046,8.32142048710456
"2019-06-24","9999","9999",0.012802523571933,0.0440826292688265
"2019-06-24","Central","LU",3.11830487555986,4.14546655872031
"2019-06-24","Central","NW",0.288057559656759,0.369689096805726
"2019-06-24","Central","OW",0.185332301263273,0.255454927975713
"2019-06-24","Central","SZ",0.933602666061855,1.30127027308118
"2019-06-24","Central","UR",0.182397121799431,0.266806969745789
"2019-06-24","Central","ZG",1.00336075309353,1.64268122990876
"2019-06-24","Eastern","AI",0.0576714826668452,0.0743320818896867
"2019-06-24","Eastern","AR",0.132689405220057,0.216946355144888
"2019-06-24","Eastern","GL",0.153494177622125,0.259465529559153
"2019-06-24","Eastern","GR",1.32904553004225,1.81792412621567
"2019-06-24","Eastern","SG",2.46642557315193,4.03038268616499
"2019-06-24","Eastern","SH",0.361801482955808,0.666439625831265
"2019-06-24","Eastern","TG",1.09599667987171,1.80477071254795
"2019-06-24","Espace Mittelland","BE",6.21279547708296,10.0392495144793
"2019-06-24","Espace Mittelland","FR",1.50226241285496,2.39327551269423
"2019-06-24","Espace Mittelland","JU",0.306601918332806,0.469512290454564
"2019-06-24","Espace Mittelland","NE",0.929700299791413,1.63812681794112
"2019-06-24","Espace Mittelland","SO",1.00168226798512,1.80956304155867
"2019-06-24","Lake Geneva","GE",5.02693566031995,7.94965811320909
"2019-06-24","Lake Geneva","VD",5.44837735481187,9.0070294289787
"2019-06-24","Lake Geneva","VS",2.08111262251699,2.8563980311345
"2019-06-24","Northwestern","AG",3.08901734674925,5.28060275942984
"2019-06-24","Northwestern","BL",1.20464247709158,2.07783150171198
"2019-06-24","Northwestern","BS",1.43262956410487,3.06950372544101
"2019-06-24","Ticino","TI",2.22766992452108,2.74841768172274
"2019-06-24","Zurich","ZH",11.0265880820892,22.9901617903869
"2019-06-25","9999","9999",0.0166048511587411,0.0510162116673158
"2019-06-25","Central","LU",3.73502801719495,4.45054418425383
"2019-06-25","Central","NW",0.296282645770755,0.378492027399886
"2019-06-25","Central","OW",0.198464827961718,0.276969426300438
"2019-06-25","Central","SZ",1.00596987286445,1.36000179457427
"2019-06-25","Central","UR",0.194983563224481,0.273196741760083
"2019-06-25","Central","ZG",1.01965063864808,1.69539684902668
"2019-06-25","Eastern","AI",0.0685846707881252,0.0808238183510174
"2019-06-25","Eastern","AR",0.162392306424511,0.243389135076382
"2019-06-25","Eastern","GL",0.181918282446155,0.291652306673709
"2019-06-25","Eastern","GR",1.36150542390311,1.86370616293511
"2019-06-25","Eastern","SG",3.00358758471926,4.60549615560047
"2019-06-25","Eastern","SH",0.402321371298916,0.72901180816273
"2019-06-25","Eastern","TG",1.29970775476058,2.05771051749676
"2019-06-25","Espace Mittelland","BE",6.50049582118024,10.8388207199914
"2019-06-25","Espace Mittelland","FR",1.64533470640532,2.5522380856243
"2019-06-25","Espace Mittelland","JU",0.340668078034731,0.523859340725076
"2019-06-25","Espace Mittelland","NE",1.10287758771137,1.80273142360722
"2019-06-25","Espace Mittelland","SO",1.18284985303779,2.03351095540007
"2019-06-25","Lake Geneva","GE",5.27275147658777,8.12034659754837
"2019-06-25","Lake Geneva","VD",6.01009292652298,9.64641448819626
"2019-06-25","Lake Geneva","VS",2.18184201009662,2.91924211865807
"2019-06-25","Northwestern","AG",3.57960825742775,5.91057310137101
"2019-06-25","Northwestern","BL",1.30088554128405,2.19794562032111
"2019-06-25","Northwestern","BS",1.58102029252155,3.25137431080531
"2019-06-25","Ticino","TI",2.73973803155865,2.7772736202341
"2019-06-25","Zurich","ZH",12.0256985578198,24.6259774141952
"2019-06-26","9999","9999",0.0161344939078983,0.0499965671969498
"2019-06-26","Central","LU",3.70159369188783,4.82573936119954
"2019-06-26","Central","NW",0.324408306685036,0.410576840067405
"2019-06-26","Central","OW",0.212777612193162,0.286452119874842
"2019-06-26","Central","SZ",1.04159300352958,1.43297435050347
"2019-06-26","Central","UR",0.201741954417456,0.287097894706074
"2019-06-26","Central","ZG",1.10217715636905,1.78675699357148
"2019-06-26","Eastern","AI",0.0719055078751446,0.0851403132755671
"2019-06-26","Eastern","AR",0.179792509369189,0.253483615333006
"2019-06-26","Eastern","GL",0.187091006070824,0.300047379479723
"2019-06-26","Eastern","GR",1.44764066111104,1.95360481707238
"2019-06-26","Eastern","SG",3.36009909445255,4.9509856903095
"2019-06-26","Eastern","SH",0.412957645796307,0.773162413729581
"2019-06-26","Eastern","TG",1.35815062316217,2.14913863833958
"2019-06-26","Espace Mittelland","BE",7.03513253541551,11.2847452350314
"2019-06-26","Espace Mittelland","FR",1.78946800680387,2.75467150114098
"2019-06-26","Espace Mittelland","JU",0.36728042379278,0.549656345825338
"2019-06-26","Espace Mittelland","NE",1.1242685180342,1.8879057250318
"2019-06-26","Espace Mittelland","SO",1.2452732514977,2.15151780877044
"2019-06-26","Lake Geneva","GE",5.63691457109558,8.4853113416414
"2019-06-26","Lake Geneva","VD",6.65091479807601,10.367031223553
"2019-06-26","Lake Geneva","VS",2.24058238647884,3.02412954650972
"2019-06-26","Northwestern","AG",3.89987888411418,6.24348702094554
"2019-06-26","Northwestern","BL",1.35247887309372,2.28070676316582
"2019-06-26","Northwestern","BS",1.6209089573692,3.30803255520865
"2019-06-26","Ticino","TI",2.37250378157463,2.7823038662879
"2019-06-26","Zurich","ZH",12.4818810602708,25.4396197133983
"2019-06-27","9999","9999",0.017586644725303,0.053565322843231
"2019-06-27","Central","LU",3.63616611758237,4.85201220038597
"2019-06-27","Central","NW",0.339092165275826,0.409353266702966
"2019-06-27","Central","OW",0.205912920598275,0.286248190980769
"2019-06-27","Central","SZ",1.06727011721596,1.43715489283197
"2019-06-27","Central","UR",0.219373515908643,0.289035219199769
"2019-06-27","Central","ZG",1.15113022428931,1.84735786326024
"2019-06-27","Eastern","AI",0.0760026648839162,0.0835768584210058
"2019-06-27","Eastern","AR",0.17695848073907,0.252022124925481
"2019-06-27","Eastern","GL",0.19149773632227,0.305349530725627
"2019-06-27","Eastern","GR",1.57136930859787,2.00441709984563
"2019-06-27","Eastern","SG",3.7023467780544,5.23607828422386
"2019-06-27","Eastern","SH",0.420328052399594,0.76837008471886
"2019-06-27","Eastern","TG",1.43047680572418,2.1703472433232
"2019-06-27","Espace Mittelland","BE",7.25036537948517,11.5590295975599
"2019-06-27","Espace Mittelland","FR",1.8200620065184,2.81119379294827
"2019-06-27","Espace Mittelland","JU",0.383737390317967,0.576880853184112
"2019-06-27","Espace Mittelland","NE",1.28957576592377,1.99425464329098
"2019-06-27","Espace Mittelland","SO",1.32966244047936,2.23985300805315
"2019-06-27","Lake Geneva","GE",6.15024874352788,8.90404533747173
"2019-06-27","Lake Geneva","VD",6.53126823091543,10.133056805753
"2019-06-27","Lake Geneva","VS",2.31784881413688,3.06637681573189
"2019-06-27","Northwestern","AG",3.95405482422963,6.25358150120216
"2019-06-27","Northwestern","BL",1.39612220754728,2.28366373212988
"2019-06-27","Northwestern","BS",1.74794027943562,3.3569075134882
"2019-06-27","Ticino","TI",2.80515305893142,3.06049686595278
"2019-06-27","Zurich","ZH",12.8003926767,25.5127961982216
"2019-06-28","9999","9999",0.0170798058187512,0.0488069819815227
"2019-06-28","Central","LU",4.39398777223089,5.51280979348121
"2019-06-28","Central","NW",0.423664502664083,0.489599286520776
"2019-06-28","Central","OW",0.286305402437051,0.33950762048289
"2019-06-28","Central","SZ",1.36566450887489,1.67870866786169
"2019-06-28","Central","UR",0.286435191135543,0.373699698389166
"2019-06-28","Central","ZG",1.4393078804915,2.07650596390051
"2019-06-28","Eastern","AI",0.0990645067296965,0.101352660354388
"2019-06-28","Eastern","AR",0.227876287102751,0.276255675171181
"2019-06-28","Eastern","GL",0.252689130941916,0.357419375012321
"2019-06-28","Eastern","GR",1.96415748989793,2.36407969269275
"2019-06-28","Eastern","SG",4.2124718218272,5.58024228112142
"2019-06-28","Eastern","SH",0.509036816659595,0.856467366958489
"2019-06-28","Eastern","TG",1.72525088255669,2.41485798731698
"2019-06-28","Espace Mittelland","BE",8.65132863147343,12.767988057924
"2019-06-28","Espace Mittelland","FR",2.3267147806552,3.189243974411
"2019-06-28","Espace Mittelland","JU",0.484286437278375,0.650737100987628
"2019-06-28","Espace Mittelland","NE",1.39101315451516,2.07446667495977
"2019-06-28","Espace Mittelland","SO",1.57154800840411,2.3931735482472
"2019-06-28","Lake Geneva","GE",6.50987197871946,8.85639395255662
"2019-06-28","Lake Geneva","VD",8.06511453538381,11.5482893424721
"2019-06-28","Lake Geneva","VS",3.10231950374829,3.70800509278425
"2019-06-28","Northwestern","AG",4.86596629119292,6.98476855090167
"2019-06-28","Northwestern","BL",1.71739143536428,2.56647912006042
"2019-06-28","Northwestern","BS",1.8987615962059,3.4117983741429
"2019-06-28","Ticino","TI",3.15188590677808,3.34249653830702
"2019-06-28","Zurich","ZH",15.2893684086726,27.1434796115291
"2019-06-29","9999","9999",0.0174591821435437,0.0407517906656307
"2019-06-29","Central","LU",4.84834224063085,5.45064546893789
"2019-06-29","Central","NW",0.493763910124222,0.558119394929376
"2019-06-29","Central","OW",0.315455032468771,0.399734620532513
"2019-06-29","Central","SZ",1.64118108428344,1.92005851399734
"2019-06-29","Central","UR",0.310892393655846,0.414553453501833
"2019-06-29","Central","ZG",1.55708381903584,1.99408470254592
"2019-06-29","Eastern","AI",0.118730413945356,0.130004669971674
"2019-06-29","Eastern","AR",0.249921236081828,0.294031477104563
"2019-06-29","Eastern","GL",0.305914182731985,0.4297801442593
"2019-06-29","Eastern","GR",2.28899355143659,2.61827705915501
"2019-06-29","Eastern","SG",4.92918406634943,5.90771809685399
"2019-06-29","Eastern","SH",0.626092919975393,0.918903596693905
"2019-06-29","Eastern","TG",2.12952492703698,2.7538897737137
"2019-06-29","Espace Mittelland","BE",9.73462926439609,12.7915418451894
"2019-06-29","Espace Mittelland","FR",2.42970589382804,3.14220437617811
"2019-06-29","Espace Mittelland","JU",0.565468146245559,0.690265318288819
"2019-06-29","Espace Mittelland","NE",1.66243007840928,2.25443392397939
"2019-06-29","Espace Mittelland","SO",1.88208587680721,2.62082617033093
"2019-06-29","Lake Geneva","GE",6.7606948787372,7.73223592397803
"2019-06-29","Lake Geneva","VD",9.55522188790321,12.2880074175736
"2019-06-29","Lake Geneva","VS",3.13059502297093,3.79012046079773
"2019-06-29","Northwestern","AG",6.08515934900169,7.79474013001147
"2019-06-29","Northwestern","BL",2.07653489527347,2.59424743780339
"2019-06-29","Northwestern","BS",2.06830805478187,3.20331506810205
"2019-06-29","Ticino","TI",1.96221882432523,2.23322531899577
"2019-06-29","Zurich","ZH",17.7533858048617,25.3741245502518
"2019-06-30","9999","9999",0.0141672727068809,0.0366392246351542
"2019-06-30","Central","LU",1.98283593706401,1.87519415730123
"2019-06-30","Central","NW",0.182760665649553,0.191183338193639
"2019-06-30","Central","OW",0.190751945703642,0.213343611349595
"2019-06-30","Central","SZ",0.370824164736026,0.567873993695878
"2019-06-30","Central","UR",0.136590588852026,0.212663848369351
"2019-06-30","Central","ZG",0.213825645262334,0.483515407847592
"2019-06-30","Eastern","AI",0.0340996730133848,0.0401400039834111
"2019-06-30","Eastern","AR",0.0743424323514248,0.0948949120420692
"2019-06-30","Eastern","GL",0.0771171175926844,0.17391735849544
"2019-06-30","Eastern","GR",1.05073460313279,1.16450196145608
"2019-06-30","Eastern","SG",0.778415236014481,1.56664974056846
"2019-06-30","Eastern","SH",0.149866747384745,0.315681928025336
"2019-06-30","Eastern","TG",0.358377846390041,0.644177388228273
"2019-06-30","Espace Mittelland","BE",2.63344584545898,4.4755254737778
"2019-06-30","Espace Mittelland","FR",0.571133987037664,1.07756027628287
"2019-06-30","Espace Mittelland","JU",0.0800674089832521,0.152878694256886
"2019-06-30","Espace Mittelland","NE",0.311923991183046,0.57021917597772
"2019-06-30","Espace Mittelland","SO",0.294833537702007,0.65478169072008
"2019-06-30","Lake Geneva","GE",1.61545357923322,2.85459665923686
"2019-06-30","Lake Geneva","VD",1.97551831451367,3.75310736652344
"2019-06-30","Lake Geneva","VS",1.09101259099967,1.57837565197767
"2019-06-30","Northwestern","AG",0.904622674162772,1.95149755183363
"2019-06-30","Northwestern","BL",0.306155906987238,0.712051721805641
"2019-06-30","Northwestern","BS",0.4100444665409,1.08921821139405
"2019-06-30","Ticino","TI",1.28646747090025,1.5701165317677
"2019-06-30","Zurich","ZH",3.8500868986695,9.18771042912757
"2019-07-01","9999","9999",0.0146154104520891,0.0447284041000584
"2019-07-01","Central","LU",3.53567037158975,4.57130407769419
"2019-07-01","Central","NW",0.314840734017962,0.405988439950758
"2019-07-01","Central","OW",0.206898442217246,0.277513236684633
"2019-07-01","Central","SZ",0.970916002487566,1.37471866309655
"2019-07-01","Central","UR",0.190206694542813,0.276629544810316
"2019-07-01","Central","ZG",0.992055927584336,1.74478162954141
"2019-07-01","Eastern","AI",0.0544727588763019,0.0719868996078447
"2019-07-01","Eastern","AR",0.140961076325071,0.225545356844975
"2019-07-01","Eastern","GL",0.163715577060396,0.26187868813902
"2019-07-01","Eastern","GR",1.53776633199551,1.91754339097044
"2019-07-01","Eastern","SG",2.73610111671734,4.4384783913545
"2019-07-01","Eastern","SH",0.390281132627904,0.743014925555757
"2019-07-01","Eastern","TG",1.21034383619812,2.0076799621508
"2019-07-01","Espace Mittelland","BE",6.78294277552726,10.8418456652534
"2019-07-01","Espace Mittelland","FR",1.63160190452883,2.62167587405623
"2019-07-01","Espace Mittelland","JU",0.325011793000658,0.525320831132601
"2019-07-01","Espace Mittelland","NE",0.999176288386815,1.76446076781948
"2019-07-01","Espace Mittelland","SO",1.07209504722873,1.94320444347465
"2019-07-01","Lake Geneva","GE",5.06079924423292,7.92008842356847
"2019-07-01","Lake Geneva","VD",6.11397188007606,9.90577805330837
"2019-07-01","Lake Geneva","VS",2.33840857282568,3.08639583550008
"2019-07-01","Northwestern","AG",3.34663204945487,5.78719612045672
"2019-07-01","Northwestern","BL",1.17373809743396,2.01984771949717
"2019-07-01","Northwestern","BS",1.40772507361601,3.01957513454209
"2019-07-01","Ticino","TI",2.63014235634693,2.93525053684281
"2019-07-01","Zurich","ZH",11.6368548282725,24.0720385615943
"2019-07-02","9999","9999",0.0125731856924852,0.0458160248684489
"2019-07-02","Central","LU",3.50476013356406,4.50325980337176
"2019-07-02","Central","NW",0.34436092541022,0.397117533058573
"2019-07-02","Central","OW",0.208059863687131,0.269729950560838
"2019-07-02","Central","SZ",0.968150116546476,1.33763759252424
"2019-07-02","Central","UR",0.195501202518157,0.264937621550118
"2019-07-02","Central","ZG",1.08197400234038,1.75259890381422
"2019-07-02","Eastern","AI",0.0586931295835734,0.0703214803062468
"2019-07-02","Eastern","AR",0.145342207544382,0.220447134493145
"2019-07-02","Eastern","GL",0.160966941193737,0.258241956194714
"2019-07-02","Eastern","GR",1.45981651943647,1.77207411319821
"2019-07-02","Eastern","SG",2.83353732215335,4.38049460913969
"2019-07-02","Eastern","SH",0.404228160457114,0.74182534034033
"2019-07-02","Eastern","TG",1.21996555177758,1.94429206424304
"2019-07-02","Espace Mittelland","BE",6.65539421751738,10.7328796595203
"2019-07-02","Espace Mittelland","FR",1.61505154089237,2.53153930287587
"2019-07-02","Espace Mittelland","JU",0.315774763871054,0.498096323773827
"2019-07-02","Espace Mittelland","NE",1.03147478734016,1.75800301950716
"2019-07-02","Espace Mittelland","SO",1.13950841642488,1.97206038198601
"2019-07-02","Lake Geneva","GE",5.20836180852005,7.77696432807809
"2019-07-02","Lake Geneva","VD",5.97232246899889,9.68811794703423
"2019-07-02","Lake Geneva","VS",2.28766546409434,2.9480300808714
"2019-07-02","Northwestern","AG",3.46279750068704,5.81142967070242
"2019-07-02","Northwestern","BL",1.17993926618857,1.94925433399882
"2019-07-02","Northwestern","BS",1.456931096941,2.96971451994119
"2019-07-02","Ticino","TI",2.218544971925,2.6853696653051
"2019-07-02","Zurich","ZH",11.8063944847193,23.5685721102766
"2019-07-03","9999","9999",0.0137884172129396,0.0467676930407905
"2019-07-03","Central","LU",4.02862844673864,4.79117341365413
"2019-07-03","Central","NW",0.339341795978361,0.407823799997417
"2019-07-03","Central","OW",0.219113022162641,0.275236030700815
"2019-07-03","Central","SZ",1.0457508706187,1.40595377203877
"2019-07-03","Central","UR",0.193327466010628,0.268710306090472
"2019-07-03","Central","ZG",1.09171955818177,1.80643613184955
"2019-07-03","Eastern","AI",0.0621009845829486,0.0726666625880888
"2019-07-03","Eastern","AR",0.151390275524885,0.227754586530768
"2019-07-03","Eastern","GL",0.169397285571364,0.266467088255667
"2019-07-03","Eastern","GR",1.37423378194505,1.80388702067363
"2019-07-03","Eastern","SG",2.97746357858249,4.50434742414015
"2019-07-03","Eastern","SH",0.410540113458184,0.760314893402968
"2019-07-03","Eastern","TG",1.26219322490149,2.01138467039313
"2019-07-03","Espace Mittelland","BE",7.09714547608848,10.915905841951
"2019-07-03","Espace Mittelland","FR",1.66770569549721,2.59044076511402
"2019-07-03","Espace Mittelland","JU",0.344543960252194,0.535789181028359
"2019-07-03","Espace Mittelland","NE",1.06787809129215,1.77577882144054
"2019-07-03","Espace Mittelland","SO",1.18848646072986,2.0269172544917
"2019-07-03","Lake Geneva","GE",5.11121998999558,7.64709561070246
"2019-07-03","Lake Geneva","VD",6.27028358812999,9.99445313408121
"2019-07-03","Lake Geneva","VS",2.358499681649,3.00869892685818
"2019-07-03","Northwestern","AG",3.61670249637007,6.00346271262136
"2019-07-03","Northwestern","BL",1.15975736049222,1.93195436615161
"2019-07-03","Northwestern","BS",1.46091789654966,2.93759571912466
"2019-07-03","Ticino","TI",2.29431209203549,2.72221281883433
"2019-07-03","Zurich","ZH",12.2520528166186,24.3093438179975
"2019-07-04","9999","9999",0.0151139395611511,0.0485350767894251
"2019-07-04","Central","LU",3.89390690834623,4.69097635036615
"2019-07-04","Central","NW",0.359361731112051,0.40432302064916
"2019-07-04","Central","OW",0.206778956571154,0.279960383413511
"2019-07-04","Central","SZ",1.02260152135788,1.37553437867284
"2019-07-04","Central","UR",0.20205362664762,0.272313049885766
"2019-07-04","Central","ZG",1.1327965514826,1.83573391629807
"2019-07-04","Eastern","AI",0.065856969972069,0.0793283397944805
"2019-07-04","Eastern","AR",0.153657299495091,0.234450251886172
"2019-07-04","Eastern","GL",0.164835688420141,0.270273760945034
"2019-07-04","Eastern","GR",1.40225669037284,1.79984243094118
"2019-07-04","Eastern","SG",2.97440862368697,4.53853950204643
"2019-07-04","Eastern","SH",0.419589753129975,0.755012742157065
"2019-07-04","Eastern","TG",1.27145465084465,2.01940587356001
"2019-07-04","Espace Mittelland","BE",7.21139366280511,11.057874340375
"2019-07-04","Espace Mittelland","FR",1.73050487537424,2.64376817091417
"2019-07-04","Espace Mittelland","JU",0.360434814970356,0.538678173694396
"2019-07-04","Espace Mittelland","NE",1.15453916402662,1.83648165557633
"2019-07-04","Espace Mittelland","SO",1.22678605107055,2.10009373931498
"2019-07-04","Lake Geneva","GE",5.80520199745132,8.11586016187876
"2019-07-04","Lake Geneva","VD",6.17331298197878,9.76482919935477
"2019-07-04","Lake Geneva","VS",2.30948942415167,3.00570796974511
"2019-07-04","Northwestern","AG",3.5488906563286,5.88474210812174
"2019-07-04","Northwestern","BL",1.17686503663554,1.93990759302047
"2019-07-04","Northwestern","BS",1.49583052778136,2.98140644320138
"2019-07-04","Ticino","TI",2.38612771805517,2.92281087430435
"2019-07-04","Zurich","ZH",12.3742629171445,24.4534195816603
"2019-07-05","9999","9999",0.0175999866103395,0.050370436836084
"2019-07-05","Central","LU",4.48834593390899,5.26082165670474
"2019-07-05","Central","NW",0.405380958847796,0.472197354226528
"2019-07-05","Central","OW",0.265509139549566,0.327645756477631
"2019-07-05","Central","SZ",1.22557634505634,1.58350786247851
"2019-07-05","Central","UR",0.247655692367725,0.336380710773767
"2019-07-05","Central","ZG",1.33683883563259,1.9742696116718
"2019-07-05","Eastern","AI",0.0853352410205658,0.092855623101337
"2019-07-05","Eastern","AR",0.196061769238827,0.25926160066508
"2019-07-05","Eastern","GL",0.208946443108469,0.319658541459764
"2019-07-05","Eastern","GR",1.81362252044718,2.15576632739696
"2019-07-05","Eastern","SG",3.45601491631362,4.98058936809913
"2019-07-05","Eastern","SH",0.48263695814075,0.826013985443556
"2019-07-05","Eastern","TG",1.52744402451685,2.25270052837976
"2019-07-05","Espace Mittelland","BE",8.56394747680107,12.2713872127067
"2019-07-05","Espace Mittelland","FR",2.1378071753159,3.04472636481112
"2019-07-05","Espace Mittelland","JU",0.414760472417391,0.597511659634519
"2019-07-05","Espace Mittelland","NE",1.2254407019058,1.90738093441579
"2019-07-05","Espace Mittelland","SO",1.43371701584583,2.24461134891486
"2019-07-05","Lake Geneva","GE",5.80980528848279,8.1017890681877
"2019-07-05","Lake Geneva","VD",7.30838610860787,10.8872538323337
"2019-07-05","Lake Geneva","VS",2.94406976843316,3.70800509278425
"2019-07-05","Northwestern","AG",4.0443979870287,6.12201337637593
"2019-07-05","Northwestern","BL",1.4503708838449,2.22618977215025
"2019-07-05","Northwestern","BS",1.62047622525233,3.06341984676783
"2019-07-05","Ticino","TI",2.85408281477606,3.10865807310307
"2019-07-05","Zurich","ZH",13.7988483662341,26.1999346068013
"2019-07-06","9999","9999",0.0152977145311772,0.0374889283604593
"2019-07-06","Central","LU",4.69573477557479,5.13278829937577
"2019-07-06","Central","NW",0.492283246754733,0.537624541075018
"2019-07-06","Central","OW",0.304787970210841,0.366868080437713
"2019-07-06","Central","SZ",1.49734213555224,1.78815050768098
"2019-07-06","Central","UR",0.267894779809105,0.36234765661909
"2019-07-06","Central","ZG",1.47015992252261,1.804906665144
"2019-07-06","Eastern","AI",0.1068223135857,0.114608038469147
"2019-07-06","Eastern","AR",0.217886113066261,0.26388398893074
"2019-07-06","Eastern","GL",0.265124813373677,0.368873381229433
"2019-07-06","Eastern","GR",2.14655829667353,2.39330950084325
"2019-07-06","Eastern","SG",4.18577624494952,5.094415679141
"2019-07-06","Eastern","SH",0.578633884721814,0.871524116970894
"2019-07-06","Eastern","TG",1.89302557639362,2.47926552969511
"2019-07-06","Espace Mittelland","BE",9.41671337272801,11.8202625108677
"2019-07-06","Espace Mittelland","FR",2.20161293325916,2.85785952154203
"2019-07-06","Espace Mittelland","JU",0.458958652284305,0.594146832882311
"2019-07-06","Espace Mittelland","NE",1.51249908086082,2.03436065912538
"2019-07-06","Espace Mittelland","SO",1.73557894267084,2.39946135581445
"2019-07-06","Lake Geneva","GE",5.6983233988895,6.8271994920811
"2019-07-06","Lake Geneva","VD",8.61815590423036,11.1907680030127
"2019-07-06","Lake Geneva","VS",3.08802808532981,3.802016312952
"2019-07-06","Northwestern","AG",5.59514172036547,7.1544713789196
"2019-07-06","Northwestern","BL",1.73106979671075,2.21510963557227
"2019-07-06","Northwestern","BS",1.90613460304742,2.83583520098212
"2019-07-06","Ticino","TI",3.05589216783847,3.46063934427344
"2019-07-06","Zurich","ZH",15.8127626522081,23.8299749643294
"2019-07-07","9999","9999",0.0118342755235224,0.0298415948327137
"2019-07-07","Central","LU",1.86863763654447,1.61725809444763
"2019-07-07","Central","NW",0.167001021145666,0.133777354512029
"2019-07-07","Central","OW",0.131005727467221,0.141390699890762
"2019-07-07","Central","SZ",0.293444286020927,0.42655127010314
"2019-07-07","Central","UR",0.123391340980334,0.157908940310692
"2019-07-07","Central","ZG",0.205740149648488,0.417714351359968
"2019-07-07","Eastern","AI",0.0274081792146221,0.0272245073587741
"2019-07-07","Eastern","AR",0.0640715226541233,0.0702874921572346
"2019-07-07","Eastern","GL",0.0663845167999806,0.112398808783353
"2019-07-07","Eastern","GR",1.09819034109631,1.07035478869228
"2019-07-07","Eastern","SG",0.639995078030976,1.13965662452816
"2019-07-07","Eastern","SH",0.134291641475064,0.279858418966475
"2019-07-07","Eastern","TG",0.297843940021636,0.499659778628388
"2019-07-07","Espace Mittelland","BE",2.62338043681864,3.86424861379334
"2019-07-07","Espace Mittelland","FR",0.564937987431349,1.01879476664077
"2019-07-07","Espace Mittelland","JU",0.0870125630706091,0.146828803732714
"2019-07-07","Espace Mittelland","NE",0.272045833020916,0.488919523540532
"2019-07-07","Espace Mittelland","SO",0.268743522631316,0.580959431065576
"2019-07-07","Lake Geneva","GE",1.43209716141038,2.62701201345115
"2019-07-07","Lake Geneva","VD",1.82326561358767,3.51692371903765
"2019-07-07","Lake Geneva","VS",1.18243046280595,1.56114366042848
"2019-07-07","Northwestern","AG",0.804112932309529,1.66219042744176
"2019-07-07","Northwestern","BL",0.26989542816911,0.61589924825012
"2019-07-07","Northwestern","BS",0.415302798310207,1.03340967071601
"2019-07-07","Ticino","TI",1.38728890064774,1.64322504029295
"2019-07-07","Zurich","ZH",3.67792493329165,8.30775725120165
"2019-07-08","9999","9999",0.0125793064339915,0.0415335180929114
"2019-07-08","Central","LU",3.47820350104299,4.11902377878881
"2019-07-08","Central","NW",0.273969699948603,0.361158071403663
"2019-07-08","Central","OW",0.198620857919862,0.257766122108543
"2019-07-08","Central","SZ",0.888000819638951,1.27282219235797
"2019-07-08","Central","UR",0.174398131099132,0.256916418383238
"2019-07-08","Central","ZG",0.876504238308043,1.56940278063845
"2019-07-08","Eastern","AI",0.0522471076725797,0.0658690327856483
"2019-07-08","Eastern","AR",0.131762674830924,0.200258173979897
"2019-07-08","Eastern","GL",0.151610927668785,0.252837840501774
"2019-07-08","Eastern","GR",1.62795771763572,1.95210933851585
"2019-07-08","Eastern","SG",2.6484618649041,4.01444224427827
"2019-07-08","Eastern","SH",0.374904600333261,0.671333919289022
"2019-07-08","Eastern","TG",1.10317428115954,1.78947604549246
"2019-07-08","Espace Mittelland","BE",6.45946117181921,10.1119841533654
"2019-07-08","Espace Mittelland","FR",1.50996530142633,2.39330950084325
"2019-07-08","Espace Mittelland","JU",0.299242523581801,0.471925449034431
"2019-07-08","Espace Mittelland","NE",0.919331822420004,1.61012058315507
"2019-07-08","Espace Mittelland","SO",0.958403456387036,1.72615612388272
"2019-07-08","Lake Geneva","GE",4.6895335010876,7.41339309809456
"2019-07-08","Lake Geneva","VD",5.59801142395088,9.12282705266328
"2019-07-08","Lake Geneva","VS",2.4346507480813,3.20875317194401
"2019-07-08","Northwestern","AG",3.02548460598854,5.07837327280724
"2019-07-08","Northwestern","BL",1.08531280613375,1.85745234351686
"2019-07-08","Northwestern","BS",1.30755974584817,2.79321406212082
"2019-07-08","Ticino","TI",2.47609756261461,2.98599484331803
"2019-07-08","Zurich","ZH",11.3421207927592,22.845406263744
"2019-07-09","9999","9999",0.0147428142935268,0.045340190782278
"2019-07-09","Central","LU",3.44193296588182,3.97256884469523
"2019-07-09","Central","NW",0.278380009443642,0.348276562928038
"2019-07-09","Central","OW",0.207288086350246,0.249031167812407
"2019-07-09","Central","SZ",0.874323981624821,1.22449104446262
"2019-07-09","Central","UR",0.184284111553243,0.246584021083529
"2019-07-09","Central","ZG",1.05013722972663,1.53660421684167
"2019-07-09","Eastern","AI",0.0608185776307606,0.0726666625880888
"2019-07-09","Eastern","AR",0.142153493104632,0.202603356261739
"2019-07-09","Eastern","GL",0.153260892393068,0.253789508674116
"2019-07-09","Eastern","GR",1.41914906365754,1.80949506526064
"2019-07-09","Eastern","SG",2.55544046455574,3.87023052801949
"2019-07-09","Eastern","SH",0.371378826096368,0.673475172676791
"2019-07-09","Eastern","TG",1.08461492020537,1.74987985189324
"2019-07-09","Espace Mittelland","BE",6.6276644663704,10.0814967837015
"2019-07-09","Espace Mittelland","FR",1.44788889770994,2.31619039073456
"2019-07-09","Espace Mittelland","JU",0.310575454376848,0.469478302305552
"2019-07-09","Espace Mittelland","NE",0.93850778052957,1.59968622140832
"2019-07-09","Espace Mittelland","SO",1.04717590298765,1.77384149694684
"2019-07-09","Lake Geneva","GE",4.8103683849533,7.28896248456088
"2019-07-09","Lake Geneva","VD",5.40765646492043,8.79919189776909
"2019-07-09","Lake Geneva","VS",2.28345677487901,3.08741547997044
"2019-07-09","Northwestern","AG",3.17809105679505,5.15946899635035
"2019-07-09","Northwestern","BL",1.05453090787862,1.80477071254795
"2019-07-09","Northwestern","BS",1.29573677196252,2.75015107732236
"2019-07-09","Ticino","TI",2.29699313345613,2.8655748313678
"2019-07-09","Zurich","ZH",11.3233039338154,22.6944988821298
"2019-07-10","9999","9999",0.0146243859732232,0.0458500130174611
"2019-07-10","Central","LU",3.41404077816562,4.05889874318623
"2019-07-10","Central","NW",0.289797158195718,0.354190500856161
"2019-07-10","Central","OW",0.219209618663432,0.275168054402791
"2019-07-10","Central","SZ",0.872815471426893,1.2344835602722
"2019-07-10","Central","UR",0.189484740746673,0.249507001898578
"2019-07-10","Central","ZG",1.02393056029334,1.5358564775634
"2019-07-10","Eastern","AI",0.0651701193920923,0.0821493561624933
"2019-07-10","Eastern","AR",0.141043273615038,0.209129080872082
"2019-07-10","Eastern","GL",0.151631056018973,0.256746477638177
"2019-07-10","Eastern","GR",1.45900705822529,1.83886082600719
"2019-07-10","Eastern","SG",2.49240059816914,3.8761104777986
"2019-07-10","Eastern","SH",0.376297176716541,0.677349821664182
"2019-07-10","Eastern","TG",1.28617252399764,1.92682215565077
"2019-07-10","Espace Mittelland","BE",6.65626295162902,9.94330096981784
"2019-07-10","Espace Mittelland","FR",1.53009127850452,2.38664782363685
"2019-07-10","Espace Mittelland","JU",0.326746292879705,0.493066077720021
"2019-07-10","Espace Mittelland","NE",0.98597406433883,1.62708066951215
"2019-07-10","Espace Mittelland","SO",1.00982595567752,1.76126588181233
"2019-07-10","Lake Geneva","GE",4.86751925215018,7.40312867709287
"2019-07-10","Lake Geneva","VD",5.91744332108192,9.20558819550799
"2019-07-10","Lake Geneva","VS",2.41921844772536,3.22996177692762
"2019-07-10","Northwestern","AG",3.07096744451997,5.0810583365792
"2019-07-10","Northwestern","BL",1.08370014151366,1.82298836041849
"2019-07-10","Northwestern","BS",1.32671657419302,2.74060040744993
"2019-07-10","Ticino","TI",2.50764588892134,2.8736640108327
"2019-07-10","Zurich","ZH",11.9642128937692,23.5506943438962
"2019-07-11","9999","9999",0.0137113734071842,0.0438447122257411
"2019-07-11","Central","LU",3.79196974535096,4.10016035608704
"2019-07-11","Central","NW",0.3010389044316,0.346781084371501
"2019-07-11","Central","OW",0.215952291612081,0.260621126625568
"2019-07-11","Central","SZ",0.931667810778016,1.22999712460259
"2019-07-11","Central","UR",0.193671425837542,0.254061413866213
"2019-07-11","Central","ZG",1.07550917569444,1.56216330489885
"2019-07-11","Eastern","AI",0.0639237398371265,0.0711371958825397
"2019-07-11","Eastern","AR",0.145431167803371,0.200937936960141
"2019-07-11","Eastern","GL",0.175117649129938,0.2626604155663
"2019-07-11","Eastern","GR",1.52499676957602,1.88712399760452
"2019-07-11","Eastern","SG",2.79814601995729,3.97542384921226
"2019-07-11","Eastern","SH",0.390680280944933,0.673407196378767
"2019-07-11","Eastern","TG",1.59146387526811,2.19692597585074
"2019-07-11","Espace Mittelland","BE",6.85101431827841,10.1036910450064
"2019-07-11","Espace Mittelland","FR",1.52542140336056,2.34980467010763
"2019-07-11","Espace Mittelland","JU",0.334152656391828,0.487016187195849
"2019-07-11","Espace Mittelland","NE",1.01674417145341,1.64206944322654
"2019-07-11","Espace Mittelland","SO",1.12907018687963,1.83716141855658
"2019-07-11","Lake Geneva","GE",5.11619805211063,7.61511276248198
"2019-07-11","Lake Geneva","VD",5.76621650420784,8.83504939497696
"2019-07-11","Lake Geneva","VS",2.34004676598953,3.11742701554822
"2019-07-11","Northwestern","AG",3.19393530694209,5.03204742570361
"2019-07-11","Northwestern","BL",1.08300153503733,1.78407192979952
"2019-07-11","Northwestern","BS",1.33537607631311,2.72819473306048
"2019-07-11","Ticino","TI",2.66113022949761,3.48249372408828
"2019-07-11","Zurich","ZH",11.8513541701988,22.8122678184571
"2019-07-12","9999","9999",0.0146568654550233,0.0409557195597039
"2019-07-12","Central","LU",3.97925291450972,4.61327944172426
"2019-07-12","Central","NW",0.366210727293017,0.404866831033355
"2019-07-12","Central","OW",0.259125965866618,0.281863719758195
"2019-07-12","Central","SZ",1.09294904010424,1.37553437867284
"2019-07-12","Central","UR",0.251346879350125,0.318536932542361
"2019-07-12","Central","ZG",1.22277680482702,1.68248135240204
"2019-07-12","Eastern","AI",0.0745001853590007,0.0796342331355903
"2019-07-12","Eastern","AR",0.189526943709702,0.220956956728328
"2019-07-12","Eastern","GL",0.203853590657034,0.290054863670135
"2019-07-12","Eastern","GR",1.93371591740182,2.20012086185789
"2019-07-12","Eastern","SG",3.19447114398738,4.26979520780694
"2019-07-12","Eastern","SH",0.43479708197036,0.70046176299248
"2019-07-12","Eastern","TG",1.64462656050077,2.40496743595443
"2019-07-12","Espace Mittelland","BE",7.8827138539209,10.8811699536606
"2019-07-12","Espace Mittelland","FR",1.86763638035137,2.66609838481518
"2019-07-12","Espace Mittelland","JU",0.370542645870927,0.526272499304942
"2019-07-12","Espace Mittelland","NE",1.1481970615765,1.72812743652543
"2019-07-12","Espace Mittelland","SO",1.25226541350639,1.93572705069196
"2019-07-12","Lake Geneva","GE",5.46829715336139,7.58255211572829
"2019-07-12","Lake Geneva","VD",6.60575274827266,9.71238548542894
"2019-07-12","Lake Geneva","VS",3.04905311835195,3.77176686033114
"2019-07-12","Northwestern","AG",3.79772639084815,5.48453165350306
"2019-07-12","Northwestern","BL",1.34732995104734,2.03323905020797
"2019-07-12","Northwestern","BS",1.53407681715427,2.91108496289514
"2019-07-12","Ticino","TI",2.96349177016963,3.6502252394635
"2019-07-12","Zurich","ZH",13.8233998548025,23.9617470180497
"2019-07-13","9999","9999",0.0159732399771575,0.0365372601881176
"2019-07-13","Central","LU",4.50807433691076,4.79086752031302
"2019-07-13","Central","NW",0.454096989990457,0.482393798930189
"2019-07-13","Central","OW",0.27837956693322,0.332845943276498
"2019-07-13","Central","SZ",1.38404888632717,1.63024156737029
"2019-07-13","Central","UR",0.259095910402087,0.359662592847126
"2019-07-13","Central","ZG",1.27380219604765,1.57422909779818
"2019-07-13","Eastern","AI",0.102836868920467,0.104717487106596
"2019-07-13","Eastern","AR",0.196064259828461,0.235367931909502
"2019-07-13","Eastern","GL",0.245769329177343,0.341444944976586
"2019-07-13","Eastern","GR",2.27189921326229,2.50016824133761
"2019-07-13","Eastern","SG",3.97441426275784,4.74522143618963
"2019-07-13","Eastern","SH",0.536056847661405,0.79783780991244
"2019-07-13","Eastern","TG",1.8859646138043,2.72177097289717
"2019-07-13","Espace Mittelland","BE",8.9348174942321,11.0074359272409
"2019-07-13","Espace Mittelland","FR",1.94003558888114,2.61494622055182
"2019-07-13","Espace Mittelland","JU",0.404614992886723,0.538780138141433
"2019-07-13","Espace Mittelland","NE",1.3185849400146,1.81598680172198
"2019-07-13","Espace Mittelland","SO",1.55499688897551,2.1876132230214
"2019-07-13","Lake Geneva","GE",5.38796742185012,6.46308445171338
"2019-07-13","Lake Geneva","VD",7.90504955574362,10.4873152829072
"2019-07-13","Lake Geneva","VS",3.32421055151848,3.92131471598483
"2019-07-13","Northwestern","AG",5.0296372021128,6.44925127506541
"2019-07-13","Northwestern","BL",1.64049384601735,2.13421784092323
"2019-07-13","Northwestern","BS",1.81004590841999,2.92451028175496
"2019-07-13","Ticino","TI",3.39537210930507,4.25021803397591
"2019-07-13","Zurich","ZH",16.6360153977493,23.235556226255
"2019-07-14","9999","9999",0.0116810690168351,0.0308612393030798
"2019-07-14","Central","LU",1.55218486055382,1.56216330489885
"2019-07-14","Central","NW",0.158020730297506,0.155223876538728
"2019-07-14","Central","OW",0.168095427740697,0.178641711208136
"2019-07-14","Central","SZ",0.336366164013073,0.510434021865256
"2019-07-14","Central","UR",0.141362033844004,0.199612399148665
"2019-07-14","Central","ZG",0.175453193426784,0.369723084954738
"2019-07-14","Eastern","AI",0.0338412038504657,0.045170250037217
"2019-07-14","Eastern","AR",0.0630895763627254,0.0785466123671998
"2019-07-14","Eastern","GL",0.0617221721652431,0.136496406433005
"2019-07-14","Eastern","GR",1.07676438587775,1.19233825549707
"2019-07-14","Eastern","SG",0.596125084256628,1.13479631921941
"2019-07-14","Eastern","SH",0.13224121656657,0.268030543110228
"2019-07-14","Eastern","TG",0.3367611652634,0.61929806315134
"2019-07-14","Espace Mittelland","BE",2.69972207251816,3.74957259902617
"2019-07-14","Espace Mittelland","FR",0.502236159847249,0.939534403144312
"2019-07-14","Espace Mittelland","JU",0.0823798431380439,0.134966939727456
"2019-07-14","Espace Mittelland","NE",0.247110664420118,0.420535367727981
"2019-07-14","Espace Mittelland","SO",0.249295831794223,0.551287776977923
"2019-07-14","Lake Geneva","GE",1.32762518515096,2.44616107255722
"2019-07-14","Lake Geneva","VD",1.81526692442103,3.18302414314177
"2019-07-14","Lake Geneva","VS",1.29650426125593,1.75586176611939
"2019-07-14","Northwestern","AG",0.714641558118827,1.53378320047366
"2019-07-14","Northwestern","BL",0.261894546030457,0.57623507835288
"2019-07-14","Northwestern","BS",0.436544669193051,1.02637412387049
"2019-07-14","Ticino","TI",1.69499265426825,2.32193438791762
"2019-07-14","Zurich","ZH",3.32243152255967,7.66599302155325
"2019-07-15","9999","9999",0.012370680391925,0.0410236958577283
"2019-07-15","Central","LU",3.47943274800417,3.81374222436121
"2019-07-15","Central","NW",0.285413728271823,0.341886790913744
"2019-07-15","Central","OW",0.202635743234259,0.242369490606016
"2019-07-15","Central","SZ",0.833929445127918,1.18360330120094
"2019-07-15","Central","UR",0.189056978061003,0.272041144693668
"2019-07-15","Central","ZG",0.835880363931693,1.40969246843011
"2019-07-15","Eastern","AI",0.0562765684187666,0.0688260017497099
"2019-07-15","Eastern","AR",0.114483989947463,0.176296528926294
"2019-07-15","Eastern","GL",0.154090759991953,0.244816637334894
"2019-07-15","Eastern","GR",1.73964779859269,2.1204866287223
"2019-07-15","Eastern","SG",2.37486192744766,3.64043665254799
"2019-07-15","Eastern","SH",0.342107470454294,0.634456777610783
"2019-07-15","Eastern","TG",1.03811563523368,1.66888609279716
"2019-07-15","Espace Mittelland","BE",6.41261133244051,9.58465802144108
"2019-07-15","Espace Mittelland","FR",1.41713985095865,2.25609934328098
"2019-07-15","Espace Mittelland","JU",0.290169466101816,0.438956944492594
"2019-07-15","Espace Mittelland","NE",0.883823936349739,1.46264600459112
"2019-07-15","Espace Mittelland","SO",0.906076093771123,1.593228473096
"2019-07-15","Lake Geneva","GE",4.49166787139803,7.04904014068375
"2019-07-15","Lake Geneva","VD",5.27729189197904,8.34738743294988
"2019-07-15","Lake Geneva","VS",2.55591993047245,3.37067271383814
"2019-07-15","Northwestern","AG",2.81099396154585,4.67574965960869
"2019-07-15","Northwestern","BL",1.09799057309474,1.79494813748342
"2019-07-15","Northwestern","BS",1.31294248961854,2.67914983403587
"2019-07-15","Ticino","TI",2.90228813015095,3.76452738459154
"2019-07-15","Zurich","ZH",10.5149123603997,20.8514915019431
"2019-07-16","9999","9999",0.0128120747482183,0.0408877432616795
"2019-07-16","Central","LU",3.2488094580157,3.6502252394635
"2019-07-16","Central","NW",0.282206036792188,0.346951025116562
"2019-07-16","Central","OW",0.226994081877359,0.276833473704389
"2019-07-16","Central","SZ",0.808713482125988,1.14553657430727
"2019-07-16","Central","UR",0.1942329402354,0.263204225950496
"2019-07-16","Central","ZG",0.820131351426008,1.41064413660245
"2019-07-16","Eastern","AI",0.063682877106589,0.0811636998411394
"2019-07-16","Eastern","AR",0.131000100144416,0.194956022733993
"2019-07-16","Eastern","GL",0.142586808708701,0.248045511491053
"2019-07-16","Eastern","GR",1.44124997258296,1.90969212854862
"2019-07-16","Eastern","SG",2.27069916024092,3.47671573875621
"2019-07-16","Eastern","SH",0.341141924460675,0.621983126923304
"2019-07-16","Eastern","TG",1.04417266698725,1.64155962099135
"2019-07-16","Espace Mittelland","BE",5.91636990827781,9.3404191826394
"2019-07-16","Espace Mittelland","FR",1.33397584802394,2.1567179955693
"2019-07-16","Espace Mittelland","JU",0.27681876610104,0.429508239067202
"2019-07-16","Espace Mittelland","NE",0.839186625586923,1.41088205364553
"2019-07-16","Espace Mittelland","SO",0.920975740807188,1.60886302164161
"2019-07-16","Lake Geneva","GE",4.56630050051806,6.88956774551849
"2019-07-16","Lake Geneva","VD",5.05372550758168,8.11416075442814
"2019-07-16","Lake Geneva","VS",2.3964994888006,3.14468551105601
"2019-07-16","Northwestern","AG",2.73745573510483,4.53738390498001
"2019-07-16","Northwestern","BL",1.01354563171588,1.72955493878394
"2019-07-16","Northwestern","BS",1.20252081975314,2.62979904167015
"2019-07-16","Ticino","TI",2.21676277490485,3.04696958264592
"2019-07-16","Zurich","ZH",10.1976557348566,20.6862071332968
"2019-07-17","9999","9999",0.0129211124491156,0.0404119091755087
"2019-07-17","Central","LU",3.36725139824189,3.83274159965903
"2019-07-17","Central","NW",0.26771174496713,0.338386011565487
"2019-07-17","Central","OW",0.225988850922495,0.284242890189049
"2019-07-17","Central","SZ",0.839323811649911,1.17082375717235
"2019-07-17","Central","UR",0.188064333199039,0.262218569629142
"2019-07-17","Central","ZG",0.889158117538263,1.43355214903667
"2019-07-17","Eastern","AI",0.065336710860052,0.0804499487118831
"2019-07-17","Eastern","AR",0.143370847108706,0.202501391814702
"2019-07-17","Eastern","GL",0.15234477442203,0.252294030117579
"2019-07-17","Eastern","GR",1.52119406213513,1.9528230896451
"2019-07-17","Eastern","SG",2.35419506557255,3.54034155370705
"2019-07-17","Eastern","SH",0.33687380570402,0.620963482452938
"2019-07-17","Eastern","TG",1.08481144182517,1.67449413738418
"2019-07-17","Espace Mittelland","BE",6.0858933171516,9.52738799035552
"2019-07-17","Espace Mittelland","FR",1.39217902850142,2.22775322700481
"2019-07-17","Espace Mittelland","JU",0.275134391296389,0.428964428683007
"2019-07-17","Espace Mittelland","NE",0.86714710088494,1.44232109148182
"2019-07-17","Espace Mittelland","SO",0.930838648062991,1.63245079705608
"2019-07-17","Lake Geneva","GE",4.35274818180397,6.95088236633651
"2019-07-17","Lake Geneva","VD",5.33112496483755,8.39415512599067
"2019-07-17","Lake Geneva","VS",2.37889217139813,3.19529386493517
"2019-07-17","Northwestern","AG",2.86635075051354,4.6504284885946
"2019-07-17","Northwestern","BL",1.0399571952228,1.74022721757378
"2019-07-17","Northwestern","BS",1.28975846790392,2.6664382663053
"2019-07-17","Ticino","TI",2.33200025045307,3.20899108898709
"2019-07-17","Zurich","ZH",10.6514336356722,20.9846230816239
"2019-07-18","9999","9999",0.0133051331753326,0.0432669136925337
"2019-07-18","Central","LU",3.61293569101372,3.91115225943018
"2019-07-18","Central","NW",0.299271964230966,0.351981271170368
"2019-07-18","Central","OW",0.218106757378118,0.27098751207429
"2019-07-18","Central","SZ",0.895357766876558,1.20736101736047
"2019-07-18","Central","UR",0.198049479064004,0.274862161061681
"2019-07-18","Central","ZG",0.911606514625907,1.47834852943476
"2019-07-18","Eastern","AI",0.0681811169469795,0.0799401264767001
"2019-07-18","Eastern","AR",0.138460755377744,0.196689418333615
"2019-07-18","Eastern","GL",0.158504335448871,0.257630169512494
"2019-07-18","Eastern","GR",1.72065484791295,2.06889261852177
"2019-07-18","Eastern","SG",2.60476864033742,3.71935713455432
"2019-07-18","Eastern","SH",0.362236533357374,0.648323942407761
"2019-07-18","Eastern","TG",1.11537363169757,1.69485303864249
"2019-07-18","Espace Mittelland","BE",6.67250919312466,9.83178585290881
"2019-07-18","Espace Mittelland","FR",1.45809539277063,2.26248911529528
"2019-07-18","Espace Mittelland","JU",0.30477014839728,0.454965362677342
"2019-07-18","Espace Mittelland","NE",0.939140214075656,1.5146818607288
"2019-07-18","Espace Mittelland","SO",1.05790611109125,1.7589546876795
"2019-07-18","Lake Geneva","GE",5.31408829399493,7.36149319455292
"2019-07-18","Lake Geneva","VD",5.40487689640044,8.34392064175064
"2019-07-18","Lake Geneva","VS",2.51417805938793,3.21113234237486
"2019-07-18","Northwestern","AG",2.95667800643353,4.70834429451139
"2019-07-18","Northwestern","BL",1.07517663498604,1.78454776388569
"2019-07-18","Northwestern","BS",1.35147604265999,2.68112114667858
"2019-07-18","Ticino","TI",2.63996326818884,3.37821808291885
"2019-07-18","Zurich","ZH",10.7918601359109,21.1253340185344
"2019-07-19","9999","9999",0.0152961128784094,0.0420433403280944
"2019-07-19","Central","LU",3.90206251640789,4.39956196073553
"2019-07-19","Central","NW",0.381791938280119,0.417306493571821
"2019-07-19","Central","OW",0.277125155618286,0.317653240668044
"2019-07-19","Central","SZ",1.05698548577954,1.36775109254905
"2019-07-19","Central","UR",0.270106384243932,0.347630788096806
"2019-07-19","Central","ZG",1.09839130740045,1.61416517288752
"2019-07-19","Eastern","AI",0.0884383825598701,0.0991094425195823
"2019-07-19","Eastern","AR",0.177601256497771,0.223098210116097
"2019-07-19","Eastern","GL",0.20500533955397,0.308510428583761
"2019-07-19","Eastern","GR",2.11482051716569,2.33362631117782
"2019-07-19","Eastern","SG",2.97626111329192,4.06158380695819
"2019-07-19","Eastern","SH",0.408181818776341,0.695159611746576
"2019-07-19","Eastern","TG",1.33949085933437,1.93232823579074
"2019-07-19","Espace Mittelland","BE",7.85560237598648,10.7535784422687
"2019-07-19","Espace Mittelland","FR",1.83956130660201,2.64869645252094
"2019-07-19","Espace Mittelland","JU",0.363325410530135,0.501767043867144
"2019-07-19","Espace Mittelland","NE",1.05673951655705,1.59581157242093
"2019-07-19","Espace Mittelland","SO",1.19585602147252,1.86802265785966
"2019-07-19","Lake Geneva","GE",4.97035363831306,7.34956335424964
"2019-07-19","Lake Geneva","VD",6.53814421631614,9.37542697612197
"2019-07-19","Lake Geneva","VS",3.21244805549309,3.83056635812225
"2019-07-19","Northwestern","AG",3.52838189598697,5.26109356189684
"2019-07-19","Northwestern","BL",1.34127957261419,2.00876758291919
"2019-07-19","Northwestern","BS",1.42959689920337,2.76357639618218
"2019-07-19","Ticino","TI",2.9955674475032,3.83556261602704
"2019-07-19","Zurich","ZH",12.4367154782161,22.3723931939411
"2019-07-20","9999","9999",0.0137320500003726,0.0310311800481408
"2019-07-20","Central","LU",4.26854903734266,4.42661652734924
"2019-07-20","Central","NW",0.425675085970475,0.455611137508574
"2019-07-20","Central","OW",0.304477602015814,0.374855295455581
"2019-07-20","Central","SZ",1.26872689520429,1.55264662317543
"2019-07-20","Central","UR",0.293756972500644,0.396505746376353
"2019-07-20","Central","ZG",1.1258578196704,1.46227213495198
"2019-07-20","Eastern","AI",0.104209951349034,0.12130370382455
"2019-07-20","Eastern","AR",0.188320350932538,0.24644806848748
"2019-07-20","Eastern","GL",0.234215930291404,0.345387570262001
"2019-07-20","Eastern","GR",2.44558972711976,2.62901731424287
"2019-07-20","Eastern","SG",3.34707701913874,4.12979802202568
"2019-07-20","Eastern","SH",0.481995509913316,0.74845302939771
"2019-07-20","Eastern","TG",1.58127340456715,2.08581871672985
"2019-07-20","Espace Mittelland","BE",8.08760646296575,10.4188631507966
"2019-07-20","Espace Mittelland","FR",1.79555448312263,2.48718476841495
"2019-07-20","Espace Mittelland","JU",0.360738439776468,0.482937609314384
"2019-07-20","Espace Mittelland","NE",1.13652578261326,1.60672176825385
"2019-07-20","Espace Mittelland","SO",1.422652473496,2.0171626557252
"2019-07-20","Lake Geneva","GE",5.07200102355402,6.22880414057227
"2019-07-20","Lake Geneva","VD",7.34183392069282,9.64355948367923
"2019-07-20","Lake Geneva","VS",3.29793277888396,3.86503034122062
"2019-07-20","Northwestern","AG",4.41750303061878,5.7595637553098
"2019-07-20","Northwestern","BL",1.57584227051988,2.06202701242131
"2019-07-20","Northwestern","BS",1.61971923481239,2.61841301175106
"2019-07-20","Ticino","TI",3.42033339385283,4.44908269384631
"2019-07-20","Zurich","ZH",13.9398105664573,20.511372094778
"2019-07-21","9999","9999",0.0116562336088804,0.0292298081504941
"2019-07-21","Central","LU",1.65814378931316,1.56073580264034
"2019-07-21","Central","NW",0.173567742669397,0.152572800915777
"2019-07-21","Central","OW",0.165464977401012,0.169362946527805
"2019-07-21","Central","SZ",0.290860855350638,0.463530376228417
"2019-07-21","Central","UR",0.144706617685018,0.215926710674522
"2019-07-21","Central","ZG",0.192181524573483,0.418801972128358
"2019-07-21","Eastern","AI",0.0309165741483759,0.0380667268936667
"2019-07-21","Eastern","AR",0.0574777962465616,0.0709672551374787
"2019-07-21","Eastern","GL",0.0634118923391566,0.131874018167345
"2019-07-21","Eastern","GR",1.24215067082798,1.34290575562113
"2019-07-21","Eastern","SG",0.588212159875476,1.04884029036755
"2019-07-21","Eastern","SH",0.13198797529227,0.274114421783413
"2019-07-21","Eastern","TG",0.292295172606418,0.468934491921357
"2019-07-21","Espace Mittelland","BE",2.63675513811481,4.00461966921374
"2019-07-21","Espace Mittelland","FR",0.512490297224735,0.951158350106485
"2019-07-21","Espace Mittelland","JU",0.0716070326372231,0.130446515908833
"2019-07-21","Espace Mittelland","NE",0.23898467322859,0.408775468169759
"2019-07-21","Espace Mittelland","SO",0.237953271502462,0.519168976161392
"2019-07-21","Lake Geneva","GE",1.34080282833239,2.46512645970603
"2019-07-21","Lake Geneva","VD",1.80327554203346,3.19345850488852
"2019-07-21","Lake Geneva","VS",1.34866355214778,1.8444688705942
"2019-07-21","Northwestern","AG",0.69351815080048,1.47348822412601
"2019-07-21","Northwestern","BL",0.257270934763755,0.588708729040358
"2019-07-21","Northwestern","BS",0.442377081873008,1.06732984343019
"2019-07-21","Ticino","TI",1.64546866175062,2.38052995681466
"2019-07-21","Zurich","ZH",3.19298020889366,7.45281935094871
"2019-07-22","9999","9999",0.0105792493932232,0.0381007150426789
"2019-07-22","Central","LU",3.17831456371858,3.68441731736978
"2019-07-22","Central","NW",0.308870121025465,0.357555327608369
"2019-07-22","Central","OW",0.238804301281193,0.297668209048869
"2019-07-22","Central","SZ",0.845716732310216,1.1773834699317
"2019-07-22","Central","UR",0.199622760256504,0.301916727675394
"2019-07-22","Central","ZG",0.79306715945045,1.37923908691517
"2019-07-22","Eastern","AI",0.0604124078872948,0.07623541823437
"2019-07-22","Eastern","AR",0.127336513281106,0.182856241685649
"2019-07-22","Eastern","GL",0.156721159423359,0.253721532376091
"2019-07-22","Eastern","GR",2.00706888470069,2.32975166219043
"2019-07-22","Eastern","SG",2.32559333784817,3.3769605214054
"2019-07-22","Eastern","SH",0.332543974365536,0.615185497120864
"2019-07-22","Eastern","TG",1.01126934243895,1.58955775300268
"2019-07-22","Espace Mittelland","BE",6.10430509500587,9.37073661155828
"2019-07-22","Espace Mittelland","FR",1.39333922817262,2.24100860511957
"2019-07-22","Espace Mittelland","JU",0.275472461427062,0.413907678670601
"2019-07-22","Espace Mittelland","NE",0.811915781244103,1.33396687243092
"2019-07-22","Espace Mittelland","SO",0.8784891129337,1.54595095782003
"2019-07-22","Lake Geneva","GE",4.37688309967602,6.86812122349179
"2019-07-22","Lake Geneva","VD",5.28893846476303,8.20055862921716
"2019-07-22","Lake Geneva","VS",2.56978419318858,3.41410956827573
"2019-07-22","Northwestern","AG",2.66589565164862,4.39799850588097
"2019-07-22","Northwestern","BL",1.02672450844405,1.73152625142665
"2019-07-22","Northwestern","BS",1.1641336280129,2.60685704108691
"2019-07-22","Ticino","TI",2.66413638293398,3.28481864943332
"2019-07-22","Zurich","ZH",9.6171276940617,19.4941747711408
"2019-07-23","9999","9999",0.0127048854094394,0.0400040513873623
"2019-07-23","Central","LU",3.12108453023233,3.58398233703872
"2019-07-23","Central","NW",0.285893762011637,0.348140610331989
"2019-07-23","Central","OW",0.218049920242979,0.282169613099305
"2019-07-23","Central","SZ",0.7972743919058,1.11086866231482
"2019-07-23","Central","UR",0.198326384855849,0.278023058919816
"2019-07-23","Central","ZG",0.795228623146795,1.35021320765875
"2019-07-23","Eastern","AI",0.0650768985017799,0.0799401264767001
"2019-07-23","Eastern","AR",0.124547937911809,0.184759578030332
"2019-07-23","Eastern","GL",0.152417083757868,0.244374791397735
"2019-07-23","Eastern","GR",1.71736758287771,2.20076663668912
"2019-07-23","Eastern","SG",2.18666403442148,3.25936152582318
"2019-07-23","Eastern","SH",0.325606190230524,0.603731490903752
"2019-07-23","Eastern","TG",0.980350540074376,1.53830362429228
"2019-07-23","Espace Mittelland","BE",6.06448664833862,9.21721214247016
"2019-07-23","Espace Mittelland","FR",1.35515190233449,2.15263941768784
"2019-07-23","Espace Mittelland","JU",0.244569992787902,0.382570605281351
"2019-07-23","Espace Mittelland","NE",0.79721747253421,1.29583216923923
"2019-07-23","Espace Mittelland","SO",0.898850881494663,1.5324916508112
"2019-07-23","Lake Geneva","GE",4.16245832662992,6.69247046939673
"2019-07-23","Lake Geneva","VD",4.97231616420437,8.24097053839267
"2019-07-23","Lake Geneva","VS",2.48232001886175,3.29627265565043
"2019-07-23","Northwestern","AG",2.66485603410952,4.34018466441121
"2019-07-23","Northwestern","BL",0.995294536053218,1.71177913685056
"2019-07-23","Northwestern","BS",1.14036409452106,2.59343172222709
"2019-07-23","Ticino","TI",2.36973177489203,3.07093122769953
"2019-07-23","Zurich","ZH",9.66119260388707,19.3253216468482
"2019-07-24","9999","9999",0.0129801308081955,0.0418733995830334
"2019-07-24","Central","LU",3.36121235277478,3.76959161879436
"2019-07-24","Central","NW",0.296405162417439,0.360070450635272
"2019-07-24","Central","OW",0.253080423719942,0.306980961878212
"2019-07-24","Central","SZ",0.847444782501957,1.14502675207209
"2019-07-24","Central","UR",0.211416367897401,0.291788259269758
"2019-07-24","Central","ZG",0.843396924287058,1.3837595107338
"2019-07-24","Eastern","AI",0.0629878851180444,0.0787845294102852
"2019-07-24","Eastern","AR",0.130360578599529,0.190979409299565
"2019-07-24","Eastern","GL",0.143808282367326,0.241179905390588
"2019-07-24","Eastern","GR",1.8267764325387,2.32540117911687
"2019-07-24","Eastern","SG",2.27005922359776,3.33005687576856
"2019-07-24","Eastern","SH",0.32918568053347,0.616341094187279
"2019-07-24","Eastern","TG",1.03694115774832,1.6091009386847
"2019-07-24","Espace Mittelland","BE",5.98729684547204,9.328183448995
"2019-07-24","Espace Mittelland","FR",1.41503186445105,2.18224309547747
"2019-07-24","Espace Mittelland","JU",0.26017484479642,0.39120359513045
"2019-07-24","Espace Mittelland","NE",0.841881803844943,1.34881969354925
"2019-07-24","Espace Mittelland","SO",0.921601454460487,1.59020352783391
"2019-07-24","Lake Geneva","GE",4.17661045999793,6.79090014893607
"2019-07-24","Lake Geneva","VD",5.28450341384455,8.58741174127405
"2019-07-24","Lake Geneva","VS",2.59508875225951,3.3794756444323
"2019-07-24","Northwestern","AG",2.71439666188621,4.45876931631479
"2019-07-24","Northwestern","BL",1.051013220226,1.72867124690963
"2019-07-24","Northwestern","BS",1.19350920856553,2.64043733231097
"2019-07-24","Ticino","TI",2.53859697496664,3.13272168260371
"2019-07-24","Zurich","ZH",9.67839056390462,19.7708722922491
"2019-07-25","9999","9999",0.0155930412878632,0.0472775152759736
"2019-07-25","Central","LU",3.92190131988602,4.08252050674971
"2019-07-25","Central","NW",0.327566452661447,0.379817565211362
"2019-07-25","Central","OW",0.238251453038775,0.306709056686115
"2019-07-25","Central","SZ",0.904913802944478,1.22228181477682
"2019-07-25","Central","UR",0.216308124815993,0.312792935359299
"2019-07-25","Central","ZG",0.915085511986732,1.46553499725716
"2019-07-25","Eastern","AI",0.0693117232441761,0.0793283397944805
"2019-07-25","Eastern","AR",0.144572760240252,0.204370740010373
"2019-07-25","Eastern","GL",0.165076194792728,0.267384768278996
"2019-07-25","Eastern","GR",2.28306909658877,2.543027297242
"2019-07-25","Eastern","SG",2.56330403923474,3.71507462777879
"2019-07-25","Eastern","SH",0.395788217910945,0.66898873700718
"2019-07-25","Eastern","TG",1.17362587600763,1.77859983780855
"2019-07-25","Espace Mittelland","BE",6.74564383831238,10.077350229522
"2019-07-25","Espace Mittelland","FR",1.54069311550939,2.37288262328691
"2019-07-25","Espace Mittelland","JU",0.294035084427092,0.43426657992891
"2019-07-25","Espace Mittelland","NE",0.961947467535761,1.48123752210079
"2019-07-25","Espace Mittelland","SO",1.12834741463501,1.8597975257987
"2019-07-25","Lake Geneva","GE",4.8974377929911,7.34096435254955
"2019-07-25","Lake Geneva","VD",5.68204164691148,9.09427700749303
"2019-07-25","Lake Geneva","VS",2.7464529235855,3.49931785784933
"2019-07-25","Northwestern","AG",3.14575256351476,4.96543065363969
"2019-07-25","Northwestern","BL",1.16670434727761,1.88926525099228
"2019-07-25","Northwestern","BS",1.3067138421415,2.75671079008171
"2019-07-25","Ticino","TI",3.42543589146507,3.52025455764084
"2019-07-25","Zurich","ZH",11.505188671622,20.9210312548221
"2019-07-26","9999","9999",0.0159592245364338,0.0438107240767289
"2019-07-26","Central","LU",4.23788087209813,4.5654921042131
"2019-07-26","Central","NW",0.376980107359059,0.422880550009823
"2019-07-26","Central","OW",0.294655715084566,0.328971294289107
"2019-07-26","Central","SZ",1.12100064513712,1.39055714053624
"2019-07-26","Central","UR",0.290964802223667,0.369417191613628
"2019-07-26","Central","ZG",1.04489945315384,1.58714459442282
"2019-07-26","Eastern","AI",0.0780727247238957,0.0922438364191174
"2019-07-26","Eastern","AR",0.169164865783045,0.217660106274144
"2019-07-26","Eastern","GL",0.204622775587728,0.302358573612553
"2019-07-26","Eastern","GR",2.58140967819714,2.70052837976454
"2019-07-26","Eastern","SG",2.97840732016875,4.03429132330139
"2019-07-26","Eastern","SH",0.427909254520823,0.737678786160841
"2019-07-26","Eastern","TG",1.37479961963057,1.93270210542988
"2019-07-26","Espace Mittelland","BE",8.11140350259217,10.8370873243917
"2019-07-26","Espace Mittelland","FR",1.89719089567152,2.64618132949403
"2019-07-26","Espace Mittelland","JU",0.345828838213909,0.464516032549771
"2019-07-26","Espace Mittelland","NE",0.997386494285074,1.48681157853879
"2019-07-26","Espace Mittelland","SO",1.31938959626747,1.96770989891245
"2019-07-26","Lake Geneva","GE",5.00210374154036,7.2511336747103
"2019-07-26","Lake Geneva","VD",6.55482734482739,9.81567547027703
"2019-07-26","Lake Geneva","VS",3.31438320956937,3.92539329386629
"2019-07-26","Northwestern","AG",3.70435425987181,5.44653290290741
"2019-07-26","Northwestern","BL",1.43339450798435,2.13265438606867
"2019-07-26","Northwestern","BS",1.51562329059545,2.83794246622088
"2019-07-26","Ticino","TI",3.45440231043385,3.55274722809651
"2019-07-26","Zurich","ZH",12.898676309175,21.9650452280299
"2019-07-27","9999","9999",0.0143570352736845,0.0343280305023244
"2019-07-27","Central","LU",4.53089931036787,4.782472447507
"2019-07-27","Central","NW",0.488648791174895,0.493643876253228
"2019-07-27","Central","OW",0.314623845170663,0.351573413382222
"2019-07-27","Central","SZ",1.39069863925343,1.5923787693707
"2019-07-27","Central","UR",0.297010516675287,0.398952893105232
"2019-07-27","Central","ZG",1.19001017683903,1.49982903961047
"2019-07-27","Eastern","AI",0.103226728434647,0.106518859004242
"2019-07-27","Eastern","AR",0.186452075845174,0.223709996798316
"2019-07-27","Eastern","GL",0.246198462470517,0.326150277921094
"2019-07-27","Eastern","GR",2.9093474558433,2.95730884555173
"2019-07-27","Eastern","SG",3.76797268709759,4.44503810411386
"2019-07-27","Eastern","SH",0.519704744358263,0.795764532822695
"2019-07-27","Eastern","TG",1.69283781256415,2.15960698823534
"2019-07-27","Espace Mittelland","BE",9.35069637845593,11.2331512248309
"2019-07-27","Espace Mittelland","FR",1.97992753927077,2.59360166297215
"2019-07-27","Espace Mittelland","JU",0.356113782932042,0.461898945075831
"2019-07-27","Espace Mittelland","NE",1.18636517932948,1.62378381905797
"2019-07-27","Espace Mittelland","SO",1.62200579972957,2.19522656840013
"2019-07-27","Lake Geneva","GE",5.73064534697922,6.50992012105219
"2019-07-27","Lake Geneva","VD",7.89956223462077,10.3933040627394
"2019-07-27","Lake Geneva","VS",3.53742553631392,4.00815443671101
"2019-07-27","Northwestern","AG",5.08795332848057,6.34568938502523
"2019-07-27","Northwestern","BL",1.7607882249402,2.20334973601405
"2019-07-27","Northwestern","BS",1.75957107848527,2.76323651469206
"2019-07-27","Ticino","TI",3.58100693105641,3.92807835763826
"2019-07-27","Zurich","ZH",14.7994597159208,20.9757861628807
"2019-07-28","9999","9999",0.0116433303182448,0.028210163680128
"2019-07-28","Central","LU",1.67184899107056,1.44378258188935
"2019-07-28","Central","NW",0.140424957326233,0.0995512884567409
"2019-07-28","Central","OW",0.126045087731549,0.107980349411767
"2019-07-28","Central","SZ",0.260387794126153,0.351675377829259
"2019-07-28","Central","UR",0.128733444280225,0.18071498829788
"2019-07-28","Central","ZG",0.148282242874806,0.305315542576614
"2019-07-28","Eastern","AI",0.0222251956137881,0.0189993752978212
"2019-07-28","Eastern","AR",0.0415425142651948,0.053735263588292
"2019-07-28","Eastern","GL",0.0513465754668611,0.101590577397473
"2019-07-28","Eastern","GR",1.44234738276643,1.3439254000915
"2019-07-28","Eastern","SG",0.532604506658503,0.968594270549745
"2019-07-28","Eastern","SH",0.127013735214146,0.25416337831325
"2019-07-28","Eastern","TG",0.247781408403924,0.403269388029782
"2019-07-28","Espace Mittelland","BE",2.8814133432016,3.467776855566
"2019-07-28","Espace Mittelland","FR",0.502798014938972,0.900210114737193
"2019-07-28","Espace Mittelland","JU",0.0694300693280296,0.117021197049013
"2019-07-28","Espace Mittelland","NE",0.21424143275445,0.368091653802152
"2019-07-28","Espace Mittelland","SO",0.229965183005844,0.485418744192275
"2019-07-28","Lake Geneva","GE",1.40177162062946,2.39531480163497
"2019-07-28","Lake Geneva","VD",1.85361624431795,3.37159039386147
"2019-07-28","Lake Geneva","VS",1.33535293654244,1.5890479307675
"2019-07-28","Northwestern","AG",0.705720982681564,1.46254404014408
"2019-07-28","Northwestern","BL",0.257191909451152,0.562945712089109
"2019-07-28","Northwestern","BS",0.37976068229656,0.978314881167235
"2019-07-28","Ticino","TI",1.62587848255751,1.80140588579574
"2019-07-28","Zurich","ZH",3.15595419879284,7.04455370501414
"2019-07-29","9999","9999",0.0127691747333739,0.0393922647051426
"2019-07-29","Central","LU",3.85163288127656,4.03130036618832
"2019-07-29","Central","NW",0.31472972264226,0.380429351893582
"2019-07-29","Central","OW",0.251601185782256,0.284310866487073
"2019-07-29","Central","SZ",0.940797243302611,1.22564664152903
"2019-07-29","Central","UR",0.215327314170812,0.305009649235505
"2019-07-29","Central","ZG",0.868210739299539,1.4016032889652
"2019-07-29","Eastern","AI",0.0664368270143387,0.0815035813312614
"2019-07-29","Eastern","AR",0.134622071447913,0.18843029812365
"2019-07-29","Eastern","GL",0.163641227477389,0.25756219321447
"2019-07-29","Eastern","GR",2.11048416565151,2.42862318766692
"2019-07-29","Eastern","SG",2.84118484992966,3.82387069276685
"2019-07-29","Eastern","SH",0.362776999140006,0.658826280452532
"2019-07-29","Eastern","TG",1.1442687085878,1.71069151608217
"2019-07-29","Espace Mittelland","BE",6.9625632501587,10.1244578040529
"2019-07-29","Espace Mittelland","FR",1.56343026826975,2.32030295676504
"2019-07-29","Espace Mittelland","JU",0.296760521782758,0.431207646517812
"2019-07-29","Espace Mittelland","NE",0.882768149558122,1.38389546332985
"2019-07-29","Espace Mittelland","SO",1.01337920863684,1.68887112441634
"2019-07-29","Lake Geneva","GE",4.80039275502043,6.81948418225533
"2019-07-29","Lake Geneva","VD",5.55008697738153,8.36975163499991
"2019-07-29","Lake Geneva","VS",2.88914586822321,3.57840828060072
"2019-07-29","Northwestern","AG",3.08864487437025,4.80772564222307
"2019-07-29","Northwestern","BL",1.18904570383529,1.88593441238909
"2019-07-29","Northwestern","BS",1.31574081588122,2.76615949550711
"2019-07-29","Ticino","TI",2.86401357101928,3.31833096435935
"2019-07-29","Zurich","ZH",10.0472000139316,19.558752254264
"2019-07-30","9999","9999",0.0134067656796921,0.0387125017248986
"2019-07-30","Central","LU",3.74394011052978,3.88821025884695
"2019-07-30","Central","NW",0.313695908646927,0.380633280787655
"2019-07-30","Central","OW",0.248937410100141,0.310379776779433
"2019-07-30","Central","SZ",0.889399211314066,1.18921134578795
"2019-07-30","Central","UR",0.224535341245652,0.300795118757991
"2019-07-30","Central","ZG",0.862463202468212,1.38950350791686
"2019-07-30","Eastern","AI",0.0723052318473247,0.0917680023329465
"2019-07-30","Eastern","AR",0.160431276453386,0.211338310557875
"2019-07-30","Eastern","GL",0.160466332677291,0.260043328092361
"2019-07-30","Eastern","GR",2.00048981987739,2.32152653012947
"2019-07-30","Eastern","SG",2.66706528501546,3.66949651995342
"2019-07-30","Eastern","SH",0.369866944203982,0.653524129206628
"2019-07-30","Eastern","TG",1.15600425729487,1.7049135307501
"2019-07-30","Espace Mittelland","BE",6.86918750469458,10.0793215421647
"2019-07-30","Espace Mittelland","FR",1.51523152397884,2.23142394709813
"2019-07-30","Espace Mittelland","JU",0.305547482568584,0.431921397647068
"2019-07-30","Espace Mittelland","NE",0.856877984725457,1.36040965236241
"2019-07-30","Espace Mittelland","SO",1.05153526112777,1.70868621529045
"2019-07-30","Lake Geneva","GE",4.32602801231167,6.68037068834839
"2019-07-30","Lake Geneva","VD",5.30262530429591,8.06290662571774
"2019-07-30","Lake Geneva","VS",2.89123609948961,3.6106630340133
"2019-07-30","Northwestern","AG",3.19655543464926,4.85639667160854
"2019-07-30","Northwestern","BL",1.20782744389881,1.88756584354167
"2019-07-30","Northwestern","BS",1.35544041129785,2.83474758021373
"2019-07-30","Ticino","TI",2.81084648417853,3.22095491743939
"2019-07-30","Zurich","ZH",9.92944074589056,19.6223100929168
"2019-07-31","9999","9999",0.0162322456350136,0.0456120959743757
"2019-07-31","Central","LU",4.39635299435466,4.52664364989216
"2019-07-31","Central","NW",0.409449290022768,0.476038015064907
"2019-07-31","Central","OW",0.281562090143078,0.331112547676876
"2019-07-31","Central","SZ",1.26261294407913,1.56974266212857
"2019-07-31","Central","UR",0.279169585097959,0.359152770611943
"2019-07-31","Central","ZG",1.17622788428362,1.68941493480053
"2019-07-31","Eastern","AI",0.0934540972210357,0.100027122542912
"2019-07-31","Eastern","AR",0.187717154402503,0.248895215216358
"2019-07-31","Eastern","GL",0.242190727811263,0.345897392497184
"2019-07-31","Eastern","GR",2.71900106898378,2.96312081903282
"2019-07-31","Eastern","SG",3.69571573587856,4.73074248471043
"2019-07-31","Eastern","SH",0.50205106909402,0.817516948190505
"2019-07-31","Eastern","TG",1.66331638762514,2.28165843133816
"2019-07-31","Espace Mittelland","BE",8.84165161618884,11.4457810850513
"2019-07-31","Espace Mittelland","FR",1.89634062560095,2.74491690237448
"2019-07-31","Espace Mittelland","JU",0.373652710936132,0.521752075486319
"2019-07-31","Espace Mittelland","NE",1.04336525777131,1.58772239295602
"2019-07-31","Espace Mittelland","SO",1.47653783698877,2.22989448039258
"2019-07-31","Lake Geneva","GE",5.26053345054351,7.40540588307669
"2019-07-31","Lake Geneva","VD",6.48714161634028,9.34534746424617
"2019-07-31","Lake Geneva","VS",3.29192935354784,4.03690841077533
"2019-07-31","Northwestern","AG",4.29705093784856,6.15797283803084
"2019-07-31","Northwestern","BL",1.58636117793878,2.35330544945588
"2019-07-31","Northwestern","BS",1.46912374716635,2.93501261979973
"2019-07-31","Ticino","TI",3.68253707061554,4.11718841874215
"2019-07-31","Zurich","ZH",12.7429629143724,22.6427009430352
"2019-08-01","9999","9999",0.0159936463648668,0.0365032720391054
"2019-08-01","Central","LU",2.14163904145241,1.76163975145146
"2019-08-01","Central","NW",0.17708289274013,0.193936378263627
"2019-08-01","Central","OW",0.204064452747341,0.223438091606219
"2019-08-01","Central","SZ",0.344123175916725,0.565188929923914
"2019-08-01","Central","UR",0.136292368155498,0.217660106274144
"2019-08-01","Central","ZG",0.195246586720332,0.410440887471356
"2019-08-01","Eastern","AI",0.0389153416354528,0.0597511659634519
"2019-08-01","Eastern","AR",0.071782493893738,0.108660112392011
"2019-08-01","Eastern","GL",0.0734873847346992,0.162531328576352
"2019-08-01","Eastern","GR",1.27060702800457,1.49129801420841
"2019-08-01","Eastern","SG",0.623068314246012,1.22163603994559
"2019-08-01","Eastern","SH",0.140842041021445,0.290258792564209
"2019-08-01","Eastern","TG",0.293881208280739,0.528889586778882
"2019-08-01","Espace Mittelland","BE",3.03766076976364,4.66252826964294
"2019-08-01","Espace Mittelland","FR",0.52189340482349,0.980082264915869
"2019-08-01","Espace Mittelland","JU",0.0737463120721264,0.140031173930274
"2019-08-01","Espace Mittelland","NE",0.261405407540801,0.449833152176499
"2019-08-01","Espace Mittelland","SO",0.268333194073084,0.595166477352677
"2019-08-01","Lake Geneva","GE",1.39344518004862,2.56172077919871
"2019-08-01","Lake Geneva","VD",1.90624348410746,3.41298795935833
"2019-08-01","Lake Geneva","VS",1.61687089703994,2.08758610047849
"2019-08-01","Northwestern","AG",0.77639582599577,1.68853124292622
"2019-08-01","Northwestern","BL",0.287088015405252,0.641288395562235
"2019-08-01","Northwestern","BS",0.411176654910757,0.967608614228391
"2019-08-01","Ticino","TI",1.1526403713842,1.53792975465315
"2019-08-01","Zurich","ZH",3.19130520512831,7.67146511354421
"2019-08-02","9999","9999",0.0130306905609711,0.0353136868236783
"2019-08-02","Central","LU",4.83709505895721,4.85527506269114
"2019-08-02","Central","NW",0.449193661228518,0.438617063002472
"2019-08-02","Central","OW",0.319972057463996,0.318129074754215
"2019-08-02","Central","SZ",1.23822069660641,1.40170525341224
"2019-08-02","Central","UR",0.308338415382787,0.376758631800264
"2019-08-02","Central","ZG",1.09645853152399,1.45435289623214
"2019-08-02","Eastern","AI",0.0881116571433007,0.0945550305519471
"2019-08-02","Eastern","AR",0.170027694534366,0.211236346110838
"2019-08-02","Eastern","GL",0.215649030995964,0.308238523391664
"2019-08-02","Eastern","GR",3.03913740746309,3.02966961479871
"2019-08-02","Eastern","SG",3.59811300946298,4.29814132408312
"2019-08-02","Eastern","SH",0.451248620889835,0.697300865134345
"2019-08-02","Eastern","TG",1.42712790642754,1.89222221995635
"2019-08-02","Espace Mittelland","BE",9.49693996798269,11.5373451584901
"2019-08-02","Espace Mittelland","FR",2.01943304883294,2.6639231432784
"2019-08-02","Espace Mittelland","JU",0.38885138145312,0.517843438349916
"2019-08-02","Espace Mittelland","NE",1.13879965178894,1.59268466271181
"2019-08-02","Espace Mittelland","SO",1.35459481304085,1.96162602023926
"2019-08-02","Lake Geneva","GE",5.16817135548034,6.66395441237549
"2019-08-02","Lake Geneva","VD",6.99201949683691,9.06919375352202
"2019-08-02","Lake Geneva","VS",4.22701143768437,4.55329035871772
"2019-08-02","Northwestern","AG",4.17071402428349,5.51073651639146
"2019-08-02","Northwestern","BL",1.54013207886615,2.01036502592276
"2019-08-02","Northwestern","BS",1.53344884004058,2.65267306595536
"2019-08-02","Ticino","TI",3.69256160774014,3.97644349368262
"2019-08-02","Zurich","ZH",12.111510159352,19.118673700854
"2019-08-03","9999","9999",0.0129853117045569,0.0323907060086289
"2019-08-03","Central","LU",4.15346693386099,4.32023362094105
"2019-08-03","Central","NW",0.423941134334428,0.447759875086755
"2019-08-03","Central","OW",0.325256943774669,0.393480801114268
"2019-08-03","Central","SZ",1.18773888832148,1.45163384431117
"2019-08-03","Central","UR",0.276999537482624,0.391169606981438
"2019-08-03","Central","ZG",1.0048453951408,1.31133076518879
"2019-08-03","Eastern","AI",0.11204871803223,0.129256930693406
"2019-08-03","Eastern","AR",0.182436669699926,0.238290912724551
"2019-08-03","Eastern","GL",0.223978122723311,0.34090113459239
"2019-08-03","Eastern","GR",2.81636309714172,2.91203663106748
"2019-08-03","Eastern","SG",3.33677352422706,4.1471319780219
"2019-08-03","Eastern","SH",0.460912480692007,0.73781473875689
"2019-08-03","Eastern","TG",1.48330037916447,2.00078036790132
"2019-08-03","Espace Mittelland","BE",8.41916033005122,10.5479841288939
"2019-08-03","Espace Mittelland","FR",1.64581188536551,2.31438901883691
"2019-08-03","Espace Mittelland","JU",0.354893527156083,0.477397541025395
"2019-08-03","Espace Mittelland","NE",1.06131027328241,1.5065926812639
"2019-08-03","Espace Mittelland","SO",1.41331528037008,2.03538030359574
"2019-08-03","Lake Geneva","GE",4.52178594136321,5.61042375744425
"2019-08-03","Lake Geneva","VD",6.4738054761072,8.73179339827789
"2019-08-03","Lake Geneva","VS",3.38817213578677,3.9518700619468
"2019-08-03","Northwestern","AG",4.38856745815086,5.74885748837096
"2019-08-03","Northwestern","BL",1.53667400480786,2.03487048136056
"2019-08-03","Northwestern","BS",1.46379921113863,2.46577223453726
"2019-08-03","Ticino","TI",3.18434032604097,3.76269202454488
"2019-08-03","Zurich","ZH",12.2274125126839,18.2298156278869
"2019-08-04","9999","9999",0.0118949856038633,0.0302494526208602
"2019-08-04","Central","LU",1.8891038884734,1.70250037217023
"2019-08-04","Central","NW",0.217872203358116,0.203351095540007
"2019-08-04","Central","OW",0.21827556139819,0.236897398615051
"2019-08-04","Central","SZ",0.367608151710837,0.554448674836058
"2019-08-04","Central","UR",0.167202946875053,0.248521345577224
"2019-08-04","Central","ZG",0.190064871910444,0.396811639717463
"2019-08-04","Eastern","AI",0.0500892427999354,0.0642715897820748
"2019-08-04","Eastern","AR",0.0765101460179836,0.103493913742156
"2019-08-04","Eastern","GL",0.0812043748992628,0.174121287389513
"2019-08-04","Eastern","GR",1.71023653133671,1.5859889973564
"2019-08-04","Eastern","SG",0.677099067866676,1.24508786276401
"2019-08-04","Eastern","SH",0.136658672800733,0.297362315707759
"2019-08-04","Eastern","TG",0.323055074569135,0.547820985778679
"2019-08-04","Espace Mittelland","BE",3.04358329009687,4.43490963570822
"2019-08-04","Espace Mittelland","FR",0.538850271065242,0.984058878350297
"2019-08-04","Espace Mittelland","JU",0.0888472621901704,0.14614904075247
"2019-08-04","Espace Mittelland","NE",0.269386772228611,0.447555946192682
"2019-08-04","Espace Mittelland","SO",0.275056995048704,0.614573710438644
"2019-08-04","Lake Geneva","GE",1.30395030581327,2.34735752337875
"2019-08-04","Lake Geneva","VD",1.89215578495618,3.20474257036057
"2019-08-04","Lake Geneva","VS",1.62766230472656,2.03541429174475
"2019-08-04","Northwestern","AG",0.754654732868069,1.64822129819774
"2019-08-04","Northwestern","BL",0.279031251640691,0.642613933373711
"2019-08-04","Northwestern","BS",0.379230398169664,1.03945956124019
"2019-08-04","Ticino","TI",1.55549278651817,1.90299646319321
"2019-08-04","Zurich","ZH",3.07843508985157,7.4770189130454
"2019-08-05","9999","9999",0.0113809177217385,0.0379647624466301
"2019-08-05","Central","LU",3.50861028752068,3.84361780734294
"2019-08-05","Central","NW",0.293633512092794,0.363707182579578
"2019-08-05","Central","OW",0.212775458381372,0.28349515091078
"2019-08-05","Central","SZ",0.888351174328872,1.21694567538191
"2019-08-05","Central","UR",0.213030097675326,0.309326144160054
"2019-08-05","Central","ZG",0.821910313812453,1.41971897238871
"2019-08-05","Eastern","AI",0.0678673065691099,0.0885731163257995
"2019-08-05","Eastern","AR",0.145789350620145,0.212833789114412
"2019-08-05","Eastern","GL",0.16221165252357,0.267316791980972
"2019-08-05","Eastern","GR",1.9886286804468,2.30803323497163
"2019-08-05","Eastern","SG",2.54453713697644,3.81350430731812
"2019-08-05","Eastern","SH",0.349930248021962,0.653694069951689
"2019-08-05","Eastern","TG",1.10577869778871,1.74498555843548
"2019-08-05","Espace Mittelland","BE",6.84163008198696,10.1734007386305
"2019-08-05","Espace Mittelland","FR",1.40575680292125,2.18526804073956
"2019-08-05","Espace Mittelland","JU",0.294485630525484,0.45000309292156
"2019-08-05","Espace Mittelland","NE",0.846169647601578,1.41149384032775
"2019-08-05","Espace Mittelland","SO",0.987533678616514,1.72918106914481
"2019-08-05","Lake Geneva","GE",4.35859957152382,6.61253034292003
"2019-08-05","Lake Geneva","VD",5.2907270762263,8.08846571377492
"2019-08-05","Lake Geneva","VS",2.81301897147522,3.52443509996934
"2019-08-05","Northwestern","AG",2.93558958093468,4.85197821223696
"2019-08-05","Northwestern","BL",1.17185758869562,1.9530949948372
"2019-08-05","Northwestern","BS",1.26519872436228,2.74491690237448
"2019-08-05","Ticino","TI",2.71226981190335,3.18540331357262
"2019-08-05","Zurich","ZH",9.70100035198375,19.7108832092426
"2019-08-06","9999","9999",0.011983103918243,0.0407178025166185
"2019-08-06","Central","LU",3.56480108723793,3.86676373682025
"2019-08-06","Central","NW",0.29765940142743,0.344096020599537
"2019-08-06","Central","OW",0.201414398804342,0.243253182480333
"2019-08-06","Central","SZ",0.898902749198599,1.15807820129277
"2019-08-06","Central","UR",0.202057487844758,0.269390069070716
"2019-08-06","Central","ZG",0.853576633761108,1.41604825229539
"2019-08-06","Eastern","AI",0.0681140120036317,0.0744000581877111
"2019-08-06","Eastern","AR",0.151295265012776,0.198864659870396
"2019-08-06","Eastern","GL",0.171786328853531,0.257970051002616
"2019-08-06","Eastern","GR",1.81351811148362,2.17965999615254
"2019-08-06","Eastern","SG",2.70662998915767,3.83807773905395
"2019-08-06","Eastern","SH",0.363346510053639,0.65556341814736
"2019-08-06","Eastern","TG",1.13108515221401,1.69118231854917
"2019-08-06","Espace Mittelland","BE",6.80102481262846,9.99730813859823
"2019-08-06","Espace Mittelland","FR",1.36937593385608,2.09808843852326
"2019-08-06","Espace Mittelland","JU",0.291002282464843,0.430493895388556
"2019-08-06","Espace Mittelland","NE",0.873202824687353,1.4082649661716
"2019-08-06","Espace Mittelland","SO",1.03199638964753,1.72952095063493
"2019-08-06","Lake Geneva","GE",4.53650460946856,6.47922882249417
"2019-08-06","Lake Geneva","VD",5.03949445854967,7.7243506734072
"2019-08-06","Lake Geneva","VS",2.75322799311377,3.39432846555063
"2019-08-06","Northwestern","AG",3.13807449077124,4.93524917731685
"2019-08-06","Northwestern","BL",1.14498516428985,1.87866094850048
"2019-08-06","Northwestern","BS",1.29787459072143,2.74644636908003
"2019-08-06","Ticino","TI",2.65185139683917,3.03741891277349
"2019-08-06","Zurich","ZH",9.78340641288532,19.1267968684679
"2019-08-07","9999","9999",0.0112494999583277,0.039120359513045
"2019-08-07","Central","LU",3.99179682794197,4.23495735506943
"2019-08-07","Central","NW",0.324415234126958,0.375671011031873
"2019-08-07","Central","OW",0.214804380416154,0.249303073004505
"2019-08-07","Central","SZ",0.941389506300794,1.22622444006224
"2019-08-07","Central","UR",0.224331426177374,0.288083551027428
"2019-08-07","Central","ZG",0.99053025738047,1.45989296452113
"2019-08-07","Eastern","AI",0.0699001015490931,0.075215773764004
"2019-08-07","Eastern","AR",0.151602453398395,0.206919851186288
"2019-08-07","Eastern","GL",0.1731703722261,0.262286545927166
"2019-08-07","Eastern","GR",2.06935133380101,2.3196571819338
"2019-08-07","Eastern","SG",2.87118842326006,4.05240700672489
"2019-08-07","Eastern","SH",0.387958571641676,0.674834698637279
"2019-08-07","Eastern","TG",1.16864037345185,1.75304074975138
"2019-08-07","Espace Mittelland","BE",7.63600192663556,10.6507642915068
"2019-08-07","Espace Mittelland","FR",1.50501712247087,2.24151842735475
"2019-08-07","Espace Mittelland","JU",0.320994632477805,0.456528817531903
"2019-08-07","Espace Mittelland","NE",0.915658629556108,1.42366159767412
"2019-08-07","Espace Mittelland","SO",1.09800243863969,1.81153435420138
"2019-08-07","Lake Geneva","GE",4.61546961142498,6.64539688301483
"2019-08-07","Lake Geneva","VD",5.50106953398487,8.05067089207335
"2019-08-07","Lake Geneva","VS",3.04247194670912,3.5917316350135
"2019-08-07","Northwestern","AG",3.4281861485646,5.26122951449289
"2019-08-07","Northwestern","BL",1.24852941940671,1.94449599313711
"2019-08-07","Northwestern","BS",1.30799164385248,2.83923401588334
"2019-08-07","Ticino","TI",2.65310512285035,3.13037650032187
"2019-08-07","Zurich","ZH",10.3502209969496,19.8455442556289
"2019-08-08","9999","9999",0.0132376170497339,0.0427910796063629
"2019-08-08","Central","LU",4.13828251374601,4.12347622630941
"2019-08-08","Central","NW",0.310889253006654,0.356603659436028
"2019-08-08","Central","OW",0.222765225151633,0.289748970329026
"2019-08-08","Central","SZ",0.897985354604572,1.2269381911915
"2019-08-08","Central","UR",0.229159692640406,0.295424991214063
"2019-08-08","Central","ZG",0.916635402783188,1.49082218012223
"2019-08-08","Eastern","AI",0.0728228554769145,0.0901365711803608
"2019-08-08","Eastern","AR",0.149081522430244,0.21728623663501
"2019-08-08","Eastern","GL",0.175455958137919,0.282441518291402
"2019-08-08","Eastern","GR",1.86205558379681,2.24270801257018
"2019-08-08","Eastern","SG",2.88907218044782,4.08894426691301
"2019-08-08","Eastern","SH",0.398006150636414,0.696926995495211
"2019-08-08","Eastern","TG",1.20056959158367,1.78628115948531
"2019-08-08","Espace Mittelland","BE",7.58486376966162,10.6091967852649
"2019-08-08","Espace Mittelland","FR",1.35784911300763,2.14801702942218
"2019-08-08","Espace Mittelland","JU",0.3233021167815,0.472775152759736
"2019-08-08","Espace Mittelland","NE",0.884929993108546,1.45567843404362
"2019-08-08","Espace Mittelland","SO",1.14347373665595,1.91040587967787
"2019-08-08","Lake Geneva","GE",4.58699250716682,6.9363694267083
"2019-08-08","Lake Geneva","VD",5.21031755186223,7.97990756582995
"2019-08-08","Lake Geneva","VS",2.669332551779,3.34847845253317
"2019-08-08","Northwestern","AG",3.29806747435731,5.24097257768161
"2019-08-08","Northwestern","BL",1.23256937250577,2.0121324096714
"2019-08-08","Northwestern","BS",1.41287209639199,2.95707092850865
"2019-08-08","Ticino","TI",2.68815856246487,3.30235653432361
"2019-08-08","Zurich","ZH",10.4857175355645,20.7392966220538
"2019-08-09","9999","9999",0.0152323208891975,0.0438107240767289
"2019-08-09","Central","LU",3.76063900494334,4.47443785300941
"2019-08-09","Central","NW",0.382433688041203,0.425905495271909
"2019-08-09","Central","OW",0.284060695873015,0.331452429166998
"2019-08-09","Central","SZ",1.06518786680125,1.38726029008205
"2019-08-09","Central","UR",0.271622045097005,0.364217004814761
"2019-08-09","Central","ZG",1.10978461149799,1.69495500308952
"2019-08-09","Eastern","AI",0.0902495933828511,0.106756776047328
"2019-08-09","Eastern","AR",0.188467522850191,0.260281245135446
"2019-08-09","Eastern","GL",0.202423870810421,0.329719033567376
"2019-08-09","Eastern","GR",2.14593335839248,2.51726428029075
"2019-08-09","Eastern","SG",3.09439615491807,4.40734524685933
"2019-08-09","Eastern","SH",0.438221102306228,0.768098179526763
"2019-08-09","Eastern","TG",1.39127566892822,2.04017263260646
"2019-08-09","Espace Mittelland","BE",8.10669301438989,11.4353467233045
"2019-08-09","Espace Mittelland","FR",1.59213125147348,2.39188199858473
"2019-08-09","Espace Mittelland","JU",0.355678830431013,0.5111137848455
"2019-08-09","Espace Mittelland","NE",1.0021528327851,1.53905136357055
"2019-08-09","Espace Mittelland","SO",1.25900409927949,2.02504790629603
"2019-08-09","Lake Geneva","GE",4.56355296505342,6.86132359368935
"2019-08-09","Lake Geneva","VD",5.96056955665276,8.79715260882835
"2019-08-09","Lake Geneva","VS",3.15165455997964,3.902281352538
"2019-08-09","Northwestern","AG",3.7590642004185,5.76435608432052
"2019-08-09","Northwestern","BL",1.48227798037162,2.24828206900818
"2019-08-09","Northwestern","BS",1.49890451454106,3.03626331570708
"2019-08-09","Ticino","TI",2.93293736143183,3.44231973195586
"2019-08-09","Zurich","ZH",12.1359774652076,22.3707277746395
"2019-08-10","9999","9999",0.0142981304792262,0.0333763623299828
"2019-08-10","Central","LU",4.76812560381869,4.72785349204439
"2019-08-10","Central","NW",0.465705170100282,0.474304619465285
"2019-08-10","Central","OW",0.280980271174068,0.316123773962495
"2019-08-10","Central","SZ",1.39970405529513,1.61824375076898
"2019-08-10","Central","UR",0.29956229806032,0.398443070870049
"2019-08-10","Central","ZG",1.34691808740871,1.71728521699054
"2019-08-10","Eastern","AI",0.112327793299951,0.112296844336317
"2019-08-10","Eastern","AR",0.206893508030235,0.254435283505347
"2019-08-10","Eastern","GL",0.269249868119167,0.366528198947591
"2019-08-10","Eastern","GR",2.57010250699111,2.75654084933665
"2019-08-10","Eastern","SG",4.11330553378433,4.99652980998585
"2019-08-10","Eastern","SH",0.551891781593444,0.855175817296025
"2019-08-10","Eastern","TG",1.8458536794959,2.39140616449856
"2019-08-10","Espace Mittelland","BE",9.72459442421908,11.7725091615056
"2019-08-10","Espace Mittelland","FR",1.80297344055969,2.44507345178883
"2019-08-10","Espace Mittelland","JU",0.390873231153186,0.52515089038754
"2019-08-10","Espace Mittelland","NE",1.25482426722614,1.7327838129401
"2019-08-10","Espace Mittelland","SO",1.67280909379438,2.33586952901262
"2019-08-10","Lake Geneva","GE",4.92281720681179,6.30167473205443
"2019-08-10","Lake Geneva","VD",7.37680365534912,9.56124018677168
"2019-08-10","Lake Geneva","VS",3.45590553008682,3.99714227643105
"2019-08-10","Northwestern","AG",5.39497908172955,6.96794441714063
"2019-08-10","Northwestern","BL",1.8967999318393,2.43902356126466
"2019-08-10","Northwestern","BS",1.82794183268636,3.0719848603189
"2019-08-10","Ticino","TI",2.94743182164581,3.69097703012913
"2019-08-10","Zurich","ZH",13.3304317233106,20.9744946132183
"2019-08-11","9999","9999",0.012117067095588,0.0312690970912262
"2019-08-11","Central","LU",1.89261387722788,1.68808939698906
"2019-08-11","Central","NW",0.227818596274939,0.180986893489978
"2019-08-11","Central","OW",0.183962461300457,0.217864035168218
"2019-08-11","Central","SZ",0.361559970165712,0.560124695721096
"2019-08-11","Central","UR",0.145705696570204,0.212255990581204
"2019-08-11","Central","ZG",0.194715582045491,0.433348899905581
"2019-08-11","Eastern","AI",0.0387253676034916,0.0595132489203665
"2019-08-11","Eastern","AR",0.0752654542682572,0.103425937444132
"2019-08-11","Eastern","GL",0.0776524964634704,0.165998119775597
"2019-08-11","Eastern","GR",1.31671674716369,1.30313962127685
"2019-08-11","Eastern","SG",0.737324262517123,1.28074143107781
"2019-08-11","Eastern","SH",0.144604875532059,0.295357014916039
"2019-08-11","Eastern","TG",0.342812538365996,0.573074180494745
"2019-08-11","Espace Mittelland","BE",3.18277923150719,4.12541355080311
"2019-08-11","Espace Mittelland","FR",0.503416648425512,0.949356978208838
"2019-08-11","Espace Mittelland","JU",0.085157058129152,0.139011529459908
"2019-08-11","Espace Mittelland","NE",0.257456135165584,0.436611762210752
"2019-08-11","Espace Mittelland","SO",0.279510243718802,0.599856841916361
"2019-08-11","Lake Geneva","GE",1.32812344405454,2.35575259618476
"2019-08-11","Lake Geneva","VD",1.88889667219905,3.28203162121432
"2019-08-11","Lake Geneva","VS",1.40573448551508,1.84011838752064
"2019-08-11","Northwestern","AG",0.810411958523835,1.70753061822404
"2019-08-11","Northwestern","BL",0.291743973009026,0.648527871301834
"2019-08-11","Northwestern","BS",0.401450937633963,1.0353130070607
"2019-08-11","Ticino","TI",1.37474754046148,1.71113336201933
"2019-08-11","Zurich","ZH",3.40728607978086,8.09808435994537
"2019-08-12","9999","9999",0.0121789363182742,0.04197536403007
"2019-08-12","Central","LU",3.59070915220458,4.07514507841406
"2019-08-12","Central","NW",0.341568003257127,0.372306184279665
"2019-08-12","Central","OW",0.19972059813609,0.253347662736957
"2019-08-12","Central","SZ",0.864461657856212,1.2030105342869
"2019-08-12","Central","UR",0.186531320454977,0.274556267720571
"2019-08-12","Central","ZG",0.892719320021098,1.52351877947197
"2019-08-12","Eastern","AI",0.0519507079260199,0.0628100993745501
"2019-08-12","Eastern","AR",0.134416973741161,0.19753912205892
"2019-08-12","Eastern","GL",0.153630686213404,0.252395994564615
"2019-08-12","Eastern","GR",1.76066182751627,2.08119632846419
"2019-08-12","Eastern","SG",2.45496622926887,3.83229975372187
"2019-08-12","Eastern","SH",0.342318489185458,0.653490141057616
"2019-08-12","Eastern","TG",1.04247312151555,1.72102391338188
"2019-08-12","Espace Mittelland","BE",6.33205490636427,10.1050165828179
"2019-08-12","Espace Mittelland","FR",1.48066521785099,2.26609185909057
"2019-08-12","Espace Mittelland","JU",0.288879501228254,0.448371661768974
"2019-08-12","Espace Mittelland","NE",0.864448096673975,1.4937791490863
"2019-08-12","Espace Mittelland","SO",0.938927656348066,1.72282528527953
"2019-08-12","Lake Geneva","GE",4.68631950089743,6.75990295703694
"2019-08-12","Lake Geneva","VD",5.32654728458629,8.17761662863393
"2019-08-12","Lake Geneva","VS",2.72509058413518,3.48677623086382
"2019-08-12","Northwestern","AG",2.96495346433127,5.1364930076181
"2019-08-12","Northwestern","BL",1.17216433848684,2.02181903213987
"2019-08-12","Northwestern","BS",1.28899097469449,2.8666964402852
"2019-08-12","Ticino","TI",2.40909480784625,2.97943513055868
"2019-08-12","Zurich","ZH",10.3578561540142,20.5179318075373
"2019-08-13","9999","9999",0.0122608438226546,0.04197536403007
"2019-08-13","Central","LU",3.76206155847072,4.11124049266502
"2019-08-13","Central","NW",0.309351364815903,0.363095395897359
"2019-08-13","Central","OW",0.215023239022236,0.259839399198288
"2019-08-13","Central","SZ",0.867684516086873,1.20165100832642
"2019-08-13","Central","UR",0.207653169196793,0.285262534659415
"2019-08-13","Central","ZG",0.930793316198834,1.56488235681982
"2019-08-13","Eastern","AI",0.0645303942140909,0.075555655254126
"2019-08-13","Eastern","AR",0.154691736137833,0.210046760895411
"2019-08-13","Eastern","GL",0.151015966531832,0.250288729325859
"2019-08-13","Eastern","GR",1.65104262484777,2.05485551297973
"2019-08-13","Eastern","SG",2.50080588000957,3.90625796597242
"2019-08-13","Eastern","SH",0.354123425876373,0.665182064317814
"2019-08-13","Eastern","TG",1.03054182656092,1.69172612893336
"2019-08-13","Espace Mittelland","BE",6.78466909483753,10.2629934994266
"2019-08-13","Espace Mittelland","FR",1.42250298329366,2.17126492334653
"2019-08-13","Espace Mittelland","JU",0.292121430483314,0.453333931524756
"2019-08-13","Espace Mittelland","NE",0.837852918753908,1.45020634205265
"2019-08-13","Espace Mittelland","SO",1.05616158619733,1.79073360700591
"2019-08-13","Lake Geneva","GE",4.47271072881831,6.61168063919473
"2019-08-13","Lake Geneva","VD",4.83057379461032,7.85075259958358
"2019-08-13","Lake Geneva","VS",2.71770429023292,3.43450245768306
"2019-08-13","Northwestern","AG",3.12153170072024,5.19617619728353
"2019-08-13","Northwestern","BL",1.12366511395503,1.9528230896451
"2019-08-13","Northwestern","BS",1.28429781097104,2.88148128510551
"2019-08-13","Ticino","TI",2.31149077739554,3.04265308772137
"2019-08-13","Zurich","ZH",10.5594139966838,20.7714833991684
"2019-08-14","9999","9999",0.0155304671813183,0.0465637641467173
"2019-08-14","Central","LU",3.71980703318782,4.21813322130839
"2019-08-14","Central","NW",0.36337013541097,0.436373845167667
"2019-08-14","Central","OW",0.269847864172734,0.338080118224378
"2019-08-14","Central","SZ",0.983506645803619,1.36445424209487
"2019-08-14","Central","UR",0.231089680309598,0.306267210748956
"2019-08-14","Central","ZG",1.0498698085387,1.69498899123853
"2019-08-14","Eastern","AI",0.077353672699641,0.0960505091084841
"2019-08-14","Eastern","AR",0.155146562447656,0.22190862490067
"2019-08-14","Eastern","GL",0.163042640104586,0.273332694356132
"2019-08-14","Eastern","GR",1.68162069418709,2.08724621898836
"2019-08-14","Eastern","SG",2.53500785125096,3.99207804222824
"2019-08-14","Eastern","SH",0.376108283506497,0.701889265250992
"2019-08-14","Eastern","TG",1.09983069982001,1.77608471478165
"2019-08-14","Espace Mittelland","BE",6.52546690361364,10.3412002303037
"2019-08-14","Espace Mittelland","FR",1.55073599919443,2.35153806570725
"2019-08-14","Espace Mittelland","JU",0.354881880908329,0.524369162960259
"2019-08-14","Espace Mittelland","NE",0.88518787486825,1.48399056217078
"2019-08-14","Espace Mittelland","SO",1.11963850798847,1.95374076966843
"2019-08-14","Lake Geneva","GE",4.33717161913432,6.60165413523613
"2019-08-14","Lake Geneva","VD",5.17260346938274,8.12282773242626
"2019-08-14","Lake Geneva","VS",2.81184330743537,3.59234342169572
"2019-08-14","Northwestern","AG",3.12814682426893,5.31938323745277
"2019-08-14","Northwestern","BL",1.14598551979802,2.00112024939144
"2019-08-14","Northwestern","BS",1.31564848392777,2.90948751989156
"2019-08-14","Ticino","TI",2.50845854952203,3.47671573875621
"2019-08-14","Zurich","ZH",10.6917077114337,21.3279033866471
"2019-08-15","9999","9999",0.0139053339489685,0.0505743657301572
"2019-08-15","Central","LU",2.06644140092738,1.70997776495292
"2019-08-15","Central","NW",0.13947956317893,0.144619574046921
"2019-08-15","Central","OW",0.135698812870241,0.158996561079083
"2019-08-15","Central","SZ",0.328663913753199,0.498708110456046
"2019-08-15","Central","UR",0.121900178757372,0.170960389531378
"2019-08-15","Central","ZG",0.233944538257742,0.49136667026941
"2019-08-15","Eastern","AI",0.0249779002267208,0.0259329576963104
"2019-08-15","Eastern","AR",0.168338087925074,0.225137499056829
"2019-08-15","Eastern","GL",0.187741190942084,0.295289038618015
"2019-08-15","Eastern","GR",1.77011020823886,2.14788107682613
"2019-08-15","Eastern","SG",3.02844505553872,4.40136333263318
"2019-08-15","Eastern","SH",0.375772766621801,0.711236006229348
"2019-08-15","Eastern","TG",1.18347905978221,1.82156085815998
"2019-08-15","Espace Mittelland","BE",7.92442408746822,11.4078503107536
"2019-08-15","Espace Mittelland","FR",0.549373282474605,1.02120792522063
"2019-08-15","Espace Mittelland","JU",0.083416617645584,0.144517609599885
"2019-08-15","Espace Mittelland","NE",1.00806874287414,1.64376885067715
"2019-08-15","Espace Mittelland","SO",0.281438512254584,0.612908291137046
"2019-08-15","Lake Geneva","GE",5.19742982741189,7.26224779943729
"2019-08-15","Lake Geneva","VD",5.74290722071551,8.72275255064064
"2019-08-15","Lake Geneva","VS",1.38925197478206,1.89664067932793
"2019-08-15","Northwestern","AG",3.48245425224458,5.43222389217328
"2019-08-15","Northwestern","BL",1.34672404854649,2.14431232117985
"2019-08-15","Northwestern","BS",1.46903864418848,3.08598797771193
"2019-08-15","Ticino","TI",1.30277666244048,1.72472862162421
"2019-08-15","Zurich","ZH",12.0559595821475,22.4959401156005
"2019-08-16","9999","9999",0.0145170478256297,0.0457820367194367
"2019-08-16","Central","LU",4.53101453146662,5.23502465160448
"2019-08-16","Central","NW",0.445036181825528,0.488545653901398
"2019-08-16","Central","OW",0.297586508604398,0.370742729425104
"2019-08-16","Central","SZ",1.2730496972843,1.5745689792883
"2019-08-16","Central","UR",0.304144391667745,0.402249743559416
"2019-08-16","Central","ZG",1.30949482826125,1.85333977748639
"2019-08-16","Eastern","AI",0.105886975781448,0.115525718492476
"2019-08-16","Eastern","AR",0.190546475974854,0.255420939826701
"2019-08-16","Eastern","GL",0.210280651192229,0.317857169562117
"2019-08-16","Eastern","GR",2.2191150780739,2.50638807260684
"2019-08-16","Eastern","SG",3.23233381206826,4.54809017191886
"2019-08-16","Eastern","SH",0.453296175354615,0.788966903020255
"2019-08-16","Eastern","TG",1.38102487191702,2.02392629737863
"2019-08-16","Espace Mittelland","BE",8.3936830548548,11.8658406186931
"2019-08-16","Espace Mittelland","FR",2.00877450783766,2.78481898931481
"2019-08-16","Espace Mittelland","JU",0.425827434868467,0.591223852067261
"2019-08-16","Espace Mittelland","NE",1.15301327060953,1.71164318425451
"2019-08-16","Espace Mittelland","SO",1.42995369574856,2.19233757573409
"2019-08-16","Lake Geneva","GE",4.9304805161545,7.0433301316497
"2019-08-16","Lake Geneva","VD",6.33219143845167,9.18339393420302
"2019-08-16","Lake Geneva","VS",3.73702274061452,4.45584633549974
"2019-08-16","Northwestern","AG",4.02669245580859,6.06467536899234
"2019-08-16","Northwestern","BL",1.45370032443102,2.28444545955716
"2019-08-16","Northwestern","BS",1.50842617577281,3.1508033778782
"2019-08-16","Ticino","TI",2.73462132662064,3.51219936632495
"2019-08-16","Zurich","ZH",13.1491276531628,23.6172431396621
"2019-08-17","9999","9999",0.0156647514724211,0.0373189876153983
"2019-08-17","Central","LU",4.37768308019929,4.68754354731592
"2019-08-17","Central","NW",0.432737051061282,0.447318029149596
"2019-08-17","Central","OW",0.300377296525807,0.363809147026615
"2019-08-17","Central","SZ",1.30381757618268,1.58255619430617
"2019-08-17","Central","UR",0.273673993337837,0.385221680904302
"2019-08-17","Central","ZG",1.2538386594547,1.65947137552078
"2019-08-17","Eastern","AI",0.10660703030719,0.124260672788612
"2019-08-17","Eastern","AR",0.206249381244138,0.263136249652471
"2019-08-17","Eastern","GL",0.218177167443559,0.343076376129171
"2019-08-17","Eastern","GR",2.29145760219337,2.52674697386515
"2019-08-17","Eastern","SG",3.70484979322447,4.65290962347249
"2019-08-17","Eastern","SH",0.530153809534828,0.833865247865374
"2019-08-17","Eastern","TG",1.6716091660857,2.23444889236021
"2019-08-17","Espace Mittelland","BE",8.50972490470235,11.2345107507914
"2019-08-17","Espace Mittelland","FR",1.74842306222248,2.43779998790022
"2019-08-17","Espace Mittelland","JU",0.403629475183775,0.53996972335686
"2019-08-17","Espace Mittelland","NE",1.29124049796489,1.83474825997671
"2019-08-17","Espace Mittelland","SO",1.52837974217518,2.20396152269627
"2019-08-17","Lake Geneva","GE",5.03507635225595,6.11147705018214
"2019-08-17","Lake Geneva","VD",6.98009645293945,9.30041513125203
"2019-08-17","Lake Geneva","VS",3.20468948501291,4.00461966921374
"2019-08-17","Northwestern","AG",4.93045900936476,6.53476545798011
"2019-08-17","Northwestern","BL",1.75295332728619,2.3302274962766
"2019-08-17","Northwestern","BS",1.69468179265452,2.94796210457338
"2019-08-17","Ticino","TI",2.75553331577363,3.52715415189032
"2019-08-17","Zurich","ZH",15.3436830229392,21.9621222472148
"2019-08-18","9999","9999",0.0138419374779217,0.0353136868236783
"2019-08-18","Central","LU",1.66353326080836,1.74671895403511
"2019-08-18","Central","NW",0.206080447995359,0.18812440478254
"2019-08-18","Central","OW",0.187163233170212,0.208381341593813
"2019-08-18","Central","SZ",0.37565126814069,0.573787931624001
"2019-08-18","Central","UR",0.14298933655223,0.206715922292215
"2019-08-18","Central","ZG",0.217787832676252,0.474508548359358
"2019-08-18","Eastern","AI",0.0421233307327165,0.055910505125073
"2019-08-18","Eastern","AR",0.0848857522479618,0.110971306524841
"2019-08-18","Eastern","GL",0.0798473011663318,0.168683183547561
"2019-08-18","Eastern","GR",1.2206150161009,1.3021539649555
"2019-08-18","Eastern","SG",0.71656437946879,1.30232390570056
"2019-08-18","Eastern","SH",0.140798138505112,0.302188632867492
"2019-08-18","Eastern","TG",0.342266171139058,0.577356687270283
"2019-08-18","Espace Mittelland","BE",2.84007534707199,4.27176652044965
"2019-08-18","Espace Mittelland","FR",0.537585889559729,1.01124939756006
"2019-08-18","Espace Mittelland","JU",0.0799496698827215,0.142886178447299
"2019-08-18","Espace Mittelland","NE",0.259992569662605,0.478349209197737
"2019-08-18","Espace Mittelland","SO",0.279571768331602,0.606858400612874
"2019-08-18","Lake Geneva","GE",1.27630940527668,2.43627052119467
"2019-08-18","Lake Geneva","VD",1.71921409271792,3.1079103338248
"2019-08-18","Lake Geneva","VS",1.42519475069701,1.87080968607866
"2019-08-18","Northwestern","AG",0.805883772867514,1.73291976553615
"2019-08-18","Northwestern","BL",0.282634253736346,0.676330177193816
"2019-08-18","Northwestern","BS",0.375231086872522,1.07416146138165
"2019-08-18","Ticino","TI",1.30284493435822,1.57368528741398
"2019-08-18","Zurich","ZH",3.55222471782001,8.3176478025642
"2019-08-19","9999","9999",0.0128642792299976,0.0437427477787045
"2019-08-19","Central","LU",3.45321768262093,3.94677183959497
"2019-08-19","Central","NW",0.294934340009822,0.342702506490037
"2019-08-19","Central","OW",0.164283776106847,0.243457111374406
"2019-08-19","Central","SZ",0.826538800525845,1.17826716180602
"2019-08-19","Central","UR",0.179799867573469,0.275983769979084
"2019-08-19","Central","ZG",0.890511866568994,1.62507536872043
"2019-08-19","Eastern","AI",0.0504365704052859,0.0643735542291114
"2019-08-19","Eastern","AR",0.128679266123642,0.189076072954882
"2019-08-19","Eastern","GL",0.149766740029282,0.246855926275626
"2019-08-19","Eastern","GR",1.63641639834447,1.9433403960707
"2019-08-19","Eastern","SG",2.21682818421092,3.60464713163814
"2019-08-19","Eastern","SH",0.311789002008085,0.618788240916157
"2019-08-19","Eastern","TG",0.962251429119716,1.63578163565928
"2019-08-19","Espace Mittelland","BE",5.95696465920273,9.6356742331084
"2019-08-19","Espace Mittelland","FR",1.41966075843067,2.24981153571373
"2019-08-19","Espace Mittelland","JU",0.271249517893706,0.437937300022228
"2019-08-19","Espace Mittelland","NE",0.808919872119814,1.47518763157662
"2019-08-19","Espace Mittelland","SO",0.883864862689779,1.64628397370405
"2019-08-19","Lake Geneva","GE",4.39133594824621,6.93487394815176
"2019-08-19","Lake Geneva","VD",5.08131357315704,8.17510150560703
"2019-08-19","Lake Geneva","VS",2.34780420865554,3.24229947501905
"2019-08-19","Northwestern","AG",2.70299510281548,4.80969695486578
"2019-08-19","Northwestern","BL",1.04386883071598,1.88488077976971
"2019-08-19","Northwestern","BS",1.18019067868086,2.73441456432971
"2019-08-19","Ticino","TI",2.20324445352248,2.86244792165868
"2019-08-19","Zurich","ZH",10.0766117511102,21.280116049136
"2019-08-20","9999","9999",0.0113151403096579,0.042485186265253
"2019-08-20","Central","LU",3.28469395569962,3.86176747891545
"2019-08-20","Central","NW",0.287049677555382,0.338759881204622
"2019-08-20","Central","OW",0.173422579670741,0.226768930209415
"2019-08-20","Central","SZ",0.81973937334423,1.12745487903278
"2019-08-20","Central","UR",0.186910673283641,0.247569677404882
"2019-08-20","Central","ZG",0.993470046001543,1.57130611698313
"2019-08-20","Eastern","AI",0.0516846025212983,0.0602949763476471
"2019-08-20","Eastern","AR",0.143237142388775,0.185881186947735
"2019-08-20","Eastern","GL",0.149876615758767,0.239956332026149
"2019-08-20","Eastern","GR",1.52884519265116,1.83903076675225
"2019-08-20","Eastern","SG",2.35094822171058,3.57014916039076
"2019-08-20","Eastern","SH",0.327254232188281,0.618618300171096
"2019-08-20","Eastern","TG",0.989052793400495,1.58887799002244
"2019-08-20","Espace Mittelland","BE",5.82060435982336,9.44870542539227
"2019-08-20","Espace Mittelland","FR",1.38916840296857,2.16303979128557
"2019-08-20","Espace Mittelland","JU",0.264629021563599,0.417646375061943
"2019-08-20","Espace Mittelland","NE",0.846614848330708,1.44269496112096
"2019-08-20","Espace Mittelland","SO",0.941924376088793,1.65933542292473
"2019-08-20","Lake Geneva","GE",4.20051638460041,6.63764758504005
"2019-08-20","Lake Geneva","VD",4.92192201214329,7.81057860745115
"2019-08-20","Lake Geneva","VS",2.35562334432327,3.17048251615627
"2019-08-20","Northwestern","AG",2.87522249316348,4.86251453843074
"2019-08-20","Northwestern","BL",1.11465370248451,1.85469930344687
"2019-08-20","Northwestern","BS",1.19657947902089,2.67469738651527
"2019-08-20","Ticino","TI",2.05278462077505,2.73376878949848
"2019-08-20","Zurich","ZH",10.3494364024745,20.8264082479721
"2019-08-21","9999","9999",0.0124961379707084,0.0434708425866069
"2019-08-21","Central","LU",3.27639443776617,4.14968108919782
"2019-08-21","Central","NW",0.308248448706289,0.352287164511478
"2019-08-21","Central","OW",0.183886466988446,0.249948847835737
"2019-08-21","Central","SZ",0.848398885880936,1.19227027919905
"2019-08-21","Central","UR",0.188061047657053,0.266908934192826
"2019-08-21","Central","ZG",1.01752369859672,1.69148821189028
"2019-08-21","Eastern","AI",0.0611670095541564,0.0734823781643816
"2019-08-21","Eastern","AR",0.134509168633857,0.205118479288642
"2019-08-21","Eastern","GL",0.159819123982323,0.255386951677689
"2019-08-21","Eastern","GR",1.46514744249515,1.8508586426085
"2019-08-21","Eastern","SG",2.56784296653787,3.88022304382908
"2019-08-21","Eastern","SH",0.350016533638309,0.659811936773886
"2019-08-21","Eastern","TG",1.0704269356611,1.71796497997078
"2019-08-21","Espace Mittelland","BE",6.39014966787224,10.2675818995433
"2019-08-21","Espace Mittelland","FR",1.40830369711153,2.23271549676059
"2019-08-21","Espace Mittelland","JU",0.292036249185012,0.454659469336232
"2019-08-21","Espace Mittelland","NE",0.912583828263945,1.54017297248795
"2019-08-21","Espace Mittelland","SO",1.02460478170419,1.79341867077787
"2019-08-21","Lake Geneva","GE",4.78577384364518,7.14019635633447
"2019-08-21","Lake Geneva","VD",5.33350785996607,8.44207841609787
"2019-08-21","Lake Geneva","VS",2.42104148101706,3.21103037792782
"2019-08-21","Northwestern","AG",3.07282940698078,5.15328315323013
"2019-08-21","Northwestern","BL",1.16402114029712,1.97726056878488
"2019-08-21","Northwestern","BS",1.32162050668798,2.92814701369926
"2019-08-21","Ticino","TI",2.00177674591831,2.66827362635196
"2019-08-21","Zurich","ZH",11.1579319501755,22.6731883126991
"2019-08-22","9999","9999",0.0130400146080131,0.0453062026332658
"2019-08-22","Central","LU",3.15817260927293,4.08707491871734
"2019-08-22","Central","NW",0.268365031327369,0.339337679737829
"2019-08-22","Central","OW",0.197488908427312,0.260519162178532
"2019-08-22","Central","SZ",0.85423371474612,1.17146953200358
"2019-08-22","Central","UR",0.196655046486562,0.275066089955754
"2019-08-22","Central","ZG",1.04459594582838,1.70763258267107
"2019-08-22","Eastern","AI",0.066499467693248,0.0777308967909069
"2019-08-22","Eastern","AR",0.146063789318485,0.212052061687131
"2019-08-22","Eastern","GL",0.149836856393115,0.248045511491053
"2019-08-22","Eastern","GR",1.48807111144054,1.85772424870896
"2019-08-22","Eastern","SG",2.74145080143474,3.89677527239802
"2019-08-22","Eastern","SH",0.386599097387604,0.669464571093351
"2019-08-22","Eastern","TG",1.09402436001078,1.71929051778226
"2019-08-22","Espace Mittelland","BE",6.30680335064349,10.2466791879008
"2019-08-22","Espace Mittelland","FR",1.44864663610998,2.27010246067401
"2019-08-22","Espace Mittelland","JU",0.291755149334208,0.451464583329085
"2019-08-22","Espace Mittelland","NE",0.920114603777127,1.55917234778577
"2019-08-22","Espace Mittelland","SO",1.06898453573708,1.85136846484368
"2019-08-22","Lake Geneva","GE",4.89494208903304,7.47565938708491
"2019-08-22","Lake Geneva","VD",5.39237322400449,8.3323986592355
"2019-08-22","Lake Geneva","VS",2.32078109182883,3.11032349240467
"2019-08-22","Northwestern","AG",3.11933704091017,5.11610011821078
"2019-08-22","Northwestern","BL",1.15047140067475,1.98670927421027
"2019-08-22","Northwestern","BS",1.36532345081986,2.92705939293087
"2019-08-22","Ticino","TI",2.10811339452537,2.86438524615237
"2019-08-22","Zurich","ZH",11.4524909473626,23.2223688244383
"2019-08-23","9999","9999",0.0156707938934987,0.0456800722724001
"2019-08-23","Central","LU",4.34299460595068,5.02249675583118
"2019-08-23","Central","NW",0.383168780089265,0.433450864352617
"2019-08-23","Central","OW",0.25059981602453,0.319046754777544
"2019-08-23","Central","SZ",1.19575274815518,1.47270649669873
"2019-08-23","Central","UR",0.269548950340411,0.364862779645993
"2019-08-23","Central","ZG",1.18311468181952,1.79817701163958
"2019-08-23","Eastern","AI",0.0917981997242753,0.0995173003077287
"2019-08-23","Eastern","AR",0.205054595271607,0.254605224250408
"2019-08-23","Eastern","GL",0.21558330057614,0.323125332659008
"2019-08-23","Eastern","GR",2.04180782471756,2.27193782072067
"2019-08-23","Eastern","SG",3.62690582336941,4.88953511689544
"2019-08-23","Eastern","SH",0.47422685176191,0.792161789027402
"2019-08-23","Eastern","TG",1.46076761139496,2.10305070827904
"2019-08-23","Espace Mittelland","BE",8.12569651091536,12.0437006024739
"2019-08-23","Espace Mittelland","FR",1.9990902103196,2.81697177828035
"2019-08-23","Espace Mittelland","JU",0.388934820121883,0.558153383078388
"2019-08-23","Espace Mittelland","NE",1.21379931785021,1.80966500600571
"2019-08-23","Espace Mittelland","SO",1.38825092222207,2.15855335561596
"2019-08-23","Lake Geneva","GE",5.88432811627774,7.72700174903015
"2019-08-23","Lake Geneva","VD",7.1894303080487,10.0294269394148
"2019-08-23","Lake Geneva","VS",3.09646902254542,3.91879959295793
"2019-08-23","Northwestern","AG",4.14854940952134,6.22020513887218
"2019-08-23","Northwestern","BL",1.56524741969725,2.40156862105321
"2019-08-23","Northwestern","BS",1.59158117969026,3.18853022328175
"2019-08-23","Ticino","TI",2.86748433690305,3.06899390320583
"2019-08-23","Zurich","ZH",14.3316012431128,26.0719012494723
"2019-08-24","9999","9999",0.016352087639056,0.0390863713640328
"2019-08-24","Central","LU",4.05101197493118,4.85167231889585
"2019-08-24","Central","NW",0.428706673966078,0.464617996996807
"2019-08-24","Central","OW",0.268243344877229,0.349194242951368
"2019-08-24","Central","SZ",1.33479471943463,1.61977321747453
"2019-08-24","Central","UR",0.262199008865156,0.360376343976382
"2019-08-24","Central","ZG",1.02978702517697,1.52667967733011
"2019-08-24","Eastern","AI",0.107232258373831,0.12021608305616
"2019-08-24","Eastern","AR",0.19945188074507,0.266263159361594
"2019-08-24","Eastern","GL",0.253513747156053,0.371626421299421
"2019-08-24","Eastern","GR",2.10511675702109,2.35942331627808
"2019-08-24","Eastern","SG",4.08097466499778,4.98728503345454
"2019-08-24","Eastern","SH",0.552786161729485,0.854564030613806
"2019-08-24","Eastern","TG",1.7502469022146,2.34076382247038
"2019-08-24","Espace Mittelland","BE",8.26955813341068,11.442178341256
"2019-08-24","Espace Mittelland","FR",1.95820693085121,2.66599642036815
"2019-08-24","Espace Mittelland","JU",0.417209043141426,0.552069504405204
"2019-08-24","Espace Mittelland","NE",1.37865505630011,1.90343830913037
"2019-08-24","Espace Mittelland","SO",1.620938331446,2.29518571464502
"2019-08-24","Lake Geneva","GE",5.70112299394312,6.77968405976204
"2019-08-24","Lake Geneva","VD",7.92270802030208,10.3870162551721
"2019-08-24","Lake Geneva","VS",3.15779008055088,3.79831160470967
"2019-08-24","Northwestern","AG",5.19919215453927,6.7803978108913
"2019-08-24","Northwestern","BL",1.83212912867658,2.42471455053052
"2019-08-24","Northwestern","BS",1.81043147205866,3.01913328860493
"2019-08-24","Ticino","TI",2.72841763594822,3.22180462116469
"2019-08-24","Zurich","ZH",16.4118111717802,24.8298043438214
"2019-08-25","9999","9999",0.0133020943426973,0.0331724334359096
"2019-08-25","Central","LU",1.26833494061865,1.73597869894725
"2019-08-25","Central","NW",0.183533437655883,0.177825995631843
"2019-08-25","Central","OW",0.172310363010214,0.205730265970861
"2019-08-25","Central","SZ",0.371280052287658,0.576642936141026
"2019-08-25","Central","UR",0.139036163819661,0.19614560794942
"2019-08-25","Central","ZG",0.186859377318835,0.458738047217696
"2019-08-25","Eastern","AI",0.0434822136675516,0.0624362297354159
"2019-08-25","Eastern","AR",0.0812543159206513,0.110835353928792
"2019-08-25","Eastern","GL",0.0831406516988835,0.174291228134574
"2019-08-25","Eastern","GR",1.0869734694286,1.17728150548467
"2019-08-25","Eastern","SG",0.71374111206558,1.34460516307174
"2019-08-25","Eastern","SH",0.141423742509811,0.299095711307381
"2019-08-25","Eastern","TG",0.347814907226104,0.591937603196517
"2019-08-25","Espace Mittelland","BE",2.46093928585874,4.29477649733091
"2019-08-25","Espace Mittelland","FR",0.547441947694038,1.04231456575721
"2019-08-25","Espace Mittelland","JU",0.091459804563823,0.149173986014556
"2019-08-25","Espace Mittelland","NE",0.276273025437532,0.487050175344861
"2019-08-25","Espace Mittelland","SO",0.296345913013095,0.634354813163746
"2019-08-25","Lake Geneva","GE",1.41895538898532,2.47471111772747
"2019-08-25","Lake Geneva","VD",1.70921055721629,3.21677437511089
"2019-08-25","Lake Geneva","VS",1.30309792892317,1.71055556348612
"2019-08-25","Northwestern","AG",0.844171681716257,1.80031826502735
"2019-08-25","Northwestern","BL",0.304430648918782,0.7038605778937
"2019-08-25","Northwestern","BS",0.42235107299007,1.10889734967212
"2019-08-25","Ticino","TI",1.14920345167371,1.41784962419304
"2019-08-25","Zurich","ZH",3.66482745498507,8.86339551125314
"2019-08-26","9999","9999",0.0149650994183663,0.0464957878486929
"2019-08-26","Central","LU",3.0802884527293,3.96971384017821
"2019-08-26","Central","NW",0.268194386777222,0.351131567445063
"2019-08-26","Central","OW",0.199961864216836,0.268778282388497
"2019-08-26","Central","SZ",0.823281234597186,1.19505730741805
"2019-08-26","Central","UR",0.162234565164999,0.261028984413715
"2019-08-26","Central","ZG",0.871651676848016,1.61063040539025
"2019-08-26","Eastern","AI",0.0540856875693853,0.0786825649632486
"2019-08-26","Eastern","AR",0.133725443515567,0.222112553794743
"2019-08-26","Eastern","GL",0.152661705868985,0.270817571329229
"2019-08-26","Eastern","GR",1.52083627483652,1.95479440228781
"2019-08-26","Eastern","SG",2.39474271459162,3.88314602464413
"2019-08-26","Eastern","SH",0.325038374954173,0.665793851000033
"2019-08-26","Eastern","TG",1.03866069450946,1.79841492868267
"2019-08-26","Espace Mittelland","BE",5.54533333853903,10.0150159642336
"2019-08-26","Espace Mittelland","FR",1.47911304793006,2.41302262727032
"2019-08-26","Espace Mittelland","JU",0.266415569283569,0.435150271803228
"2019-08-26","Espace Mittelland","NE",0.848030991330997,1.53850755318636
"2019-08-26","Espace Mittelland","SO",0.954403769151836,1.7999104072392
"2019-08-26","Lake Geneva","GE",4.70673451168585,7.47491164780664
"2019-08-26","Lake Geneva","VD",5.46714822399989,9.06841202609474
"2019-08-26","Lake Geneva","VS",2.23640333371375,3.06872199801373
"2019-08-26","Northwestern","AG",2.95259272280176,5.18529998959963
"2019-08-26","Northwestern","BL",1.14802649926281,2.03181154794946
"2019-08-26","Northwestern","BS",1.25019820844604,2.8552764222171
"2019-08-26","Ticino","TI",2.32680684631919,2.76398425397033
"2019-08-26","Zurich","ZH",10.4942965595281,22.3207651955916
"2019-08-27","9999","9999",0.0138029730646216,0.0454761433783268
"2019-08-27","Central","LU",2.81830329779483,4.05879677873919
"2019-08-27","Central","NW",0.279716112881777,0.365338613732164
"2019-08-27","Central","OW",0.204871219735767,0.270001855752936
"2019-08-27","Central","SZ",0.869502435054576,1.21473644569611
"2019-08-27","Central","UR",0.19634678902709,0.268064531259241
"2019-08-27","Central","ZG",0.955613173632392,1.65651440655672
"2019-08-27","Eastern","AI",0.0642316644347759,0.0770851219596751
"2019-08-27","Eastern","AR",0.138547867274614,0.218951655936608
"2019-08-27","Eastern","GL",0.163019089151662,0.264461787463947
"2019-08-27","Eastern","GR",1.39900251963476,1.83753528819571
"2019-08-27","Eastern","SG",2.47293590005095,3.90486445186292
"2019-08-27","Eastern","SH",0.342582601335269,0.672251599312352
"2019-08-27","Eastern","TG",1.09262242042025,1.80286737620327
"2019-08-27","Espace Mittelland","BE",5.82045261399267,10.0452314287054
"2019-08-27","Espace Mittelland","FR",1.47149979708939,2.36492939641806
"2019-08-27","Espace Mittelland","JU",0.295554488996659,0.457990307939428
"2019-08-27","Espace Mittelland","NE",0.933469031830311,1.55482186471221
"2019-08-27","Espace Mittelland","SO",1.00573777027386,1.82679503310786
"2019-08-27","Lake Geneva","GE",4.84221167382673,7.45900519406893
"2019-08-27","Lake Geneva","VD",5.352421930226,8.77393870305302
"2019-08-27","Lake Geneva","VS",2.3146170195453,3.07490784113395
"2019-08-27","Northwestern","AG",3.00116754612741,5.23471875826337
"2019-08-27","Northwestern","BL",1.11849853065197,2.0143756275062
"2019-08-27","Northwestern","BS",1.24280424305779,2.90350560566542
"2019-08-27","Ticino","TI",2.28173783726916,2.69886296046295
"2019-08-27","Zurich","ZH",10.5888330098302,22.4143005816732
"2019-08-28","9999","9999",0.0144762937905328,0.0480592427032542
"2019-08-28","Central","LU",3.16191320861382,4.30568669316383
"2019-08-28","Central","NW",0.312056031593866,0.367581831566969
"2019-08-28","Central","OW",0.203941203804648,0.259703446602239
"2019-08-28","Central","SZ",0.902378551085931,1.25626996378903
"2019-08-28","Central","UR",0.195130355288055,0.264087917824813
"2019-08-28","Central","ZG",0.986769114591117,1.71925652963325
"2019-08-28","Eastern","AI",0.0677171702232293,0.0784786360691754
"2019-08-28","Eastern","AR",0.151237437124213,0.228128456169903
"2019-08-28","Eastern","GL",0.176457457124353,0.274114421783413
"2019-08-28","Eastern","GR",1.53775180355598,1.89993752978212
"2019-08-28","Eastern","SG",2.67723260811371,4.13438642214233
"2019-08-28","Eastern","SH",0.381618164828843,0.703180814913456
"2019-08-28","Eastern","TG",1.1440733931026,1.85690853313267
"2019-08-28","Espace Mittelland","BE",6.12566306026024,10.4302151925667
"2019-08-28","Espace Mittelland","FR",1.62616697194077,2.54051217421509
"2019-08-28","Espace Mittelland","JU",0.310794904302167,0.481306178161798
"2019-08-28","Espace Mittelland","NE",0.995018354725338,1.64400676772023
"2019-08-28","Espace Mittelland","SO",1.05536106917912,1.91682963984118
"2019-08-28","Lake Geneva","GE",5.25329660376736,7.81771611874372
"2019-08-28","Lake Geneva","VD",5.83719959714948,9.3103396707636
"2019-08-28","Lake Geneva","VS",2.44844993826921,3.18679682768212
"2019-08-28","Northwestern","AG",3.2794093160983,5.52541939676474
"2019-08-28","Northwestern","BL",1.19881820973621,2.07929299211951
"2019-08-28","Northwestern","BS",1.28854049125244,2.93372107013726
"2019-08-28","Ticino","TI",2.35916288729153,2.82536685108636
"2019-08-28","Zurich","ZH",11.2840359544496,22.998692815789
"2019-08-29","9999","9999",0.0152122708594391,0.0491468634716447
"2019-08-29","Central","LU",3.06816251976117,4.33009018415459
"2019-08-29","Central","NW",0.303896558419049,0.360308367678358
"2019-08-29","Central","OW",0.185471132055264,0.253415639034981
"2019-08-29","Central","SZ",0.936041035550046,1.25800335938865
"2019-08-29","Central","UR",0.207998397814653,0.271395369862436
"2019-08-29","Central","ZG",1.03034039816626,1.74546139252166
"2019-08-29","Eastern","AI",0.0763794605505816,0.0775269678968337
"2019-08-29","Eastern","AR",0.150478915519893,0.21820391665834
"2019-08-29","Eastern","GL",0.176794419020959,0.273910492889339
"2019-08-29","Eastern","GR",1.66230370056546,1.92814769346224
"2019-08-29","Eastern","SG",2.97477525727801,4.2791419487853
"2019-08-29","Eastern","SH",0.381047471276737,0.715416548557849
"2019-08-29","Eastern","TG",1.20794302527153,1.89864598011965
"2019-08-29","Espace Mittelland","BE",6.50191828463913,10.7143561183087
"2019-08-29","Espace Mittelland","FR",1.57997934745118,2.47029265835588
"2019-08-29","Espace Mittelland","JU",0.325500727857198,0.494085722190387
"2019-08-29","Espace Mittelland","NE",1.00873744661078,1.67983027677909
"2019-08-29","Espace Mittelland","SO",1.18002405980075,2.00533477986896
"2019-08-29","Lake Geneva","GE",5.49119519977852,8.06297460201577
"2019-08-29","Lake Geneva","VD",5.75188993949696,9.14631286363071
"2019-08-29","Lake Geneva","VS",2.36690457188728,3.12041797266129
"2019-08-29","Northwestern","AG",3.39309108555823,5.60087308757183
"2019-08-29","Northwestern","BL",1.22550567653349,2.07402482902262
"2019-08-29","Northwestern","BS",1.39808930343561,3.00948065428546
"2019-08-29","Ticino","TI",2.41326847216584,2.99211271014023
"2019-08-29","Zurich","ZH",11.633944174851,23.3438084808589
"2019-08-30","9999","9999",0.0147879307765047,0.0474134678720224
"2019-08-30","Central","LU",3.77440617773998,5.04353542006973
"2019-08-30","Central","NW",0.388800422266158,0.440146529708021
"2019-08-30","Central","OW",0.235736349110523,0.317449311773971
"2019-08-30","Central","SZ",1.14020939209418,1.470667207758
"2019-08-30","Central","UR",0.26480839492553,0.35555002681665
"2019-08-30","Central","ZG",1.28297037760436,1.96495685884246
"2019-08-30","Eastern","AI",0.0963112147135483,0.103629866338205
"2019-08-30","Eastern","AR",0.206084062483145,0.266637029000728
"2019-08-30","Eastern","GL",0.210861373675236,0.32176580669852
"2019-08-30","Eastern","GR",1.92545964017708,2.22833102553802
"2019-08-30","Eastern","SG",3.34573790036409,4.73281576180018
"2019-08-30","Eastern","SH",0.447396857448404,0.794371018713195
"2019-08-30","Eastern","TG",1.45755111278311,2.14893470944551
"2019-08-30","Espace Mittelland","BE",7.51624563647032,11.8644810927326
"2019-08-30","Espace Mittelland","FR",2.01380692824627,2.87515948938924
"2019-08-30","Espace Mittelland","JU",0.392743710960619,0.570049235232659
"2019-08-30","Espace Mittelland","NE",1.1776078197497,1.81092256751916
"2019-08-30","Espace Mittelland","SO",1.3473343644035,2.18435036071623
"2019-08-30","Lake Geneva","GE",5.45813447074855,8.12911553999351
"2019-08-30","Lake Geneva","VD",6.97940334455721,10.4035005074431
"2019-08-30","Lake Geneva","VS",3.07875039614962,3.78740140887675
"2019-08-30","Northwestern","AG",4.13383314585315,6.3191446406467
"2019-08-30","Northwestern","BL",1.5394490150789,2.39867962838717
"2019-08-30","Northwestern","BS",1.56938719868335,3.17330353252428
"2019-08-30","Ticino","TI",2.5788700247305,3.11433409398811
"2019-08-30","Zurich","ZH",13.7496777280788,25.3150191591196
"2019-08-31","9999","9999",0.017493615720041,0.0413295891988381
"2019-08-31","Central","LU",3.9170231124016,4.9298110734749
"2019-08-31","Central","NW",0.427992007885833,0.475868074319846
"2019-08-31","Central","OW",0.278928459993986,0.370470824233006
"2019-08-31","Central","SZ",1.31988902214544,1.62075887379588
"2019-08-31","Central","UR",0.278124117022829,0.388960377295645
"2019-08-31","Central","ZG",1.32866388634105,1.73380345741047
"2019-08-31","Eastern","AI",0.11330949679802,0.136972240519176
"2019-08-31","Eastern","AR",0.218422909536807,0.285364499106452
"2019-08-31","Eastern","GL",0.257688433557238,0.375671011031873
"2019-08-31","Eastern","GR",2.10829891604096,2.40809434566355
"2019-08-31","Eastern","SG",3.85795261149621,4.86530156664974
"2019-08-31","Eastern","SH",0.520401075626139,0.833967212312411
"2019-08-31","Eastern","TG",1.73227380882979,2.34514829369295
"2019-08-31","Espace Mittelland","BE",7.9173230443995,11.3372569252553
"2019-08-31","Espace Mittelland","FR",1.99885036967066,2.74287761343375
"2019-08-31","Espace Mittelland","JU",0.455231735522313,0.571850607130306
"2019-08-31","Espace Mittelland","NE",1.34757201599646,1.86656116745213
"2019-08-31","Espace Mittelland","SO",1.63004716569784,2.34565811592814
"2019-08-31","Lake Geneva","GE",5.83368486609304,7.12354216331849
"2019-08-31","Lake Geneva","VD",8.00488056492932,10.6832229738135
"2019-08-31","Lake Geneva","VS",3.21013539029304,3.7688778676651
"2019-08-31","Northwestern","AG",5.09501803478639,6.83525468339699
"2019-08-31","Northwestern","BL",1.85175204972492,2.4257681831499
"2019-08-31","Northwestern","BS",1.80543579959521,2.97484673044203
"2019-08-31","Ticino","TI",2.86987206440201,3.40014043903172
"2019-08-31","Zurich","ZH",15.64944536194,23.3326263798339
"2019-09-01","9999","9999",0.011869374823664,0.0306233222599944
"2019-09-01","Central","LU",1.15234346255485,1.62252625754452
"2019-09-01","Central","NW",0.138232286855055,0.135782655303749
"2019-09-01","Central","OW",0.139350236570967,0.142138439169031
"2019-09-01","Central","SZ",0.307671861541919,0.445176775761827
"2019-09-01","Central","UR",0.151040069643778,0.17531087260494
"2019-09-01","Central","ZG",0.225068883502384,0.436645750359764
"2019-09-01","Eastern","AI",0.0368429086864823,0.0436747714806801
"2019-09-01","Eastern","AR",0.0699309676300611,0.0883691874317263
"2019-09-01","Eastern","GL",0.0652221359048426,0.12082786973838
"2019-09-01","Eastern","GR",1.05209064695208,1.09757929605105
"2019-09-01","Eastern","SG",0.660034056776915,1.25304108963287
"2019-09-01","Eastern","SH",0.129306734154545,0.27577984108501
"2019-09-01","Eastern","TG",0.302187536175472,0.516687841283501
"2019-09-01","Espace Mittelland","BE",2.45351403929125,3.90187349474985
"2019-09-01","Espace Mittelland","FR",0.501686299529188,0.951532219745619
"2019-09-01","Espace Mittelland","JU",0.0827588356927356,0.143226059937421
"2019-09-01","Espace Mittelland","NE",0.257648752512015,0.448779519557121
"2019-09-01","Espace Mittelland","SO",0.27865141714139,0.596967849250323
"2019-09-01","Lake Geneva","GE",1.36575390381226,2.57001388755769
"2019-09-01","Lake Geneva","VD",1.79067127487883,3.1878504603015
"2019-09-01","Lake Geneva","VS",1.18031751469919,1.48609782740954
"2019-09-01","Northwestern","AG",0.874755480194943,1.87029986384348
"2019-09-01","Northwestern","BL",0.286736893175129,0.653320200312555
"2019-09-01","Northwestern","BS",0.436128380450192,1.16219076732325
"2019-09-01","Ticino","TI",1.22511597757619,1.4592471896899
"2019-09-01","Zurich","ZH",3.53341384255699,8.175033529309
"2019-09-02","9999","9999",0.0122006154129505,0.0438787003747533
"2019-09-02","Central","LU",2.79551434781892,3.99690435938797
"2019-09-02","Central","NW",0.279553496175576,0.354258477154186
"2019-09-02","Central","OW",0.152210795580599,0.22530743980189
"2019-09-02","Central","SZ",0.835945311147229,1.1918624214109
"2019-09-02","Central","UR",0.163542868766951,0.243695028417491
"2019-09-02","Central","ZG",0.890428008885938,1.61511684105986
"2019-09-02","Eastern","AI",0.0502841157747145,0.0607708104338179
"2019-09-02","Eastern","AR",0.129883587608372,0.203045202198897
"2019-09-02","Eastern","GL",0.15368211923896,0.253109745693871
"2019-09-02","Eastern","GR",1.38031754446095,1.80827149189621
"2019-09-02","Eastern","SG",2.5304961912051,3.94034807943166
"2019-09-02","Eastern","SH",0.348688309235306,0.656413121872665
"2019-09-02","Eastern","TG",1.05127381187254,1.7475346696114
"2019-09-02","Espace Mittelland","BE",5.41171183406445,9.78277494203321
"2019-09-02","Espace Mittelland","FR",1.41486974507957,2.31330139806852
"2019-09-02","Espace Mittelland","JU",0.263355676285017,0.441642008264558
"2019-09-02","Espace Mittelland","NE",0.81011513584696,1.48606383926053
"2019-09-02","Espace Mittelland","SO",0.938194714195774,1.74284430504772
"2019-09-02","Lake Geneva","GE",4.70890942691583,7.46940556766667
"2019-09-02","Lake Geneva","VD",5.25864429131382,8.58054613517359
"2019-09-02","Lake Geneva","VS",2.20969822132387,2.95530354476001
"2019-09-02","Northwestern","AG",2.97317174831603,5.10784099800082
"2019-09-02","Northwestern","BL",1.14265429350613,1.99758548189417
"2019-09-02","Northwestern","BS",1.2597984955562,2.85157171397477
"2019-09-02","Ticino","TI",2.2564705743864,2.85493654072698
"2019-09-02","Zurich","ZH",10.3728559885427,21.8019021127713
"2019-09-03","9999","9999",0.0142528338592622,0.0478893019581932
"2019-09-03","Central","LU",2.95770279791547,3.98086195305421
"2019-09-03","Central","NW",0.256555599043844,0.337774224883268
"2019-09-03","Central","OW",0.160074738365615,0.24073805945343
"2019-09-03","Central","SZ",0.81922330045913,1.17568406248109
"2019-09-03","Central","UR",0.168915368225238,0.249031167812407
"2019-09-03","Central","ZG",0.919406187667096,1.61566065144405
"2019-09-03","Eastern","AI",0.0577190623273071,0.0715790418196983
"2019-09-03","Eastern","AR",0.149058727269458,0.215043018800205
"2019-09-03","Eastern","GL",0.152677761556877,0.255284987230652
"2019-09-03","Eastern","GR",1.19004336120469,1.70168465659394
"2019-09-03","Eastern","SG",2.47547401452116,3.90500040445897
"2019-09-03","Eastern","SH",0.338073799985062,0.653422164759592
"2019-09-03","Eastern","TG",1.0444675668976,1.7266319579689
"2019-09-03","Espace Mittelland","BE",5.4972983035243,9.84181235686741
"2019-09-03","Espace Mittelland","FR",1.40598627394543,2.25660916551617
"2019-09-03","Espace Mittelland","JU",0.274224805249107,0.450342974411682
"2019-09-03","Espace Mittelland","NE",0.853897105291443,1.51712900745768
"2019-09-03","Espace Mittelland","SO",0.954744145819136,1.7608920121732
"2019-09-03","Lake Geneva","GE",4.58588360737645,7.36757707322611
"2019-09-03","Lake Geneva","VD",5.55653787865524,8.52025115882594
"2019-09-03","Lake Geneva","VS",2.17042176377159,2.95027329870621
"2019-09-03","Northwestern","AG",2.95978378345526,5.11953292126101
"2019-09-03","Northwestern","BL",1.0967903595165,1.9645150129053
"2019-09-03","Northwestern","BS",1.28082740536125,2.85707779411475
"2019-09-03","Ticino","TI",2.06391166674304,2.73631790067439
"2019-09-03","Zurich","ZH",10.5517306177312,21.9359853606245
"2019-09-04","9999","9999",0.0131873823267376,0.0472775152759736
"2019-09-04","Central","LU",3.12727270171179,4.26089031276574
"2019-09-04","Central","NW",0.274894264777881,0.361769858085883
"2019-09-04","Central","OW",0.178332886782882,0.256746477638177
"2019-09-04","Central","SZ",0.838629504965118,1.21344489603365
"2019-09-04","Central","UR",0.171900379061868,0.255658856869787
"2019-09-04","Central","ZG",0.942543060483613,1.64689576038627
"2019-09-04","Eastern","AI",0.0615695961380071,0.0818774509703956
"2019-09-04","Eastern","AR",0.147434189272367,0.226327084272256
"2019-09-04","Eastern","GL",0.15089871301796,0.266874946043813
"2019-09-04","Eastern","GR",1.22359425863795,1.77683245405992
"2019-09-04","Eastern","SG",2.58886729459783,4.06036023359375
"2019-09-04","Eastern","SH",0.369735048685956,0.680034885436146
"2019-09-04","Eastern","TG",1.05621493024135,1.77401143769191
"2019-09-04","Espace Mittelland","BE",5.56491198113299,10.0891101290802
"2019-09-04","Espace Mittelland","FR",1.43536297448019,2.36407969269275
"2019-09-04","Espace Mittelland","JU",0.294253864712745,0.474950394296517
"2019-09-04","Espace Mittelland","NE",0.907328186801365,1.57348135851991
"2019-09-04","Espace Mittelland","SO",1.00554472999712,1.83967654158348
"2019-09-04","Lake Geneva","GE",5.29792011838665,8.00465093831083
"2019-09-04","Lake Geneva","VD",5.45771935681212,8.9978186405964
"2019-09-04","Lake Geneva","VS",2.23778009720247,3.10393372039037
"2019-09-04","Northwestern","AG",3.08109366897323,5.32760836951372
"2019-09-04","Northwestern","BL",1.16186446589499,2.02406224997468
"2019-09-04","Northwestern","BS",1.32771835121697,2.91207061921649
"2019-09-04","Ticino","TI",2.21437709156908,2.8235314910397
"2019-09-04","Zurich","ZH",10.7371627736251,22.5301321935068
"2019-09-05","9999","9999",0.0129438606176442,0.0488409701305349
"2019-09-05","Central","LU",3.07326797396959,4.27754450578172
"2019-09-05","Central","NW",0.293406022575464,0.352185200064442
"2019-09-05","Central","OW",0.174884179847874,0.238290912724551
"2019-09-05","Central","SZ",0.89425544208618,1.20148106758136
"2019-09-05","Central","UR",0.168079097931304,0.250084800431785
"2019-09-05","Central","ZG",0.996090424334091,1.68193754201785
"2019-09-05","Eastern","AI",0.058950572748876,0.0654611749975019
"2019-09-05","Eastern","AR",0.144282504731327,0.205764254119873
"2019-09-05","Eastern","GL",0.159308490450999,0.260451185880507
"2019-09-05","Eastern","GR",1.41894306918188,1.80065814651747
"2019-09-05","Eastern","SG",2.93545205417783,4.19872598822243
"2019-09-05","Eastern","SH",0.379800880256613,0.682006198078854
"2019-09-05","Eastern","TG",1.14652294674802,1.82924217983673
"2019-09-05","Espace Mittelland","BE",6.14639266463082,10.4755553833489
"2019-09-05","Espace Mittelland","FR",1.5541146994142,2.46182960925185
"2019-09-05","Espace Mittelland","JU",0.327525992327958,0.513594919723391
"2019-09-05","Espace Mittelland","NE",0.981434330335291,1.6327906785462
"2019-09-05","Espace Mittelland","SO",1.14242076939976,1.97443955241686
"2019-09-05","Lake Geneva","GE",1.41246849947461,2.46444669672579
"2019-09-05","Lake Geneva","VD",6.13017327529419,9.46022740790741
"2019-09-05","Lake Geneva","VS",2.32826821545106,3.06413359789709
"2019-09-05","Northwestern","AG",3.31149678457242,5.46539632560919
"2019-09-05","Northwestern","BL",1.19777686914767,2.04622252313064
"2019-09-05","Northwestern","BS",1.46538966016911,2.94215013109229
"2019-09-05","Ticino","TI",2.36886929858264,2.89765964403532
"2019-09-05","Zurich","ZH",11.1789963195547,22.5240483148336
"2019-09-06","9999","9999",0.0156086270531833,0.0475494204680712
"2019-09-06","Central","LU",3.83332591182004,5.05356192402833
"2019-09-06","Central","NW",0.367861193268044,0.433043006564471
"2019-09-06","Central","OW",0.228022464350959,0.283597115357817
"2019-09-06","Central","SZ",1.1845056330539,1.47821257683871
"2019-09-06","Central","UR",0.25097962311168,0.33780821303228
"2019-09-06","Central","ZG",1.34786651647262,1.96720007667726
"2019-09-06","Eastern","AI",0.0921977631395765,0.092005919376032
"2019-09-06","Eastern","AR",0.193248687407376,0.245428424017114
"2019-09-06","Eastern","GL",0.218831765670979,0.318299015499276
"2019-09-06","Eastern","GR",1.71877808289111,2.09105289167773
"2019-09-06","Eastern","SG",3.49111927595489,4.7986168182878
"2019-09-06","Eastern","SH",0.461729057314134,0.769083835848116
"2019-09-06","Eastern","TG",1.43338776459544,2.05764254119874
"2019-09-06","Espace Mittelland","BE",7.76384634398104,11.8524832761313
"2019-09-06","Espace Mittelland","FR",1.97578314721143,2.83889413439322
"2019-09-06","Espace Mittelland","JU",0.402908285011815,0.588436823848261
"2019-09-06","Espace Mittelland","NE",1.13601461650302,1.77411340213894
"2019-09-06","Espace Mittelland","SO",1.34721103714038,2.13901016993395
"2019-09-06","Lake Geneva","GE",5.42285057327245,7.43711682610507
"2019-09-06","Lake Geneva","VD",7.00251858135529,10.2569436089024
"2019-09-06","Lake Geneva","VS",2.95237411873707,3.68533499739311
"2019-09-06","Northwestern","AG",4.10133929617041,6.22812437759202
"2019-09-06","Northwestern","BL",1.507264585914,2.30922282018706
"2019-09-06","Northwestern","BS",1.61788898037716,3.14441360586391
"2019-09-06","Ticino","TI",2.8470031571004,3.27904066410124
"2019-09-06","Zurich","ZH",13.6514054794781,24.5015468006615
"2019-09-07","9999","9999",0.0163868579933969,0.0402759565794599
"2019-09-07","Central","LU",4.42493361863951,5.01777240311848
"2019-09-07","Central","NW",0.45134786853714,0.48796785536819
"2019-09-07","Central","OW",0.235300672145528,0.291346413332599
"2019-09-07","Central","SZ",1.46117420406874,1.66555525419397
"2019-09-07","Central","UR",0.249763334265438,0.337944165628329
"2019-09-07","Central","ZG",1.48389113841042,1.82278443152442
"2019-09-07","Eastern","AI",0.11802814207296,0.104853439702644
"2019-09-07","Eastern","AR",0.204145396910448,0.250866527859066
"2019-09-07","Eastern","GL",0.258421434449852,0.344707807281757
"2019-09-07","Eastern","GR",2.1171329004122,2.29032540933627
"2019-09-07","Eastern","SG",4.4469122223834,5.18241099693359
"2019-09-07","Eastern","SH",0.538733017551369,0.815375694802736
"2019-09-07","Eastern","TG",1.74327197853228,2.29216076938293
"2019-09-07","Espace Mittelland","BE",8.44444378959864,11.6322740586812
"2019-09-07","Espace Mittelland","FR",1.9933283369338,2.72877253159368
"2019-09-07","Espace Mittelland","JU",0.445753330663364,0.596831896654275
"2019-09-07","Espace Mittelland","NE",1.36074459184615,1.87094563867471
"2019-09-07","Espace Mittelland","SO",1.62955568934338,2.32176444717256
"2019-09-07","Lake Geneva","GE",5.30541913496598,6.57657088126512
"2019-09-07","Lake Geneva","VD",8.06369329763963,10.6101484534373
"2019-09-07","Lake Geneva","VS",3.11499878620958,3.64200010740255
"2019-09-07","Northwestern","AG",5.41132286740316,6.98544831388192
"2019-09-07","Northwestern","BL",1.79213069774805,2.33634536309879
"2019-09-07","Northwestern","BS",1.94966082496388,3.05492280951478
"2019-09-07","Ticino","TI",3.03335224158177,3.53011112085438
"2019-09-07","Zurich","ZH",16.6101206394235,23.4259578370214
"2019-09-08","9999","9999",0.0113151559737437,0.030895227452092
"2019-09-08","Central","LU",1.34535481948302,1.50098463667688
"2019-09-08","Central","NW",0.164962833804164,0.111685057654097
"2019-09-08","Central","OW",0.116180813784264,0.102950103357961
"2019-09-08","Central","SZ",0.279644602414313,0.388382578762437
"2019-09-08","Central","UR",0.10802693268806,0.153490480939106
"2019-09-08","Central","ZG",0.191494783642106,0.411018686004564
"2019-09-08","Eastern","AI",0.0248515419630069,0.0199170553211506
"2019-09-08","Eastern","AR",0.059139309318063,0.0768472049165897
"2019-09-08","Eastern","GL",0.0602747479857131,0.105601178980913
"2019-09-08","Eastern","GR",0.880133693128507,0.88257026539986
"2019-09-08","Eastern","SG",0.624345211356038,1.14971711663577
"2019-09-08","Eastern","SH",0.12037163419377,0.244510743993784
"2019-09-08","Eastern","TG",0.279571004707422,0.4325671724783
"2019-09-08","Espace Mittelland","BE",2.41502334710443,3.58877466604944
"2019-09-08","Espace Mittelland","FR",0.511124854953992,0.90292916665817
"2019-09-08","Espace Mittelland","JU",0.0799479272531819,0.134695034535358
"2019-09-08","Espace Mittelland","NE",0.235465043229333,0.395758007098085
"2019-09-08","Espace Mittelland","SO",0.245553850097762,0.525796665218772
"2019-09-08","Lake Geneva","GE",1.37358256324413,2.31190788395902
"2019-09-08","Lake Geneva","VD",1.64803797907965,2.92481617509607
"2019-09-08","Lake Geneva","VS",1.02867410363258,1.35391791590108
"2019-09-08","Northwestern","AG",0.811095276852475,1.69750411426544
"2019-09-08","Northwestern","BL",0.271193420886618,0.605906732440533
"2019-09-08","Northwestern","BS",0.395121965603728,1.03415740999428
"2019-09-08","Ticino","TI",1.33594796033573,1.50693256275402
"2019-09-08","Zurich","ZH",3.36826181792515,7.51420194806475
"2019-09-09","9999","9999",0.0116489223968572,0.0429610203514239
"2019-09-09","Central","LU",3.05724469898653,4.05206712523477
"2019-09-09","Central","NW",0.252690881403498,0.346679119924465
"2019-09-09","Central","OW",0.175510907750726,0.237101327509124
"2019-09-09","Central","SZ",0.862362047718468,1.22850164604606
"2019-09-09","Central","UR",0.153976619715123,0.244510743993784
"2019-09-09","Central","ZG",0.922867339718231,1.6422393839716
"2019-09-09","Eastern","AI",0.0520808960586995,0.0620283719472694
"2019-09-09","Eastern","AR",0.133086681678839,0.206308064504069
"2019-09-09","Eastern","GL",0.13738072841343,0.247263784063773
"2019-09-09","Eastern","GR",1.35313093765527,1.77489512956622
"2019-09-09","Eastern","SG",2.45324256893716,4.00132281875955
"2019-09-09","Eastern","SH",0.332108782987199,0.657976576727227
"2019-09-09","Eastern","TG",1.01893163361608,1.74573329771375
"2019-09-09","Espace Mittelland","BE",5.46207395307017,9.72621866207691
"2019-09-09","Espace Mittelland","FR",1.33879295382587,2.24753432972991
"2019-09-09","Espace Mittelland","JU",0.27041174384754,0.441913913456656
"2019-09-09","Espace Mittelland","NE",0.784997355334503,1.46125249048162
"2019-09-09","Espace Mittelland","SO",0.913752431717147,1.74406787841216
"2019-09-09","Lake Geneva","GE",4.34024718013464,7.28770492304743
"2019-09-09","Lake Geneva","VD",4.97105997893173,8.42039397702809
"2019-09-09","Lake Geneva","VS",2.07816995953618,2.88821093860993
"2019-09-09","Northwestern","AG",3.04153659324078,5.24709044450381
"2019-09-09","Northwestern","BL",1.13400521975113,1.9993188774938
"2019-09-09","Northwestern","BS",1.28710793229028,2.84895462650083
"2019-09-09","Ticino","TI",2.23354890652796,2.87434377381295
"2019-09-09","Zurich","ZH",10.2607749202574,20.5946090717089
"2019-09-10","9999","9999",0.0112162529363259,0.0418394114340212
"2019-09-10","Central","LU",2.88982232959831,3.96651895417106
"2019-09-10","Central","NW",0.239981582637899,0.328189566861827
"2019-09-10","Central","OW",0.174457811265835,0.233124714074696
"2019-09-10","Central","SZ",0.791410541405745,1.14883342476145
"2019-09-10","Central","UR",0.164251425853754,0.236455552677892
"2019-09-10","Central","ZG",0.899425244358857,1.60053592513362
"2019-09-10","Eastern","AI",0.0596199304610927,0.070355468455259
"2019-09-10","Eastern","AR",0.134313461546512,0.203928894073215
"2019-09-10","Eastern","GL",0.143123800980319,0.247263784063773
"2019-09-10","Eastern","GR",1.18763756126679,1.66300614301805
"2019-09-10","Eastern","SG",2.44954529254143,3.91387131135116
"2019-09-10","Eastern","SH",0.326474528824007,0.637515711021881
"2019-09-10","Eastern","TG",0.992689320555674,1.69189606967842
"2019-09-10","Espace Mittelland","BE",5.76647695487761,9.94224733719847
"2019-09-10","Espace Mittelland","FR",1.41476107156867,2.23699800353613
"2019-09-10","Espace Mittelland","JU",0.281476341021667,0.457174592363135
"2019-09-10","Espace Mittelland","NE",0.840954615281302,1.49354123204321
"2019-09-10","Espace Mittelland","SO",1.00906403496659,1.80551845182622
"2019-09-10","Lake Geneva","GE",4.57234767564567,7.31948384237384
"2019-09-10","Lake Geneva","VD",5.13608907573463,8.53710928073599
"2019-09-10","Lake Geneva","VS",2.20453318876531,2.95635717737939
"2019-09-10","Northwestern","AG",3.01869341028399,5.1963801261776
"2019-09-10","Northwestern","BL",1.09208303937555,1.93463942992357
"2019-09-10","Northwestern","BS",1.27019635483645,2.83070299048128
"2019-09-10","Ticino","TI",2.21589730283906,2.76255675171181
"2019-09-10","Zurich","ZH",10.2214447035628,21.4787767801123
"2019-09-11","9999","9999",0.0116778657112995,0.0419073877320456
"2019-09-11","Central","LU",3.39792228120529,4.28474999337231
"2019-09-11","Central","NW",0.274981948413882,0.358235090588614
"2019-09-11","Central","OW",0.16943632047305,0.245122530676004
"2019-09-11","Central","SZ",0.854836723307126,1.22955527866543
"2019-09-11","Central","UR",0.17090589758585,0.240058296473186
"2019-09-11","Central","ZG",1.02307732187852,1.67313461142369
"2019-09-11","Eastern","AI",0.0647067052472576,0.0751138093169674
"2019-09-11","Eastern","AR",0.144536462637551,0.211304322408862
"2019-09-11","Eastern","GL",0.156316802797819,0.259057671771007
"2019-09-11","Eastern","GR",1.22191045557243,1.77513304660931
"2019-09-11","Eastern","SG",2.62134886363735,4.1059043532701
"2019-09-11","Eastern","SH",0.360732698889041,0.659132173793642
"2019-09-11","Eastern","TG",1.03854443566503,1.72833136541951
"2019-09-11","Espace Mittelland","BE",5.9158747312831,10.0234110370396
"2019-09-11","Espace Mittelland","FR",1.40559986444613,2.31068431059458
"2019-09-11","Espace Mittelland","JU",0.3039099942886,0.476343908406017
"2019-09-11","Espace Mittelland","NE",0.894814884908698,1.55404013728493
"2019-09-11","Espace Mittelland","SO",0.994988726107144,1.82550348344539
"2019-09-11","Lake Geneva","GE",4.60851388799576,7.50016484252271
"2019-09-11","Lake Geneva","VD",5.49002352224849,8.81727359304358
"2019-09-11","Lake Geneva","VS",2.16016836652216,2.99568146578651
"2019-09-11","Northwestern","AG",3.08222707130974,5.28186032094329
"2019-09-11","Northwestern","BL",1.12167875907327,1.98341242375608
"2019-09-11","Northwestern","BS",1.31927525627355,2.88165122585057
"2019-09-11","Ticino","TI",2.00929326711346,2.74953929064014
"2019-09-11","Zurich","ZH",10.8077984998012,22.0191883494063
"2019-09-12","9999","9999",0.0130382602304092,0.0452042381862292
"2019-09-12","Central","LU",3.06225169658398,4.19288002659233
"2019-09-12","Central","NW",0.272042065808294,0.358982829866882
"2019-09-12","Central","OW",0.209288166887143,0.261776723691983
"2019-09-12","Central","SZ",0.839091156900306,1.20046142311099
"2019-09-12","Central","UR",0.162913736426938,0.247297772212785
"2019-09-12","Central","ZG",0.992894880352955,1.69264380895669
"2019-09-12","Eastern","AI",0.0697899399500434,0.0798721501786757
"2019-09-12","Eastern","AR",0.155055530613327,0.22269035232795
"2019-09-12","Eastern","GL",0.1527983671851,0.256406596148055
"2019-09-12","Eastern","GR",1.28230512779864,1.82448383897503
"2019-09-12","Eastern","SG",2.63268996716913,4.14308738828945
"2019-09-12","Eastern","SH",0.359352011546843,0.676296189044804
"2019-09-12","Eastern","TG",1.08079125421775,1.76629612786614
"2019-09-12","Espace Mittelland","BE",6.18713472453415,10.2793757872505
"2019-09-12","Espace Mittelland","FR",1.40888019420741,2.29851655324821
"2019-09-12","Espace Mittelland","JU",0.310709280493443,0.497416560793582
"2019-09-12","Espace Mittelland","NE",0.898074541992804,1.56936879248943
"2019-09-12","Espace Mittelland","SO",1.07271567397018,1.90843456703517
"2019-09-12","Lake Geneva","GE",4.87188782077272,7.85741427678997
"2019-09-12","Lake Geneva","VD",5.20182675586168,8.66504067361792
"2019-09-12","Lake Geneva","VS",2.08808360668175,2.93395898718035
"2019-09-12","Northwestern","AG",3.04730302487554,5.27999097274762
"2019-09-12","Northwestern","BL",1.1433790668377,2.00832573698203
"2019-09-12","Northwestern","BS",1.38736647703241,2.97256952445821
"2019-09-12","Ticino","TI",2.17132212367237,2.94194620219822
"2019-09-12","Zurich","ZH",10.9220800471044,22.4169176691471
"2019-09-13","9999","9999",0.0167792394253823,0.0499965671969498
"2019-09-13","Central","LU",3.77940527672219,4.94041537596671
"2019-09-13","Central","NW",0.361425893423746,0.427366985679433
"2019-09-13","Central","OW",0.271297030981803,0.316599608048666
"2019-09-13","Central","SZ",1.10678424202529,1.46556898540617
"2019-09-13","Central","UR",0.236699228293543,0.332200168445267
"2019-09-13","Central","ZG",1.26544391821253,1.91971863250722
"2019-09-13","Eastern","AI",0.0915685838073054,0.101862482589571
"2019-09-13","Eastern","AR",0.187748654878943,0.255522904273738
"2019-09-13","Eastern","GL",0.207063557345123,0.323805095639253
"2019-09-13","Eastern","GR",1.76431334520152,2.18390851477907
"2019-09-13","Eastern","SG",3.22001407519921,4.69284569856183
"2019-09-13","Eastern","SH",0.419628776283597,0.760416857850005
"2019-09-13","Eastern","TG",1.34468371522525,2.0330351213139
"2019-09-13","Espace Mittelland","BE",7.36987018666973,11.6671458995677
"2019-09-13","Espace Mittelland","FR",1.81625649129014,2.76479996954662
"2019-09-13","Espace Mittelland","JU",0.375015537304555,0.564543155092682
"2019-09-13","Espace Mittelland","NE",1.10305348364627,1.77656054886782
"2019-09-13","Espace Mittelland","SO",1.30696747501795,2.12459919475277
"2019-09-13","Lake Geneva","GE",5.54956841782282,8.26996242950008
"2019-09-13","Lake Geneva","VD",6.65541519564422,10.0756848102204
"2019-09-13","Lake Geneva","VS",2.79572198310756,3.68302380326028
"2019-09-13","Northwestern","AG",3.85320971038449,6.06032488591878
"2019-09-13","Northwestern","BL",1.45651352765914,2.30609591047793
"2019-09-13","Northwestern","BS",1.59914223779721,3.16487447156925
"2019-09-13","Ticino","TI",2.43591093552785,3.12660381578151
"2019-09-13","Zurich","ZH",13.1085219295458,24.6661514063276
"2019-09-14","9999","9999",0.0152263293763986,0.0403439328774843
"2019-09-14","Central","LU",4.38417641156527,4.87220116089922
"2019-09-14","Central","NW",0.422260405345734,0.475664145425773
"2019-09-14","Central","OW",0.276863115043817,0.367275938225859
"2019-09-14","Central","SZ",1.31144698061178,1.64050598837197
"2019-09-14","Central","UR",0.256293468400881,0.3612600358507
"2019-09-14","Central","ZG",1.32485919739331,1.77611870293066
"2019-09-14","Eastern","AI",0.123407259607476,0.138569683522749
"2019-09-14","Eastern","AR",0.217358127643948,0.274658232167608
"2019-09-14","Eastern","GL",0.250483525851931,0.376044880671008
"2019-09-14","Eastern","GR",2.04809059944291,2.45493001500237
"2019-09-14","Eastern","SG",3.84398234991181,4.81017278895195
"2019-09-14","Eastern","SH",0.506202322022925,0.809155863533503
"2019-09-14","Eastern","TG",1.59898603553413,2.21704696006596
"2019-09-14","Espace Mittelland","BE",7.97693474729955,11.3223021396899
"2019-09-14","Espace Mittelland","FR",1.89181511067125,2.6511096111008
"2019-09-14","Espace Mittelland","JU",0.394003592957501,0.540649486337104
"2019-09-14","Espace Mittelland","NE",1.27672559220298,1.80752375261794
"2019-09-14","Espace Mittelland","SO",1.55815517984471,2.26177536416602
"2019-09-14","Lake Geneva","GE",5.78463860861064,7.34069244735745
"2019-09-14","Lake Geneva","VD",7.6031141017001,10.102467471642
"2019-09-14","Lake Geneva","VS",3.17201387711118,3.79715600764326
"2019-09-14","Northwestern","AG",5.06582366029372,6.76632671720025
"2019-09-14","Northwestern","BL",1.7677028066482,2.32893594661413
"2019-09-14","Northwestern","BS",1.86206020861813,2.98732038112951
"2019-09-14","Ticino","TI",2.8375221676673,3.36122400841275
"2019-09-14","Zurich","ZH",15.7014193662775,23.082167709763
"2019-09-15","9999","9999",0.0161028132944714,0.0363673194430566
"2019-09-15","Central","LU",0.890054479181152,1.75491009794705
"2019-09-15","Central","NW",0.193468673827631,0.205798242268886
"2019-09-15","Central","OW",0.198674507413551,0.231697211816184
"2019-09-15","Central","SZ",0.412499847226214,0.675582437915548
"2019-09-15","Central","UR",0.14001296445889,0.208993128276033
"2019-09-15","Central","ZG",0.230816909836391,0.474168666869236
"2019-09-15","Eastern","AI",0.0485086425633694,0.0713751129256251
"2019-09-15","Eastern","AR",0.0874888335138221,0.121235727526526
"2019-09-15","Eastern","GL",0.0812630682285635,0.172251939193842
"2019-09-15","Eastern","GR",1.1131709714557,1.20202487796555
"2019-09-15","Eastern","SG",0.79308606991797,1.44718139679057
"2019-09-15","Eastern","SH",0.137596168332797,0.298008090538991
"2019-09-15","Eastern","TG",0.288116104177245,0.438956944492594
"2019-09-15","Espace Mittelland","BE",2.70872637249375,4.33947091328196
"2019-09-15","Espace Mittelland","FR",0.534832832504867,1.04465974803905
"2019-09-15","Espace Mittelland","JU",0.0922684904027537,0.157772987714644
"2019-09-15","Espace Mittelland","NE",0.255866265706276,0.462408767311014
"2019-09-15","Espace Mittelland","SO",0.298867396140268,0.648595847599859
"2019-09-15","Lake Geneva","GE",1.50087922709109,2.86411334096027
"2019-09-15","Lake Geneva","VD",1.67702803123781,3.21908556924372
"2019-09-15","Lake Geneva","VS",1.28571860228877,1.73298774183418
"2019-09-15","Northwestern","AG",0.846617021722606,1.83913273119929
"2019-09-15","Northwestern","BL",0.30513006209553,0.69182877314338
"2019-09-15","Northwestern","BS",0.439299966212175,1.16793476450631
"2019-09-15","Ticino","TI",1.3427170187711,1.47308036633787
"2019-09-15","Zurich","ZH",3.61348408673976,8.48680682019793
"2019-09-16","9999","9999",0.0124744588760321,0.0428590559043873
"2019-09-16","Central","LU",3.08891292995365,3.93864867198105
"2019-09-16","Central","NW",0.266774637121188,0.339235715290792
"2019-09-16","Central","OW",0.172815236074004,0.250220753027834
"2019-09-16","Central","SZ",0.794540202242222,1.20025749421692
"2019-09-16","Central","UR",0.163192247787572,0.250628610815981
"2019-09-16","Central","ZG",0.859176838117904,1.58969370559873
"2019-09-16","Eastern","AI",0.0568917048981639,0.0738902359525281
"2019-09-16","Eastern","AR",0.127038347408878,0.213411587647619
"2019-09-16","Eastern","GL",0.142156931371454,0.24875926262031
"2019-09-16","Eastern","GR",1.25044052402053,1.76765565382662
"2019-09-16","Eastern","SG",2.19166555742096,3.85680520915967
"2019-09-16","Eastern","SH",0.296006605419648,0.613078231882107
"2019-09-16","Eastern","TG",0.971596000030028,1.69546482532471
"2019-09-16","Espace Mittelland","BE",5.60168633203217,9.99961933273106
"2019-09-16","Espace Mittelland","FR",1.64450844546218,2.68791877648102
"2019-09-16","Espace Mittelland","JU",0.253342863728598,0.444191119440474
"2019-09-16","Espace Mittelland","NE",0.221120562720376,0.451906429266243
"2019-09-16","Espace Mittelland","SO",0.895330993037991,1.7263600527768
"2019-09-16","Lake Geneva","GE",4.46767915427032,7.82893220791774
"2019-09-16","Lake Geneva","VD",1.36942215074108,2.87869425688651
"2019-09-16","Lake Geneva","VS",2.37136044429174,3.25871575099194
"2019-09-16","Northwestern","AG",2.6628099520688,4.94690711242804
"2019-09-16","Northwestern","BL",1.07003092016122,1.96247572396457
"2019-09-16","Northwestern","BS",1.21851704677614,2.86438524615237
"2019-09-16","Ticino","TI",2.05260695088244,2.73033598644825
"2019-09-16","Zurich","ZH",9.7626132123266,22.1259451254537
"2019-09-17","9999","9999",0.0130055418713015,0.0445244752059852
"2019-09-17","Central","LU",2.9053882485217,3.92461156643901
"2019-09-17","Central","NW",0.239292766215161,0.324212953427399
"2019-09-17","Central","OW",0.174448874904916,0.231833164412233
"2019-09-17","Central","SZ",0.789204846247267,1.14611437284048
"2019-09-17","Central","UR",0.170788091912955,0.236489540826904
"2019-09-17","Central","ZG",0.911747973068283,1.61443707807962
"2019-09-17","Eastern","AI",0.0613798414032464,0.0700495751141492
"2019-09-17","Eastern","AR",0.124524582759958,0.205186455586666
"2019-09-17","Eastern","GL",0.140428857683585,0.236829422317027
"2019-09-17","Eastern","GR",1.17369694396467,1.67337252846677
"2019-09-17","Eastern","SG",2.32136188871625,3.88148060534253
"2019-09-17","Eastern","SH",0.327355089320396,0.627897064851428
"2019-09-17","Eastern","TG",0.966893860785446,1.65705821694092
"2019-09-17","Espace Mittelland","BE",5.53128608405716,9.74535398997078
"2019-09-17","Espace Mittelland","FR",1.25358262997313,2.18387452663005
"2019-09-17","Espace Mittelland","JU",0.253132894491179,0.427231033083385
"2019-09-17","Espace Mittelland","NE",0.86798731069644,1.56613991833328
"2019-09-17","Espace Mittelland","SO",0.91138505186557,1.74454371249833
"2019-09-17","Lake Geneva","GE",4.27827482119182,7.36859671769647
"2019-09-17","Lake Geneva","VD",5.25535302410467,9.04261502099448
"2019-09-17","Lake Geneva","VS",1.96695451212547,2.78964530647454
"2019-09-17","Northwestern","AG",2.77827112250957,4.99014003797156
"2019-09-17","Northwestern","BL",1.03845214678782,1.92739995418398
"2019-09-17","Northwestern","BS",1.26569132461489,2.87121686410382
"2019-09-17","Ticino","TI",1.84270253928184,2.62031634809575
"2019-09-17","Zurich","ZH",10.0269258154421,22.2663501690231
"2019-09-18","9999","9999",0.0138998241068063,0.0462238826565953
"2019-09-18","Central","LU",3.30668433100395,4.21605994421865
"2019-09-18","Central","NW",0.263678990846915,0.338827857502646
"2019-09-18","Central","OW",0.184030055746484,0.241485798731698
"2019-09-18","Central","SZ",0.865065774651286,1.20848262627787
"2019-09-18","Central","UR",0.174640865687917,0.247875570745992
"2019-09-18","Central","ZG",1.00367513521053,1.65464505836105
"2019-09-18","Eastern","AI",0.0675575531894493,0.0720548759058691
"2019-09-18","Eastern","AR",0.140853033293619,0.211372298706887
"2019-09-18","Eastern","GL",0.150841946371206,0.253313674587945
"2019-09-18","Eastern","GR",1.220383951256,1.73071053585036
"2019-09-18","Eastern","SG",2.54407215250701,4.0660702426278
"2019-09-18","Eastern","SH",0.345179851645209,0.646692511255176
"2019-09-18","Eastern","TG",1.00693755308975,1.69359547712903
"2019-09-18","Espace Mittelland","BE",5.98627651825453,9.96083885470814
"2019-09-18","Espace Mittelland","FR",1.38056462583353,2.29521970279403
"2019-09-18","Espace Mittelland","JU",0.285702292059487,0.463394423632368
"2019-09-18","Espace Mittelland","NE",0.900720292228244,1.55438001877505
"2019-09-18","Espace Mittelland","SO",0.96607587047958,1.77944954153386
"2019-09-18","Lake Geneva","GE",4.64239749452635,7.59641928052527
"2019-09-18","Lake Geneva","VD",5.26122282304129,8.82760599034329
"2019-09-18","Lake Geneva","VS",2.0997599843049,2.8764510390517
"2019-09-18","Northwestern","AG",3.07223972855674,5.20327972042708
"2019-09-18","Northwestern","BL",1.1346929279398,1.99143362692296
"2019-09-18","Northwestern","BS",1.33083085987956,2.90292780713221
"2019-09-18","Ticino","TI",1.93270084156906,2.70042641531751
"2019-09-18","Zurich","ZH",10.7317184621657,22.6433127297174
"2019-09-19","9999","9999",0.0135519560904975,0.0440486411198143
"2019-09-19","Central","LU",3.57634687729421,4.18285352263373
"2019-09-19","Central","NW",0.249906480513053,0.327577780179607
"2019-09-19","Central","OW",0.18874882633411,0.24043216611232
"2019-09-19","Central","SZ",0.840564971148301,1.16888643267865
"2019-09-19","Central","UR",0.173688861296428,0.251002480455115
"2019-09-19","Central","ZG",1.01600037800572,1.67724717745417
"2019-09-19","Eastern","AI",0.06995123695702,0.0731085085252474
"2019-09-19","Eastern","AR",0.134348889792454,0.202705320708775
"2019-09-19","Eastern","GL",0.149490993379782,0.248997179663395
"2019-09-19","Eastern","GR",1.3041057483682,1.74964193485016
"2019-09-19","Eastern","SG",2.67369663655699,4.09496016928817
"2019-09-19","Eastern","SH",0.34341063623612,0.640982502221126
"2019-09-19","Eastern","TG",1.0410840578035,1.69543083717569
"2019-09-19","Espace Mittelland","BE",6.30614799662394,10.1929779124615
"2019-09-19","Espace Mittelland","FR",1.39872479931046,2.26949067399179
"2019-09-19","Espace Mittelland","JU",0.297081271350614,0.462782636950148
"2019-09-19","Espace Mittelland","NE",0.894305308703161,1.54221226142869
"2019-09-19","Espace Mittelland","SO",1.06504012706048,1.86316235255091
"2019-09-19","Lake Geneva","GE",4.9562700157401,7.92997897493102
"2019-09-19","Lake Geneva","VD",5.1025585886051,8.53153522429799
"2019-09-19","Lake Geneva","VS",2.05663710868045,2.77370486458782
"2019-09-19","Northwestern","AG",3.0487797918037,5.18642159851703
"2019-09-19","Northwestern","BL",1.1350473709561,1.98905445649211
"2019-09-19","Northwestern","BS",1.42650195781296,3.01410304255112
"2019-09-19","Ticino","TI",2.1167686477622,2.85123183248465
"2019-09-19","Zurich","ZH",10.9440286149639,22.8922759212318
"2019-09-20","9999","9999",0.0141854900386068,0.0444225107589486
"2019-09-20","Central","LU",4.23470487297999,4.88025635221511
"2019-09-20","Central","NW",0.427695467162502,0.4183601261912
"2019-09-20","Central","OW",0.237510749331994,0.294949157127893
"2019-09-20","Central","SZ",1.12297741751442,1.42570088661486
"2019-09-20","Central","UR",0.252947932966657,0.309734001948201
"2019-09-20","Central","ZG",1.25109252984176,1.90904635371739
"2019-09-20","Eastern","AI",0.0939307436023067,0.0976139639630454
"2019-09-20","Eastern","AR",0.207922082388885,0.248725274471297
"2019-09-20","Eastern","GL",0.20344418236384,0.313030852402384
"2019-09-20","Eastern","GR",1.6904855798835,2.12874574893226
"2019-09-20","Eastern","SG",3.26730011628978,4.68604806875939
"2019-09-20","Eastern","SH",0.417491544927905,0.724933230281266
"2019-09-20","Eastern","TG",1.31895255652702,1.94313646717662
"2019-09-20","Espace Mittelland","BE",7.55637405189841,11.4064228084951
"2019-09-20","Espace Mittelland","FR",1.85224141925984,2.73706563995266
"2019-09-20","Espace Mittelland","JU",0.362550003041378,0.526510416348028
"2019-09-20","Espace Mittelland","NE",1.08658955051894,1.70817639305527
"2019-09-20","Espace Mittelland","SO",1.2585633079905,2.01808033574853
"2019-09-20","Lake Geneva","GE",5.57420863952101,8.51226394380807
"2019-09-20","Lake Geneva","VD",6.49002254715915,9.95614849014446
"2019-09-20","Lake Geneva","VS",2.75298366470426,3.42950619977826
"2019-09-20","Northwestern","AG",3.87244827001275,5.95679698402761
"2019-09-20","Northwestern","BL",1.45349715340682,2.26983055548191
"2019-09-20","Northwestern","BS",1.65684550681006,3.14230634062515
"2019-09-20","Ticino","TI",2.34416531622341,2.99269050867344
"2019-09-20","Zurich","ZH",13.4840322013346,25.0898136837647
"2019-09-21","9999","9999",0.0139969923467274,0.0374549402114471
"2019-09-21","Central","LU",4.39236583055602,4.72486253493132
"2019-09-21","Central","NW",0.39335953665979,0.459791679837074
"2019-09-21","Central","OW",0.276167684460871,0.364998732242042
"2019-09-21","Central","SZ",1.31084540531462,1.62973174513511
"2019-09-21","Central","UR",0.22897586284608,0.324892716407643
"2019-09-21","Central","ZG",1.32969062800167,1.72472862162421
"2019-09-21","Eastern","AI",0.119335599814282,0.132587769296602
"2019-09-21","Eastern","AR",0.204963340224056,0.268404412749363
"2019-09-21","Eastern","GL",0.241131326531859,0.362993431450322
"2019-09-21","Eastern","GR",1.96919970036014,2.311839907661
"2019-09-21","Eastern","SG",3.77935292734762,4.77710231996307
"2019-09-21","Eastern","SH",0.489455558163321,0.773876164858837
"2019-09-21","Eastern","TG",1.58480743377723,2.15138185617439
"2019-09-21","Espace Mittelland","BE",7.98016894632829,10.7161574902063
"2019-09-21","Espace Mittelland","FR",1.82397679049282,2.5616867910497
"2019-09-21","Espace Mittelland","JU",0.396072568059542,0.525796665218772
"2019-09-21","Espace Mittelland","NE",1.29425483197004,1.82407598118688
"2019-09-21","Espace Mittelland","SO",1.52170540838235,2.20178628115949
"2019-09-21","Lake Geneva","GE",5.88044501291674,7.3759041697341
"2019-09-21","Lake Geneva","VD",7.71870201417469,10.3333829560309
"2019-09-21","Lake Geneva","VS",2.83913640261199,3.47542418909375
"2019-09-21","Northwestern","AG",5.01025808081107,6.58649542077668
"2019-09-21","Northwestern","BL",1.74599695379741,2.28220224172236
"2019-09-21","Northwestern","BS",1.88371004278226,2.98381960178125
"2019-09-21","Ticino","TI",2.73598633812902,3.21255984463337
"2019-09-21","Zurich","ZH",15.5919167670633,22.8100585887713
"2019-09-22","9999","9999",0.0128135354242144,0.0323907060086289
"2019-09-22","Central","LU",1.7252125055466,1.61297558767209
"2019-09-22","Central","NW",0.168065113818752,0.15957435961229
"2019-09-22","Central","OW",0.183804042569236,0.178811651953197
"2019-09-22","Central","SZ",0.359354459060242,0.540785438933153
"2019-09-22","Central","UR",0.118400199353687,0.16759556277917
"2019-09-22","Central","ZG",0.232033907482513,0.447487969894657
"2019-09-22","Eastern","AI",0.045753889871225,0.0568961614464269
"2019-09-22","Eastern","AR",0.0754678185920456,0.101216707758339
"2019-09-22","Eastern","GL",0.0715835130124713,0.147712495607032
"2019-09-22","Eastern","GR",1.023383754472,1.04778665774818
"2019-09-22","Eastern","SG",0.721356869159971,1.25630395193804
"2019-09-22","Eastern","SH",0.120697932764003,0.258479873237799
"2019-09-22","Eastern","TG",0.302945858062699,0.497926383028765
"2019-09-22","Espace Mittelland","BE",2.44903373482904,3.8423942339785
"2019-09-22","Espace Mittelland","FR",0.490658446384206,0.908401258649134
"2019-09-22","Espace Mittelland","JU",0.0755026124425151,0.130514492206857
"2019-09-22","Espace Mittelland","NE",0.238028545266527,0.415233216482077
"2019-09-22","Espace Mittelland","SO",0.267994967301554,0.565018989178853
"2019-09-22","Lake Geneva","GE",1.68057713713042,2.73964873927759
"2019-09-22","Lake Geneva","VD",1.48740341803744,2.86129232459226
"2019-09-22","Lake Geneva","VS",1.05189620082364,1.34409534083656
"2019-09-22","Northwestern","AG",0.813516357106021,1.69692631573223
"2019-09-22","Northwestern","BL",0.27598408571181,0.627285278169208
"2019-09-22","Northwestern","BS",0.399005534971272,1.07630271476941
"2019-09-22","Ticino","TI",1.19639302940822,1.32948043676131
"2019-09-22","Zurich","ZH",3.42429029855383,7.94231667302245
"2019-09-23","9999","9999",0.0127564907399388,0.0430969729474727
"2019-09-23","Central","LU",3.37341653568326,3.84385572438602
"2019-09-23","Central","NW",0.240224219326148,0.321425925208398
"2019-09-23","Central","OW",0.160900893576177,0.223404103457207
"2019-09-23","Central","SZ",0.727101281006191,1.06926716792389
"2019-09-23","Central","UR",0.158114013844162,0.224015890139426
"2019-09-23","Central","ZG",0.862213677498255,1.55268061132444
"2019-09-23","Eastern","AI",0.0486144847907738,0.0560464577211218
"2019-09-23","Eastern","AR",0.12756376783715,0.187138748461187
"2019-09-23","Eastern","GL",0.131097060835201,0.227720598381756
"2019-09-23","Eastern","GR",1.25006581559329,1.69570274236779
"2019-09-23","Eastern","SG",2.28403945928876,3.74501818705854
"2019-09-23","Eastern","SH",0.301721482632188,0.587145274185797
"2019-09-23","Eastern","TG",0.939411598277275,1.58999959893984
"2019-09-23","Espace Mittelland","BE",5.38328560284078,8.89293121274474
"2019-09-23","Espace Mittelland","FR",1.25680900870707,2.16154431272904
"2019-09-23","Espace Mittelland","JU",0.244724135223713,0.410882733408515
"2019-09-23","Espace Mittelland","NE",0.738282450306461,1.40384650680001
"2019-09-23","Espace Mittelland","SO",0.868650269629628,1.63071740145646
"2019-09-23","Lake Geneva","GE",4.55278127061871,7.4009874237051
"2019-09-23","Lake Geneva","VD",4.65911181414835,8.2090216783212
"2019-09-23","Lake Geneva","VS",1.94764558942402,2.65093967035574
"2019-09-23","Northwestern","AG",2.78258182799935,4.85874185389039
"2019-09-23","Northwestern","BL",1.03341892359481,1.88134601227244
"2019-09-23","Northwestern","BS",1.21553261159466,2.82811989115635
"2019-09-23","Ticino","TI",1.97864586853062,2.64400608795725
"2019-09-23","Zurich","ZH",10.0811423646998,21.6460664495504
"2019-09-24","9999","9999",0.0130669098432437,0.0434368544375947
"2019-09-24","Central","LU",3.2993579365656,3.86234527744866
"2019-09-24","Central","NW",0.240468512491464,0.322513545976789
"2019-09-24","Central","OW",0.188810973594318,0.245972234401309
"2019-09-24","Central","SZ",0.775320157563316,1.07490920065991
"2019-09-24","Central","UR",0.15932304238666,0.218951655936608
"2019-09-24","Central","ZG",0.92527872781872,1.58466345954493
"2019-09-24","Eastern","AI",0.0611561543427325,0.0692678476868685
"2019-09-24","Eastern","AR",0.126738239190018,0.186866843269089
"2019-09-24","Eastern","GL",0.1446690199632,0.2370333512111
"2019-09-24","Eastern","GR",1.15671333521253,1.59424811756637
"2019-09-24","Eastern","SG",2.43141054187567,3.83749994052074
"2019-09-24","Eastern","SH",0.319269664194935,0.604955064268191
"2019-09-24","Eastern","TG",0.972133712849591,1.57110218808906
"2019-09-24","Espace Mittelland","BE",5.51576933469893,8.83688475502362
"2019-09-24","Espace Mittelland","FR",1.27845655591467,2.12735223482276
"2019-09-24","Espace Mittelland","JU",0.258305939229605,0.413397856435418
"2019-09-24","Espace Mittelland","NE",0.842063307522536,1.48681157853879
"2019-09-24","Espace Mittelland","SO",0.925532474259786,1.66120477112041
"2019-09-24","Lake Geneva","GE",4.39383007796364,7.25820320970484
"2019-09-24","Lake Geneva","VD",4.80423259417659,8.38987261921513
"2019-09-24","Lake Geneva","VS",1.94418603510963,2.67418756428009
"2019-09-24","Northwestern","AG",2.92146170340346,4.92889339345157
"2019-09-24","Northwestern","BL",1.08095360855051,1.87016391124743
"2019-09-24","Northwestern","BS",1.30799641748261,2.85146974952773
"2019-09-24","Ticino","TI",1.88617786075166,2.56834846825609
"2019-09-24","Zurich","ZH",10.3800843962926,22.0167412026775
"2019-09-25","9999","9999",0.0142837860927018,0.0462918589546197
"2019-09-25","Central","LU",3.90144338558662,4.57375122442307
"2019-09-25","Central","NW",0.337666897945587,0.401026170194976
"2019-09-25","Central","OW",0.0796585802612305,0.0964923550456427
"2019-09-25","Central","SZ",0.994272662007246,1.29409877363961
"2019-09-25","Central","UR",0.181043392348808,0.241451810582686
"2019-09-25","Central","ZG",1.06947934462577,1.73461917298676
"2019-09-25","Eastern","AI",0.0639182848192645,0.068010286173417
"2019-09-25","Eastern","AR",0.152049952832109,0.211066405365777
"2019-09-25","Eastern","GL",0.172747406666691,0.269152152027631
"2019-09-25","Eastern","GR",1.319889123962,1.77105446872784
"2019-09-25","Eastern","SG",2.96063455477658,4.49302937051909
"2019-09-25","Eastern","SH",0.38244912891373,0.689483590861538
"2019-09-25","Eastern","TG",1.20907770814704,1.86316235255091
"2019-09-25","Espace Mittelland","BE",6.18324284145309,9.62942041369015
"2019-09-25","Espace Mittelland","FR",1.59154038257893,2.48025118601646
"2019-09-25","Espace Mittelland","JU",0.325305181326732,0.495955070386058
"2019-09-25","Espace Mittelland","NE",1.05850929978925,1.69974733210024
"2019-09-25","Espace Mittelland","SO",1.13426808660612,1.93633883737418
"2019-09-25","Lake Geneva","GE",4.84344857660981,7.7533425645146
"2019-09-25","Lake Geneva","VD",5.79891920314587,9.30762061884262
"2019-09-25","Lake Geneva","VS",2.22777523416956,2.94119846291995
"2019-09-25","Northwestern","AG",3.53845348019312,5.69546210627278
"2019-09-25","Northwestern","BL",1.25909667011025,2.10213302825571
"2019-09-25","Northwestern","BS",1.46743291484235,3.16324304041667
"2019-09-25","Ticino","TI",2.66922207689823,2.81907904351911
"2019-09-25","Zurich","ZH",12.1981575025153,23.9447189553946
"2019-09-26","9999","9999",0.0168529702770018,0.0515600220515111
"2019-09-26","Central","LU",4.03111360093495,4.54938172158132
"2019-09-26","Central","NW",0.290798606273873,0.343144352427196
"2019-09-26","Central","OW",0.188523831322436,0.249099144110432
"2019-09-26","Central","SZ",0.9531284776106,1.25086584809609
"2019-09-26","Central","UR",0.179927827489951,0.249099144110432
"2019-09-26","Central","ZG",1.09348412527342,1.77034071759859
"2019-09-26","Eastern","AI",0.0655051193619586,0.0679423098753926
"2019-09-26","Eastern","AR",0.160489539020328,0.218475821850437
"2019-09-26","Eastern","GL",0.177343296417639,0.27530400699884
"2019-09-26","Eastern","GR",1.41166952928486,1.79623968714589
"2019-09-26","Eastern","SG",3.0286831496421,4.52157941568934
"2019-09-26","Eastern","SH",0.400536636696872,0.70617177202653
"2019-09-26","Eastern","TG",1.27396700180983,1.87638374251666
"2019-09-26","Espace Mittelland","BE",6.21088499511655,9.89809673163161
"2019-09-26","Espace Mittelland","FR",1.56840265998576,2.47280778138279
"2019-09-26","Espace Mittelland","JU",0.343995748579159,0.513594919723391
"2019-09-26","Espace Mittelland","NE",1.07176886613914,1.75270086826125
"2019-09-26","Espace Mittelland","SO",1.25907743461295,2.04581466534249
"2019-09-26","Lake Geneva","GE",5.25708129750964,8.15263533910996
"2019-09-26","Lake Geneva","VD",5.69751492059971,9.17037647313135
"2019-09-26","Lake Geneva","VS",2.22051139817367,2.89388695949496
"2019-09-26","Northwestern","AG",3.65771531391159,5.75572309447142
"2019-09-26","Northwestern","BL",1.31818662972616,2.13007128674374
"2019-09-26","Northwestern","BS",1.56735137661879,3.12487042018189
"2019-09-26","Ticino","TI",2.59328943439363,2.95700295221062
"2019-09-26","Zurich","ZH",12.4172281650741,24.1488177902129
"2019-09-27","9999","9999",0.0172740522301004,0.0479572782562176
"2019-09-27","Central","LU",4.23219814542159,5.21133491174297
"2019-09-27","Central","NW",0.380986381342316,0.432125326541142
"2019-09-27","Central","OW",0.227186483842611,0.297566244601832
"2019-09-27","Central","SZ",1.2035255572893,1.49952314626936
"2019-09-27","Central","UR",0.248963498634955,0.319080742926556
"2019-09-27","Central","ZG",1.41116901866895,2.02688326634269
"2019-09-27","Eastern","AI",0.086648936984037,0.0918699667799832
"2019-09-27","Eastern","AR",0.202285568681324,0.249031167812407
"2019-09-27","Eastern","GL",0.23918448039038,0.337230414499072
"2019-09-27","Eastern","GR",1.7983083821221,2.13139682455521
"2019-09-27","Eastern","SG",3.58115387976084,5.01916591722798
"2019-09-27","Eastern","SH",0.487906748188782,0.790836251215926
"2019-09-27","Eastern","TG",1.50341289687698,2.10818291877988
"2019-09-27","Espace Mittelland","BE",7.43374588475587,10.9766086760868
"2019-09-27","Espace Mittelland","FR",2.12738915244127,2.98432942401643
"2019-09-27","Espace Mittelland","JU",0.440620436892733,0.593467069902067
"2019-09-27","Espace Mittelland","NE",1.18518673883043,1.84562446766062
"2019-09-27","Espace Mittelland","SO",1.42629644500794,2.22061571571225
"2019-09-27","Lake Geneva","GE",5.95716120431867,8.63149437054288
"2019-09-27","Lake Geneva","VD",7.24302678272402,10.7966074389182
"2019-09-27","Lake Geneva","VS",2.92050299869929,3.59665991662027
"2019-09-27","Northwestern","AG",4.38940510688434,6.46556558659127
"2019-09-27","Northwestern","BL",1.63853497377403,2.45713924468816
"2019-09-27","Northwestern","BS",1.79804961534155,3.33172229507016
"2019-09-27","Ticino","TI",3.1501777969675,3.19882863243244
"2019-09-27","Zurich","ZH",14.876637758975,26.6700926720871
"2019-09-28","9999","9999",0.0173503989840399,0.0431649492454971
"2019-09-28","Central","LU",4.87253878493225,5.12548084733815
"2019-09-28","Central","NW",0.432028537050714,0.477669446217493
"2019-09-28","Central","OW",0.268713674715922,0.326830040901339
"2019-09-28","Central","SZ",1.52047904361295,1.74838437333671
"2019-09-28","Central","UR",0.252284907461104,0.329549092822315
"2019-09-28","Central","ZG",1.56855515377654,1.92971114831681
"2019-09-28","Eastern","AI",0.11696063071316,0.114336133277049
"2019-09-28","Eastern","AR",0.224925490545418,0.260009339943349
"2019-09-28","Eastern","GL",0.271919267208066,0.372883982812873
"2019-09-28","Eastern","GR",2.13402996509059,2.37747102340356
"2019-09-28","Eastern","SG",4.49930546814397,5.34524821885105
"2019-09-28","Eastern","SH",0.563047488922329,0.850961286818512
"2019-09-28","Eastern","TG",1.86429249747819,2.35537872654563
"2019-09-28","Espace Mittelland","BE",8.29108821563926,11.0543395728777
"2019-09-28","Espace Mittelland","FR",2.1835422643682,2.84722123090121
"2019-09-28","Espace Mittelland","JU",0.464657924151419,0.597783564826616
"2019-09-28","Espace Mittelland","NE",1.33654230665732,1.81302983275791
"2019-09-28","Espace Mittelland","SO",1.74781734769066,2.40860416789874
"2019-09-28","Lake Geneva","GE",6.53623400063918,7.68070989007553
"2019-09-28","Lake Geneva","VD",8.97657261713317,11.4816725704081
"2019-09-28","Lake Geneva","VS",3.25067869644434,3.7605167830081
"2019-09-28","Northwestern","AG",5.78392227038924,7.33243332714749
"2019-09-28","Northwestern","BL",1.96177952504041,2.45340054829682
"2019-09-28","Northwestern","BS",2.07006109702242,3.13595055675987
"2019-09-28","Ticino","TI",3.23498385817922,3.48069235219064
"2019-09-28","Zurich","ZH",18.3786298958624,25.4054956117901
"2019-09-29","9999","9999",0.0133974338006072,0.0333083860319584
"2019-09-29","Central","LU",1.55736605844888,1.76721380788947
"2019-09-29","Central","NW",0.172307751023915,0.189415954445004
"2019-09-29","Central","OW",0.175841466952282,0.222656364178938
"2019-09-29","Central","SZ",0.421133875626854,0.65216460324614
"2019-09-29","Central","UR",0.153085619105582,0.179049568996282
"2019-09-29","Central","ZG",0.228562479791127,0.471381638650235
"2019-09-29","Eastern","AI",0.0543115558538398,0.0719868996078447
"2019-09-29","Eastern","AR",0.0853639728698505,0.116035540727659
"2019-09-29","Eastern","GL",0.0893796257244498,0.175582777797038
"2019-09-29","Eastern","GR",0.972562947959322,1.12796470126796
"2019-09-29","Eastern","SG",1.03989314086015,1.66800240092285
"2019-09-29","Eastern","SH",0.132114905295114,0.283835032400902
"2019-09-29","Eastern","TG",0.333812679158715,0.558391300121474
"2019-09-29","Espace Mittelland","BE",2.35735377154002,4.03544692036781
"2019-09-29","Espace Mittelland","FR",0.57798071975824,1.03854188121686
"2019-09-29","Espace Mittelland","JU",0.0881128436977961,0.144823502940995
"2019-09-29","Espace Mittelland","NE",0.253609928558572,0.430493895388556
"2019-09-29","Espace Mittelland","SO",0.298939223805469,0.625789799612671
"2019-09-29","Lake Geneva","GE",1.40452589948301,2.57327674986286
"2019-09-29","Lake Geneva","VD",1.71837911079504,3.18411176391016
"2019-09-29","Lake Geneva","VS",1.10837727954594,1.43783465581221
"2019-09-29","Northwestern","AG",0.878483798892609,1.82900426279365
"2019-09-29","Northwestern","BL",0.305759707434352,0.674936663084316
"2019-09-29","Northwestern","BS",0.424316383172626,1.15977760874338
"2019-09-29","Ticino","TI",1.23802646194312,1.37431080530841
"2019-09-29","Zurich","ZH",3.84192299647444,8.82696021551206
"2019-09-30","9999","9999",0.0135647575645757,0.0452722144842536
"2019-09-30","Central","LU",3.87224118296711,3.9087051127013
"2019-09-30","Central","NW",0.258985040003158,0.326898017199363
"2019-09-30","Central","OW",0.189278824591441,0.241723715774784
"2019-09-30","Central","SZ",0.839804722578527,1.17333888019925
"2019-09-30","Central","UR",0.159996950515786,0.230983460686928
"2019-09-30","Central","ZG",0.929440064502825,1.62840620732363
"2019-09-30","Eastern","AI",0.0565098771439517,0.0693698121339052
"2019-09-30","Eastern","AR",0.125945820504137,0.190231670021297
"2019-09-30","Eastern","GL",0.156119020219112,0.259839399198288
"2019-09-30","Eastern","GR",1.54117041978226,1.8714894490589
"2019-09-30","Eastern","SG",2.44319412450169,3.89351241009285
"2019-09-30","Eastern","SH",0.326231966540166,0.619501992045414
"2019-09-30","Eastern","TG",1.0709559235849,1.73353155221837
"2019-09-30","Espace Mittelland","BE",5.93842356648856,9.33090250091598
"2019-09-30","Espace Mittelland","FR",1.41344986227881,2.34960074121355
"2019-09-30","Espace Mittelland","JU",0.281504074285486,0.450580891454768
"2019-09-30","Espace Mittelland","NE",0.839293556468287,1.51192882065881
"2019-09-30","Espace Mittelland","SO",0.903500123121672,1.66246233263386
"2019-09-30","Lake Geneva","GE",4.61590095335424,7.59437999158453
"2019-09-30","Lake Geneva","VD",5.1999331597797,9.04196924616325
"2019-09-30","Lake Geneva","VS",2.08242872683364,2.83879216994618
"2019-09-30","Northwestern","AG",2.981652938316,4.93586096399907
"2019-09-30","Northwestern","BL",1.12738284373073,1.87713148179493
"2019-09-30","Northwestern","BS",1.29285239112876,2.78668833751048
"2019-09-30","Ticino","TI",2.38487759086768,2.77581212982657
"2019-09-30","Zurich","ZH",10.9906822812487,23.1968777126791
"2019-10-01","9999","9999",0.0125612183309731,0.0437767359277167
"2019-10-01","Central","LU",3.10839955387587,3.76116255783933
"2019-10-01","Central","NW",0.22913360018957,0.305281554427602
"2019-10-01","Central","OW",0.194625153278464,0.23812097197949
"2019-10-01","Central","SZ",0.775341746589499,1.1208271899754
"2019-10-01","Central","UR",0.16952550394526,0.22670095391139
"2019-10-01","Central","ZG",0.9265643302444,1.6567183354508
"2019-10-01","Eastern","AI",0.0581310277825,0.0744340463367233
"2019-10-01","Eastern","AR",0.145759126766693,0.206376040802093
"2019-10-01","Eastern","GL",0.152417682909147,0.261096960711739
"2019-10-01","Eastern","GR",1.28750147678063,1.78730080395568
"2019-10-01","Eastern","SG",2.39136889765058,3.788081171857
"2019-10-01","Eastern","SH",0.321175364699174,0.607980009530277
"2019-10-01","Eastern","TG",1.06392166826179,1.71789700367276
"2019-10-01","Espace Mittelland","BE",5.82174539448565,9.1604859217688
"2019-10-01","Espace Mittelland","FR",1.40531850222189,2.29324839015132
"2019-10-01","Espace Mittelland","JU",0.27381078388266,0.4425936764369
"2019-10-01","Espace Mittelland","NE",0.857875536362282,1.51821662822607
"2019-10-01","Espace Mittelland","SO",0.95534608530629,1.66086488963028
"2019-10-01","Lake Geneva","GE",4.56056041979155,7.48806506147436
"2019-10-01","Lake Geneva","VD",5.09925888236975,8.65861691345462
"2019-10-01","Lake Geneva","VS",2.06863753707753,2.83097489567338
"2019-10-01","Northwestern","AG",2.92522683270263,4.79113942550511
"2019-10-01","Northwestern","BL",1.05765437356919,1.79746326051033
"2019-10-01","Northwestern","BS",1.27135219205977,2.69995058123134
"2019-10-01","Ticino","TI",2.28599337384893,2.78716417159665
"2019-10-01","Zurich","ZH",11.1412285797494,23.1391318475074
"2019-10-02","9999","9999",0.0131189185239511,0.0461219182095587
"2019-10-02","Central","LU",3.60926267045477,3.52847968970179
"2019-10-02","Central","NW",0.285586354328817,0.345387570262001
"2019-10-02","Central","OW",0.203528055710981,0.23271685628655
"2019-10-02","Central","SZ",0.886304203351287,1.19012902581128
"2019-10-02","Central","UR",0.187378880638715,0.236999363062088
"2019-10-02","Central","ZG",1.07011774618853,1.72612213573371
"2019-10-02","Eastern","AI",0.0602052699333744,0.0626401586294891
"2019-10-02","Eastern","AR",0.149224923219253,0.194480188647822
"2019-10-02","Eastern","GL",0.167057807372527,0.267214827533935
"2019-10-02","Eastern","GR",1.50252064314058,1.97056490342947
"2019-10-02","Eastern","SG",2.65392806692333,3.9482333300025
"2019-10-02","Eastern","SH",0.342953624786336,0.622662889903548
"2019-10-02","Eastern","TG",1.14469887962666,1.78747074470074
"2019-10-02","Espace Mittelland","BE",6.36383277809958,9.53204436677019
"2019-10-02","Espace Mittelland","FR",1.52765157756904,2.44245636431489
"2019-10-02","Espace Mittelland","JU",0.309548234961615,0.484671004914007
"2019-10-02","Espace Mittelland","NE",0.959245040722061,1.62354590201489
"2019-10-02","Espace Mittelland","SO",0.995124901836601,1.68078194495143
"2019-10-02","Lake Geneva","GE",4.86295069231284,7.77648849399191
"2019-10-02","Lake Geneva","VD",5.61991328933869,9.36142385872894
"2019-10-02","Lake Geneva","VS",2.28941105023007,3.03595742236597
"2019-10-02","Northwestern","AG",3.16772620957551,5.04781792684527
"2019-10-02","Northwestern","BL",1.12480798914739,1.8436191668689
"2019-10-02","Northwestern","BS",1.26849758082097,2.72309651070865
"2019-10-02","Ticino","TI",2.33051216622295,2.90459322643381
"2019-10-02","Zurich","ZH",11.6501074515164,23.475002736046
"2019-10-03","9999","9999",0.0144436968280896,0.0461559063585709
"2019-10-03","Central","LU",3.95916904641005,4.27322801085717
"2019-10-03","Central","NW",0.263353526389248,0.329243199481205
"2019-10-03","Central","OW",0.203722168977602,0.25355159163103
"2019-10-03","Central","SZ",0.863398896630415,1.18825967761561
"2019-10-03","Central","UR",0.187670874861158,0.259057671771007
"2019-10-03","Central","ZG",1.06896909486455,1.78359609571335
"2019-10-03","Eastern","AI",0.0745004868926514,0.0815035813312614
"2019-10-03","Eastern","AR",0.157153069175732,0.211916109091082
"2019-10-03","Eastern","GL",0.170689239783816,0.273468646952181
"2019-10-03","Eastern","GR",1.54323765225477,1.94374825385884
"2019-10-03","Eastern","SG",2.80085536246485,4.1889034131579
"2019-10-03","Eastern","SH",0.395167132994984,0.731764848232718
"2019-10-03","Eastern","TG",1.24314724345945,1.94442801683909
"2019-10-03","Espace Mittelland","BE",6.34292562131704,10.0293249749677
"2019-10-03","Espace Mittelland","FR",1.51184921318729,2.46274728927518
"2019-10-03","Espace Mittelland","JU",0.331032104221214,0.506967230666011
"2019-10-03","Espace Mittelland","NE",0.950869497148426,1.65321755610254
"2019-10-03","Espace Mittelland","SO",1.10775540750967,1.83671957261942
"2019-10-03","Lake Geneva","GE",5.1322334041038,8.19797552989224
"2019-10-03","Lake Geneva","VD",5.46898302885203,9.08187133310357
"2019-10-03","Lake Geneva","VS",2.2263639548679,2.94174227330414
"2019-10-03","Northwestern","AG",3.26336817230942,5.2041634123014
"2019-10-03","Northwestern","BL",1.19840503814642,1.96030048242779
"2019-10-03","Northwestern","BS",1.47020415398475,3.03140301039833
"2019-10-03","Ticino","TI",2.47795785685028,3.15032754379203
"2019-10-03","Zurich","ZH",12.2455066972836,24.4938994671338
"2019-10-04","9999","9999",0.0177765913451141,0.0493847805147301
"2019-10-04","Central","LU",4.50835882412011,4.88409701305349
"2019-10-04","Central","NW",0.346230790402287,0.396573722674378
"2019-10-04","Central","OW",0.250681508147731,0.278532881154999
"2019-10-04","Central","SZ",1.10348515060531,1.37478663939458
"2019-10-04","Central","UR",0.246671604012601,0.318808837734459
"2019-10-04","Central","ZG",1.35501043997609,1.98154307556041
"2019-10-04","Eastern","AI",0.0960860004046738,0.0933314571875079
"2019-10-04","Eastern","AR",0.18713600898918,0.233770488905928
"2019-10-04","Eastern","GL",0.217632687738953,0.322343605231728
"2019-10-04","Eastern","GR",1.97388154678163,2.31676818926777
"2019-10-04","Eastern","SG",3.35196728796918,4.64373282323919
"2019-10-04","Eastern","SH",0.424127067032266,0.723267810979668
"2019-10-04","Eastern","TG",1.46850663701215,2.10284677938496
"2019-10-04","Espace Mittelland","BE",8.24553180681309,11.2371958145634
"2019-10-04","Espace Mittelland","FR",2.09253980803201,2.98388757807928
"2019-10-04","Espace Mittelland","JU",0.397369393802662,0.573855907922026
"2019-10-04","Espace Mittelland","NE",1.18149400893559,1.85327180118836
"2019-10-04","Espace Mittelland","SO",1.31943321291424,2.01454556825126
"2019-10-04","Lake Geneva","GE",5.88849023225011,8.67968956584218
"2019-10-04","Lake Geneva","VD",7.21596815933095,10.7919850506525
"2019-10-04","Lake Geneva","VS",2.97285258473686,3.71106402619535
"2019-10-04","Northwestern","AG",3.99422221581909,5.81734360863054
"2019-10-04","Northwestern","BL",1.46178371322533,2.14968244872378
"2019-10-04","Northwestern","BS",1.56235186253831,2.96580588280478
"2019-10-04","Ticino","TI",3.04383692297331,3.42899637754308
"2019-10-04","Zurich","ZH",14.1879364006947,25.9229991686499
"2019-10-05","9999","9999",0.0148304626853341,0.0382366676387277
"2019-10-05","Central","LU",5.00849518194456,4.9156040271878
"2019-10-05","Central","NW",0.454851215719261,0.455135303422403
"2019-10-05","Central","OW",0.281269394952797,0.296580588280478
"2019-10-05","Central","SZ",1.41373388739763,1.60243926147831
"2019-10-05","Central","UR",0.254593977753482,0.320746162228154
"2019-10-05","Central","ZG",1.49602405364476,1.86193877918647
"2019-10-05","Eastern","AI",0.110539898468607,0.101624565546485
"2019-10-05","Eastern","AR",0.224314129110686,0.241383834284662
"2019-10-05","Eastern","GL",0.26062693772328,0.35463234679332
"2019-10-05","Eastern","GR",2.44596084455534,2.55682648574095
"2019-10-05","Eastern","SG",4.26263319382598,5.02130717061575
"2019-10-05","Eastern","SH",0.513418159344064,0.784174574009534
"2019-10-05","Eastern","TG",1.82910904986798,2.3500085990017
"2019-10-05","Espace Mittelland","BE",9.02979843254741,11.1285017140224
"2019-10-05","Espace Mittelland","FR",2.17327273702647,2.84756111239133
"2019-10-05","Espace Mittelland","JU",0.454489911833401,0.577594604313368
"2019-10-05","Espace Mittelland","NE",1.47811320933672,1.99612399148665
"2019-10-05","Espace Mittelland","SO",1.69202772478955,2.27234567850882
"2019-10-05","Lake Geneva","GE",6.59123813621236,7.8399443681977
"2019-10-05","Lake Geneva","VD",9.03257462545693,11.6695930462966
"2019-10-05","Lake Geneva","VS",3.3307905326908,3.82805123509535
"2019-10-05","Northwestern","AG",5.45071793732875,6.80527713596823
"2019-10-05","Northwestern","BL",1.79966277338034,2.27108811699537
"2019-10-05","Northwestern","BS",1.94405298436528,2.8931392202167
"2019-10-05","Ticino","TI",3.45720288057681,3.85843664031226
"2019-10-05","Zurich","ZH",17.700897000346,24.3187925234229
"2019-10-06","9999","9999",0.0116699945082107,0.0295357014916039
"2019-10-06","Central","LU",1.38838335031901,1.54387768073028
"2019-10-06","Central","NW",0.119788699158651,0.111583093207061
"2019-10-06","Central","OW",0.122893485426959,0.11960429637394
"2019-10-06","Central","SZ",0.27468816065362,0.389572163977864
"2019-10-06","Central","UR",0.11497032456577,0.145877135560373
"2019-10-06","Central","ZG",0.18746853794952,0.42145304775131
"2019-10-06","Eastern","AI",0.0298199001769325,0.0264767680805057
"2019-10-06","Eastern","AR",0.0567515465749053,0.0692338595378563
"2019-10-06","Eastern","GL",0.0587196175525746,0.114913931810256
"2019-10-06","Eastern","GR",1.04946291041525,1.06583436487366
"2019-10-06","Eastern","SG",0.693204692864539,1.23373582099394
"2019-10-06","Eastern","SH",0.109270606272212,0.236353588230856
"2019-10-06","Eastern","TG",0.262017838049385,0.439772660068887
"2019-10-06","Espace Mittelland","BE",2.41840144817292,3.57025112483779
"2019-10-06","Espace Mittelland","FR",0.540895977167903,0.972910765474294
"2019-10-06","Espace Mittelland","JU",0.0782374325855441,0.127829428434893
"2019-10-06","Espace Mittelland","NE",0.226512430820691,0.399462715340415
"2019-10-06","Espace Mittelland","SO",0.25157032361731,0.512881168594135
"2019-10-06","Lake Geneva","GE",1.35799307770373,2.50971891121004
"2019-10-06","Lake Geneva","VD",1.61840501410204,2.97732786531992
"2019-10-06","Lake Geneva","VS",0.966076117188931,1.2678939107512
"2019-10-06","Northwestern","AG",0.786413560991135,1.63105728294658
"2019-10-06","Northwestern","BL",0.270498002051737,0.5896603972127
"2019-10-06","Northwestern","BS",0.364256248825756,0.998605806127519
"2019-10-06","Ticino","TI",1.5159012928733,1.6024052733293
"2019-10-06","Zurich","ZH",3.91394746916483,8.14094341584976
"2019-10-07","9999","9999",0.0136140093661913,0.0435388188846313
"2019-10-07","Central","LU",3.07910492140238,3.88623894620424
"2019-10-07","Central","NW",0.241660494592646,0.325606467536899
"2019-10-07","Central","OW",0.185738302617817,0.235639837101599
"2019-10-07","Central","SZ",0.778690720290544,1.12769279607586
"2019-10-07","Central","UR",0.147978931350409,0.223811961245353
"2019-10-07","Central","ZG",0.821177825918648,1.48028585392845
"2019-10-07","Eastern","AI",0.05073685092909,0.0636258149508429
"2019-10-07","Eastern","AR",0.120031656960657,0.187852499590443
"2019-10-07","Eastern","GL",0.148119653580755,0.253687544227079
"2019-10-07","Eastern","GR",1.53631242288448,1.95333291188029
"2019-10-07","Eastern","SG",2.47599023621508,3.88831222329398
"2019-10-07","Eastern","SH",0.297077594206484,0.58935450387159
"2019-10-07","Eastern","TG",0.9938624039374,1.63686925642767
"2019-10-07","Espace Mittelland","BE",5.77764296525889,9.50199884304341
"2019-10-07","Espace Mittelland","FR",1.34967276569644,2.30745543643842
"2019-10-07","Espace Mittelland","JU",0.263631332866024,0.437563430383094
"2019-10-07","Espace Mittelland","NE",0.788913259291053,1.43345018458964
"2019-10-07","Espace Mittelland","SO",0.902213776651918,1.6316690696288
"2019-10-07","Lake Geneva","GE",4.42359474657422,7.59587547014107
"2019-10-07","Lake Geneva","VD",4.9503117695433,8.71313390447019
"2019-10-07","Lake Geneva","VS",2.09986168729764,2.9282489781463
"2019-10-07","Northwestern","AG",2.91201094565585,4.83226508580988
"2019-10-07","Northwestern","BL",1.12908056042042,1.86795468156163
"2019-10-07","Northwestern","BS",1.23237074798246,2.70532070877526
"2019-10-07","Ticino","TI",2.37991332489616,3.03116509335525
"2019-10-07","Zurich","ZH",10.4537489535852,21.3397312625034
"2019-10-08","9999","9999",0.01335199228785,0.0469716219348638
"2019-10-08","Central","LU",3.11206448393454,3.87118219619183
"2019-10-08","Central","NW",0.246733896165603,0.320644197781118
"2019-10-08","Central","OW",0.200803303659067,0.234008405949014
"2019-10-08","Central","SZ",0.783187707004075,1.11134449640099
"2019-10-08","Central","UR",0.160950736697029,0.213037718008485
"2019-10-08","Central","ZG",0.85644268369852,1.47933418575611
"2019-10-08","Eastern","AI",0.0571611075929357,0.0640336727389894
"2019-10-08","Eastern","AR",0.131504777407135,0.190231670021297
"2019-10-08","Eastern","GL",0.149102931319442,0.248929203365371
"2019-10-08","Eastern","GR",1.34856202145998,1.78566937280309
"2019-10-08","Eastern","SG",2.46145699955683,3.84807025486353
"2019-10-08","Eastern","SH",0.323991352218532,0.595710287736872
"2019-10-08","Eastern","TG",0.986603603945074,1.60196342739214
"2019-10-08","Espace Mittelland","BE",5.95998303454201,9.68689437366979
"2019-10-08","Espace Mittelland","FR",1.36937259348979,2.30714954309731
"2019-10-08","Espace Mittelland","JU",0.268153981268033,0.439160873386668
"2019-10-08","Espace Mittelland","NE",0.815250798244747,1.43426590016593
"2019-10-08","Espace Mittelland","SO",0.990195876141991,1.7121530064897
"2019-10-08","Lake Geneva","GE",4.90820120112445,7.69964128907533
"2019-10-08","Lake Geneva","VD",5.02275748865968,8.77574007495067
"2019-10-08","Lake Geneva","VS",2.13889446258396,2.90812799393108
"2019-10-08","Northwestern","AG",3.05141133471337,4.96356130544402
"2019-10-08","Northwestern","BL",1.07062827398728,1.84599833729975
"2019-10-08","Northwestern","BS",1.25351587747172,2.75698269527381
"2019-10-08","Ticino","TI",2.22128296796142,2.91417788445525
"2019-10-08","Zurich","ZH",10.3992801342265,21.126897473389
"2019-10-09","9999","9999",0.0128178352157524,0.0459519774644977
"2019-10-09","Central","LU",3.29543129487827,4.03925359305717
"2019-10-09","Central","NW",0.280361751252149,0.340187383463134
"2019-10-09","Central","OW",0.171734425905403,0.212629860220338
"2019-10-09","Central","SZ",0.831313934410017,1.12269653817107
"2019-10-09","Central","UR",0.171478466912225,0.213139682455521
"2019-10-09","Central","ZG",0.912526740503434,1.46329177942235
"2019-10-09","Eastern","AI",0.0659966466246909,0.061790454904184
"2019-10-09","Eastern","AR",0.146582908868264,0.18873619146476
"2019-10-09","Eastern","GL",0.14930009125074,0.243389135076382
"2019-10-09","Eastern","GR",1.55725229019409,1.89246013699943
"2019-10-09","Eastern","SG",2.63023782894957,3.89629943831185
"2019-10-09","Eastern","SH",0.325270536285077,0.579837822148173
"2019-10-09","Eastern","TG",1.01235874435858,1.58061886981247
"2019-10-09","Espace Mittelland","BE",6.12472487159238,9.51664773526767
"2019-10-09","Espace Mittelland","FR",1.48805012548166,2.38838121923648
"2019-10-09","Espace Mittelland","JU",0.28617995269031,0.44629838467923
"2019-10-09","Espace Mittelland","NE",0.799646314342244,1.40364257790594
"2019-10-09","Espace Mittelland","SO",0.978912161904366,1.62561917910463
"2019-10-09","Lake Geneva","GE",4.68508111785824,7.6349618415051
"2019-10-09","Lake Geneva","VD",5.22307970516917,8.79042295532394
"2019-10-09","Lake Geneva","VS",2.40959110482309,3.08333690208898
"2019-10-09","Northwestern","AG",3.13501805561962,4.93412756839945
"2019-10-09","Northwestern","BL",1.13747742673078,1.86244860142166
"2019-10-09","Northwestern","BS",1.24381206641884,2.70501481543415
"2019-10-09","Ticino","TI",2.50394580082221,3.09421310977288
"2019-10-09","Zurich","ZH",10.2420057349586,20.4967911788518
"2019-10-10","9999","9999",0.014013138103113,0.0468016811898027
"2019-10-10","Central","LU",3.25053645479768,4.25004809323085
"2019-10-10","Central","NW",0.277320576836067,0.338657916757585
"2019-10-10","Central","OW",0.220214489344324,0.237067339360112
"2019-10-10","Central","SZ",0.844926851206227,1.1573304620145
"2019-10-10","Central","UR",0.173434245498603,0.229453993981379
"2019-10-10","Central","ZG",1.01698057775155,1.57375326371201
"2019-10-10","Eastern","AI",0.0605054799687926,0.0637617675468918
"2019-10-10","Eastern","AR",0.141824194861979,0.19213500636598
"2019-10-10","Eastern","GL",0.156779324089766,0.249439025600554
"2019-10-10","Eastern","GR",1.57281123076728,1.90340432098136
"2019-10-10","Eastern","SG",2.69701292581167,4.04156478719
"2019-10-10","Eastern","SH",0.340791605014946,0.614641686736669
"2019-10-10","Eastern","TG",1.07022732038436,1.651722077546
"2019-10-10","Espace Mittelland","BE",6.54113791288831,10.1461762312717
"2019-10-10","Espace Mittelland","FR",1.55988801149863,2.48997179663395
"2019-10-10","Espace Mittelland","JU",0.31671948446267,0.46852663413321
"2019-10-10","Espace Mittelland","NE",0.886114417288354,1.49925124107726
"2019-10-10","Espace Mittelland","SO",1.12137839239699,1.8388948141562
"2019-10-10","Lake Geneva","GE",5.57660341194254,8.3274024013307
"2019-10-10","Lake Geneva","VD",5.66079731285115,9.35513605116168
"2019-10-10","Lake Geneva","VS",2.30218168955547,3.03126705780229
"2019-10-10","Northwestern","AG",3.3183303281328,5.18230903248655
"2019-10-10","Northwestern","BL",1.20836408764452,1.92994906535989
"2019-10-10","Northwestern","BS",1.39173899692059,2.87509151309122
"2019-10-10","Ticino","TI",2.63097319511913,3.21106436607684
"2019-10-10","Zurich","ZH",10.9045518568311,21.7526872730017
"2019-10-11","9999","9999",0.0143817649490604,0.0453741789312902
"2019-10-11","Central","LU",3.98811737335979,4.78760465800785
"2019-10-11","Central","NW",0.353671642315207,0.408809456318771
"2019-10-11","Central","OW",0.265003005526873,0.307082926325249
"2019-10-11","Central","SZ",1.05150353352209,1.37716580982543
"2019-10-11","Central","UR",0.229050200681022,0.285704380596574
"2019-10-11","Central","ZG",1.09238682082252,1.72251939193842
"2019-10-11","Eastern","AI",0.0930870054554917,0.0954727105752766
"2019-10-11","Eastern","AR",0.176132862023445,0.214839089906132
"2019-10-11","Eastern","GL",0.194420388433534,0.295323026767027
"2019-10-11","Eastern","GR",1.8916638660913,2.21929017790077
"2019-10-11","Eastern","SG",3.0376070928578,4.38406336478597
"2019-10-11","Eastern","SH",0.389188660547463,0.686832515238587
"2019-10-11","Eastern","TG",1.2009442608507,1.80426089031277
"2019-10-11","Espace Mittelland","BE",7.73579040782845,11.2016102225476
"2019-10-11","Espace Mittelland","FR",1.95140190767496,2.87210055597814
"2019-10-11","Espace Mittelland","JU",0.348023838717843,0.520494513972868
"2019-10-11","Espace Mittelland","NE",1.00890143392448,1.59944830436523
"2019-10-11","Espace Mittelland","SO",1.23437598983561,1.94735099765414
"2019-10-11","Lake Geneva","GE",5.81654435019394,8.58007030108742
"2019-10-11","Lake Geneva","VD",6.92764896636595,10.5058048359698
"2019-10-11","Lake Geneva","VS",2.81285212938189,3.63234747308309
"2019-10-11","Northwestern","AG",3.83303483394661,5.74433706455233
"2019-10-11","Northwestern","BL",1.43292534512005,2.16623467729272
"2019-10-11","Northwestern","BS",1.60898843147352,3.07881647827036
"2019-10-11","Ticino","TI",2.76305705028027,3.36479276405903
"2019-10-11","Zurich","ZH",12.3998772805034,23.0342784078048
"2019-10-12","9999","9999",0.0155057766661568,0.0378967861486057
"2019-10-12","Central","LU",4.33635381679748,4.80779361852109
"2019-10-12","Central","NW",0.41661947044997,0.458704059068684
"2019-10-12","Central","OW",0.32511553232455,0.375297141392739
"2019-10-12","Central","SZ",1.30708155655446,1.62534727391253
"2019-10-12","Central","UR",0.239831700833412,0.315036153194104
"2019-10-12","Central","ZG",1.17929552317257,1.52430050689925
"2019-10-12","Eastern","AI",0.111311311615499,0.128577167713162
"2019-10-12","Eastern","AR",0.199807948910269,0.241553775029723
"2019-10-12","Eastern","GL",0.238603440709636,0.355448062369613
"2019-10-12","Eastern","GR",2.20662198285184,2.4304925358626
"2019-10-12","Eastern","SG",3.48508642954971,4.50818808497853
"2019-10-12","Eastern","SH",0.472459226257525,0.73642122464739
"2019-10-12","Eastern","TG",1.4809631056857,2.03837126070882
"2019-10-12","Espace Mittelland","BE",8.24977202391701,11.1489965678767
"2019-10-12","Espace Mittelland","FR",2.03319724153727,2.77037402598462
"2019-10-12","Espace Mittelland","JU",0.37145297204626,0.509652294437975
"2019-10-12","Espace Mittelland","NE",1.21702279872828,1.72292724972657
"2019-10-12","Espace Mittelland","SO",1.53502978880305,2.1773148138707
"2019-10-12","Lake Geneva","GE",6.41023777702313,7.57612835556498
"2019-10-12","Lake Geneva","VD",8.10292871920328,10.8105425800132
"2019-10-12","Lake Geneva","VS",3.15150170591488,3.69967799627626
"2019-10-12","Northwestern","AG",4.94751189645215,6.54934637390635
"2019-10-12","Northwestern","BL",1.77590764693137,2.29409809387663
"2019-10-12","Northwestern","BS",1.84192975552744,2.91424586075327
"2019-10-12","Ticino","TI",3.26608475554062,3.6833636847504
"2019-10-12","Zurich","ZH",14.2707952750711,21.3296367822468
"2019-10-13","9999","9999",0.0128727339202805,0.0322547534125801
"2019-10-13","Central","LU",1.25447541628845,1.67507193591738
"2019-10-13","Central","NW",0.153501637642963,0.176500457820367
"2019-10-13","Central","OW",0.174602856783847,0.204302763712349
"2019-10-13","Central","SZ",0.384926200441784,0.609611440682863
"2019-10-13","Central","UR",0.111837198050321,0.161545672254998
"2019-10-13","Central","ZG",0.21181696122634,0.432465208031264
"2019-10-13","Eastern","AI",0.0525798480980767,0.0685880847066245
"2019-10-13","Eastern","AR",0.0710139551065814,0.1013866485034
"2019-10-13","Eastern","GL",0.0799261110977553,0.170620508041256
"2019-10-13","Eastern","GR",1.10448402194136,1.14631830173455
"2019-10-13","Eastern","SG",0.750625659808004,1.39983590521657
"2019-10-13","Eastern","SH",0.12329405525977,0.272313049885766
"2019-10-13","Eastern","TG",0.282745668462255,0.503432463168742
"2019-10-13","Espace Mittelland","BE",2.35488857730499,4.08588533350191
"2019-10-13","Espace Mittelland","FR",0.537906917165107,1.01447827171622
"2019-10-13","Espace Mittelland","JU",0.0941811535931081,0.154136255770338
"2019-10-13","Espace Mittelland","NE",0.238400743524025,0.443001534225046
"2019-10-13","Espace Mittelland","SO",0.292715291218243,0.614063888203461
"2019-10-13","Lake Geneva","GE",1.44700920265429,2.6302068994583
"2019-10-13","Lake Geneva","VD",1.68624266464081,3.25249591972271
"2019-10-13","Lake Geneva","VS",0.980596286083646,1.36958645259571
"2019-10-13","Northwestern","AG",0.869081270865027,1.81034476898595
"2019-10-13","Northwestern","BL",0.297117803914602,0.681360423247622
"2019-10-13","Northwestern","BS",0.407789582237149,1.11807414990541
"2019-10-13","Ticino","TI",1.36643649767694,1.47841650573278
"2019-10-13","Zurich","ZH",3.33894970433196,8.08306159808198
"2019-10-14","9999","9999",0.0127487565976003,0.0437087596296923
"2019-10-14","Central","LU",3.04487399509848,3.90415070073367
"2019-10-14","Central","NW",0.232017589421185,0.340051430867085
"2019-10-14","Central","OW",0.195248063060414,0.255760821316823
"2019-10-14","Central","SZ",0.78528374964629,1.20158303202839
"2019-10-14","Central","UR",0.138464181896502,0.218747727042535
"2019-10-14","Central","ZG",0.794849983034033,1.42838595038682
"2019-10-14","Eastern","AI",0.0588234665250675,0.0809937590960784
"2019-10-14","Eastern","AR",0.128210369548795,0.197437157611884
"2019-10-14","Eastern","GL",0.144300506681874,0.245428424017114
"2019-10-14","Eastern","GR",1.37980904516131,1.81085459122113
"2019-10-14","Eastern","SG",2.22496137304985,3.7304372711323
"2019-10-14","Eastern","SH",0.297697731445257,0.586363546758516
"2019-10-14","Eastern","TG",0.911813511603056,1.55859454925257
"2019-10-14","Espace Mittelland","BE",5.10168104344521,9.57595705529396
"2019-10-14","Espace Mittelland","FR",1.30503328545775,2.26772329024316
"2019-10-14","Espace Mittelland","JU",0.244193338098009,0.417238517273797
"2019-10-14","Espace Mittelland","NE",0.70456193823669,1.31347201857656
"2019-10-14","Espace Mittelland","SO",0.874148085689927,1.63282466669522
"2019-10-14","Lake Geneva","GE",4.12333515782077,7.43048913704769
"2019-10-14","Lake Geneva","VD",4.60833778059571,8.01760042308448
"2019-10-14","Lake Geneva","VS",1.92848966568013,2.80803289509014
"2019-10-14","Northwestern","AG",2.74234808334266,5.01518930379355
"2019-10-14","Northwestern","BL",1.05915350881179,1.96804978040257
"2019-10-14","Northwestern","BS",1.22734986417299,2.9048651316259
"2019-10-14","Ticino","TI",1.99663499410719,2.7536178685216
"2019-10-14","Zurich","ZH",9.3888486559022,20.5326486760596
"2019-10-15","9999","9999",0.0125902243017584,0.0445244752059852
"2019-10-15","Central","LU",3.19053288738047,3.88321400094215
"2019-10-15","Central","NW",0.26982910643005,0.328597424649973
"2019-10-15","Central","OW",0.181068043703755,0.218033975913279
"2019-10-15","Central","SZ",0.805648290750431,1.14200180681
"2019-10-15","Central","UR",0.153832944804614,0.20246740366569
"2019-10-15","Central","ZG",0.915526996411518,1.47410001080823
"2019-10-15","Eastern","AI",0.0595924908988823,0.0667867128089778
"2019-10-15","Eastern","AR",0.133576583792675,0.19244089970709
"2019-10-15","Eastern","GL",0.148623144288978,0.235843765995673
"2019-10-15","Eastern","GR",1.4391017137109,1.70800645231021
"2019-10-15","Eastern","SG",2.46373073558778,3.77965211090197
"2019-10-15","Eastern","SH",0.316205906083225,0.586533487503577
"2019-10-15","Eastern","TG",0.970975036510732,1.55271459947346
"2019-10-15","Espace Mittelland","BE",5.67662804097617,9.53921586621177
"2019-10-15","Espace Mittelland","FR",1.32465048519878,2.18537000518659
"2019-10-15","Espace Mittelland","JU",0.267837034156992,0.419549711406627
"2019-10-15","Espace Mittelland","NE",0.786783871726301,1.35901613825291
"2019-10-15","Espace Mittelland","SO",0.949221611831526,1.64495843589257
"2019-10-15","Lake Geneva","GE",4.15242068649759,7.22836161487213
"2019-10-15","Lake Geneva","VD",4.59283390711597,7.71197898716675
"2019-10-15","Lake Geneva","VS",2.07695829942728,2.76357639618218
"2019-10-15","Northwestern","AG",2.99063871551019,5.04632244828873
"2019-10-15","Northwestern","BL",1.0913598402846,1.93538716920184
"2019-10-15","Northwestern","BS",1.23777148587133,2.82781399781524
"2019-10-15","Ticino","TI",1.93242847053004,2.59197023181957
"2019-10-15","Zurich","ZH",9.76858184772827,20.2511248377916
"2019-10-16","9999","9999",0.0137228434339738,0.044490487056973
"2019-10-16","Central","LU",3.21982527205766,4.11599883352673
"2019-10-16","Central","NW",0.30628817061128,0.364862779645993
"2019-10-16","Central","OW",0.207801719553992,0.244714672887857
"2019-10-16","Central","SZ",0.861625890512575,1.23998964041218
"2019-10-16","Central","UR",0.168681754050381,0.211542239451948
"2019-10-16","Central","ZG",0.952624403415183,1.53728397982192
"2019-10-16","Eastern","AI",0.0628230480276886,0.0746379752307965
"2019-10-16","Eastern","AR",0.13343926850098,0.192542864154127
"2019-10-16","Eastern","GL",0.159956717311541,0.246651997381553
"2019-10-16","Eastern","GR",1.31975388024564,1.6923719037646
"2019-10-16","Eastern","SG",2.57230448192922,3.89456604271223
"2019-10-16","Eastern","SH",0.349071601581535,0.615457402312962
"2019-10-16","Eastern","TG",0.98830829115292,1.58106071574963
"2019-10-16","Espace Mittelland","BE",5.88670053996492,10.0502956629083
"2019-10-16","Espace Mittelland","FR",1.4167805755719,2.35728206289031
"2019-10-16","Espace Mittelland","JU",0.269161291630279,0.435796046634459
"2019-10-16","Espace Mittelland","NE",0.812245157807186,1.39188267834771
"2019-10-16","Espace Mittelland","SO",0.999662529020607,1.7405670990639
"2019-10-16","Lake Geneva","GE",4.92082729226655,7.85228206628913
"2019-10-16","Lake Geneva","VD",4.93325840078527,8.12609059473143
"2019-10-16","Lake Geneva","VS",2.11481796783573,2.88195711919168
"2019-10-16","Northwestern","AG",3.16089628833497,5.33053135032877
"2019-10-16","Northwestern","BL",1.15375483192501,2.03680780585425
"2019-10-16","Northwestern","BS",1.33569090094053,3.01726394040926
"2019-10-16","Ticino","TI",2.00694731181517,2.77513236684633
"2019-10-16","Zurich","ZH",10.2740838363094,21.3712722647867
"2019-10-17","9999","9999",0.0130861766687147,0.0447963803980828
"2019-10-17","Central","LU",3.18957071699733,4.21728351758309
"2019-10-17","Central","NW",0.247652704443369,0.333049872170572
"2019-10-17","Central","OW",0.190184897967494,0.241859668370832
"2019-10-17","Central","SZ",0.841259450138037,1.18788580797647
"2019-10-17","Central","UR",0.156492632160349,0.213037718008485
"2019-10-17","Central","ZG",1.00108467919778,1.56719355095265
"2019-10-17","Eastern","AI",0.0681486296331365,0.0776629204928826
"2019-10-17","Eastern","AR",0.146001426677098,0.203589012583093
"2019-10-17","Eastern","GL",0.151215530900293,0.249710930792651
"2019-10-17","Eastern","GR",1.27803658219564,1.71388640208932
"2019-10-17","Eastern","SG",2.5912924710098,3.95054452413532
"2019-10-17","Eastern","SH",0.356486924950706,0.623580569926878
"2019-10-17","Eastern","TG",1.03313833674281,1.60641587491274
"2019-10-17","Espace Mittelland","BE",6.15302778338498,10.0657262825598
"2019-10-17","Espace Mittelland","FR",1.41119636033063,2.30935877278311
"2019-10-17","Espace Mittelland","JU",0.294693234485956,0.458126260535476
"2019-10-17","Espace Mittelland","NE",0.869194205007254,1.43606727206358
"2019-10-17","Espace Mittelland","SO",1.08599052846776,1.81839996030184
"2019-10-17","Lake Geneva","GE",5.0956055907268,7.87100953639485
"2019-10-17","Lake Geneva","VD",4.87140553140456,7.95951467642262
"2019-10-17","Lake Geneva","VS",2.02454271276441,2.7499811365773
"2019-10-17","Northwestern","AG",3.1283836182532,5.25490771877662
"2019-10-17","Northwestern","BL",1.15935657919425,2.02144516250074
"2019-10-17","Northwestern","BS",1.41839945883403,3.03072324741809
"2019-10-17","Ticino","TI",2.15253015496085,2.91536746967068
"2019-10-17","Zurich","ZH",10.611137312993,21.5481126040972
"2019-10-18","9999","9999",0.0157118063860105,0.0490788871736203
"2019-10-18","Central","LU",4.30760981218225,4.99520427217438
"2019-10-18","Central","NW",0.353078165350379,0.392801038134023
"2019-10-18","Central","OW",0.228972498983665,0.275711864786986
"2019-10-18","Central","SZ",1.15505544837688,1.45391105029498
"2019-10-18","Central","UR",0.223467465695858,0.275507935892913
"2019-10-18","Central","ZG",1.30063266419975,1.89436347334411
"2019-10-18","Eastern","AI",0.084065134291712,0.0860919814479087
"2019-10-18","Eastern","AR",0.177366604577233,0.225035534609792
"2019-10-18","Eastern","GL",0.205247377090939,0.291584330375685
"2019-10-18","Eastern","GR",1.71345033964183,2.00445108799464
"2019-10-18","Eastern","SG",3.30884976946206,4.5613115618846
"2019-10-18","Eastern","SH",0.416152410489178,0.690469247182892
"2019-10-18","Eastern","TG",1.34177441283106,1.89178037401919
"2019-10-18","Espace Mittelland","BE",7.63127149805211,11.5659631799584
"2019-10-18","Espace Mittelland","FR",1.87336645955913,2.75548721671727
"2019-10-18","Espace Mittelland","JU",0.358001779103363,0.516381947942391
"2019-10-18","Espace Mittelland","NE",1.06181690855585,1.6394523557526
"2019-10-18","Espace Mittelland","SO",1.35251437966009,2.05047104175716
"2019-10-18","Lake Geneva","GE",5.36271592095365,8.2638785508269
"2019-10-18","Lake Geneva","VD",6.11674235559427,9.04720342111113
"2019-10-18","Lake Geneva","VS",2.69176366746404,3.35979650615423
"2019-10-18","Northwestern","AG",4.10001656986151,6.16592606489969
"2019-10-18","Northwestern","BL",1.57076545417623,2.35932135183104
"2019-10-18","Northwestern","BS",1.63833854613874,3.23706530007117
"2019-10-18","Ticino","TI",2.42109352885799,3.04343481514865
"2019-10-18","Zurich","ZH",13.0793909436921,23.6999702943578
"2019-10-19","9999","9999",0.0162612829339704,0.0393242884071182
"2019-10-19","Central","LU",4.68316319936711,4.99809326484042
"2019-10-19","Central","NW",0.453041375503783,0.465603653318161
"2019-10-19","Central","OW",0.259665162858305,0.286384143576818
"2019-10-19","Central","SZ",1.38443479849174,1.59774889691462
"2019-10-19","Central","UR",0.241916461417867,0.291618318524697
"2019-10-19","Central","ZG",1.45127379699166,1.72360701270681
"2019-10-19","Eastern","AI",0.0996641318481812,0.0964243787476183
"2019-10-19","Eastern","AR",0.203272539228226,0.238086983830478
"2019-10-19","Eastern","GL",0.235819466665527,0.319726517757788
"2019-10-19","Eastern","GR",1.99245774662799,2.15148382062143
"2019-10-19","Eastern","SG",4.02057836762268,4.84755975286537
"2019-10-19","Eastern","SH",0.523860786581386,0.769967527722434
"2019-10-19","Eastern","TG",1.6646072649317,2.16093252604682
"2019-10-19","Espace Mittelland","BE",9.02240983210853,11.5100186866843
"2019-10-19","Espace Mittelland","FR",2.05058944013413,2.73975070372463
"2019-10-19","Espace Mittelland","JU",0.408077562537619,0.524437139258284
"2019-10-19","Espace Mittelland","NE",1.38631518583341,1.85021286777726
"2019-10-19","Espace Mittelland","SO",1.72520197144894,2.32203635236466
"2019-10-19","Lake Geneva","GE",5.92660272291857,7.05247294373398
"2019-10-19","Lake Geneva","VD",7.42911763691978,9.65766456551929
"2019-10-19","Lake Geneva","VS",3.00538851206994,3.49336993177219
"2019-10-19","Northwestern","AG",5.69245968153418,7.18013243142381
"2019-10-19","Northwestern","BL",1.9772127495774,2.47824588522474
"2019-10-19","Northwestern","BS",2.02533017768317,3.16042202404866
"2019-10-19","Ticino","TI",2.97230098178926,3.22030914260816
"2019-10-19","Zurich","ZH",16.4252784674033,23.0412799665013
"2019-10-20","9999","9999",0.0110334373915519,0.0286180214682744
"2019-10-20","Central","LU",1.4842802303844,1.48361669253165
"2019-10-20","Central","NW",0.130479253629184,0.124736506874783
"2019-10-20","Central","OW",0.108535224438565,0.104513558212522
"2019-10-20","Central","SZ",0.301068995140323,0.459927632433123
"2019-10-20","Central","UR",0.0831024822379351,0.109441839819292
"2019-10-20","Central","ZG",0.206273124082111,0.427570914573507
"2019-10-20","Eastern","AI",0.0314683180727479,0.0347698764394831
"2019-10-20","Eastern","AR",0.0592022436985801,0.0733124374193206
"2019-10-20","Eastern","GL",0.0646286158637786,0.116579351111854
"2019-10-20","Eastern","GR",0.710761697223584,0.781115640598436
"2019-10-20","Eastern","SG",0.732587223689492,1.2503560258609
"2019-10-20","Eastern","SH",0.112691094356744,0.253041769395847
"2019-10-20","Eastern","TG",0.25651123052096,0.446060467636145
"2019-10-20","Espace Mittelland","BE",2.22719782464069,3.47766740692855
"2019-10-20","Espace Mittelland","FR",0.46652294894099,0.896029572408693
"2019-10-20","Espace Mittelland","JU",0.0825923225452047,0.12762549954082
"2019-10-20","Espace Mittelland","NE",0.225168616736346,0.400822241300903
"2019-10-20","Espace Mittelland","SO",0.277440352267745,0.549656345825338
"2019-10-20","Lake Geneva","GE",1.27280680213863,2.40394779148407
"2019-10-20","Lake Geneva","VD",1.32383586267135,2.65158544518697
"2019-10-20","Lake Geneva","VS",0.739773992383503,1.05716738687554
"2019-10-20","Northwestern","AG",0.815453280049178,1.67157115656913
"2019-10-20","Northwestern","BL",0.287755579579651,0.627863076702415
"2019-10-20","Northwestern","BS",0.428974091237982,1.11402956017296
"2019-10-20","Ticino","TI",0.985718829809618,1.11926373512084
"2019-10-20","Zurich","ZH",3.3717804415069,7.84861134619581
"2019-10-21","9999","9999",0.0122066421699424,0.0437087596296923
"2019-10-21","Central","LU",2.89514049425916,3.77802067974939
"2019-10-21","Central","NW",0.230210842862642,0.306912985580188
"2019-10-21","Central","OW",0.156832182547125,0.204234787414324
"2019-10-21","Central","SZ",0.720544212475303,1.07358366284844
"2019-10-21","Central","UR",0.138413782700605,0.20525443188469
"2019-10-21","Central","ZG",0.910434441577712,1.54071678287215
"2019-10-21","Eastern","AI",0.0445483779159777,0.0575079481286465
"2019-10-21","Eastern","AR",0.124196729529214,0.192338935260054
"2019-10-21","Eastern","GL",0.12501621967129,0.218951655936608
"2019-10-21","Eastern","GR",1.05629492672726,1.4937791490863
"2019-10-21","Eastern","SG",2.17993147722193,3.71990094493852
"2019-10-21","Eastern","SH",0.290570693826228,0.571306796746111
"2019-10-21","Eastern","TG",0.934204887502553,1.59965223325931
"2019-10-21","Espace Mittelland","BE",5.38725022210401,9.27013169048216
"2019-10-21","Espace Mittelland","FR",1.30170677013965,2.13629111801297
"2019-10-21","Espace Mittelland","JU",0.249864704396361,0.412752081604186
"2019-10-21","Espace Mittelland","NE",0.733139022438165,1.36713930586683
"2019-10-21","Espace Mittelland","SO",0.842149397337811,1.63673330383162
"2019-10-21","Lake Geneva","GE",3.91921141259285,6.66534792648499
"2019-10-21","Lake Geneva","VD",4.62879153650024,7.6366272608067
"2019-10-21","Lake Geneva","VS",1.94487129186888,2.71381774602831
"2019-10-21","Northwestern","AG",2.73558007048502,4.88406302490448
"2019-10-21","Northwestern","BL",1.06700369069748,1.92821566976027
"2019-10-21","Northwestern","BS",1.17883351096341,2.79858418966475
"2019-10-21","Ticino","TI",1.72449747919239,2.47318165102192
"2019-10-21","Zurich","ZH",9.80741844208864,21.7325323006374
"2019-10-22","9999","9999",0.0116906084450561,0.04197536403007
"2019-10-22","Central","LU",3.01296975335139,3.86771540499259
"2019-10-22","Central","NW",0.249414937586235,0.315613951727312
"2019-10-22","Central","OW",0.171248576873754,0.210726523875655
"2019-10-22","Central","SZ",0.766152308868422,1.08575142019481
"2019-10-22","Central","UR",0.15006785074963,0.212561883922314
"2019-10-22","Central","ZG",0.961660019814207,1.58143458538877
"2019-10-22","Eastern","AI",0.052959670849313,0.0624362297354159
"2019-10-22","Eastern","AR",0.131481610224312,0.19505798718103
"2019-10-22","Eastern","GL",0.145356066344248,0.239106628300844
"2019-10-22","Eastern","GR",0.963270898728525,1.44983247241352
"2019-10-22","Eastern","SG",2.33590734727741,3.80412357819076
"2019-10-22","Eastern","SH",0.315412896078107,0.601794166410056
"2019-10-22","Eastern","TG",0.985241987627276,1.62857614806869
"2019-10-22","Espace Mittelland","BE",5.45756625603801,9.55219933913443
"2019-10-22","Espace Mittelland","FR",1.28969432347278,2.100161715613
"2019-10-22","Espace Mittelland","JU",0.252774394476668,0.422540668519701
"2019-10-22","Espace Mittelland","NE",0.804196300489906,1.43916019362369
"2019-10-22","Espace Mittelland","SO",0.954366508207862,1.73030267806221
"2019-10-22","Lake Geneva","GE",3.9507166313356,6.74882282045896
"2019-10-22","Lake Geneva","VD",4.76828364269583,7.90306036091336
"2019-10-22","Lake Geneva","VS",1.94426206466583,2.6892783024415
"2019-10-22","Northwestern","AG",2.86714029483968,4.95679766379059
"2019-10-22","Northwestern","BL",1.0511972105772,1.94136908342799
"2019-10-22","Northwestern","BS",1.28546615988285,2.90292780713221
"2019-10-22","Ticino","TI",1.75240092547021,2.45469209795928
"2019-10-22","Zurich","ZH",10.0929788331953,22.0120168499648
"2019-10-23","9999","9999",0.012831177100789,0.045000309292156
"2019-10-23","Central","LU",3.41637882310061,4.09757725676211
"2019-10-23","Central","NW",0.268429207086681,0.334035528491925
"2019-10-23","Central","OW",0.165671962630097,0.223506067904243
"2019-10-23","Central","SZ",0.817039773898007,1.1439391313037
"2019-10-23","Central","UR",0.154217051683302,0.214159326925887
"2019-10-23","Central","ZG",1.01260036679728,1.64288515880283
"2019-10-23","Eastern","AI",0.0589637971532694,0.0710692195845153
"2019-10-23","Eastern","AR",0.142824663934774,0.200869960662116
"2019-10-23","Eastern","GL",0.153931193866452,0.245122530676004
"2019-10-23","Eastern","GR",1.02632989487985,1.50931173318487
"2019-10-23","Eastern","SG",2.43550935144549,3.9251213886742
"2019-10-23","Eastern","SH",0.336243428069189,0.606382566526703
"2019-10-23","Eastern","TG",1.00334496369509,1.64713367742935
"2019-10-23","Espace Mittelland","BE",6.0237871164281,9.83634026487644
"2019-10-23","Espace Mittelland","FR",1.31430806895003,2.11623811009577
"2019-10-23","Espace Mittelland","JU",0.270144757337995,0.440452423049131
"2019-10-23","Espace Mittelland","NE",0.842654720744067,1.5007467196338
"2019-10-23","Espace Mittelland","SO",0.9723972767564,1.75820694840123
"2019-10-23","Lake Geneva","GE",4.12978661908554,6.79949915063616
"2019-10-23","Lake Geneva","VD",4.77301876267296,7.91951062503526
"2019-10-23","Lake Geneva","VS",2.04162481337172,2.81751558866454
"2019-10-23","Northwestern","AG",3.03585188114137,5.17187467073981
"2019-10-23","Northwestern","BL",1.13898722138374,1.99955679453688
"2019-10-23","Northwestern","BS",1.40127751662462,2.99683706285292
"2019-10-23","Ticino","TI",1.83838287001898,2.58058420190048
"2019-10-23","Zurich","ZH",10.782047075692,22.7579547563356
"2019-10-24","9999","9999",0.0139626057624874,0.0485010886404129
"2019-10-24","Central","LU",3.33676637357191,4.17758535953684
"2019-10-24","Central","NW",0.272031551290735,0.331996239551193
"2019-10-24","Central","OW",0.184053571455214,0.229827863620513
"2019-10-24","Central","SZ",0.853556579815329,1.15586897160698
"2019-10-24","Central","UR",0.179048418303865,0.223438091606219
"2019-10-24","Central","ZG",1.07200377651709,1.69689232758322
"2019-10-24","Eastern","AI",0.0597074692042997,0.0652572461034286
"2019-10-24","Eastern","AR",0.144047598269396,0.198116920592128
"2019-10-24","Eastern","GL",0.159548566061228,0.2512403974982
"2019-10-24","Eastern","GR",1.10828289168124,1.56121163672651
"2019-10-24","Eastern","SG",2.69211588226414,4.0744313272848
"2019-10-24","Eastern","SH",0.334922648022938,0.615933236399132
"2019-10-24","Eastern","TG",1.07236213947085,1.71191508944661
"2019-10-24","Espace Mittelland","BE",6.34556429530174,10.5196040244687
"2019-10-24","Espace Mittelland","FR",1.43235125637735,2.20858391096193
"2019-10-24","Espace Mittelland","JU",0.298752092805071,0.46312251844027
"2019-10-24","Espace Mittelland","NE",1.00504750883921,1.62096280268996
"2019-10-24","Espace Mittelland","SO",1.0941245788314,1.89694657266904
"2019-10-24","Lake Geneva","GE",4.77360321712439,7.26381125429185
"2019-10-24","Lake Geneva","VD",5.2008409405411,8.28491721506545
"2019-10-24","Lake Geneva","VS",2.13435498703783,2.78522684710295
"2019-10-24","Northwestern","AG",3.24812135822489,5.32522919908286
"2019-10-24","Northwestern","BL",1.19604742093628,2.04958734988284
"2019-10-24","Northwestern","BS",1.47013726050656,3.06420157419511
"2019-10-24","Ticino","TI",2.05388432966311,2.75504537078012
"2019-10-24","Zurich","ZH",11.3863922492193,23.4396210729243
"2019-10-25","9999","9999",0.0154982304928473,0.0495547212597911
"2019-10-25","Central","LU",4.78808639919663,5.39908544688638
"2019-10-25","Central","NW",0.40429239887277,0.425871507122896
"2019-10-25","Central","OW",0.247432964732464,0.287913610282367
"2019-10-25","Central","SZ",1.28681494731442,1.53344331898354
"2019-10-25","Central","UR",0.246588455129426,0.297192374962698
"2019-10-25","Central","ZG",1.47180123675554,2.03949286962622
"2019-10-25","Eastern","AI",0.0896369944853451,0.0926177060582516
"2019-10-25","Eastern","AR",0.21257221295276,0.265617384530362
"2019-10-25","Eastern","GL",0.246739453000022,0.331248500272925
"2019-10-25","Eastern","GR",1.59906778248163,2.02018760098729
"2019-10-25","Eastern","SG",3.82298521078868,5.19658405507168
"2019-10-25","Eastern","SH",0.470866627331276,0.769457705487251
"2019-10-25","Eastern","TG",1.65619733477382,2.23567246572465
"2019-10-25","Espace Mittelland","BE",8.67747297742554,12.6871302514239
"2019-10-25","Espace Mittelland","FR",2.05047289542014,2.82125428505589
"2019-10-25","Espace Mittelland","JU",0.456641205622074,0.608727748808545
"2019-10-25","Espace Mittelland","NE",1.48008343412618,1.96023250612976
"2019-10-25","Espace Mittelland","SO",1.51388194551093,2.29644327615847
"2019-10-25","Lake Geneva","GE",5.33446192026881,7.86594530219203
"2019-10-25","Lake Geneva","VD",7.41122557776657,10.5958734308521
"2019-10-25","Lake Geneva","VS",2.89755195676405,3.49999762082957
"2019-10-25","Northwestern","AG",4.6981908493959,6.78678758290559
"2019-10-25","Northwestern","BL",1.69596950189973,2.55431136271405
"2019-10-25","Northwestern","BS",1.93548144000269,3.52715415189032
"2019-10-25","Ticino","TI",3.29778622178167,3.10906593089122
"2019-10-25","Zurich","ZH",15.4133303178924,27.32993859701
"2019-10-26","9999","9999",0.0180415376074903,0.0435728070336435
"2019-10-26","Central","LU",5.19232191785803,5.49955441536645
"2019-10-26","Central","NW",0.548753344952926,0.532934176511334
"2019-10-26","Central","OW",0.28400253512263,0.342838459086086
"2019-10-26","Central","SZ",1.56875288936299,1.82234258558726
"2019-10-26","Central","UR",0.261618129741291,0.313166804998433
"2019-10-26","Central","ZG",1.56152249227415,1.86693503709127
"2019-10-26","Eastern","AI",0.116283589766883,0.13024258701476
"2019-10-26","Eastern","AR",0.235726512064673,0.298823806115284
"2019-10-26","Eastern","GL",0.296552859081965,0.397831284187829
"2019-10-26","Eastern","GR",1.92109378927341,2.25582743808889
"2019-10-26","Eastern","SG",4.73671608480782,5.62870938161282
"2019-10-26","Eastern","SH",0.597992172789496,0.872475785143236
"2019-10-26","Eastern","TG",2.0624051106398,2.59139243328636
"2019-10-26","Espace Mittelland","BE",9.56112806667897,12.3956138973463
"2019-10-26","Espace Mittelland","FR",2.06030509715185,2.72557764558654
"2019-10-26","Espace Mittelland","JU",0.536049164427345,0.641696253350382
"2019-10-26","Espace Mittelland","NE",1.76698019496046,2.14145731666283
"2019-10-26","Espace Mittelland","SO",1.97604271677637,2.63177035431286
"2019-10-26","Lake Geneva","GE",5.74211074503142,6.98823534210092
"2019-10-26","Lake Geneva","VD",8.49570728667071,11.1092304335324
"2019-10-26","Lake Geneva","VS",3.06950542532855,3.60590469315159
"2019-10-26","Northwestern","AG",6.20363579329276,7.74117480716824
"2019-10-26","Northwestern","BL",2.09984842764906,2.61861694064514
"2019-10-26","Northwestern","BS",2.20366819053811,3.41196831488796
"2019-10-26","Ticino","TI",2.93125283390234,3.24756763811594
"2019-10-26","Zurich","ZH",19.1578911648122,26.2914307039421
"2019-10-27","9999","9999",0.0125824627472699,0.0329345163928242
"2019-10-27","Central","LU",1.0906490549816,1.70236441957418
"2019-10-27","Central","NW",0.186465887652783,0.180918917191954
"2019-10-27","Central","OW",0.164313882479656,0.186934819567113
"2019-10-27","Central","SZ",0.434991786556218,0.644551257867407
"2019-10-27","Central","UR",0.0959660918282669,0.14336201253347
"2019-10-27","Central","ZG",0.25161146925455,0.477907363260578
"2019-10-27","Eastern","AI",0.049235056707926,0.0686560610046489
"2019-10-27","Eastern","AR",0.0907239841357742,0.115015896257293
"2019-10-27","Eastern","GL",0.0817744066437465,0.164230736026962
"2019-10-27","Eastern","GR",0.684875738197943,0.88889206111613
"2019-10-27","Eastern","SG",1.12735636750979,1.63571365936125
"2019-10-27","Eastern","SH",0.141548252411407,0.291040519991489
"2019-10-27","Eastern","TG",0.333699725436381,0.56991328263661
"2019-10-27","Espace Mittelland","BE",2.39962880894322,4.20294051869994
"2019-10-27","Espace Mittelland","FR",0.53843446790904,1.01124939756006
"2019-10-27","Espace Mittelland","JU",0.09796768786546,0.152130954978618
"2019-10-27","Espace Mittelland","NE",0.281568379273506,0.471789496438382
"2019-10-27","Espace Mittelland","SO",0.525501854104964,0.856297426213428
"2019-10-27","Lake Geneva","GE",1.38801055682625,2.45438620461817
"2019-10-27","Lake Geneva","VD",1.62179095112943,3.24719376847681
"2019-10-27","Lake Geneva","VS",0.844039073482329,1.25423067484829
"2019-10-27","Northwestern","AG",0.954968604335873,1.91281903825774
"2019-10-27","Northwestern","BL",0.642482241146274,0.798993406978855
"2019-10-27","Northwestern","BS",0.480274559468441,1.26938938930774
"2019-10-27","Ticino","TI",1.03857882224927,1.28145518220707
"2019-10-27","Zurich","ZH",4.10781777406708,8.97518253335427
"2019-10-28","9999","9999",0.0129327273686983,0.0456800722724001
"2019-10-28","Central","LU",3.3257793057902,4.18757787534642
"2019-10-28","Central","NW",0.245041912531299,0.330976595080827
"2019-10-28","Central","OW",0.156144912952855,0.219937312257962
"2019-10-28","Central","SZ",0.846739875147133,1.19526123631212
"2019-10-28","Central","UR",0.145132261803091,0.21497504250218
"2019-10-28","Central","ZG",0.986027471039191,1.69743613796741
"2019-10-28","Eastern","AI",0.0491810978485429,0.061450573414062
"2019-10-28","Eastern","AR",0.142716268461393,0.210896464620716
"2019-10-28","Eastern","GL",0.158979458497803,0.257086359128299
"2019-10-28","Eastern","GR",1.15772205925851,1.62558519095562
"2019-10-28","Eastern","SG",2.61540240466508,4.13020587981383
"2019-10-28","Eastern","SH",0.329775613498897,0.631737725689807
"2019-10-28","Eastern","TG",1.09680532655043,1.77853186151053
"2019-10-28","Espace Mittelland","BE",5.76404480403146,10.1510365365804
"2019-10-28","Espace Mittelland","FR",1.53109199820269,2.35231979313453
"2019-10-28","Espace Mittelland","JU",0.301518154967126,0.47484842984948
"2019-10-28","Espace Mittelland","NE",0.888668340737114,1.55421007802999
"2019-10-28","Espace Mittelland","SO",1.01116839132232,1.84154588977915
"2019-10-28","Lake Geneva","GE",4.47496445397971,7.48823500221943
"2019-10-28","Lake Geneva","VD",5.38863944637294,8.97518253335427
"2019-10-28","Lake Geneva","VS",2.08028832350059,2.77863314619458
"2019-10-28","Northwestern","AG",3.17150780574483,5.42651388313923
"2019-10-28","Northwestern","BL",1.20673904056464,2.0516946151216
"2019-10-28","Northwestern","BS",1.33719789955418,2.91285234664377
"2019-10-28","Ticino","TI",2.23162027771821,2.53939056529769
"2019-10-28","Zurich","ZH",10.913115236289,23.5211246542556
"2019-10-29","9999","9999",0.0141164936569048,0.04768537306412
"2019-10-29","Central","LU",3.32807919301231,4.21568607457952
"2019-10-29","Central","NW",0.276466801926308,0.341308992380537
"2019-10-29","Central","OW",0.165869713880632,0.222622376029926
"2019-10-29","Central","SZ",0.897729047085486,1.22649634525434
"2019-10-29","Central","UR",0.172933734882694,0.216742426250815
"2019-10-29","Central","ZG",1.05668704578581,1.70481156630306
"2019-10-29","Eastern","AI",0.0594943945618806,0.0641696253350382
"2019-10-29","Eastern","AR",0.147472092443858,0.210012772746399
"2019-10-29","Eastern","GL",0.174386876453522,0.261164937009763
"2019-10-29","Eastern","GR",1.10444151744468,1.54533917113781
"2019-10-29","Eastern","SG",2.77361906526315,4.20355230538216
"2019-10-29","Eastern","SH",0.343636504520575,0.637413746574844
"2019-10-29","Eastern","TG",1.13951228153804,1.76966095461834
"2019-10-29","Espace Mittelland","BE",5.97222736841828,10.2483106190533
"2019-10-29","Espace Mittelland","FR",1.54886476359486,2.35704414584723
"2019-10-29","Espace Mittelland","JU",0.307639346815926,0.475358252084663
"2019-10-29","Espace Mittelland","NE",0.888220911791785,1.59149507749638
"2019-10-29","Espace Mittelland","SO",1.09535115114994,1.90228271206396
"2019-10-29","Lake Geneva","GE",4.49265946285023,7.69987920611841
"2019-10-29","Lake Geneva","VD",5.2707292979419,8.97222556439021
"2019-10-29","Lake Geneva","VS",2.07223130127861,2.76320252654304
"2019-10-29","Northwestern","AG",3.31232458842801,5.51267384088516
"2019-10-29","Northwestern","BL",1.19500481547282,2.0335789316981
"2019-10-29","Northwestern","BS",1.33520372437761,2.93406095162739
"2019-10-29","Ticino","TI",2.01604373619507,2.47287575768081
"2019-10-29","Zurich","ZH",11.0178649093766,23.2949675107284
"2019-10-30","9999","9999",0.0145990767266746,0.0488409701305349
"2019-10-30","Central","LU",3.92139318477637,4.68625199765346
"2019-10-30","Central","NW",0.324119523600171,0.375637022882861
"2019-10-30","Central","OW",0.199750751501157,0.243729016566504
"2019-10-30","Central","SZ",0.995045982256577,1.31908006316358
"2019-10-30","Central","UR",0.202132898669574,0.243491099523418
"2019-10-30","Central","ZG",1.11316549685773,1.82264847892837
"2019-10-30","Eastern","AI",0.0558134205633896,0.0653592105504653
"2019-10-30","Eastern","AR",0.148900347698453,0.219087608532657
"2019-10-30","Eastern","GL",0.199414596304967,0.27700341444945
"2019-10-30","Eastern","GR",1.155342269535,1.60886302164161
"2019-10-30","Eastern","SG",3.0458286349724,4.47120897885325
"2019-10-30","Eastern","SH",0.370292909435813,0.664944147274728
"2019-10-30","Eastern","TG",1.20167865193092,1.84885334181678
"2019-10-30","Espace Mittelland","BE",6.37700580037571,10.6587854946737
"2019-10-30","Espace Mittelland","FR",1.57414945277301,2.40887607309083
"2019-10-30","Espace Mittelland","JU",0.370363742431569,0.539935735207848
"2019-10-30","Espace Mittelland","NE",0.995733964566749,1.66963383207543
"2019-10-30","Espace Mittelland","SO",1.19328081444725,1.99439059588703
"2019-10-30","Lake Geneva","GE",4.9615322752789,8.09862817032957
"2019-10-30","Lake Geneva","VD",5.80332687715848,9.66497201755692
"2019-10-30","Lake Geneva","VS",2.25354463281713,2.9179505689956
"2019-10-30","Northwestern","AG",3.55930703447423,5.72856656341067
"2019-10-30","Northwestern","BL",1.24328752317937,2.09360200285365
"2019-10-30","Northwestern","BS",1.40145136839632,2.99574944208453
"2019-10-30","Ticino","TI",2.06830390379914,2.54268741575188
"2019-10-30","Zurich","ZH",11.6772762482566,23.9056665721796
"2019-10-31","9999","9999",0.0152996216336171,0.0515940102005233
"2019-10-31","Central","LU",3.64046883830445,4.88899130651125
"2019-10-31","Central","NW",0.363692596280194,0.43226127913719
"2019-10-31","Central","OW",0.218298544528005,0.286520096172866
"2019-10-31","Central","SZ",1.17976763480102,1.52766533365146
"2019-10-31","Central","UR",0.208481141441302,0.265039585997154
"2019-10-31","Central","ZG",1.28423143049166,2.06539183917352
"2019-10-31","Eastern","AI",0.0716395982714948,0.0769491693636263
"2019-10-31","Eastern","AR",0.172303619621299,0.238086983830478
"2019-10-31","Eastern","GL",0.20935488806039,0.323227297106045
"2019-10-31","Eastern","GR",1.2356513831934,1.70532138853824
"2019-10-31","Eastern","SG",3.47341045136075,5.0754842801412
"2019-10-31","Eastern","SH",0.39549613753603,0.704506352724932
"2019-10-31","Eastern","TG",1.26482962759376,1.9645150129053
"2019-10-31","Espace Mittelland","BE",6.56988286126472,10.9432663019059
"2019-10-31","Espace Mittelland","FR",1.92452236002619,2.81802541089973
"2019-10-31","Espace Mittelland","JU",0.444787604532759,0.63564636282621
"2019-10-31","Espace Mittelland","NE",1.02259359141447,1.7333276233243
"2019-10-31","Espace Mittelland","SO",1.34668598873415,2.25545356844975
"2019-10-31","Lake Geneva","GE",5.04534324019924,8.32138649895554
"2019-10-31","Lake Geneva","VD",5.81017498831861,9.59274720090599
"2019-10-31","Lake Geneva","VS",2.42611807023147,3.1747650229318
"2019-10-31","Northwestern","AG",3.79887073454854,6.11538568731855
"2019-10-31","Northwestern","BL",1.29876035952633,2.17500361973787
"2019-10-31","Northwestern","BS",1.55744392853516,3.17575067925316
"2019-10-31","Ticino","TI",2.49475965647516,3.09281959566338
"2019-10-31","Zurich","ZH",12.274906169483,25.1711813125
"2019-11-01","9999","9999",0.0165142148425773,0.0537012754392798
"2019-11-01","Central","LU",1.26483184014587,1.70725871303194
"2019-11-01","Central","NW",0.12055195914891,0.11882256894666
"2019-11-01","Central","OW",0.0926157866799327,0.107606479772633
"2019-11-01","Central","SZ",0.312690152945191,0.466147463702356
"2019-11-01","Central","UR",0.0779992444976482,0.105499214533876
"2019-11-01","Central","ZG",0.253815214234353,0.563149640983182
"2019-11-01","Eastern","AI",0.0143072430611106,0.0178777663804185
"2019-11-01","Eastern","AR",0.307473276178818,0.35524413347554
"2019-11-01","Eastern","GL",0.0572066939984861,0.11651137481383
"2019-11-01","Eastern","GR",1.74132214055042,2.07443268681076
"2019-11-01","Eastern","SG",0.685451890683933,1.32567376407194
"2019-11-01","Eastern","SH",0.514045983732917,0.86836321911276
"2019-11-01","Eastern","TG",1.92224527579691,2.58857141691835
"2019-11-01","Espace Mittelland","BE",9.09899125363269,13.4407154913225
"2019-11-01","Espace Mittelland","FR",0.656121892620836,1.12001147439911
"2019-11-01","Espace Mittelland","JU",0.0926350495893822,0.155971615816997
"2019-11-01","Espace Mittelland","NE",1.27987953628839,1.95054588366128
"2019-11-01","Espace Mittelland","SO",0.329493628627248,0.682040186227866
"2019-11-01","Lake Geneva","GE",6.04677037938772,8.97287133922144
"2019-11-01","Lake Geneva","VD",8.06958364002471,11.8327361615552
"2019-11-01","Lake Geneva","VS",0.806773727899331,1.16490981924423
"2019-11-01","Northwestern","AG",4.72054970273736,6.52705014815434
"2019-11-01","Northwestern","BL",1.91617137382299,2.70110617829775
"2019-11-01","Northwestern","BS",1.99981594699245,3.75684606291478
"2019-11-01","Ticino","TI",1.09044782630402,1.26208193727011
"2019-11-01","Zurich","ZH",16.3990844506353,28.6179534919764
"2019-11-02","9999","9999",0.0162925797772964,0.0397661343442768
"2019-11-02","Central","LU",5.58443742065969,5.90085249075352
"2019-11-02","Central","NW",0.56981851320046,0.561654162426645
"2019-11-02","Central","OW",0.295359666930159,0.32948111652429
"2019-11-02","Central","SZ",1.76159701259569,1.95452249709571
"2019-11-02","Central","UR",0.288331982691013,0.319182707373593
"2019-11-02","Central","ZG",1.76504317020074,2.0717476230388
"2019-11-02","Eastern","AI",0.116980935284311,0.115491730343464
"2019-11-02","Eastern","AR",0.219643439434266,0.26435982301691
"2019-11-02","Eastern","GL",0.297762796141436,0.379375719274203
"2019-11-02","Eastern","GR",2.02810718120912,2.2834258150868
"2019-11-02","Eastern","SG",5.16203621084716,5.81907700423016
"2019-11-02","Eastern","SH",0.585192742874499,0.858098798111075
"2019-11-02","Eastern","TG",1.91349991099079,2.47199206580649
"2019-11-02","Espace Mittelland","BE",9.6669354649888,12.5801355583335
"2019-11-02","Espace Mittelland","FR",2.48223348262003,3.09390721643177
"2019-11-02","Espace Mittelland","JU",0.509915591450208,0.639487023664589
"2019-11-02","Espace Mittelland","NE",1.73371550778598,2.15053215244908
"2019-11-02","Espace Mittelland","SO",2.05338551076846,2.73536623250205
"2019-11-02","Lake Geneva","GE",6.80718031665709,8.12782399033105
"2019-11-02","Lake Geneva","VD",9.5450812250789,12.0075372119249
"2019-11-02","Lake Geneva","VS",3.6130449440958,4.01971040737516
"2019-11-02","Northwestern","AG",6.41499997237247,8.04679624308596
"2019-11-02","Northwestern","BL",2.11348525567216,2.58707593836181
"2019-11-02","Northwestern","BS",2.11428369719902,3.34722089101972
"2019-11-02","Ticino","TI",2.9738212400515,3.30218659357855
"2019-11-02","Zurich","ZH",19.0544901616756,26.3795619743308
"2019-11-03","9999","9999",0.0111813102770418,0.0294337370445673
"2019-11-03","Central","LU",1.01100940085197,1.4219282020745
"2019-11-03","Central","NW",0.153291868122637,0.107708444219669
"2019-11-03","Central","OW",0.088673543563195,0.0936033623796055
"2019-11-03","Central","SZ",0.276046170315675,0.39320889592217
"2019-11-03","Central","UR",0.0729846654826994,0.102134387781668
"2019-11-03","Central","ZG",0.206518877923424,0.43997658896296
"2019-11-03","Eastern","AI",0.0191196496373214,0.0175038967412842
"2019-11-03","Eastern","AR",0.0646813764206019,0.0725646981410522
"2019-11-03","Eastern","GL",0.0588552607031161,0.103731830785242
"2019-11-03","Eastern","GR",0.580996894293467,0.664400336890533
"2019-11-03","Eastern","SG",0.67164632521312,1.13404857994115
"2019-11-03","Eastern","SH",0.102095088307791,0.226157143527195
"2019-11-03","Eastern","TG",0.255222393461573,0.43997658896296
"2019-11-03","Espace Mittelland","BE",1.81304209166578,3.34875035772527
"2019-11-03","Espace Mittelland","FR",0.450701779824303,0.858506655899221
"2019-11-03","Espace Mittelland","JU",0.0728473462749827,0.121881502357758
"2019-11-03","Espace Mittelland","NE",0.23989291999654,0.41666071874059
"2019-11-03","Espace Mittelland","SO",0.257160130937189,0.536332991412554
"2019-11-03","Lake Geneva","GE",1.34401909589897,2.54061413866213
"2019-11-03","Lake Geneva","VD",1.51002944194145,2.79620501923389
"2019-11-03","Lake Geneva","VS",0.643248332420032,0.94490453068824
"2019-11-03","Northwestern","AG",0.855592640757191,1.72551034905149
"2019-11-03","Northwestern","BL",0.276125078147634,0.593229152858981
"2019-11-03","Northwestern","BS",0.433210325748095,1.18278758562464
"2019-11-03","Ticino","TI",0.964503987306733,1.09360268261663
"2019-11-03","Zurich","ZH",3.5859181427695,8.04275165335351
"2019-11-04","9999","9999",0.0120786822534606,0.0442185818648754
"2019-11-04","Central","LU",2.9235449641517,4.11841199210659
"2019-11-04","Central","NW",0.235284859250964,0.337672260436231
"2019-11-04","Central","OW",0.13735230984586,0.207803543060606
"2019-11-04","Central","SZ",0.829995104542441,1.19461546148089
"2019-11-04","Central","UR",0.146000197046367,0.21497504250218
"2019-11-04","Central","ZG",0.910462730916575,1.68047605161032
"2019-11-04","Eastern","AI",0.0448827591544569,0.0580177703638295
"2019-11-04","Eastern","AR",0.126772786331137,0.208211400848752
"2019-11-04","Eastern","GL",0.154463851102339,0.247739618149943
"2019-11-04","Eastern","GR",1.1284212864634,1.53694409833179
"2019-11-04","Eastern","SG",2.50460230223605,4.03697638707335
"2019-11-04","Eastern","SH",0.302338181604139,0.608523819914472
"2019-11-04","Eastern","TG",1.00026057598245,1.71847480220597
"2019-11-04","Espace Mittelland","BE",5.32835224152304,9.74028975576796
"2019-11-04","Espace Mittelland","FR",1.42653055651752,2.33240273781338
"2019-11-04","Espace Mittelland","JU",0.271610841359673,0.446740230616389
"2019-11-04","Espace Mittelland","NE",0.817023001578192,1.49139997865544
"2019-11-04","Espace Mittelland","SO",0.971530782609013,1.78991789142962
"2019-11-04","Lake Geneva","GE",4.21939945955067,7.38385739660295
"2019-11-04","Lake Geneva","VD",5.02210971214161,8.60362408835287
"2019-11-04","Lake Geneva","VS",2.01857456294939,2.74314951862585
"2019-11-04","Northwestern","AG",3.03109520738226,5.27676209859146
"2019-11-04","Northwestern","BL",1.14082510814475,1.98776290682965
"2019-11-04","Northwestern","BS",1.27134538993053,2.82404131327489
"2019-11-04","Ticino","TI",2.02432407737155,2.54394497726533
"2019-11-04","Zurich","ZH",10.2723702440688,22.9104935691023
"2019-11-05","9999","9999",0.0131350564482938,0.0449663211431438
"2019-11-05","Central","LU",3.10350414330928,4.01916659699096
"2019-11-05","Central","NW",0.233096410250896,0.321731818549508
"2019-11-05","Central","OW",0.147362866773931,0.202875261453836
"2019-11-05","Central","SZ",0.835779561623878,1.16375422217781
"2019-11-05","Central","UR",0.16636512583663,0.204710621500495
"2019-11-05","Central","ZG",0.954583526283868,1.66273423782595
"2019-11-05","Eastern","AI",0.0495239024491335,0.0566922325523537
"2019-11-05","Eastern","AR",0.13306030727446,0.202841273304824
"2019-11-05","Eastern","GL",0.15787768978247,0.251988136776469
"2019-11-05","Eastern","GR",1.00215861674876,1.45887332005076
"2019-11-05","Eastern","SG",2.56844971489935,4.02813946833018
"2019-11-05","Eastern","SH",0.317809857555621,0.614845615630742
"2019-11-05","Eastern","TG",1.0434075273067,1.71177913685056
"2019-11-05","Espace Mittelland","BE",5.41399407960998,9.86998853239852
"2019-11-05","Espace Mittelland","FR",1.40897962590772,2.2611635774838
"2019-11-05","Espace Mittelland","JU",0.290227282242315,0.459349833899916
"2019-11-05","Espace Mittelland","NE",0.893847439644682,1.5414305340014
"2019-11-05","Espace Mittelland","SO",0.999380591141215,1.82659110421378
"2019-11-05","Lake Geneva","GE",4.28395846030135,7.37236940223683
"2019-11-05","Lake Geneva","VD",5.08478472672692,8.76265463758097
"2019-11-05","Lake Geneva","VS",2.03592516165053,2.70742797401402
"2019-11-05","Northwestern","AG",3.08364377038507,5.31849954557845
"2019-11-05","Northwestern","BL",1.10132340887144,1.96223780692148
"2019-11-05","Northwestern","BS",1.29934076089557,2.8783883635454
"2019-11-05","Ticino","TI",1.98272971498252,2.445549285875
"2019-11-05","Zurich","ZH",10.3212553611851,22.7303223911886
"2019-11-06","9999","9999",0.0136421107360246,0.0480592427032542
"2019-11-06","Central","LU",3.23760191039503,4.46546498167019
"2019-11-06","Central","NW",0.297276441943022,0.364896767795005
"2019-11-06","Central","OW",0.150450610516945,0.211814144644045
"2019-11-06","Central","SZ",0.954630150435099,1.26466503659504
"2019-11-06","Central","UR",0.168085394893775,0.215043018800205
"2019-11-06","Central","ZG",1.08437884676905,1.77625465552671
"2019-11-06","Eastern","AI",0.0529187014330371,0.0608387867318423
"2019-11-06","Eastern","AR",0.14443272722968,0.217388201082047
"2019-11-06","Eastern","GL",0.16850812940792,0.261504818499885
"2019-11-06","Eastern","GR",1.10873996578737,1.57912339125594
"2019-11-06","Eastern","SG",2.88900713533175,4.29545626031115
"2019-11-06","Eastern","SH",0.348422650257028,0.652538472885274
"2019-11-06","Eastern","TG",1.13282545172081,1.82098305962677
"2019-11-06","Espace Mittelland","BE",5.92473668387945,10.3833795232278
"2019-11-06","Espace Mittelland","FR",1.55535387348972,2.44412178361649
"2019-11-06","Espace Mittelland","JU",0.322091459174084,0.494017745892362
"2019-11-06","Espace Mittelland","NE",0.964230570689988,1.63432014525175
"2019-11-06","Espace Mittelland","SO",1.10052936503666,1.92196185034202
"2019-11-06","Lake Geneva","GE",4.77244458386177,7.7884183342952
"2019-11-06","Lake Geneva","VD",5.60340048426383,9.29011672210134
"2019-11-06","Lake Geneva","VS",2.20952659776837,2.91336216887896
"2019-11-06","Northwestern","AG",3.40118511418278,5.66616432182427
"2019-11-06","Northwestern","BL",1.16561691903278,2.04476103272311
"2019-11-06","Northwestern","BS",1.39371571838961,2.98640270110618
"2019-11-06","Ticino","TI",2.02158318347927,2.60804662630234
"2019-11-06","Zurich","ZH",11.414393408064,23.8992768001653
"2019-11-07","9999","9999",0.0125754491528759,0.0459179893154855
"2019-11-07","Central","LU",3.2295704715411,4.3655058354253
"2019-11-07","Central","NW",0.26035982981707,0.334239457385999
"2019-11-07","Central","OW",0.146140981933055,0.211236346110838
"2019-11-07","Central","SZ",0.925401025168203,1.23298808171567
"2019-11-07","Central","UR",0.169576486628351,0.215212959545266
"2019-11-07","Central","ZG",1.10944687422914,1.82618324642564
"2019-11-07","Eastern","AI",0.0543102479026798,0.0622662889903548
"2019-11-07","Eastern","AR",0.151886055586898,0.212935753561448
"2019-11-07","Eastern","GL",0.173682787547179,0.265175538593203
"2019-11-07","Eastern","GR",1.12193940554411,1.57851160457372
"2019-11-07","Eastern","SG",2.95185739187639,4.3571447507683
"2019-11-07","Eastern","SH",0.366134595920257,0.67469874604123
"2019-11-07","Eastern","TG",1.18548751277294,1.83886082600719
"2019-11-07","Espace Mittelland","BE",6.19609563890824,10.5163071740146
"2019-11-07","Espace Mittelland","FR",1.5983588377087,2.45499799130039
"2019-11-07","Espace Mittelland","JU",0.330915723980122,0.501053292737888
"2019-11-07","Espace Mittelland","NE",0.986568250103539,1.65253779312229
"2019-11-07","Espace Mittelland","SO",1.1937399757928,2.02120724545765
"2019-11-07","Lake Geneva","GE",5.03007695174009,8.06294061386676
"2019-11-07","Lake Geneva","VD",5.55271502720008,8.97253145773132
"2019-11-07","Lake Geneva","VS",2.0846325540499,2.75956579459874
"2019-11-07","Northwestern","AG",3.45279474055765,5.63747832405797
"2019-11-07","Northwestern","BL",1.20587524455603,2.04571270089545
"2019-11-07","Northwestern","BS",1.4332077881662,3.14349592584058
"2019-11-07","Ticino","TI",2.11197929872021,2.70610243620254
"2019-11-07","Zurich","ZH",11.7375038238481,24.0351614199161
"2019-11-08","9999","9999",0.0153054956657729,0.0479572782562176
"2019-11-08","Central","LU",4.05351414815665,5.15583226440605
"2019-11-08","Central","NW",0.366607713966213,0.424274064119323
"2019-11-08","Central","OW",0.199316409899472,0.247603665553895
"2019-11-08","Central","SZ",1.266474286109,1.4753915604707
"2019-11-08","Central","UR",0.218151243381645,0.267452744577021
"2019-11-08","Central","ZG",1.42966637333969,2.05074294694926
"2019-11-08","Eastern","AI",0.0785593021355314,0.0814016168842248
"2019-11-08","Eastern","AR",0.203843749695162,0.251036468604127
"2019-11-08","Eastern","GL",0.228049430074576,0.299571545393552
"2019-11-08","Eastern","GR",1.42639006141641,1.80528053478313
"2019-11-08","Eastern","SG",3.68893123657067,4.96209981503649
"2019-11-08","Eastern","SH",0.442530315791846,0.731560919338645
"2019-11-08","Eastern","TG",1.48580412271453,2.07932698026852
"2019-11-08","Espace Mittelland","BE",8.10102814868712,12.0836706657123
"2019-11-08","Espace Mittelland","FR",2.16479068550178,2.99748283768416
"2019-11-08","Espace Mittelland","JU",0.430006812663334,0.594792607713542
"2019-11-08","Espace Mittelland","NE",1.26975419293996,1.90292848689519
"2019-11-08","Espace Mittelland","SO",1.46478420801073,2.22452435284865
"2019-11-08","Lake Geneva","GE",5.80891986037175,8.77410864379808
"2019-11-08","Lake Geneva","VD",7.33717070670132,10.8185297950311
"2019-11-08","Lake Geneva","VS",2.84774464401147,3.44857355137411
"2019-11-08","Northwestern","AG",4.4336553933325,6.51406667523168
"2019-11-08","Northwestern","BL",1.63638694203122,2.3968102801915
"2019-11-08","Northwestern","BS",1.74134432872788,3.33002288761955
"2019-11-08","Ticino","TI",2.49662669409975,2.83678686915446
"2019-11-08","Zurich","ZH",14.5155021563043,26.1144884001846
"2019-11-09","9999","9999",0.0151997395908401,0.039120359513045
"2019-11-09","Central","LU",5.22307506076774,5.6498160221494
"2019-11-09","Central","NW",0.479592224061182,0.518013379094977
"2019-11-09","Central","OW",0.245517846196668,0.277173355194511
"2019-11-09","Central","SZ",1.64798118893677,1.82349818265367
"2019-11-09","Central","UR",0.286382559807428,0.311875255335969
"2019-11-09","Central","ZG",1.65508897147839,2.01233633856547
"2019-11-09","Eastern","AI",0.103479899220562,0.0982597387942772
"2019-11-09","Eastern","AR",0.222744411497694,0.265345479338264
"2019-11-09","Eastern","GL",0.290862801613293,0.368737428633384
"2019-11-09","Eastern","GR",2.01619887721635,2.17626118125132
"2019-11-09","Eastern","SG",4.93958936607042,5.66215372024083
"2019-11-09","Eastern","SH",0.583980413125929,0.856093497319355
"2019-11-09","Eastern","TG",1.94787216259233,2.50057609912576
"2019-11-09","Espace Mittelland","BE",9.49633060763491,12.4090392162061
"2019-11-09","Espace Mittelland","FR",2.31238230275195,2.98721841668247
"2019-11-09","Espace Mittelland","JU",0.469049417163453,0.595404394395762
"2019-11-09","Espace Mittelland","NE",1.55666895964081,2.10311868457706
"2019-11-09","Espace Mittelland","SO",1.94145524846868,2.57823901961864
"2019-11-09","Lake Geneva","GE",6.82166537841962,7.96899736999703
"2019-11-09","Lake Geneva","VD",9.41736916142595,11.8652628201599
"2019-11-09","Lake Geneva","VS",3.52776769935272,3.8616315263194
"2019-11-09","Northwestern","AG",6.20107218943901,7.87536001946841
"2019-11-09","Northwestern","BL",2.10976351589051,2.53714734746289
"2019-11-09","Northwestern","BS",2.25465814568075,3.45927981831295
"2019-11-09","Ticino","TI",2.80760746061137,3.1906374885205
"2019-11-09","Zurich","ZH",19.0901479373824,26.3018650656889
"2019-11-10","9999","9999",0.0128111035749019,0.0316429667303605
"2019-11-10","Central","LU",1.00075816524637,1.48076168801462
"2019-11-10","Central","NW",0.11655543214301,0.115287801449391
"2019-11-10","Central","OW",0.0932958860389516,0.0961184854065085
"2019-11-10","Central","SZ",0.3140927817555,0.452824109289573
"2019-11-10","Central","UR",0.107272797027749,0.112296844336317
"2019-11-10","Central","ZG",0.213496280447316,0.450512915156743
"2019-11-10","Eastern","AI",0.0283406348270967,0.0312011207932018
"2019-11-10","Eastern","AR",0.0777421694383607,0.0907143697135683
"2019-11-10","Eastern","GL",0.050656039910712,0.101896470738583
"2019-11-10","Eastern","GR",0.53010119778682,0.656820979660812
"2019-11-10","Eastern","SG",0.720108398449558,1.22965724311247
"2019-11-10","Eastern","SH",0.108060058313397,0.238052995681466
"2019-11-10","Eastern","TG",0.267012825209084,0.456698758276964
"2019-11-10","Espace Mittelland","BE",2.03074899192699,3.57215446118248
"2019-11-10","Espace Mittelland","FR",0.474293032524199,0.892562781209448
"2019-11-10","Espace Mittelland","JU",0.103370109643549,0.137006228668188
"2019-11-10","Espace Mittelland","NE",0.227875844592329,0.41744244616787
"2019-11-10","Espace Mittelland","SO",0.300064617878133,0.551661646617058
"2019-11-10","Lake Geneva","GE",1.43061247628687,2.64159292937738
"2019-11-10","Lake Geneva","VD",1.56349377830542,2.94337370445673
"2019-11-10","Lake Geneva","VS",0.774269207058173,1.04676701327781
"2019-11-10","Northwestern","AG",0.87524009959586,1.76751970123058
"2019-11-10","Northwestern","BL",0.273457774130204,0.5796338932541
"2019-11-10","Northwestern","BS",0.407209247440264,1.15403361156032
"2019-11-10","Ticino","TI",0.924938507792278,1.10628026219818
"2019-11-10","Zurich","ZH",3.5343482953404,8.02283459803236
"2019-11-11","9999","9999",0.0136513016383377,0.0458160248684489
"2019-11-11","Central","LU",3.02598020982959,4.01886070364985
"2019-11-11","Central","NW",0.233154410444402,0.330262843951571
"2019-11-11","Central","OW",0.14250661642171,0.208347353444801
"2019-11-11","Central","SZ",0.784573140564254,1.13935073118705
"2019-11-11","Central","UR",0.145821755697538,0.211066405365777
"2019-11-11","Central","ZG",0.903717133365635,1.67361044550986
"2019-11-11","Eastern","AI",0.0458177562648442,0.0576778888737075
"2019-11-11","Eastern","AR",0.129691463680642,0.20817741269974
"2019-11-11","Eastern","GL",0.147773602598393,0.25185218418042
"2019-11-11","Eastern","GR",1.0733941481803,1.54122660510733
"2019-11-11","Eastern","SG",2.44846493271529,4.06705589894915
"2019-11-11","Eastern","SH",0.304529242590507,0.618244430531962
"2019-11-11","Eastern","TG",1.00434935270535,1.7035200166406
"2019-11-11","Espace Mittelland","BE",5.59822836370646,9.86723549232854
"2019-11-11","Espace Mittelland","FR",1.42353808957607,2.37148910917741
"2019-11-11","Espace Mittelland","JU",0.273650442384914,0.431003717623739
"2019-11-11","Espace Mittelland","NE",0.808638764436966,1.51400209774856
"2019-11-11","Espace Mittelland","SO",0.958137049448664,1.7622855262827
"2019-11-11","Lake Geneva","GE",4.73785408063747,7.84623217576495
"2019-11-11","Lake Geneva","VD",5.07810890876198,8.84660536564111
"2019-11-11","Lake Geneva","VS",1.97609619788114,2.7550113826311
"2019-11-11","Northwestern","AG",3.00335045004113,5.25694700771735
"2019-11-11","Northwestern","BL",1.17303796762529,2.01067091926387
"2019-11-11","Northwestern","BS",1.3409949130999,2.91118692734217
"2019-11-11","Ticino","TI",1.84203788862739,2.48144077123189
"2019-11-11","Zurich","ZH",10.6217034515464,23.0108945612844
"2019-11-12","9999","9999",0.0130343520410149,0.0439806648217899
"2019-11-12","Central","LU",2.93193941036081,4.0134225998079
"2019-11-12","Central","NW",0.238728585006704,0.325708431983936
"2019-11-12","Central","OW",0.141384656699846,0.203249131092971
"2019-11-12","Central","SZ",0.846014929510616,1.17184340164272
"2019-11-12","Central","UR",0.153979823020659,0.20525443188469
"2019-11-12","Central","ZG",0.974530736983447,1.69111434225114
"2019-11-12","Eastern","AI",0.052300745418205,0.0579837822148173
"2019-11-12","Eastern","AR",0.14569040059047,0.211372298706887
"2019-11-12","Eastern","GL",0.155531107920746,0.2484533692792
"2019-11-12","Eastern","GR",1.00665541157724,1.46019885786224
"2019-11-12","Eastern","SG",2.54307149154916,4.10270946726295
"2019-11-12","Eastern","SH",0.327845684570026,0.625789799612671
"2019-11-12","Eastern","TG",1.038111492083,1.72969089137999
"2019-11-12","Espace Mittelland","BE",5.71491049480705,10.1239819699667
"2019-11-12","Espace Mittelland","FR",1.37594721754478,2.28978159895208
"2019-11-12","Espace Mittelland","JU",0.282117201845886,0.451430595180073
"2019-11-12","Espace Mittelland","NE",0.82393696063878,1.50601488273069
"2019-11-12","Espace Mittelland","SO",1.07660417360871,1.89667466747694
"2019-11-12","Lake Geneva","GE",4.59709013683155,7.4881670259214
"2019-11-12","Lake Geneva","VD",4.90422240586361,8.55111239812902
"2019-11-12","Lake Geneva","VS",1.97453280464277,2.67962566812204
"2019-11-12","Northwestern","AG",3.2663629653676,5.42423667715541
"2019-11-12","Northwestern","BL",1.10973570430627,1.96906942487294
"2019-11-12","Northwestern","BS",1.26623628599013,2.84609962198381
"2019-11-12","Ticino","TI",1.76840539180231,2.4717201606144
"2019-11-12","Zurich","ZH",10.6092955180426,23.0887274225223
"2019-11-13","9999","9999",0.0139834624926619,0.0486030530874495
"2019-11-13","Central","LU",3.12287214311013,4.3602036841794
"2019-11-13","Central","NW",0.269095717851313,0.341071075337451
"2019-11-13","Central","OW",0.145343538991671,0.206206100057032
"2019-11-13","Central","SZ",0.907992109075827,1.23584308623269
"2019-11-13","Central","UR",0.168275247529072,0.217728082572169
"2019-11-13","Central","ZG",1.07396281714932,1.75936254546765
"2019-11-13","Eastern","AI",0.0566629974981675,0.0633199216097331
"2019-11-13","Eastern","AR",0.151649292930806,0.21449920841601
"2019-11-13","Eastern","GL",0.175615915865564,0.262388510374203
"2019-11-13","Eastern","GR",1.13853532034193,1.56379473605143
"2019-11-13","Eastern","SG",2.71901310683368,4.28036552214974
"2019-11-13","Eastern","SH",0.360094876897458,0.64013279849582
"2019-11-13","Eastern","TG",1.07899408233162,1.77540495180141
"2019-11-13","Espace Mittelland","BE",5.8376073489656,10.2518793746996
"2019-11-13","Espace Mittelland","FR",1.5049684267443,2.41383834284662
"2019-11-13","Espace Mittelland","JU",0.304897681467425,0.477907363260578
"2019-11-13","Espace Mittelland","NE",0.920974750053764,1.61501487661282
"2019-11-13","Espace Mittelland","SO",1.0605420712731,1.90020943497421
"2019-11-13","Lake Geneva","GE",4.77432805311231,7.74790446067265
"2019-11-13","Lake Geneva","VD",5.46138279878264,9.17221183317801
"2019-11-13","Lake Geneva","VS",2.13281103292988,2.89847535961161
"2019-11-13","Northwestern","AG",3.38012660317169,5.56032522580027
"2019-11-13","Northwestern","BL",1.18343369267386,2.03459857616846
"2019-11-13","Northwestern","BS",1.4005948052793,2.9755944697203
"2019-11-13","Ticino","TI",1.83134767485072,2.57467026397236
"2019-11-13","Zurich","ZH",11.2121418265327,23.6081343157268
"2019-11-14","9999","9999",0.0139746592764711,0.0477193612131322
"2019-11-14","Central","LU",3.48751578827258,4.38936551603187
"2019-11-14","Central","NW",0.249240051984871,0.341478933125598
"2019-11-14","Central","OW",0.15590550306627,0.216572485505754
"2019-11-14","Central","SZ",0.891751847344932,1.19135259917572
"2019-11-14","Central","UR",0.165260780379191,0.217150284038961
"2019-11-14","Central","ZG",1.14944544613445,1.79664754493403
"2019-11-14","Eastern","AI",0.0629185793706489,0.0624702178844281
"2019-11-14","Eastern","AR",0.148821506438858,0.211984085389107
"2019-11-14","Eastern","GL",0.164592139298898,0.261436842201861
"2019-11-14","Eastern","GR",1.15846971781937,1.59530175018575
"2019-11-14","Eastern","SG",2.79377646841337,4.35500349738053
"2019-11-14","Eastern","SH",0.365372847514272,0.642613933373711
"2019-11-14","Eastern","TG",1.13436919044758,1.81775418547061
"2019-11-14","Espace Mittelland","BE",6.16981256398069,10.5877842513872
"2019-11-14","Espace Mittelland","FR",1.48909254689211,2.40343796924888
"2019-11-14","Espace Mittelland","JU",0.321614350702284,0.494459591829521
"2019-11-14","Espace Mittelland","NE",0.952210088347128,1.65124624345983
"2019-11-14","Espace Mittelland","SO",1.16338394878499,2.02073141137148
"2019-11-14","Lake Geneva","GE",5.29555752391327,8.10263877191301
"2019-11-14","Lake Geneva","VD",5.44434588906271,9.0156624188278
"2019-11-14","Lake Geneva","VS",2.04925281194912,2.75745852935998
"2019-11-14","Northwestern","AG",3.37635125697259,5.567938571179
"2019-11-14","Northwestern","BL",1.25068504039907,2.07307316085027
"2019-11-14","Northwestern","BS",1.49103921681263,3.14420967696983
"2019-11-14","Ticino","TI",2.16697512841192,2.74909744470298
"2019-11-14","Zurich","ZH",11.615536465743,24.1530663088394
"2019-11-15","9999","9999",0.0152410614490453,0.0482971597463396
"2019-11-15","Central","LU",4.1503850954783,5.08387935294722
"2019-11-15","Central","NW",0.357826094633626,0.408707491871734
"2019-11-15","Central","OW",0.204426810042967,0.249439025600554
"2019-11-15","Central","SZ",1.22857872736407,1.4717888166754
"2019-11-15","Central","UR",0.211762587268685,0.258377908790763
"2019-11-15","Central","ZG",1.3803386165723,2.06811089109449
"2019-11-15","Eastern","AI",0.0823693991088709,0.0797022094336147
"2019-11-15","Eastern","AR",0.20590249614921,0.240941988347503
"2019-11-15","Eastern","GL",0.207859296817183,0.300319284671821
"2019-11-15","Eastern","GR",1.38478435822931,1.77720632369905
"2019-11-15","Eastern","SG",3.48982934632552,4.91077771002807
"2019-11-15","Eastern","SH",0.43528072628194,0.726836566625949
"2019-11-15","Eastern","TG",1.42516159765952,2.05879813826515
"2019-11-15","Espace Mittelland","BE",8.08254349758993,12.0065175674546
"2019-11-15","Espace Mittelland","FR",2.01286279897389,2.87291627155443
"2019-11-15","Espace Mittelland","JU",0.405383958520216,0.561212316489486
"2019-11-15","Espace Mittelland","NE",1.44201919667386,1.84412898910408
"2019-11-15","Espace Mittelland","SO",1.40869960687883,2.1759212997612
"2019-11-15","Lake Geneva","GE",5.79491885801907,8.68206873627304
"2019-11-15","Lake Geneva","VD",7.03787039830719,10.7114671256426
"2019-11-15","Lake Geneva","VS",2.69469639549846,3.35177530298735
"2019-11-15","Northwestern","AG",4.2993177855978,6.40197375978944
"2019-11-15","Northwestern","BL",1.61413235667654,2.40965780051812
"2019-11-15","Northwestern","BS",1.7178369807033,3.32890127870214
"2019-11-15","Ticino","TI",2.0461294637392,2.72112519806594
"2019-11-15","Zurich","ZH",14.2986972371768,26.2223667851494
"2019-11-16","9999","9999",0.0161056719901206,0.0403779210264965
"2019-11-16","Central","LU",5.06549836422498,5.44333801690027
"2019-11-16","Central","NW",0.487732128876876,0.499047991946168
"2019-11-16","Central","OW",0.301948850752853,0.33641469892278
"2019-11-16","Central","SZ",1.60019431220051,1.79929862055698
"2019-11-16","Central","UR",0.274370465582485,0.290190816266184
"2019-11-16","Central","ZG",1.64316028459404,1.96318947509382
"2019-11-16","Eastern","AI",0.110124952921101,0.102032423334632
"2019-11-16","Eastern","AR",0.23253383852725,0.269220128325655
"2019-11-16","Eastern","GL",0.258322339527384,0.350485792613831
"2019-11-16","Eastern","GR",2.08573819179441,2.22598584325617
"2019-11-16","Eastern","SG",4.67645985177146,5.52433177599635
"2019-11-16","Eastern","SH",0.558526712378568,0.82577606840047
"2019-11-16","Eastern","TG",1.873330631879,2.43881963237059
"2019-11-16","Espace Mittelland","BE",9.34698483207808,12.4217167957876
"2019-11-16","Espace Mittelland","FR",2.24264692864461,2.90724430205676
"2019-11-16","Espace Mittelland","JU",0.473806083090527,0.586091641566419
"2019-11-16","Espace Mittelland","NE",1.77235727224781,2.08673639675318
"2019-11-16","Espace Mittelland","SO",1.91714648274096,2.56382804443747
"2019-11-16","Lake Geneva","GE",6.50138585453248,7.84086204822103
"2019-11-16","Lake Geneva","VD",9.10385700425292,11.5322129479893
"2019-11-16","Lake Geneva","VS",3.4848445290735,3.82563807651548
"2019-11-16","Northwestern","AG",6.07971284457029,7.6747959521474
"2019-11-16","Northwestern","BL",2.09060375836163,2.56314828145722
"2019-11-16","Northwestern","BS",2.26734651331177,3.42049934029003
"2019-11-16","Ticino","TI",2.73772403348156,3.15494993205769
"2019-11-16","Zurich","ZH",18.6614822641607,25.973369605486
"2019-11-17","9999","9999",0.0109869737971996,0.0296716540876527
"2019-11-17","Central","LU",1.02073175426635,1.35272833068566
"2019-11-17","Central","NW",0.128970802171576,0.101726529993522
"2019-11-17","Central","OW",0.084304121247981,0.092685682356276
"2019-11-17","Central","SZ",0.252456112002317,0.359118782462931
"2019-11-17","Central","UR",0.0916299047869904,0.0914960971408489
"2019-11-17","Central","ZG",0.192837606973028,0.421622988496371
"2019-11-17","Eastern","AI",0.016656425161069,0.0160424063337595
"2019-11-17","Eastern","AR",0.057478023375805,0.0721228522038936
"2019-11-17","Eastern","GL",0.0436918970354061,0.0857181118087745
"2019-11-17","Eastern","GR",0.465000846232652,0.572088524173391
"2019-11-17","Eastern","SG",0.589571109382675,1.08364415495605
"2019-11-17","Eastern","SH",0.104212755220383,0.213853433584778
"2019-11-17","Eastern","TG",0.242715141822025,0.426823175295238
"2019-11-17","Espace Mittelland","BE",1.82337517995146,3.13629043824999
"2019-11-17","Espace Mittelland","FR",0.438157842895932,0.809155863533503
"2019-11-17","Espace Mittelland","JU",0.0899874274956952,0.119298403032831
"2019-11-17","Espace Mittelland","NE",0.204184326079555,0.379579648168277
"2019-11-17","Espace Mittelland","SO",0.272011340704098,0.518591177628185
"2019-11-17","Lake Geneva","GE",1.32450294909113,2.46621408047442
"2019-11-17","Lake Geneva","VD",1.43200969315556,2.62181182665228
"2019-11-17","Lake Geneva","VS",0.731955929705645,0.953469544239315
"2019-11-17","Northwestern","AG",0.828150454812408,1.64638593815109
"2019-11-17","Northwestern","BL",0.269623703273626,0.567568100354768
"2019-11-17","Northwestern","BS",0.424137001978652,1.04404796135683
"2019-11-17","Ticino","TI",0.900102120832233,1.00842838119205
"2019-11-17","Zurich","ZH",3.37378731242497,7.52983649661036
"2019-11-18","9999","9999",0.0129303111834715,0.0452382263352414
"2019-11-18","Central","LU",2.86697068020317,3.94945690336693
"2019-11-18","Central","NW",0.249078288971344,0.327407839434546
"2019-11-18","Central","OW",0.15461445345477,0.226259107974232
"2019-11-18","Central","SZ",0.803482335377498,1.17282905796407
"2019-11-18","Central","UR",0.168078686749053,0.201957581430507
"2019-11-18","Central","ZG",0.914888716245427,1.63340246522842
"2019-11-18","Eastern","AI",0.0420235505064968,0.0551287776977923
"2019-11-18","Eastern","AR",0.122825761752224,0.196655430184603
"2019-11-18","Eastern","GL",0.135849007956443,0.234042394098026
"2019-11-18","Eastern","GR",1.05665013336775,1.53677415758673
"2019-11-18","Eastern","SG",2.34011195599839,3.96825234977068
"2019-11-18","Eastern","SH",0.295046259902497,0.597579635932543
"2019-11-18","Eastern","TG",0.977783960044332,1.6876475510519
"2019-11-18","Espace Mittelland","BE",5.17646328024823,9.71435679807165
"2019-11-18","Espace Mittelland","FR",1.34669486635474,2.27873545052311
"2019-11-18","Espace Mittelland","JU",0.256604776441052,0.431139670219788
"2019-11-18","Espace Mittelland","NE",0.759706435766242,1.45363914510289
"2019-11-18","Espace Mittelland","SO",0.922356616118414,1.77278786432747
"2019-11-18","Lake Geneva","GE",4.14408158541945,7.38953341748799
"2019-11-18","Lake Geneva","VD",4.76880109010445,8.52412580781333
"2019-11-18","Lake Geneva","VS",1.91685054508493,2.68333037636437
"2019-11-18","Northwestern","AG",2.8838762661442,5.1342497897833
"2019-11-18","Northwestern","BL",1.1290572287647,1.99136565062494
"2019-11-18","Northwestern","BS",1.32529752942084,2.98827204930185
"2019-11-18","Ticino","TI",1.68307168977817,2.44085892131132
"2019-11-18","Zurich","ZH",10.2141582055508,22.6485808928143
"2019-11-19","9999","9999",0.00877673605385425,0.0302834407698724
"2019-11-19","Central","LU",2.23252190249391,3.02389162946664
"2019-11-19","Central","NW",0.184009903900168,0.241723715774784
"2019-11-19","Central","OW",0.108907266055205,0.156719355095265
"2019-11-19","Central","SZ",0.621332067821403,0.897117193177083
"2019-11-19","Central","UR",0.128290338622564,0.155427805432802
"2019-11-19","Central","ZG",0.750593521020069,1.29025811280123
"2019-11-19","Eastern","AI",0.0350133630511324,0.0406158380695819
"2019-11-19","Eastern","AR",0.0888013233426907,0.14043903171842
"2019-11-19","Eastern","GL",0.108573409563599,0.182822253536637
"2019-11-19","Eastern","GR",0.777791656592865,1.14774580399306
"2019-11-19","Eastern","SG",1.90002163875966,3.13153209738828
"2019-11-19","Eastern","SH",0.24929138319387,0.474780453551456
"2019-11-19","Eastern","TG",0.801058952503348,1.31619107049754
"2019-11-19","Espace Mittelland","BE",4.24220160651882,7.87522406687236
"2019-11-19","Espace Mittelland","FR",1.03290144485801,1.81510310984766
"2019-11-19","Espace Mittelland","JU",0.214749701008826,0.342158696105842
"2019-11-19","Espace Mittelland","NE",0.654854057184416,1.22683622674446
"2019-11-19","Espace Mittelland","SO",0.749617546661363,1.40765317948938
"2019-11-19","Lake Geneva","GE",3.47797142586456,6.0110760580001
"2019-11-19","Lake Geneva","VD",3.98002452345769,7.04241245162637
"2019-11-19","Lake Geneva","VS",1.50463534170892,2.09530141030426
"2019-11-19","Northwestern","AG",2.31528861330575,4.06878929454878
"2019-11-19","Northwestern","BL",0.927872336228723,1.61226183654283
"2019-11-19","Northwestern","BS",1.09509279555164,2.35650033546303
"2019-11-19","Ticino","TI",1.27650969802513,1.91234320417157
"2019-11-19","Zurich","ZH",8.40325614519608,17.9999197879683
"2019-11-20","9999","9999",0.012402729111367,0.0456800722724001
"2019-11-20","Central","LU",3.11750077929806,4.19879396452045
"2019-11-20","Central","NW",0.271304232545226,0.337876189330304
"2019-11-20","Central","OW",0.179913087585262,0.232886797031611
"2019-11-20","Central","SZ",0.875067630179723,1.1963148689315
"2019-11-20","Central","UR",0.198198428855389,0.215246947694278
"2019-11-20","Central","ZG",1.02076688097864,1.70746264192601
"2019-11-20","Eastern","AI",0.0525978931248593,0.0584936044500004
"2019-11-20","Eastern","AR",0.14711613392726,0.2041668111163
"2019-11-20","Eastern","GL",0.156674366883206,0.252973793097823
"2019-11-20","Eastern","GR",1.21291703038837,1.5745689792883
"2019-11-20","Eastern","SG",2.62522178142658,4.16123705986197
"2019-11-20","Eastern","SH",0.338883245532151,0.617836572743816
"2019-11-20","Eastern","TG",1.07923810920748,1.72289326157755
"2019-11-20","Espace Mittelland","BE",5.96974591486224,10.0901637616996
"2019-11-20","Espace Mittelland","FR",1.48890171916748,2.35843765995673
"2019-11-20","Espace Mittelland","JU",0.299128598686151,0.461525075436697
"2019-11-20","Espace Mittelland","NE",0.870784219359356,1.55485585286122
"2019-11-20","Espace Mittelland","SO",1.05551547007234,1.85857395243427
"2019-11-20","Lake Geneva","GE",4.59929496263326,7.54407753104647
"2019-11-20","Lake Geneva","VD",5.42311374557711,8.94727826301525
"2019-11-20","Lake Geneva","VS",2.157662962579,2.82081243911873
"2019-11-20","Northwestern","AG",3.29300692125069,5.43864765233658
"2019-11-20","Northwestern","BL",1.19664978726977,2.02406224997468
"2019-11-20","Northwestern","BS",1.39071096297289,2.97202571407402
"2019-11-20","Ticino","TI",1.7966664530738,2.5132196905583
"2019-11-20","Zurich","ZH",11.1878822303702,23.2589740609244
"2019-11-21","9999","9999",0.0124801057789445,0.0468696574878271
"2019-11-21","Central","LU",3.26788092884128,4.23274812538364
"2019-11-21","Central","NW",0.250495313076457,0.331962251402181
"2019-11-21","Central","OW",0.176555784506619,0.229148100640269
"2019-11-21","Central","SZ",0.888851845501661,1.19522724816311
"2019-11-21","Central","UR",0.16972778994862,0.211984085389107
"2019-11-21","Central","ZG",1.15432894807985,1.75875075878543
"2019-11-21","Eastern","AI",0.0529616641042246,0.058765509642098
"2019-11-21","Eastern","AR",0.154323935572409,0.215382900290327
"2019-11-21","Eastern","GL",0.161213446911165,0.253449627183993
"2019-11-21","Eastern","GR",1.21061058774638,1.56569807239612
"2019-11-21","Eastern","SG",2.75962537412249,4.25154357178739
"2019-11-21","Eastern","SH",0.356087263634869,0.640336727389894
"2019-11-21","Eastern","TG",1.13754545585519,1.7545022401589
"2019-11-21","Espace Mittelland","BE",6.35944516586479,10.3813742224361
"2019-11-21","Espace Mittelland","FR",1.44616362006138,2.34181745508976
"2019-11-21","Espace Mittelland","JU",0.303485458404594,0.46281662509916
"2019-11-21","Espace Mittelland","NE",0.9552827358275,1.57878350976581
"2019-11-21","Espace Mittelland","SO",1.17716059835351,1.97583306652636
"2019-11-21","Lake Geneva","GE",4.90719828845427,7.97079874189468
"2019-11-21","Lake Geneva","VD",5.3346405182585,8.78964122789666
"2019-11-21","Lake Geneva","VS",1.99834391845023,2.69553212185975
"2019-11-21","Northwestern","AG",3.28450440068196,5.3999691387607
"2019-11-21","Northwestern","BL",1.23358353982155,2.05098086399234
"2019-11-21","Northwestern","BS",1.46476597501491,3.0505383382922
"2019-11-21","Ticino","TI",1.87404314023143,2.6530469355945
"2019-11-21","Zurich","ZH",11.7096983681747,23.5295877033596
"2019-11-22","9999","9999",0.0134963525021108,0.0459859656135099
"2019-11-22","Central","LU",4.28526130888544,5.02457003292092
"2019-11-22","Central","NW",0.348813610173232,0.409795112640125
"2019-11-22","Central","OW",0.228620942075162,0.267146851235911
"2019-11-22","Central","SZ",1.16157950876307,1.4191411738555
"2019-11-22","Central","UR",0.21299972892908,0.261912676288032
"2019-11-22","Central","ZG",1.39616424995343,2.06195903612328
"2019-11-22","Eastern","AI",0.0747020523480666,0.078580600516212
"2019-11-22","Eastern","AR",0.227216022392312,0.256814453936202
"2019-11-22","Eastern","GL",0.218060869438917,0.304193933659212
"2019-11-22","Eastern","GR",1.55150257213882,1.86475979555449
"2019-11-22","Eastern","SG",3.40603934386794,4.79708735158225
"2019-11-22","Eastern","SH",0.461329944241298,0.742097245532428
"2019-11-22","Eastern","TG",1.38326531393371,2.0034994198223
"2019-11-22","Espace Mittelland","BE",8.14603053838046,12.0079450697131
"2019-11-22","Espace Mittelland","FR",1.9235984139283,2.78356142780135
"2019-11-22","Espace Mittelland","JU",0.385101696942492,0.546971282053374
"2019-11-22","Espace Mittelland","NE",1.19562198828337,1.82394002859083
"2019-11-22","Espace Mittelland","SO",1.37923754099277,2.14645357456762
"2019-11-22","Lake Geneva","GE",5.53426957156145,8.43228982918236
"2019-11-22","Lake Geneva","VD",6.91798603466085,10.3822239261614
"2019-11-22","Lake Geneva","VS",2.77699825106958,3.3390977234058
"2019-11-22","Northwestern","AG",4.24240387294207,6.3016067557564
"2019-11-22","Northwestern","BL",1.60849334063128,2.37624745003912
"2019-11-22","Northwestern","BS",1.74428181081233,3.2948111652429
"2019-11-22","Ticino","TI",2.12279857673141,2.74427112754325
"2019-11-22","Zurich","ZH",14.2781170055279,26.0490612133361
"2019-11-23","9999","9999",0.0149979900824173,0.0393242884071182
"2019-11-23","Central","LU",4.81223505055586,5.32465140054966
"2019-11-23","Central","NW",0.474706967738175,0.493066077720021
"2019-11-23","Central","OW",0.250900151372634,0.283869020549915
"2019-11-23","Central","SZ",1.56632357763239,1.7205140911467
"2019-11-23","Central","UR",0.250579656346171,0.280198300456597
"2019-11-23","Central","ZG",1.64123391924468,1.93837812631492
"2019-11-23","Eastern","AI",0.103879008377376,0.100706885523156
"2019-11-23","Eastern","AR",0.232850844378612,0.274488291422547
"2019-11-23","Eastern","GL",0.271137339543616,0.35633175424393
"2019-11-23","Eastern","GR",2.32803125699389,2.31313145732346
"2019-11-23","Eastern","SG",4.52390451287675,5.29844653766125
"2019-11-23","Eastern","SH",0.529711581065969,0.790666310470865
"2019-11-23","Eastern","TG",1.89625031823059,2.37743703525455
"2019-11-23","Espace Mittelland","BE",9.58241894265408,12.1660239507688
"2019-11-23","Espace Mittelland","FR",2.18827532843407,2.85503850517402
"2019-11-23","Espace Mittelland","JU",0.442947560043936,0.568111910738963
"2019-11-23","Espace Mittelland","NE",1.56775108884291,2.08180811514641
"2019-11-23","Espace Mittelland","SO",1.85748473700296,2.51060260308436
"2019-11-23","Lake Geneva","GE",6.50362243926806,7.64043393349607
"2019-11-23","Lake Geneva","VD",8.93639432725604,11.5232060885011
"2019-11-23","Lake Geneva","VS",3.31114652778303,3.64495707636661
"2019-11-23","Northwestern","AG",5.97607201253274,7.48177725390711
"2019-11-23","Northwestern","BL",2.09087522088368,2.55458326790615
"2019-11-23","Northwestern","BS",2.18381405192003,3.29538896377611
"2019-11-23","Ticino","TI",2.74974254606564,3.04153147880397
"2019-11-23","Zurich","ZH",18.5107630772295,25.46089629468
"2019-11-24","9999","9999",0.0128246843372461,0.0288899266603721
"2019-11-24","Central","LU",0.994353496521753,1.41326122407639
"2019-11-24","Central","NW",0.120368031454048,0.107028681239425
"2019-11-24","Central","OW",0.129625827245333,0.135238844919553
"2019-11-24","Central","SZ",0.305239440490292,0.394126575945499
"2019-11-24","Central","UR",0.0911701364581138,0.0993813477116799
"2019-11-24","Central","ZG",0.213865874550559,0.42855657089486
"2019-11-24","Eastern","AI",0.0258257580280877,0.0249812895239688
"2019-11-24","Eastern","AR",0.0690705433159022,0.0755216671051138
"2019-11-24","Eastern","GL",0.0591484610601617,0.108252254603865
"2019-11-24","Eastern","GR",0.741169697667912,0.812112832497565
"2019-11-24","Eastern","SG",0.657128838793089,1.13962263637915
"2019-11-24","Eastern","SH",0.10314706481055,0.220956956728328
"2019-11-24","Eastern","TG",0.287948846985641,0.455305244167464
"2019-11-24","Espace Mittelland","BE",2.27863710408304,3.43572603104749
"2019-11-24","Espace Mittelland","FR",0.451242143790378,0.830160539623044
"2019-11-24","Espace Mittelland","JU",0.0811007687200989,0.124362637235649
"2019-11-24","Espace Mittelland","NE",0.218191923012334,0.396437770078329
"2019-11-24","Espace Mittelland","SO",0.300728395259802,0.555944153392595
"2019-11-24","Lake Geneva","GE",1.22302527247119,2.39704819723459
"2019-11-24","Lake Geneva","VD",1.51480396101026,2.85534439851513
"2019-11-24","Lake Geneva","VS",0.825903821565825,1.11100461491087
"2019-11-24","Northwestern","AG",0.854036100556335,1.69220196301953
"2019-11-24","Northwestern","BL",0.268555338221152,0.575827220564734
"2019-11-24","Northwestern","BS",0.388265865759874,1.04975797039088
"2019-11-24","Ticino","TI",0.856449199958191,1.01284684056363
"2019-11-24","Zurich","ZH",3.76519855401535,8.12364344800255
"2019-11-25","9999","9999",0.0132117517281412,0.0471075745309126
"2019-11-25","Central","LU",3.33856725784636,4.21354482119175
"2019-11-25","Central","NW",0.24001253878736,0.342804470937074
"2019-11-25","Central","OW",0.152637794642089,0.225171487205841
"2019-11-25","Central","SZ",0.907798175946193,1.25378882891114
"2019-11-25","Central","UR",0.146904841074594,0.207361697123447
"2019-11-25","Central","ZG",1.00288435733763,1.72537439645544
"2019-11-25","Eastern","AI",0.04597673498713,0.0587994977911102
"2019-11-25","Eastern","AR",0.134700544601493,0.214873078055144
"2019-11-25","Eastern","GL",0.157891920604373,0.261470830350873
"2019-11-25","Eastern","GR",1.20124250504336,1.6759556277917
"2019-11-25","Eastern","SG",2.71360653407287,4.35911606341101
"2019-11-25","Eastern","SH",0.332438872266183,0.643327684502968
"2019-11-25","Eastern","TG",1.18131417348313,1.88399708789539
"2019-11-25","Espace Mittelland","BE",5.72823721700856,10.0767384428397
"2019-11-25","Espace Mittelland","FR",1.49672195132121,2.40646291451097
"2019-11-25","Espace Mittelland","JU",0.293272752533914,0.47253723571665
"2019-11-25","Espace Mittelland","NE",0.883972823484781,1.57439903854324
"2019-11-25","Espace Mittelland","SO",1.04543693492814,1.90146699648766
"2019-11-25","Lake Geneva","GE",4.59966891918439,7.56922876131551
"2019-11-25","Lake Geneva","VD",5.51697591572803,8.94843386008167
"2019-11-25","Lake Geneva","VS",1.97794235919544,2.68679716756361
"2019-11-25","Northwestern","AG",3.31037987651821,5.58737979241398
"2019-11-25","Northwestern","BL",1.3064577695837,2.1575337111456
"2019-11-25","Northwestern","BS",1.35487725608701,3.02749437326193
"2019-11-25","Ticino","TI",2.42644906411141,2.5357878215024
"2019-11-25","Zurich","ZH",11.2952409174961,23.7046946470705
"2019-11-26","9999","9999",0.0148802392338223,0.0486030530874495
"2019-11-26","Central","LU",3.44138926154945,4.33386286869494
"2019-11-26","Central","NW",0.266697918345212,0.353306808981844
"2019-11-26","Central","OW",0.174849060967625,0.233362631117782
"2019-11-26","Central","SZ",0.941770801476091,1.26500491808516
"2019-11-26","Central","UR",0.187034192431813,0.219087608532657
"2019-11-26","Central","ZG",1.13760401995578,1.78033323340818
"2019-11-26","Eastern","AI",0.0582880484940671,0.064305577931087
"2019-11-26","Eastern","AR",0.151791902683484,0.224559700523621
"2019-11-26","Eastern","GL",0.173770807961023,0.272279061736754
"2019-11-26","Eastern","GR",1.27962347547866,1.65111029086378
"2019-11-26","Eastern","SG",2.96962528965391,4.51573345405924
"2019-11-26","Eastern","SH",0.38000364793061,0.680510719522317
"2019-11-26","Eastern","TG",1.24105360917042,1.91876696433488
"2019-11-26","Espace Mittelland","BE",6.34200593193445,10.5885999669635
"2019-11-26","Espace Mittelland","FR",1.57595510284555,2.42943890324322
"2019-11-26","Espace Mittelland","JU",0.317686044705841,0.477431529174407
"2019-11-26","Espace Mittelland","NE",0.959168157473184,1.63761699570594
"2019-11-26","Espace Mittelland","SO",1.17800049879931,2.01991569579519
"2019-11-26","Lake Geneva","GE",5.04062210041864,7.70212242395322
"2019-11-26","Lake Geneva","VD",5.56758102777995,9.06443541266031
"2019-11-26","Lake Geneva","VS",2.2500691794557,2.79171858356428
"2019-11-26","Northwestern","AG",3.6769224983761,5.84171311147229
"2019-11-26","Northwestern","BL",1.34184713334915,2.1798299368976
"2019-11-26","Northwestern","BS",1.45012571740681,3.13571263971678
"2019-11-26","Ticino","TI",2.05341479477677,2.49748317756565
"2019-11-26","Zurich","ZH",11.908060275261,24.1745808071642
"2019-11-27","9999","9999",0.015725113026854,0.0508462709222548
"2019-11-27","Central","LU",3.40706379465602,4.67976026119213
"2019-11-27","Central","NW",0.292173646713158,0.36635825820253
"2019-11-27","Central","OW",0.179294700808071,0.227210776146573
"2019-11-27","Central","SZ",1.03310855148376,1.35184463881134
"2019-11-27","Central","UR",0.175366614108829,0.229895839918537
"2019-11-27","Central","ZG",1.20511207463426,1.84219166461038
"2019-11-27","Eastern","AI",0.0555656812992084,0.0631159927156599
"2019-11-27","Eastern","AR",0.167485393837233,0.231867152561245
"2019-11-27","Eastern","GL",0.175979765165358,0.276833473704389
"2019-11-27","Eastern","GR",1.36759996722603,1.74705883552523
"2019-11-27","Eastern","SG",3.16276108207927,4.72805742093847
"2019-11-27","Eastern","SH",0.402125484074584,0.710046421013921
"2019-11-27","Eastern","TG",1.29747959338712,1.96223780692148
"2019-11-27","Espace Mittelland","BE",7.10083183853247,10.9905438171818
"2019-11-27","Espace Mittelland","FR",1.74214189306593,2.63724244630382
"2019-11-27","Espace Mittelland","JU",0.342255840674506,0.509380389245878
"2019-11-27","Espace Mittelland","NE",1.04492597245102,1.71143925536044
"2019-11-27","Espace Mittelland","SO",1.22785402060486,2.07630203500643
"2019-11-27","Lake Geneva","GE",5.23876237635569,8.05155458394767
"2019-11-27","Lake Geneva","VD",6.1869421776761,9.69957195325134
"2019-11-27","Lake Geneva","VS",2.50635881798762,3.01359322031594
"2019-11-27","Northwestern","AG",3.98120371583285,6.11154502648017
"2019-11-27","Northwestern","BL",1.441428453092,2.25310838616791
"2019-11-27","Northwestern","BS",1.58488066729413,3.25929354952515
"2019-11-27","Ticino","TI",2.27148190243783,2.62052027698982
"2019-11-27","Zurich","ZH",12.4336458774004,24.9098124465961
"2019-11-28","9999","9999",0.0147751097223193,0.0512881168594135
"2019-11-28","Central","LU",3.83122961072041,4.76088997288425
"2019-11-28","Central","NW",0.295307231403115,0.374413449518422
"2019-11-28","Central","OW",0.190186946046705,0.24444276769576
"2019-11-28","Central","SZ",1.13117132426574,1.37135383634434
"2019-11-28","Central","UR",0.197307490902191,0.233056737776672
"2019-11-28","Central","ZG",1.25526609626081,1.96475292994839
"2019-11-28","Eastern","AI",0.0622689584064756,0.0643395660800992
"2019-11-28","Eastern","AR",0.152261324005203,0.219359513724754
"2019-11-28","Eastern","GL",0.186082082307745,0.285602416149537
"2019-11-28","Eastern","GR",1.47459834905157,1.76435880337244
"2019-11-28","Eastern","SG",3.54822193301186,4.93365173431328
"2019-11-28","Eastern","SH",0.419592118406923,0.718747387161045
"2019-11-28","Eastern","TG",1.38235112264522,2.02763100562096
"2019-11-28","Espace Mittelland","BE",6.87476109185366,11.316864035848
"2019-11-28","Espace Mittelland","FR",1.91524774883885,2.68795276463003
"2019-11-28","Espace Mittelland","JU",0.40472168489078,0.553259089620631
"2019-11-28","Espace Mittelland","NE",1.25218594959939,1.83175730286364
"2019-11-28","Espace Mittelland","SO",1.35880788428417,2.19706192844679
"2019-11-28","Lake Geneva","GE",6.40705526947735,8.78930134640654
"2019-11-28","Lake Geneva","VD",6.82338621529988,9.76744628682871
"2019-11-28","Lake Geneva","VS",2.56447998131212,3.00472231342376
"2019-11-28","Northwestern","AG",4.13824751626242,6.14787835777421
"2019-11-28","Northwestern","BL",1.50926155712988,2.26741739690205
"2019-11-28","Northwestern","BS",1.76334382836216,3.38481178382722
"2019-11-28","Ticino","TI",2.96919690432083,3.14981772155685
"2019-11-28","Zurich","ZH",13.2430623441147,25.0851912954991
"2019-11-29","9999","9999",0.0163469028266732,0.0550947895487801
"2019-11-29","Central","LU",5.62594620623225,6.41213621634408
"2019-11-29","Central","NW",0.41321062078115,0.466657285937539
"2019-11-29","Central","OW",0.274153247789385,0.288797302156684
"2019-11-29","Central","SZ",1.74849813626946,1.84535256246852
"2019-11-29","Central","UR",0.283400247109568,0.306471139643029
"2019-11-29","Central","ZG",1.85059106684943,2.36853214021335
"2019-11-29","Eastern","AI",0.0934645177540801,0.0875534718554335
"2019-11-29","Eastern","AR",0.226913090721995,0.260791067370629
"2019-11-29","Eastern","GL",0.295177458368708,0.363231348493407
"2019-11-29","Eastern","GR",2.42348090783104,2.4530606668067
"2019-11-29","Eastern","SG",5.6434716278784,6.39816708710007
"2019-11-29","Eastern","SH",0.695169208094744,0.925803190943382
"2019-11-29","Eastern","TG",2.14275007547446,2.56117696881451
"2019-11-29","Espace Mittelland","BE",11.0033184091537,14.3559483679231
"2019-11-29","Espace Mittelland","FR",3.01774573309619,3.57582518127579
"2019-11-29","Espace Mittelland","JU",0.581391026187035,0.699917952608284
"2019-11-29","Espace Mittelland","NE",1.94625681158153,2.45221096308139
"2019-11-29","Espace Mittelland","SO",2.02726013402419,2.63513518106507
"2019-11-29","Lake Geneva","GE",8.52971600225417,10.3963629961505
"2019-11-29","Lake Geneva","VD",11.013498894,13.5150135850632
"2019-11-29","Lake Geneva","VS",4.46644185596907,4.46563492241525
"2019-11-29","Northwestern","AG",6.92030969604911,8.34752338554593
"2019-11-29","Northwestern","BL",2.38073396243252,2.74984518398125
"2019-11-29","Northwestern","BS",2.82789114370488,4.29328101877437
"2019-11-29","Ticino","TI",3.82053002198842,3.80456542412791
"2019-11-29","Zurich","ZH",20.1593970434438,29.9044049320883
"2019-11-30","9999","9999",0.017274890258688,0.0426891151593262
"2019-11-30","Central","LU",5.22419083317574,5.86295570460492
"2019-11-30","Central","NW",0.547462545966798,0.540819427082165
"2019-11-30","Central","OW",0.305105179695318,0.357691280204418
"2019-11-30","Central","SZ",1.87701458988582,1.97678473469871
"2019-11-30","Central","UR",0.290762688525251,0.332064215849218
"2019-11-30","Central","ZG",1.80344925674442,2.10532791426285
"2019-11-30","Eastern","AI",0.112079137686754,0.108524159795962
"2019-11-30","Eastern","AR",0.231223839288015,0.282611459036463
"2019-11-30","Eastern","GL",0.304575173605943,0.392631097388962
"2019-11-30","Eastern","GR",2.87241968305626,2.77513236684633
"2019-11-30","Eastern","SG",5.7390869185903,6.15321449716913
"2019-11-30","Eastern","SH",0.688054787896786,0.926584918370663
"2019-11-30","Eastern","TG",2.26370719011728,2.73013205755417
"2019-11-30","Espace Mittelland","BE",10.8532259892856,13.3443590888729
"2019-11-30","Espace Mittelland","FR",2.6755425785741,3.18873415217582
"2019-11-30","Espace Mittelland","JU",0.593605813681566,0.675038627531352
"2019-11-30","Espace Mittelland","NE",1.98952795952566,2.31931730044368
"2019-11-30","Espace Mittelland","SO",2.21808570484687,2.82896959488166
"2019-11-30","Lake Geneva","GE",7.50666723991999,8.4488420577513
"2019-11-30","Lake Geneva","VD",10.7068504455005,12.731892643673
"2019-11-30","Lake Geneva","VS",4.29639083761102,4.39534743025802
"2019-11-30","Northwestern","AG",7.10789857333739,8.38864904585069
"2019-11-30","Northwestern","BL",2.55276654637811,2.87628109830664
"2019-11-30","Northwestern","BS",2.76919839397539,3.85072133048649
"2019-11-30","Ticino","TI",3.40521168490515,3.58690531785377
"2019-11-30","Zurich","ZH",21.370002853644,27.9583794722456
"2019-12-01","9999","9999",0.0139270482878377,0.0311671326441896
"2019-12-01","Central","LU",0.930686953140578,1.41159580477479
"2019-12-01","Central","NW",0.12439385421632,0.113860299190878
"2019-12-01","Central","OW",0.157737331742118,0.158418762545876
"2019-12-01","Central","SZ",0.409315706699502,0.488341725007324
"2019-12-01","Central","UR",0.11658374106198,0.101352660354388
"2019-12-01","Central","ZG",0.202443466581693,0.413907678670601
"2019-12-01","Eastern","AI",0.0363166267334949,0.0264427799314935
"2019-12-01","Eastern","AR",0.069521167734723,0.0799741146257123
"2019-12-01","Eastern","GL",0.048086327063518,0.0963903905986061
"2019-12-01","Eastern","GR",0.947713226946283,0.93997624908147
"2019-12-01","Eastern","SG",0.758306790964268,1.2347554654643
"2019-12-01","Eastern","SH",0.119133294230815,0.232682868137538
"2019-12-01","Eastern","TG",0.330319576288673,0.509754258885012
"2019-12-01","Espace Mittelland","BE",2.14949749789139,3.71809957304087
"2019-12-01","Espace Mittelland","FR",0.459306199186856,0.849805689752097
"2019-12-01","Espace Mittelland","JU",0.0796591324202531,0.12793139288193
"2019-12-01","Espace Mittelland","NE",0.232477506558876,0.40401712730805
"2019-12-01","Espace Mittelland","SO",0.306932148588562,0.553904864451863
"2019-12-01","Lake Geneva","GE",1.35184836231416,2.55468523235318
"2019-12-01","Lake Geneva","VD",1.60365947034157,2.85459665923686
"2019-12-01","Lake Geneva","VS",0.947563008363952,1.23574112178566
"2019-12-01","Northwestern","AG",0.979006009358109,1.8288683101976
"2019-12-01","Northwestern","BL",0.302785704533982,0.61450573414062
"2019-12-01","Northwestern","BS",0.496534307322008,1.21378477752377
"2019-12-01","Ticino","TI",1.21693986914231,1.25610002304397
"2019-12-01","Zurich","ZH",5.57324573292584,9.88824016841808
"2019-12-02","9999","9999",0.0125709888044589,0.0458500130174611
"2019-12-02","Central","LU",3.26442874056322,4.31561123267539
"2019-12-02","Central","NW",0.242555375979431,0.347800728841867
"2019-12-02","Central","OW",0.155339876845903,0.230541614749769
"2019-12-02","Central","SZ",0.973207818789491,1.27839624879597
"2019-12-02","Central","UR",0.160038891105379,0.209299021617143
"2019-12-02","Central","ZG",1.04299610226247,1.7731617339666
"2019-12-02","Eastern","AI",0.0499749928745053,0.0629800401196111
"2019-12-02","Eastern","AR",0.137296573112745,0.215484864737363
"2019-12-02","Eastern","GL",0.159993159807035,0.258241956194714
"2019-12-02","Eastern","GR",1.42824611068485,1.78566937280309
"2019-12-02","Eastern","SG",2.90629289646595,4.47464178190349
"2019-12-02","Eastern","SH",0.370717492312077,0.67299933859062
"2019-12-02","Eastern","TG",1.21190935975215,1.91084772561503
"2019-12-02","Espace Mittelland","BE",5.91967848430171,10.4434365825324
"2019-12-02","Espace Mittelland","FR",1.61858520591245,2.54567837286495
"2019-12-02","Espace Mittelland","JU",0.309225644863683,0.48286963301636
"2019-12-02","Espace Mittelland","NE",0.925290703012275,1.62351191386587
"2019-12-02","Espace Mittelland","SO",1.11016812705745,1.96036845872581
"2019-12-02","Lake Geneva","GE",4.95613641283672,7.93106659569941
"2019-12-02","Lake Geneva","VD",5.83357818975307,9.41991746317894
"2019-12-02","Lake Geneva","VS",2.26311251093387,2.98018286983695
"2019-12-02","Northwestern","AG",3.49934562694381,5.7203074432007
"2019-12-02","Northwestern","BL",1.39966107304384,2.23159388784319
"2019-12-02","Northwestern","BS",1.54604534955674,3.14363187843663
"2019-12-02","Ticino","TI",2.14553242045365,2.67473137466428
"2019-12-02","Zurich","ZH",11.8903232279003,24.0017170812881
"2019-12-03","9999","9999",0.0137334088598113,0.0469036456368393
"2019-12-03","Central","LU",2.95656393272906,4.28294862147466
"2019-12-03","Central","NW",0.25171500886135,0.348446503673099
"2019-12-03","Central","OW",0.176785960414654,0.242675383947125
"2019-12-03","Central","SZ",0.938033021670632,1.24648137687351
"2019-12-03","Central","UR",0.201381891910391,0.221874636751657
"2019-12-03","Central","ZG",1.08041337772916,1.78842241287308
"2019-12-03","Eastern","AI",0.0582512222284718,0.0646794475702212
"2019-12-03","Eastern","AR",0.151876281197391,0.220005288555986
"2019-12-03","Eastern","GL",0.16198271799433,0.25817397989669
"2019-12-03","Eastern","GR",1.39615314803266,1.74433978360425
"2019-12-03","Eastern","SG",2.8746504172558,4.41777960860607
"2019-12-03","Eastern","SH",0.364282576237879,0.67469874604123
"2019-12-03","Eastern","TG",1.17577664896545,1.86091913471611
"2019-12-03","Espace Mittelland","BE",5.9616106231198,10.4018010999925
"2019-12-03","Espace Mittelland","FR",1.55038843271177,2.42790943653767
"2019-12-03","Espace Mittelland","JU",0.316788864614473,0.489497322073739
"2019-12-03","Espace Mittelland","NE",1.11482745635568,1.64628397370405
"2019-12-03","Espace Mittelland","SO",1.11114692095159,1.94174295306712
"2019-12-03","Lake Geneva","GE",5.10196596533294,7.89041676948082
"2019-12-03","Lake Geneva","VD",5.77812245467173,9.3256683259681
"2019-12-03","Lake Geneva","VS",2.3539177760106,2.96325677162887
"2019-12-03","Northwestern","AG",3.41843334025151,5.67758433989237
"2019-12-03","Northwestern","BL",1.29488491590326,2.16062663270571
"2019-12-03","Northwestern","BS",1.58432288094868,3.17914949415438
"2019-12-03","Ticino","TI",2.01451958540752,2.58439087458985
"2019-12-03","Zurich","ZH",11.9736104249534,24.0281258730706
"2019-12-04","9999","9999",0.0139523927785792,0.0460199537625221
"2019-12-04","Central","LU",3.45993873846552,4.67051548466081
"2019-12-04","Central","NW",0.271909077720287,0.361871822532919
"2019-12-04","Central","OW",0.178878874155742,0.258343920641751
"2019-12-04","Central","SZ",1.00031749927006,1.34056057333929
"2019-12-04","Central","UR",0.180882941202461,0.219801359661913
"2019-12-04","Central","ZG",1.15958897940246,1.84946512849899
"2019-12-04","Eastern","AI",0.0656910990520538,0.0688939780477343
"2019-12-04","Eastern","AR",0.164006576613394,0.229420005832366
"2019-12-04","Eastern","GL",0.180615042259922,0.270647630584168
"2019-12-04","Eastern","GR",1.40786686492021,1.84790167364443
"2019-12-04","Eastern","SG",3.06152050880929,4.62215034861644
"2019-12-04","Eastern","SH",0.399997349636691,0.706715582410725
"2019-12-04","Eastern","TG",1.25095102832315,1.92889543274051
"2019-12-04","Espace Mittelland","BE",6.62019728312933,10.8849766263499
"2019-12-04","Espace Mittelland","FR",1.67069928633681,2.59822405123781
"2019-12-04","Espace Mittelland","JU",0.349323264699197,0.526782321540125
"2019-12-04","Espace Mittelland","NE",1.04513880821613,1.75110342525768
"2019-12-04","Espace Mittelland","SO",1.18600273196536,2.03235535833366
"2019-12-04","Lake Geneva","GE",5.35759912986317,8.23906720204799
"2019-12-04","Lake Geneva","VD",6.27068824628918,9.97953233666485
"2019-12-04","Lake Geneva","VS",2.51492910530733,3.18322807203584
"2019-12-04","Northwestern","AG",3.68244191129462,5.96821700209571
"2019-12-04","Northwestern","BL",1.36975697057396,2.21643517338374
"2019-12-04","Northwestern","BS",1.65696007393323,3.26721278824499
"2019-12-04","Ticino","TI",2.18803391746054,2.7199016247015
"2019-12-04","Zurich","ZH",12.5571095551287,24.5859053865098
"2019-12-05","9999","9999",0.0151394054485572,0.0496566857068277
"2019-12-05","Central","LU",3.4460085338644,4.6660290489912
"2019-12-05","Central","NW",0.287192295140103,0.359560628400089
"2019-12-05","Central","OW",0.186811527452894,0.26728280383196
"2019-12-05","Central","SZ",1.02214811656384,1.33559830358351
"2019-12-05","Central","UR",0.18883261352878,0.231085425133964
"2019-12-05","Central","ZG",1.17163496287692,1.92138405180882
"2019-12-05","Eastern","AI",0.0624997060536409,0.0687240373026733
"2019-12-05","Eastern","AR",0.172425768161968,0.235197991164441
"2019-12-05","Eastern","GL",0.185284204687981,0.281455861970048
"2019-12-05","Eastern","GR",1.54442382298014,1.91295499085379
"2019-12-05","Eastern","SG",3.30212362670562,4.8211849492319
"2019-12-05","Eastern","SH",0.417991425064363,0.729691571142974
"2019-12-05","Eastern","TG",1.34684560968395,2.03181154794946
"2019-12-05","Espace Mittelland","BE",6.90522570621991,11.3244094049287
"2019-12-05","Espace Mittelland","FR",1.72586789481035,2.65080371775969
"2019-12-05","Espace Mittelland","JU",0.366893524790806,0.546733365010288
"2019-12-05","Espace Mittelland","NE",1.15680032962875,1.83733135930164
"2019-12-05","Espace Mittelland","SO",1.36641255903789,2.22350470837828
"2019-12-05","Lake Geneva","GE",5.65129108074387,8.75810022561333
"2019-12-05","Lake Geneva","VD",6.2664044321186,9.80381360627177
"2019-12-05","Lake Geneva","VS",2.49348350340921,3.15362439424621
"2019-12-05","Northwestern","AG",3.80858260868956,6.06450542824728
"2019-12-05","Northwestern","BL",1.46670104567993,2.30347882300399
"2019-12-05","Northwestern","BS",1.77741276977075,3.37984951407143
"2019-12-05","Ticino","TI",2.45469078806904,2.9508171090904
"2019-12-05","Zurich","ZH",13.0850294389065,25.288372450294
"2019-12-06","9999","9999",0.016468593192834,0.0476513849151078
"2019-12-06","Central","LU",4.20657191651777,5.27526662003493
"2019-12-06","Central","NW",0.356835431278509,0.423594301139079
"2019-12-06","Central","OW",0.240284678781117,0.305893341109822
"2019-12-06","Central","SZ",1.25871985877949,1.52834509663171
"2019-12-06","Central","UR",0.24634868888489,0.283699079804854
"2019-12-06","Central","ZG",1.49996471077282,2.08517294189862
"2019-12-06","Eastern","AI",0.0892666641700725,0.0896947252432022
"2019-12-06","Eastern","AR",0.216851746911905,0.263408154844569
"2019-12-06","Eastern","GL",0.23719758118164,0.323737119341228
"2019-12-06","Eastern","GR",2.11302808758152,2.34793532191196
"2019-12-06","Eastern","SG",3.84310841923972,5.26384660196683
"2019-12-06","Eastern","SH",0.503152677252474,0.812384737689662
"2019-12-06","Eastern","TG",1.56968453435903,2.19492067505902
"2019-12-06","Espace Mittelland","BE",8.57245066309345,12.3840239385331
"2019-12-06","Espace Mittelland","FR",2.17770446324275,3.05662221696539
"2019-12-06","Espace Mittelland","JU",0.463696666201274,0.617190797912584
"2019-12-06","Espace Mittelland","NE",1.32796455148473,1.96665626629307
"2019-12-06","Espace Mittelland","SO",1.51987018843194,2.31785581003616
"2019-12-06","Lake Geneva","GE",6.36393656441573,9.15790282244387
"2019-12-06","Lake Geneva","VD",8.06208315102132,11.5551209604235
"2019-12-06","Lake Geneva","VS",3.42625376429029,3.95900757323936
"2019-12-06","Northwestern","AG",4.58725530353343,6.73223660374101
"2019-12-06","Northwestern","BL",1.75298338275072,2.5675327526798
"2019-12-06","Northwestern","BS",1.96749280060018,3.52276968066775
"2019-12-06","Ticino","TI",2.74427034861758,3.07959820569764
"2019-12-06","Zurich","ZH",15.5773087343956,27.137769602495
"2019-12-07","9999","9999",0.0156315749388052,0.0390523832150206
"2019-12-07","Central","LU",5.19083901060826,5.46702775676177
"2019-12-07","Central","NW",0.471379970749434,0.49197845695163
"2019-12-07","Central","OW",0.319777826716733,0.371558445001397
"2019-12-07","Central","SZ",1.64149088073934,1.78978193883357
"2019-12-07","Central","UR",0.291210462080465,0.326728076454302
"2019-12-07","Central","ZG",1.78163364956081,2.00873359477018
"2019-12-07","Eastern","AI",0.111869458234921,0.103459925593144
"2019-12-07","Eastern","AR",0.22706294119831,0.267622685322082
"2019-12-07","Eastern","GL",0.296444964859327,0.370096954593872
"2019-12-07","Eastern","GR",3.04918698362876,3.00006593700908
"2019-12-07","Eastern","SG",5.05218180801511,5.70977111700692
"2019-12-07","Eastern","SH",0.605402581551763,0.872407808845212
"2019-12-07","Eastern","TG",2.06821014641389,2.55699642648601
"2019-12-07","Espace Mittelland","BE",9.86312236677663,12.773562114362
"2019-12-07","Espace Mittelland","FR",2.36675947154497,3.04261909957236
"2019-12-07","Espace Mittelland","JU",0.534797925089776,0.641118454817174
"2019-12-07","Espace Mittelland","NE",1.68174730307618,2.1854039933356
"2019-12-07","Espace Mittelland","SO",2.01342261381845,2.62806564607053
"2019-12-07","Lake Geneva","GE",7.08984943081627,8.3349137822624
"2019-12-07","Lake Geneva","VD",9.95277148526434,12.269415900064
"2019-12-07","Lake Geneva","VS",4.20397215212207,4.51372815326752
"2019-12-07","Northwestern","AG",6.35062221292594,7.77149223608712
"2019-12-07","Northwestern","BL",2.21153995361794,2.66552058628198
"2019-12-07","Northwestern","BS",2.5006116845065,3.66810300584392
"2019-12-07","Ticino","TI",3.15402521754116,3.37305188426899
"2019-12-07","Zurich","ZH",19.6120376807258,26.2348064476878
"2019-12-08","9999","9999",0.0127784674522443,0.0293317725975307
"2019-12-08","Central","LU",2.23473747385845,2.50424681921907
"2019-12-08","Central","NW",0.116045617060166,0.10169254184451
"2019-12-08","Central","OW",0.128778059512459,0.168105385014353
"2019-12-08","Central","SZ",0.541157418591093,0.706035819430481
"2019-12-08","Central","UR",0.134272613526901,0.112942619167549
"2019-12-08","Central","ZG",0.213854337951405,0.491740539908545
"2019-12-08","Eastern","AI",0.0535787742584263,0.042145304775131
"2019-12-08","Eastern","AR",0.0728398588419948,0.0817414983743468
"2019-12-08","Eastern","GL",0.0606491000550017,0.112874642869524
"2019-12-08","Eastern","GR",1.4174205200471,1.26779194630416
"2019-12-08","Eastern","SG",0.819641731265715,1.35361202255997
"2019-12-08","Eastern","SH",0.176276458613525,0.323499202298143
"2019-12-08","Eastern","TG",0.273831840329928,0.474950394296517
"2019-12-08","Espace Mittelland","BE",2.45645117676581,3.5162439560574
"2019-12-08","Espace Mittelland","FR",0.469739819574873,0.878287758624323
"2019-12-08","Espace Mittelland","JU",0.077831654444222,0.125552222451076
"2019-12-08","Espace Mittelland","NE",0.212199254987103,0.412582140859125
"2019-12-08","Espace Mittelland","SO",0.277324504605568,0.555060461518278
"2019-12-08","Lake Geneva","GE",1.37717390734396,2.54737778031556
"2019-12-08","Lake Geneva","VD",1.68870984429871,3.02025489752233
"2019-12-08","Lake Geneva","VS",1.69513221344023,2.05607908634417
"2019-12-08","Northwestern","AG",0.874921300206679,1.74202858947142
"2019-12-08","Northwestern","BL",0.372563054475105,0.692270619080539
"2019-12-08","Northwestern","BS",0.457089543084375,1.19029896655634
"2019-12-08","Ticino","TI",1.57808667163424,1.83430641403955
"2019-12-08","Zurich","ZH",5.8892963726751,10.1476717098282
"2019-12-09","9999","9999",0.013315330495155,0.045510131527339
"2019-12-09","Central","LU",3.17081437624884,4.12391807224657
"2019-12-09","Central","NW",0.240092554853386,0.339541608631902
"2019-12-09","Central","OW",0.15817531524374,0.228638278405086
"2019-12-09","Central","SZ",0.876012201962524,1.23003111275161
"2019-12-09","Central","UR",0.185956883186377,0.221126897473389
"2019-12-09","Central","ZG",1.03158493719115,1.75236098677113
"2019-12-09","Eastern","AI",0.0464936654809254,0.0608047985828301
"2019-12-09","Eastern","AR",0.129826942358283,0.198184896890152
"2019-12-09","Eastern","GL",0.159635740614441,0.256882430234226
"2019-12-09","Eastern","GR",1.5175162052897,1.85357769452947
"2019-12-09","Eastern","SG",2.60490758861006,4.25164553623443
"2019-12-09","Eastern","SH",0.333270983745351,0.628406887086611
"2019-12-09","Eastern","TG",1.11730637232983,1.81890978253702
"2019-12-09","Espace Mittelland","BE",5.7412935300978,10.0249405037452
"2019-12-09","Espace Mittelland","FR",1.51202779942892,2.44605910811018
"2019-12-09","Espace Mittelland","JU",0.298094839515117,0.475528192829724
"2019-12-09","Espace Mittelland","NE",0.881247284312559,1.57032046066178
"2019-12-09","Espace Mittelland","SO",0.993317877240537,1.80840744449225
"2019-12-09","Lake Geneva","GE",4.92730228490413,7.88902325537132
"2019-12-09","Lake Geneva","VD",5.3926478585039,9.09675814237092
"2019-12-09","Lake Geneva","VS",2.24918860329523,2.99197675754418
"2019-12-09","Northwestern","AG",3.17165517346356,5.40489742036747
"2019-12-09","Northwestern","BL",1.2301961656143,2.08775604122355
"2019-12-09","Northwestern","BS",1.47015167146544,3.12429262164868
"2019-12-09","Ticino","TI",2.10126325878217,2.62806564607053
"2019-12-09","Zurich","ZH",11.0809866754355,23.1474929321644
"2019-12-10","9999","9999",0.0162577467666126,0.0494187686637423
"2019-12-10","Central","LU",3.3071354527575,4.31955385796081
"2019-12-10","Central","NW",0.25928716888908,0.349058290355319
"2019-12-10","Central","OW",0.17294361500478,0.245360447719089
"2019-12-10","Central","SZ",0.92740064361457,1.24814679617511
"2019-12-10","Central","UR",0.184754566704622,0.224491724225597
"2019-12-10","Central","ZG",1.17102081323492,1.86700301338929
"2019-12-10","Eastern","AI",0.0577379062224629,0.0630140282686233
"2019-12-10","Eastern","AR",0.138697776491252,0.214397243968973
"2019-12-10","Eastern","GL",0.168181082877593,0.262286545927166
"2019-12-10","Eastern","GR",1.42267442279616,1.80660607259461
"2019-12-10","Eastern","SG",2.89647616301891,4.44429036483559
"2019-12-10","Eastern","SH",0.380670628617814,0.679559051349975
"2019-12-10","Eastern","TG",1.20673793233058,1.87053778088656
"2019-12-10","Espace Mittelland","BE",6.57336831222887,10.9192366805542
"2019-12-10","Espace Mittelland","FR",1.63886639058428,2.56267244737105
"2019-12-10","Espace Mittelland","JU",0.337001867437059,0.5010872808869
"2019-12-10","Espace Mittelland","NE",1.02173288514677,1.7027043010643
"2019-12-10","Espace Mittelland","SO",1.19073187217776,2.01563318901965
"2019-12-10","Lake Geneva","GE",5.37622601477498,8.25286639054694
"2019-12-10","Lake Geneva","VD",6.09955308522829,9.80622676485163
"2019-12-10","Lake Geneva","VS",2.49277737033968,3.17724615780969
"2019-12-10","Northwestern","AG",3.68437570925267,5.80252477566122
"2019-12-10","Northwestern","BL",1.29008912500601,2.13928207512605
"2019-12-10","Northwestern","BS",1.62373214253596,3.23941048235301
"2019-12-10","Ticino","TI",2.1431756765163,2.70304350279145
"2019-12-10","Zurich","ZH",12.1540350663351,24.3917990675011
"2019-12-11","9999","9999",0.0165160436245885,0.0483651360443641
"2019-12-11","Central","LU",3.66720588976516,4.63309453259837
"2019-12-11","Central","NW",0.289909732063973,0.366868080437713
"2019-12-11","Central","OW",0.177713904770434,0.247909558895004
"2019-12-11","Central","SZ",1.03119293561324,1.33162169014908
"2019-12-11","Central","UR",0.188970496643584,0.233566560011855
"2019-12-11","Central","ZG",1.18554759628985,1.87937469962973
"2019-12-11","Eastern","AI",0.0608854476128221,0.0660729616797215
"2019-12-11","Eastern","AR",0.164350313227086,0.22020921745006
"2019-12-11","Eastern","GL",0.180301513835595,0.275609900339949
"2019-12-11","Eastern","GR",1.52631458519404,1.89800020528842
"2019-12-11","Eastern","SG",3.10784766114269,4.63649334749959
"2019-12-11","Eastern","SH",0.405742070848605,0.698082592561626
"2019-12-11","Eastern","TG",1.26499923831425,1.92736596603496
"2019-12-11","Espace Mittelland","BE",6.92390696117336,10.6887630421025
"2019-12-11","Espace Mittelland","FR",1.68474316129219,2.60808061445135
"2019-12-11","Espace Mittelland","JU",0.356059467714708,0.519406893204477
"2019-12-11","Espace Mittelland","NE",1.08093258734744,1.73628459228836
"2019-12-11","Espace Mittelland","SO",1.1793033826276,1.99099178098581
"2019-12-11","Lake Geneva","GE",5.62123039224081,8.45064342964895
"2019-12-11","Lake Geneva","VD",6.31545406521148,9.87512074289937
"2019-12-11","Lake Geneva","VS",2.57560068332538,3.27723929220359
"2019-12-11","Northwestern","AG",3.63712412523473,5.8626158231148
"2019-12-11","Northwestern","BL",1.30725192306708,2.13700486914223
"2019-12-11","Northwestern","BS",1.69174288122225,3.24461066915188
"2019-12-11","Ticino","TI",2.16140211299197,2.79161661911725
"2019-12-11","Zurich","ZH",12.7926659395581,24.6722692731498
"2019-12-12","9999","9999",0.0150355838882143,0.0488749582795471
"2019-12-12","Central","LU",3.60901976747706,4.70243035658327
"2019-12-12","Central","NW",0.301764907393905,0.362687538109212
"2019-12-12","Central","OW",0.182622422260777,0.24814747593809
"2019-12-12","Central","SZ",1.03139004463626,1.31986179059086
"2019-12-12","Central","UR",0.190413037544382,0.234348287439136
"2019-12-12","Central","ZG",1.21076216127212,1.95353684077436
"2019-12-12","Eastern","AI",0.0644803748722736,0.0679083217263804
"2019-12-12","Eastern","AR",0.161353945928289,0.217218260336986
"2019-12-12","Eastern","GL",0.180619118838238,0.274590255869583
"2019-12-12","Eastern","GR",1.6060468610627,1.89715050156311
"2019-12-12","Eastern","SG",3.3594584842537,4.79239698701857
"2019-12-12","Eastern","SH",0.433830650955897,0.724525372493119
"2019-12-12","Eastern","TG",1.31021357483584,1.96135411504717
"2019-12-12","Espace Mittelland","BE",7.17584286497194,11.2400508190804
"2019-12-12","Espace Mittelland","FR",1.77450248053917,2.6809172177845
"2019-12-12","Espace Mittelland","JU",0.370064436997103,0.539765794462787
"2019-12-12","Espace Mittelland","NE",1.21488259902834,1.84569244395864
"2019-12-12","Espace Mittelland","SO",1.35411799435464,2.1761932049533
"2019-12-12","Lake Geneva","GE",6.34072426119429,9.03965805203042
"2019-12-12","Lake Geneva","VD",6.41763870509749,9.97490994839919
"2019-12-12","Lake Geneva","VS",2.65495853272034,3.24845132999026
"2019-12-12","Northwestern","AG",3.7982497984414,5.95832645073316
"2019-12-12","Northwestern","BL",1.38711228808093,2.19835347810925
"2019-12-12","Northwestern","BS",1.82087625702379,3.47073382453006
"2019-12-12","Ticino","TI",2.38044223841555,2.99571545393552
"2019-12-12","Zurich","ZH",13.4784412936127,25.2617257414685
"2019-12-13","9999","9999",0.0143303749997401,0.0464278115506685
"2019-12-13","Central","LU",4.23957959520533,5.28624479216587
"2019-12-13","Central","NW",0.379302903306574,0.421419059602298
"2019-12-13","Central","OW",0.228596051842908,0.281523838268073
"2019-12-13","Central","SZ",1.26100510008143,1.50390761749193
"2019-12-13","Central","UR",0.240636827008856,0.278498893005987
"2019-12-13","Central","ZG",1.43886402687374,2.11450471449615
"2019-12-13","Eastern","AI",0.0865269607483113,0.0827271546957007
"2019-12-13","Eastern","AR",0.207899483029171,0.246346104040443
"2019-12-13","Eastern","GL",0.226487023673607,0.319080742926556
"2019-12-13","Eastern","GR",2.09571715817755,2.27142799848549
"2019-12-13","Eastern","SG",3.83789135450431,5.17527348564103
"2019-12-13","Eastern","SH",0.472215665388217,0.756202327372492
"2019-12-13","Eastern","TG",1.55091733839912,2.13459171056236
"2019-12-13","Espace Mittelland","BE",8.04005056883795,12.0622581318346
"2019-12-13","Espace Mittelland","FR",2.2919623734406,3.072256765511
"2019-12-13","Espace Mittelland","JU",0.446420757777012,0.596220109972055
"2019-12-13","Espace Mittelland","NE",1.46441186877646,2.02851469749528
"2019-12-13","Espace Mittelland","SO",1.46714600753175,2.21517761187029
"2019-12-13","Lake Geneva","GE",6.69673657609487,9.21989720624213
"2019-12-13","Lake Geneva","VD",8.00676375614234,11.180435605713
"2019-12-13","Lake Geneva","VS",2.81708781173298,3.3095620219142
"2019-12-13","Northwestern","AG",4.6449309567631,6.60107633670292
"2019-12-13","Northwestern","BL",1.72697596048816,2.47148224357131
"2019-12-13","Northwestern","BS",2.02380099872409,3.5496543065364
"2019-12-13","Ticino","TI",2.57600113567754,2.92366057802965
"2019-12-13","Zurich","ZH",15.8427785962502,26.9171185391078
"2019-12-14","9999","9999",0.0169219353305322,0.0409557195597039
"2019-12-14","Central","LU",5.22406472945342,5.72244869658847
"2019-12-14","Central","NW",0.503352539238564,0.521480170294222
"2019-12-14","Central","OW",0.289055495063685,0.32808760241479
"2019-12-14","Central","SZ",1.70998096394567,1.88131202412343
"2019-12-14","Central","UR",0.322630045266427,0.341376968678561
"2019-12-14","Central","ZG",1.73620825123182,2.07446667495977
"2019-12-14","Eastern","AI",0.119434655576536,0.107198621984486
"2019-12-14","Eastern","AR",0.234052111366621,0.267350780129984
"2019-12-14","Eastern","GL",0.314970871242363,0.391169606981438
"2019-12-14","Eastern","GR",3.26965161667443,3.12259321419807
"2019-12-14","Eastern","SG",5.3518380670938,6.04880290340364
"2019-12-14","Eastern","SH",0.661465100238773,0.92376390200265
"2019-12-14","Eastern","TG",2.15309628634798,2.64672513987823
"2019-12-14","Espace Mittelland","BE",10.3832824621916,13.1477716349863
"2019-12-14","Espace Mittelland","FR",2.6460737849632,3.23856077862771
"2019-12-14","Espace Mittelland","JU",0.56464902812552,0.663958490953374
"2019-12-14","Espace Mittelland","NE",1.86257847447524,2.35619444212192
"2019-12-14","Espace Mittelland","SO",2.13291710228652,2.74495089052349
"2019-12-14","Lake Geneva","GE",7.85737454015971,8.9003406292294
"2019-12-14","Lake Geneva","VD",10.6501854939076,12.8649902352048
"2019-12-14","Lake Geneva","VS",4.46027669894759,4.57419307036023
"2019-12-14","Northwestern","AG",6.73896693169347,8.20844387978799
"2019-12-14","Northwestern","BL",2.27140839871546,2.71205036227968
"2019-12-14","Northwestern","BS",2.72439806707218,3.88538924247893
"2019-12-14","Ticino","TI",3.20376689777446,3.44836962248003
"2019-12-14","Zurich","ZH",21.2501690967427,27.8158331752884
"2019-12-15","9999","9999",0.013543971322787,0.0331044571378852
"2019-12-15","Central","LU",2.4179125720567,2.77540427203843
"2019-12-15","Central","NW",0.21735064021096,0.216062663270571
"2019-12-15","Central","OW",0.183450531566037,0.200292162128909
"2019-12-15","Central","SZ",0.607156332592196,0.772958484835508
"2019-12-15","Central","UR",0.184526211746555,0.187546606249333
"2019-12-15","Central","ZG",0.576212009515916,0.798993406978855
"2019-12-15","Eastern","AI",0.042417165485235,0.033410350478995
"2019-12-15","Eastern","AR",0.0655661035638,0.0731764848232718
"2019-12-15","Eastern","GL",0.0842543055392785,0.153558457237131
"2019-12-15","Eastern","GR",1.90534841866766,1.74403389026314
"2019-12-15","Eastern","SG",1.66831936346857,2.13533944984063
"2019-12-15","Eastern","SH",0.254631352262078,0.41033892302432
"2019-12-15","Eastern","TG",0.40787225336571,0.603969407946837
"2019-12-15","Espace Mittelland","BE",3.30365686657892,5.13574526833983
"2019-12-15","Espace Mittelland","FR",0.47503512641859,0.873053583676444
"2019-12-15","Espace Mittelland","JU",0.0698645205783148,0.118312746711477
"2019-12-15","Espace Mittelland","NE",0.239510904273298,0.418020244701078
"2019-12-15","Espace Mittelland","SO",0.695442452406545,1.02773364983098
"2019-12-15","Lake Geneva","GE",3.01153177853159,4.07133840572469
"2019-12-15","Lake Geneva","VD",1.64757723957746,2.93878530434008
"2019-12-15","Lake Geneva","VS",1.65910363357957,1.91264909751268
"2019-12-15","Northwestern","AG",2.28432572828786,3.0455080922384
"2019-12-15","Northwestern","BL",0.67740842181215,0.787981246698901
"2019-12-15","Northwestern","BS",1.09803429939011,1.88549256645193
"2019-12-15","Ticino","TI",1.79687833724571,2.01559920087064
"2019-12-15","Zurich","ZH",4.76135892632435,9.02164433305395
"2019-12-16","9999","9999",0.0141861322661225,0.0462578708056075
"2019-12-16","Central","LU",3.06734225033083,4.3710798918633
"2019-12-16","Central","NW",0.27072190449343,0.367921713057091
"2019-12-16","Central","OW",0.185904204866004,0.261776723691983
"2019-12-16","Central","SZ",0.962960307320277,1.31850226463037
"2019-12-16","Central","UR",0.200937591866192,0.231969117008282
"2019-12-16","Central","ZG",1.12782414410251,1.83586986889411
"2019-12-16","Eastern","AI",0.0579327400370276,0.067840345428356
"2019-12-16","Eastern","AR",0.13352812302739,0.211984085389107
"2019-12-16","Eastern","GL",0.174443549115761,0.275609900339949
"2019-12-16","Eastern","GR",1.81478030001713,2.11290727149258
"2019-12-16","Eastern","SG",3.00446419786604,4.59703310649643
"2019-12-16","Eastern","SH",0.390629263017649,0.695125623597564
"2019-12-16","Eastern","TG",1.22059750756905,1.91961666806018
"2019-12-16","Espace Mittelland","BE",6.3935617404267,10.7922569558446
"2019-12-16","Espace Mittelland","FR",1.68563185144908,2.6653166573879
"2019-12-16","Espace Mittelland","JU",0.330082739228173,0.515906113856221
"2019-12-16","Espace Mittelland","NE",1.02044543435897,1.73003077287012
"2019-12-16","Espace Mittelland","SO",1.12225329424241,1.94799677248537
"2019-12-16","Lake Geneva","GE",5.63230135686579,8.31550654917643
"2019-12-16","Lake Geneva","VD",6.30254487313162,10.0315002165045
"2019-12-16","Lake Geneva","VS",2.8635846374432,3.53242231498721
"2019-12-16","Northwestern","AG",3.54577845703171,5.82108230502189
"2019-12-16","Northwestern","BL",1.36330384500008,2.1845542896103
"2019-12-16","Northwestern","BS",1.67077608343322,3.29583080971327
"2019-12-16","Ticino","TI",2.26489645841561,2.74148409932425
"2019-12-16","Zurich","ZH",12.87224134744,25.0023281882073
"2019-12-17","9999","9999",0.0140457311495347,0.0446264396530218
"2019-12-17","Central","LU",3.6298851089827,4.59716905909248
"2019-12-17","Central","NW",0.280029703962446,0.378831908890008
"2019-12-17","Central","OW",0.1732154378008,0.230643579196806
"2019-12-17","Central","SZ",1.02193211273739,1.31918202761061
"2019-12-17","Central","UR",0.234985871014235,0.249880871537712
"2019-12-17","Central","ZG",1.26513206584538,1.91948071546413
"2019-12-17","Eastern","AI",0.0677900317180898,0.070695349945381
"2019-12-17","Eastern","AR",0.16525747917312,0.225205475354853
"2019-12-17","Eastern","GL",0.187540600576007,0.277581212982657
"2019-12-17","Eastern","GR",1.85778753552855,2.05237437810184
"2019-12-17","Eastern","SG",3.24414162703493,4.78994984028969
"2019-12-17","Eastern","SH",0.432111556705183,0.724933230281266
"2019-12-17","Eastern","TG",1.35581756332247,1.98201890964658
"2019-12-17","Espace Mittelland","BE",6.65592406304987,11.0724212681522
"2019-12-17","Espace Mittelland","FR",1.7387299536562,2.65780527645621
"2019-12-17","Espace Mittelland","JU",0.365000187166245,0.534429655067871
"2019-12-17","Espace Mittelland","NE",1.16515443298502,1.82115300037183
"2019-12-17","Espace Mittelland","SO",1.23276542811902,2.04588264164051
"2019-12-17","Lake Geneva","GE",5.89239240271948,8.45118724003314
"2019-12-17","Lake Geneva","VD",6.5567640406413,10.1908706472227
"2019-12-17","Lake Geneva","VS",2.90508890392702,3.47019001414587
"2019-12-17","Northwestern","AG",3.89360790444541,6.06358774822395
"2019-12-17","Northwestern","BL",1.41747395024359,2.18934661862102
"2019-12-17","Northwestern","BS",1.82779790323446,3.4209751743762
"2019-12-17","Ticino","TI",2.26808825476423,2.73074384423639
"2019-12-17","Zurich","ZH",13.6966786659699,25.4615080813622
"2019-12-18","9999","9999",0.016147702648206,0.0495207331107789
"2019-12-18","Central","LU",3.69140164694625,5.0509788247034
"2019-12-18","Central","NW",0.33325561336121,0.409183325957905
"2019-12-18","Central","OW",0.209023678799275,0.279858418966475
"2019-12-18","Central","SZ",1.14224800628202,1.45965504747805
"2019-12-18","Central","UR",0.236329653770408,0.265209526742216
"2019-12-18","Central","ZG",1.31619609644952,2.01063693111486
"2019-12-18","Eastern","AI",0.0759460666260844,0.0754536908070894
"2019-12-18","Eastern","AR",0.166461225002699,0.23040566215372
"2019-12-18","Eastern","GL",0.210333811183239,0.304737744043407
"2019-12-18","Eastern","GR",1.95094991656466,2.20654462202119
"2019-12-18","Eastern","SG",3.5869801364551,5.13000127115677
"2019-12-18","Eastern","SH",0.481189134527034,0.788253151890999
"2019-12-18","Eastern","TG",1.43365151647127,2.09241241763822
"2019-12-18","Espace Mittelland","BE",7.44262307459163,11.7503828764986
"2019-12-18","Espace Mittelland","FR",2.01842893394419,2.91145883253427
"2019-12-18","Espace Mittelland","JU",0.424291434200049,0.576608947992014
"2019-12-18","Espace Mittelland","NE",1.30479478017212,1.96023250612976
"2019-12-18","Espace Mittelland","SO",1.39096911102205,2.16810402548839
"2019-12-18","Lake Geneva","GE",6.45728620959697,9.01607027661595
"2019-12-18","Lake Geneva","VD",7.66636775544502,11.2776757000369
"2019-12-18","Lake Geneva","VS",3.24121252132034,3.73278245341414
"2019-12-18","Northwestern","AG",4.21960460424967,6.45934575532203
"2019-12-18","Northwestern","BL",1.56830880469997,2.31350532696259
"2019-12-18","Northwestern","BS",1.97450937900253,3.52225985843256
"2019-12-18","Ticino","TI",2.5765986539765,2.94310179926463
"2019-12-18","Zurich","ZH",14.8851344094276,26.6822264412845
"2019-12-19","9999","9999",0.0157669126396746,0.0503364486870718
"2019-12-19","Central","LU",3.85219714472147,5.12167417464878
"2019-12-19","Central","NW",0.327910130534818,0.404390996947185
"2019-12-19","Central","OW",0.219402752924693,0.290360757011245
"2019-12-19","Central","SZ",1.16592954285615,1.45690200740806
"2019-12-19","Central","UR",0.235055035784858,0.267316791980972
"2019-12-19","Central","ZG",1.40425051310748,2.05689480192047
"2019-12-19","Eastern","AI",0.0773675354155287,0.0804159605628709
"2019-12-19","Eastern","AR",0.184181108441381,0.235537872654563
"2019-12-19","Eastern","GL",0.216845297224598,0.307422807815371
"2019-12-19","Eastern","GR",2.14522145702337,2.28702855888209
"2019-12-19","Eastern","SG",3.90203629864436,5.29647522501854
"2019-12-19","Eastern","SH",0.504085892573108,0.799129359574903
"2019-12-19","Eastern","TG",1.48694296440481,2.11678192047997
"2019-12-19","Espace Mittelland","BE",7.94410384565171,12.2455222313084
"2019-12-19","Espace Mittelland","FR",2.11663141862298,3.01750185745234
"2019-12-19","Espace Mittelland","JU",0.464742991885099,0.621507292837134
"2019-12-19","Espace Mittelland","NE",1.45651712648284,2.09985582227189
"2019-12-19","Espace Mittelland","SO",1.56425856554404,2.3555826554397
"2019-12-19","Lake Geneva","GE",7.50283838520397,9.64359347182824
"2019-12-19","Lake Geneva","VD",7.66538320108335,11.0628705982798
"2019-12-19","Lake Geneva","VS",3.31702637914668,3.7646973253366
"2019-12-19","Northwestern","AG",4.43164924296237,6.53293009793345
"2019-12-19","Northwestern","BL",1.60739385104043,2.34562412777913
"2019-12-19","Northwestern","BS",2.12621401706431,3.6354403946432
"2019-12-19","Ticino","TI",3.01053130945879,3.2204450952042
"2019-12-19","Zurich","ZH",15.5896754321938,27.0487886283811
"2019-12-20","9999","9999",0.0168243794044888,0.0476513849151078
"2019-12-20","Central","LU",4.6728571042172,5.78756999009585
"2019-12-20","Central","NW",0.418063722652136,0.457990307939428
"2019-12-20","Central","OW",0.248210526033012,0.301882739526382
"2019-12-20","Central","SZ",1.45308559913387,1.66524936085286
"2019-12-20","Central","UR",0.29674461490368,0.313982520574726
"2019-12-20","Central","ZG",1.67894253495824,2.30643579196806
"2019-12-20","Eastern","AI",0.101887856369356,0.092515741611215
"2019-12-20","Eastern","AR",0.229838186430636,0.272347038034778
"2019-12-20","Eastern","GL",0.271758471451834,0.349160254802356
"2019-12-20","Eastern","GR",2.7815120962554,2.66796773301085
"2019-12-20","Eastern","SG",4.6348735015623,5.76874055554309
"2019-12-20","Eastern","SH",0.624184826782056,0.902521308870023
"2019-12-20","Eastern","TG",1.91203777431872,2.39963129655952
"2019-12-20","Espace Mittelland","BE",10.0187730386639,13.5085218486018
"2019-12-20","Espace Mittelland","FR",2.76172785861997,3.45509927598445
"2019-12-20","Espace Mittelland","JU",0.577493645011881,0.700801644482602
"2019-12-20","Espace Mittelland","NE",1.75256333462728,2.27336532297918
"2019-12-20","Espace Mittelland","SO",1.81644922611721,2.49173918038258
"2019-12-20","Lake Geneva","GE",7.66394945165068,9.36094802464277
"2019-12-20","Lake Geneva","VD",9.87737940644291,12.7297513902852
"2019-12-20","Lake Geneva","VS",4.46123152679054,4.56807520353803
"2019-12-20","Northwestern","AG",5.55995955329427,7.37094189997832
"2019-12-20","Northwestern","BL",2.02828769413329,2.62636623861992
"2019-12-20","Northwestern","BS",2.39901136201117,3.81523770291775
"2019-12-20","Ticino","TI",3.81360504715953,3.23539988076957
"2019-12-20","Zurich","ZH",18.8258885647463,29.0154788828231
"2019-12-21","9999","9999",0.0172055923433354,0.0377948217015691
"2019-12-21","Central","LU",5.37178671497325,5.97589832377247
"2019-12-21","Central","NW",0.527153831664266,0.559886778678011
"2019-12-21","Central","OW",0.387994728267605,0.405852487354709
"2019-12-21","Central","SZ",1.87793247789855,1.98025152589795
"2019-12-21","Central","UR",0.368396975489038,0.368499511590299
"2019-12-21","Central","ZG",1.82776225569132,2.07276726750916
"2019-12-21","Eastern","AI",0.142382427633872,0.117225125943086
"2019-12-21","Eastern","AR",0.252276797380708,0.280912051585853
"2019-12-21","Eastern","GL",0.348371706734151,0.412174283070979
"2019-12-21","Eastern","GR",4.19883062744019,3.61844632013709
"2019-12-21","Eastern","SG",6.06366014851817,6.56253377572308
"2019-12-21","Eastern","SH",0.780624087486237,1.02311126156532
"2019-12-21","Eastern","TG",2.42456636240107,2.79144667837219
"2019-12-21","Espace Mittelland","BE",11.4406794200076,14.1297572362469
"2019-12-21","Espace Mittelland","FR",2.99034997550157,3.52005062874677
"2019-12-21","Espace Mittelland","JU",0.688450102428827,0.765549068350847
"2019-12-21","Espace Mittelland","NE",2.07780179869678,2.48494155058014
"2019-12-21","Espace Mittelland","SO",2.33872057008563,2.90404941604961
"2019-12-21","Lake Geneva","GE",8.11693653151723,9.00070763326243
"2019-12-21","Lake Geneva","VD",11.4375977656779,13.3774975341598
"2019-12-21","Lake Geneva","VS",5.98296490731402,5.52569130195683
"2019-12-21","Northwestern","AG",7.4012189290279,8.67914575545799
"2019-12-21","Northwestern","BL",2.46639080671361,2.79922996449598
"2019-12-21","Northwestern","BS",2.93115041036165,4.03595674260299
"2019-12-21","Ticino","TI",3.61532358690161,3.65124488393387
"2019-12-21","Zurich","ZH",22.1344930933659,28.2339553844366
"2019-12-22","9999","9999",0.015305021827179,0.0339881490122024
"2019-12-22","Central","LU",3.14432753897785,3.64845785571487
"2019-12-22","Central","NW",0.261883996268705,0.269424057219729
"2019-12-22","Central","OW",0.224852754363244,0.231051436984952
"2019-12-22","Central","SZ",0.861300578779745,0.99629461199469
"2019-12-22","Central","UR",0.21841553175242,0.222010589347706
"2019-12-22","Central","ZG",0.838963196983824,1.02698591055271
"2019-12-22","Eastern","AI",0.0562307000596727,0.0489089464285593
"2019-12-22","Eastern","AR",0.0772822288045408,0.0783426834731266
"2019-12-22","Eastern","GL",0.145912376349616,0.193698461220542
"2019-12-22","Eastern","GR",3.09162606316996,2.38328299688465
"2019-12-22","Eastern","SG",2.25454774520439,2.67653274656193
"2019-12-22","Eastern","SH",0.300075696302779,0.459587750943001
"2019-12-22","Eastern","TG",0.847723301694634,1.05461827569963
"2019-12-22","Espace Mittelland","BE",5.21436678460065,6.97739312256602
"2019-12-22","Espace Mittelland","FR",0.470354756337177,0.829140895152678
"2019-12-22","Espace Mittelland","JU",0.066899019360485,0.119434355628879
"2019-12-22","Espace Mittelland","NE",0.876831006800849,1.14485681132703
"2019-12-22","Espace Mittelland","SO",0.880258994066433,1.18948325098005
"2019-12-22","Lake Geneva","GE",3.66227044962744,4.76418682333844
"2019-12-22","Lake Geneva","VD",1.56869512413077,2.78291565297012
"2019-12-22","Lake Geneva","VS",3.72078988016414,3.49020903391405
"2019-12-22","Northwestern","AG",2.97146214650128,3.76561500535993
"2019-12-22","Northwestern","BL",1.01581333707381,1.16375422217781
"2019-12-22","Northwestern","BS",1.29761773495934,2.15301328732697
"2019-12-22","Ticino","TI",2.43610218226678,2.59581089265795
"2019-12-22","Zurich","ZH",9.46826571162527,13.4854438954225
"2019-12-23","9999","9999",0.0176656582898412,0.0452042381862292
"2019-12-23","Central","LU",5.66659925888433,6.67965693721913
"2019-12-23","Central","NW",0.536853863756453,0.58626158231148
"2019-12-23","Central","OW",0.41979123634894,0.433722769544715
"2019-12-23","Central","SZ",1.85188085158601,2.1076730965447
"2019-12-23","Central","UR",0.369440407233022,0.38087119783074
"2019-12-23","Central","ZG",1.79372356296375,2.29589946577427
"2019-12-23","Eastern","AI",0.119038980770522,0.118958521542709
"2019-12-23","Eastern","AR",0.255756456549156,0.306199234450932
"2019-12-23","Eastern","GL",0.363420601179231,0.429576215365226
"2019-12-23","Eastern","GR",4.439570657278,3.96675687121414
"2019-12-23","Eastern","SG",6.24771836829083,7.18924125535908
"2019-12-23","Eastern","SH",0.776418640736663,1.09448637449094
"2019-12-23","Eastern","TG",2.4530099768439,2.97759977051202
"2019-12-23","Espace Mittelland","BE",11.8786354115786,15.2684621926027
"2019-12-23","Espace Mittelland","FR",3.5402802180411,4.28451207632923
"2019-12-23","Espace Mittelland","JU",0.745571795265998,0.893888319020924
"2019-12-23","Espace Mittelland","NE",2.01832114545413,2.54214360536768
"2019-12-23","Espace Mittelland","SO",2.22229066992581,2.91846039123079
"2019-12-23","Lake Geneva","GE",7.87433126542469,9.26567924296156
"2019-12-23","Lake Geneva","VD",11.6801968601207,14.1182692418807
"2019-12-23","Lake Geneva","VS",6.44208210755825,6.28352506048191
"2019-12-23","Northwestern","AG",6.91866730099426,8.6582770319645
"2019-12-23","Northwestern","BL",2.55343510913797,2.99520563170034
"2019-12-23","Northwestern","BS",2.8098256596263,4.17459440242376
"2019-12-23","Ticino","TI",3.79454962810582,3.84959972156908
"2019-12-23","Zurich","ZH",20.8688576307968,28.360595227656
"2019-12-24","9999","9999",0.0151634850643745,0.0394262528541548
"2019-12-24","Central","LU",3.82699119107033,4.75687937130082
"2019-12-24","Central","NW",0.370461513738791,0.418122209148114
"2019-12-24","Central","OW",0.295293654556792,0.326048313474058
"2019-12-24","Central","SZ",1.28689242579855,1.54380970443226
"2019-12-24","Central","UR",0.273208969708192,0.298347972029113
"2019-12-24","Central","ZG",1.2772464348022,1.63775294830199
"2019-12-24","Eastern","AI",0.0985592655598912,0.098225750645265
"2019-12-24","Eastern","AR",0.212111704495832,0.26898221128257
"2019-12-24","Eastern","GL",0.266908909664227,0.346985013265575
"2019-12-24","Eastern","GR",3.41610776784479,3.11814076667747
"2019-12-24","Eastern","SG",4.16560723862778,5.14570379600041
"2019-12-24","Eastern","SH",0.579674469518212,0.843789787376937
"2019-12-24","Eastern","TG",1.84636111755373,2.4199222215198
"2019-12-24","Espace Mittelland","BE",8.57407518934247,11.4948939603739
"2019-12-24","Espace Mittelland","FR",2.25854133519422,3.01685608262111
"2019-12-24","Espace Mittelland","JU",0.517821032314394,0.665250040615838
"2019-12-24","Espace Mittelland","NE",1.55212150324299,2.09560730364536
"2019-12-24","Espace Mittelland","SO",1.63398363659897,2.29477785685687
"2019-12-24","Lake Geneva","GE",5.75846898865618,7.09451628406207
"2019-12-24","Lake Geneva","VD",8.29974224316138,10.7130645686462
"2019-12-24","Lake Geneva","VS",4.87899030102132,4.97440352497891
"2019-12-24","Northwestern","AG",5.17088585930416,6.76510314383581
"2019-12-24","Northwestern","BL",1.78153574119284,2.36020504370536
"2019-12-24","Northwestern","BS",1.81207903234578,2.74060040744993
"2019-12-24","Ticino","TI",3.01982435335903,3.40415104061516
"2019-12-24","Zurich","ZH",14.5191308396686,20.3333421702521
"2019-12-25","9999","9999",0.013936940157988,0.0281761755311158
"2019-12-25","Central","LU",0.480292302961573,0.917849964074527
"2019-12-25","Central","NW",0.0778783529998606,0.0634218860567697
"2019-12-25","Central","OW",0.191067878565131,0.167323657587073
"2019-12-25","Central","SZ",0.19611442014705,0.293657607465429
"2019-12-25","Central","UR",0.117245717073787,0.0973420587709477
"2019-12-25","Central","ZG",0.0929944620368879,0.197233228717811
"2019-12-25","Eastern","AI",0.0091520318843092,0.00808917946490418
"2019-12-25","Eastern","AR",0.038371598142877,0.0483651360443641
"2019-12-25","Eastern","GL",0.0437797412282853,0.0827611428447129
"2019-12-25","Eastern","GR",1.57946804819621,1.15702456867339
"2019-12-25","Eastern","SG",0.512094414869585,0.853476409845415
"2019-12-25","Eastern","SH",0.0774823570800886,0.157059236585387
"2019-12-25","Eastern","TG",0.139552761451634,0.196689418333615
"2019-12-25","Espace Mittelland","BE",1.84245908806113,2.74297957788078
"2019-12-25","Espace Mittelland","FR",0.263361828354695,0.514784504938818
"2019-12-25","Espace Mittelland","JU",0.0432880299125454,0.089320855604068
"2019-12-25","Espace Mittelland","NE",0.146218053150961,0.269016199431582
"2019-12-25","Espace Mittelland","SO",0.19542821571061,0.379647624466301
"2019-12-25","Lake Geneva","GE",0.726864784639556,1.34701832165161
"2019-12-25","Lake Geneva","VD",1.04279132958549,1.7230292141736
"2019-12-25","Lake Geneva","VS",2.21428613022313,2.12823592669708
"2019-12-25","Northwestern","AG",0.636776112325624,1.21541620867636
"2019-12-25","Northwestern","BL",0.214336623403545,0.449833152176499
"2019-12-25","Northwestern","BS",0.214744437876015,0.563795415814414
"2019-12-25","Ticino","TI",0.393362465843825,0.508292768477487
"2019-12-25","Zurich","ZH",2.16412715091344,4.57276556810171
"2019-12-26","9999","9999",0.014691984335272,0.0328325519457875
"2019-12-26","Central","LU",1.20734353329778,1.32298870029998
"2019-12-26","Central","NW",0.114967434541949,0.102406292973766
"2019-12-26","Central","OW",0.296398834126797,0.291074508140502
"2019-12-26","Central","SZ",0.318463911456061,0.435626105889398
"2019-12-26","Central","UR",0.200373281429028,0.18302618243071
"2019-12-26","Central","ZG",0.146396259538503,0.294235405998636
"2019-12-26","Eastern","AI",0.0196562189786243,0.0202569368112726
"2019-12-26","Eastern","AR",0.070533506268495,0.0769151812146141
"2019-12-26","Eastern","GL",0.0842033385202734,0.154680066154533
"2019-12-26","Eastern","GR",3.96803181353886,3.02494526208602
"2019-12-26","Eastern","SG",0.737999944603961,1.20158303202839
"2019-12-26","Eastern","SH",0.102489149712973,0.209333009766155
"2019-12-26","Eastern","TG",0.224272380406144,0.378220122207789
"2019-12-26","Espace Mittelland","BE",2.61074233915481,3.73689501944462
"2019-12-26","Espace Mittelland","FR",1.34997635525836,1.86537158223671
"2019-12-26","Espace Mittelland","JU",0.0554971626721218,0.115389765896427
"2019-12-26","Espace Mittelland","NE",0.748060728422985,1.17044988753321
"2019-12-26","Espace Mittelland","SO",0.622407841986436,1.03470122037848
"2019-12-26","Lake Geneva","GE",4.08230720094038,5.34507827810599
"2019-12-26","Lake Geneva","VD",5.44473498495271,7.23295001498877
"2019-12-26","Lake Geneva","VS",4.46546637894508,4.52168138013637
"2019-12-26","Northwestern","AG",0.744824367750409,1.56206134045181
"2019-12-26","Northwestern","BL",0.266619241558517,0.557609572694193
"2019-12-26","Northwestern","BS",0.317888800631773,0.849635749007036
"2019-12-26","Ticino","TI",0.545938007493127,0.859492312220575
"2019-12-26","Zurich","ZH",2.89635753889754,6.35133141776125
"2019-12-27","9999","9999",0.0152108963359146,0.0391543476620572
"2019-12-27","Central","LU",4.70122605971133,5.15607018144913
"2019-12-27","Central","NW",0.425482022197599,0.42685716344425
"2019-12-27","Central","OW",0.388521922653588,0.371116599064238
"2019-12-27","Central","SZ",1.35975403813963,1.51254060734103
"2019-12-27","Central","UR",0.343033738752898,0.329549092822315
"2019-12-27","Central","ZG",1.20251038355601,1.52535413951863
"2019-12-27","Eastern","AI",0.0763908170127494,0.077900837535968
"2019-12-27","Eastern","AR",0.190129740805551,0.226191131676207
"2019-12-27","Eastern","GL",0.264916167751503,0.344299949493611
"2019-12-27","Eastern","GR",5.45411592395411,4.44133339587153
"2019-12-27","Eastern","SG",4.54734294675608,5.07884910689341
"2019-12-27","Eastern","SH",0.526488217668543,0.733736160875426
"2019-12-27","Eastern","TG",1.57828852687525,2.01118074149905
"2019-12-27","Espace Mittelland","BE",9.73934224710403,11.9372157316187
"2019-12-27","Espace Mittelland","FR",2.13371912305697,2.68808871722608
"2019-12-27","Espace Mittelland","JU",0.458549619929169,0.567534112205756
"2019-12-27","Espace Mittelland","NE",1.16119119607736,1.56059985004429
"2019-12-27","Espace Mittelland","SO",1.51288411192057,2.02657737300158
"2019-12-27","Lake Geneva","GE",4.86644074068616,6.07660520929562
"2019-12-27","Lake Geneva","VD",6.79275483324471,8.68774475715807
"2019-12-27","Lake Geneva","VS",5.58057933675966,5.1888347570969
"2019-12-27","Northwestern","AG",5.04575320065145,6.29803800011012
"2019-12-27","Northwestern","BL",1.89091580809626,2.18904072527991
"2019-12-27","Northwestern","BS",2.01092330712067,2.92862284778543
"2019-12-27","Ticino","TI",3.18408211925149,3.26809648011931
"2019-12-27","Zurich","ZH",14.5114351839888,20.2118345375335
"2019-12-28","9999","9999",0.0159122205311232,0.0338861845651658
"2019-12-28","Central","LU",3.9880030020377,4.39606118138727
"2019-12-28","Central","NW",0.396709606846838,0.41404363126665
"2019-12-28","Central","OW",0.527847856395515,0.529977207547272
"2019-12-28","Central","SZ",1.30657971840728,1.50706851535007
"2019-12-28","Central","UR",0.337950073287754,0.344503878387684
"2019-12-28","Central","ZG",1.08548775830748,1.33763759252424
"2019-12-28","Eastern","AI",0.0852485951302464,0.0884031755807385
"2019-12-28","Eastern","AR",0.196057802309111,0.229284053236318
"2019-12-28","Eastern","GL",0.288986017011346,0.390047998064035
"2019-12-28","Eastern","GR",6.13258986387114,4.97875400805247
"2019-12-28","Eastern","SG",4.09111358910856,4.72605212014675
"2019-12-28","Eastern","SH",0.505001540621574,0.714226963342422
"2019-12-28","Eastern","TG",1.46514544924024,1.95367279337041
"2019-12-28","Espace Mittelland","BE",8.80376623909965,10.8147231223417
"2019-12-28","Espace Mittelland","FR",1.79892129821734,2.3856621673155
"2019-12-28","Espace Mittelland","JU",0.387820680694829,0.502956629082572
"2019-12-28","Espace Mittelland","NE",1.12390242485412,1.58510530548208
"2019-12-28","Espace Mittelland","SO",1.49200498601947,2.06498398138537
"2019-12-28","Lake Geneva","GE",4.64648078881924,5.852045508772
"2019-12-28","Lake Geneva","VD",6.78273865682587,8.86091437637524
"2019-12-28","Lake Geneva","VS",6.55134844145108,5.84334454262488
"2019-12-28","Northwestern","AG",4.82111359925106,6.14821823926433
"2019-12-28","Northwestern","BL",1.69388068431707,2.09530141030426
"2019-12-28","Northwestern","BS",1.79175395690568,2.72149906770507
"2019-12-28","Ticino","TI",2.76590714243032,3.02854800588131
"2019-12-28","Zurich","ZH",13.8950193638841,19.0952558661846
"2019-12-29","9999","9999",0.0140464086212434,0.0276323651469206
"2019-12-29","Central","LU",0.976000235775819,1.41176574551985
"2019-12-29","Central","NW",0.140190693091817,0.127387582497735
"2019-12-29","Central","OW",0.44050552515968,0.420807272920078
"2019-12-29","Central","SZ",0.49228650880059,0.656956932256861
"2019-12-29","Central","UR",0.196261780033732,0.224627676821646
"2019-12-29","Central","ZG",0.138247347873503,0.308476440434749
"2019-12-29","Eastern","AI",0.0276893926300484,0.0331044571378852
"2019-12-29","Eastern","AR",0.0824180752553353,0.0922098482701052
"2019-12-29","Eastern","GL",0.122371182151752,0.19614560794942
"2019-12-29","Eastern","GR",4.67548072109948,3.77849651383556
"2019-12-29","Eastern","SG",0.839046385027214,1.3024258701476
"2019-12-29","Eastern","SH",0.101922611059611,0.22020921745006
"2019-12-29","Eastern","TG",0.198425843968311,0.365474566328213
"2019-12-29","Espace Mittelland","BE",3.43258486663619,4.1791488143914
"2019-12-29","Espace Mittelland","FR",0.448632150746681,0.847970329705438
"2019-12-29","Espace Mittelland","JU",0.055576184068703,0.107198621984486
"2019-12-29","Espace Mittelland","NE",0.164663845567434,0.329753021716388
"2019-12-29","Espace Mittelland","SO",0.234961368468102,0.481340166310811
"2019-12-29","Lake Geneva","GE",1.19550167635675,2.20338372416306
"2019-12-29","Lake Geneva","VD",1.59484853567251,2.69682367152221
"2019-12-29","Lake Geneva","VS",4.30258641820304,3.80483732932001
"2019-12-29","Northwestern","AG",0.692229223672599,1.44881282794315
"2019-12-29","Northwestern","BL",0.249548669718315,0.539833770760811
"2019-12-29","Northwestern","BS",0.360877395881145,0.959587411061511
"2019-12-29","Ticino","TI",1.15845977504094,1.26235384246221
"2019-12-29","Zurich","ZH",3.32193129781332,7.03806196855281
"2019-12-30","9999","9999",0.0159136812071192,0.0387464898739108
"2019-12-30","Central","LU",4.94667740403195,5.0796648224697
"2019-12-30","Central","NW",0.47993022761949,0.469206397113455
"2019-12-30","Central","OW",0.542889901719101,0.60308571607252
"2019-12-30","Central","SZ",1.46119042031351,1.68407879540562
"2019-12-30","Central","UR",0.361216519421585,0.396063900439195
"2019-12-30","Central","ZG",1.33324945737551,1.57015051991672
"2019-12-30","Eastern","AI",0.0972914497035781,0.105023380447705
"2019-12-30","Eastern","AR",0.224552892853734,0.275100078104766
"2019-12-30","Eastern","GL",0.325316553452986,0.426211388613018
"2019-12-30","Eastern","GR",6.1446862465415,5.4504075518948
"2019-12-30","Eastern","SG",4.51699237476613,5.34334488250637
"2019-12-30","Eastern","SH",0.517365786990277,0.756780125905699
"2019-12-30","Eastern","TG",1.65830122120698,2.16072859715274
"2019-12-30","Espace Mittelland","BE",9.99737634787353,12.4153950000714
"2019-12-30","Espace Mittelland","FR",2.38325826509513,3.0839486887712
"2019-12-30","Espace Mittelland","JU",0.444151356781794,0.570898938957964
"2019-12-30","Espace Mittelland","NE",1.2768042729057,1.74345609172994
"2019-12-30","Espace Mittelland","SO",1.55334313354248,2.15012429466094
"2019-12-30","Lake Geneva","GE",6.44250103178354,6.59186554832061
"2019-12-30","Lake Geneva","VD",7.87105989160445,9.99961933273106
"2019-12-30","Lake Geneva","VS",6.79236122609801,6.77893632048377
"2019-12-30","Northwestern","AG",4.95056232834291,6.34388801312758
"2019-12-30","Northwestern","BL",1.84696303354475,2.26425649904391
"2019-12-30","Northwestern","BS",1.87269293911612,2.96883082806687
"2019-12-30","Ticino","TI",2.98460244650228,3.3076246974205
"2019-12-30","Zurich","ZH",14.6975625433364,21.0327503006252
"2019-12-31","9999","9999",0.0161222367607999,0.0377608335525569
"2019-12-31","Central","LU",4.26378494663894,4.58292802465636
"2019-12-31","Central","NW",0.365105849256663,0.414689406097882
"2019-12-31","Central","OW",0.431788680737686,0.509448365543902
"2019-12-31","Central","SZ",1.16315062439572,1.47858644647784
"2019-12-31","Central","UR",0.309499703707944,0.348276562928038
"2019-12-31","Central","ZG",1.1707749849892,1.44765723087674
"2019-12-31","Eastern","AI",0.0930355371857427,0.0996532529037775
"2019-12-31","Eastern","AR",0.195945052219891,0.256066714657933
"2019-12-31","Eastern","GL",0.278655497635728,0.38518769275529
"2019-12-31","Eastern","GR",5.1525399567625,4.91573997978385
"2019-12-31","Eastern","SG",3.64728053829725,4.73376742997252
"2019-12-31","Eastern","SH",0.477337155704423,0.736353248349366
"2019-12-31","Eastern","TG",1.61463914075879,2.219935952732
"2019-12-31","Espace Mittelland","BE",8.55184354012536,11.0596757122726
"2019-12-31","Espace Mittelland","FR",1.85209752505213,2.646079365047
"2019-12-31","Espace Mittelland","JU",0.389578034474984,0.544524135324495
"2019-12-31","Espace Mittelland","NE",1.14757377977252,1.7060351396675
"2019-12-31","Espace Mittelland","SO",1.3703443307133,2.00292162128909
"2019-12-31","Lake Geneva","GE",3.85317763033687,5.21296634289556
"2019-12-31","Lake Geneva","VD",6.93490964996458,9.64420525851046
"2019-12-31","Lake Geneva","VS",5.68859240673183,6.2932456710994
"2019-12-31","Northwestern","AG",4.28408221832683,5.92450824246602
"2019-12-31","Northwestern","BL",1.56235697686231,2.17840243463909
"2019-12-31","Northwestern","BS",1.57870801500762,2.62293343556969
"2019-12-31","Ticino","TI",2.4281375938148,2.96080962489999
"2019-12-31","Zurich","ZH",12.7092792442323,19.3756580955352
"2020-01-01","9999","9999",0.0103392951796592,0.0223981901990414
"2020-01-01","Central","LU",0.692251670307477,1.15488331528563
"2020-01-01","Central","NW",0.189748876392612,0.103663854487217
"2020-01-01","Central","OW",0.306866057894766,0.31435639021386
"2020-01-01","Central","SZ",0.357954998311274,0.451294642584024
"2020-01-01","Central","UR",0.177712906184967,0.183060170579722
"2020-01-01","Central","ZG",0.124359820074009,0.211236346110838
"2020-01-01","Eastern","AI",0.0338216785675798,0.0255930762061884
"2020-01-01","Eastern","AR",0.101692940318341,0.0762694063833822
"2020-01-01","Eastern","GL",0.0943339645816303,0.141424688039774
"2020-01-01","Eastern","GR",3.41354566382725,2.6987270078669
"2020-01-01","Eastern","SG",0.678027513473199,0.96913808093394
"2020-01-01","Eastern","SH",0.0746617094952206,0.140914865804591
"2020-01-01","Eastern","TG",0.189838666848146,0.248861227067346
"2020-01-01","Espace Mittelland","BE",3.91096361355452,3.31829697621034
"2020-01-01","Espace Mittelland","FR",0.3311556077053,0.558119394929376
"2020-01-01","Espace Mittelland","JU",0.0481154975072037,0.0774929797478215
"2020-01-01","Espace Mittelland","NE",0.148096357169225,0.244238838801687
"2020-01-01","Espace Mittelland","SO",0.214860426514963,0.35555002681665
"2020-01-01","Lake Geneva","GE",1.07517625121594,1.73152625142665
"2020-01-01","Lake Geneva","VD",1.35843112386169,2.05111681658839
"2020-01-01","Lake Geneva","VS",2.95448472897903,3.09557263573337
"2020-01-01","Northwestern","AG",0.55412373759168,1.05325874973914
"2020-01-01","Northwestern","BL",0.210832218895636,0.411018686004564
"2020-01-01","Northwestern","BS",0.354426130417447,0.807524432380917
"2020-01-01","Ticino","TI",0.665741387816146,0.82407666094986
"2020-01-01","Zurich","ZH",2.57837132723251,5.08401530554326
"2020-01-02","9999","9999",0.0140478967093895,0.0313710615382628
"2020-01-02","Central","LU",3.62702755289579,3.27723929220359
"2020-01-02","Central","NW",0.330251715553188,0.313098828700409
"2020-01-02","Central","OW",0.513354289034423,0.495887094088033
"2020-01-02","Central","SZ",1.15994910456587,1.43637316540469
"2020-01-02","Central","UR",0.318626532078283,0.343688162811391
"2020-01-02","Central","ZG",0.611012008139043,0.89290266269957
"2020-01-02","Eastern","AI",0.077373154906291,0.0832029887818715
"2020-01-02","Eastern","AR",0.161298397164202,0.201515735493348
"2020-01-02","Eastern","GL",0.242165207099557,0.347766740692855
"2020-01-02","Eastern","GR",5.85992124246494,4.7710524294389
"2020-01-02","Eastern","SG",3.62613622334045,4.27995766436159
"2020-01-02","Eastern","SH",0.238021516008048,0.405274688821502
"2020-01-02","Eastern","TG",0.203567192429225,0.377370418482484
"2020-01-02","Espace Mittelland","BE",3.51035250587798,4.39164272201569
"2020-01-02","Espace Mittelland","FR",1.52756488468646,2.13601921282087
"2020-01-02","Espace Mittelland","JU",0.061074379983081,0.11589958813161
"2020-01-02","Espace Mittelland","NE",0.847433986030855,1.28726715568815
"2020-01-02","Espace Mittelland","SO",0.768947514062012,1.20450601284344
"2020-01-02","Lake Geneva","GE",4.16836276277615,5.77703366390207
"2020-01-02","Lake Geneva","VD",1.73095619292886,2.9471803771461
"2020-01-02","Lake Geneva","VS",5.49313241642328,5.66946117227845
"2020-01-02","Northwestern","AG",1.82327456169666,2.94303382296661
"2020-01-02","Northwestern","BL",1.37755412952939,1.84803762624048
"2020-01-02","Northwestern","BS",1.5588007477267,2.60733287517308
"2020-01-02","Ticino","TI",2.85560637032835,3.01104410914003
"2020-01-02","Zurich","ZH",7.15003720396586,11.8270941288192
"2020-01-03","9999","9999",0.0184449465558429,0.0377948217015691
"2020-01-03","Central","LU",4.44511669522628,4.79633961230398
"2020-01-03","Central","NW",0.426463776603947,0.399462715340415
"2020-01-03","Central","OW",0.43298592597168,0.471279674203199
"2020-01-03","Central","SZ",1.2283572411076,1.46431142389272
"2020-01-03","Central","UR",0.34144133562772,0.351675377829259
"2020-01-03","Central","ZG",1.26501230999381,1.62521132131648
"2020-01-03","Eastern","AI",0.0814682050955294,0.080755842052993
"2020-01-03","Eastern","AR",0.187875193279644,0.227822562828793
"2020-01-03","Eastern","GL",0.276081594645596,0.360478308423419
"2020-01-03","Eastern","GR",5.6542313001273,4.47369011373114
"2020-01-03","Eastern","SG",3.79644142281794,4.67738109076127
"2020-01-03","Eastern","SH",0.435571118851615,0.671809753375193
"2020-01-03","Eastern","TG",1.48361864597473,2.01233633856547
"2020-01-03","Espace Mittelland","BE",9.63402157501466,12.0540329997736
"2020-01-03","Espace Mittelland","FR",1.96720417024015,2.62092813477797
"2020-01-03","Espace Mittelland","JU",0.427722644351276,0.538508232949335
"2020-01-03","Espace Mittelland","NE",1.02471776675469,1.49826558475591
"2020-01-03","Espace Mittelland","SO",1.44119611945615,2.0090734762603
"2020-01-03","Lake Geneva","GE",4.69627415270346,6.29729026083185
"2020-01-03","Lake Geneva","VD",7.69649069694087,9.92083480332078
"2020-01-03","Lake Geneva","VS",5.61530189605887,5.53299875399446
"2020-01-03","Northwestern","AG",4.64028281553812,6.04016991355454
"2020-01-03","Northwestern","BL",1.57215864537488,2.0491794920947
"2020-01-03","Northwestern","BS",1.62609057427855,2.72856860269961
"2020-01-03","Ticino","TI",2.6927432328144,2.87023120778247
"2020-01-03","Zurich","ZH",13.0851029700411,19.6170079416709
"2020-01-04","9999","9999",0.0145761288410526,0.033920172714178
"2020-01-04","Central","LU",3.83405001551195,4.51926822155651
"2020-01-04","Central","NW",0.437883498182106,0.447861839533791
"2020-01-04","Central","OW",0.384303204507363,0.38579947943751
"2020-01-04","Central","SZ",1.36069010823989,1.57688017342113
"2020-01-04","Central","UR",0.313908117848608,0.322411581529752
"2020-01-04","Central","ZG",1.18535514341632,1.60539623044237
"2020-01-04","Eastern","AI",0.0855336971549599,0.0841886451032254
"2020-01-04","Eastern","AR",0.214830096928932,0.24304925358626
"2020-01-04","Eastern","GL",0.262164849410159,0.349262219249392
"2020-01-04","Eastern","GR",5.19051468962885,3.8217974156771
"2020-01-04","Eastern","SG",4.00076867584791,4.77683041477098
"2020-01-04","Eastern","SH",0.456786967772009,0.717421849349569
"2020-01-04","Eastern","TG",1.53788291978574,2.06389636061698
"2020-01-04","Espace Mittelland","BE",8.83403727669421,11.0130779599769
"2020-01-04","Espace Mittelland","FR",1.83204340305129,2.51967743887061
"2020-01-04","Espace Mittelland","JU",0.392629703828518,0.515634208664123
"2020-01-04","Espace Mittelland","NE",1.17177893148904,1.67367842180788
"2020-01-04","Espace Mittelland","SO",1.52725663897506,2.14764315978305
"2020-01-04","Lake Geneva","GE",5.05958561044922,6.51641185751352
"2020-01-04","Lake Geneva","VD",7.33705462799388,9.75857537993652
"2020-01-04","Lake Geneva","VS",5.16504484704112,4.9624057083776
"2020-01-04","Northwestern","AG",5.02529982851703,6.5639952661306
"2020-01-04","Northwestern","BL",1.76908157905591,2.29110713676355
"2020-01-04","Northwestern","BS",1.79352489144818,2.788149827918
"2020-01-04","Ticino","TI",2.70949305117073,3.10138460921446
"2020-01-04","Zurich","ZH",14.2721917948879,20.6072526631414
"2020-01-05","9999","9999",0.012170908474328,0.0295017133425917
"2020-01-05","Central","LU",0.775813200326344,1.33930301182584
"2020-01-05","Central","NW",0.120482351867864,0.121099774930477
"2020-01-05","Central","OW",0.252639679423207,0.266535064553691
"2020-01-05","Central","SZ",0.352009631908983,0.528379764543699
"2020-01-05","Central","UR",0.207595580185538,0.191727148577834
"2020-01-05","Central","ZG",0.170456087699488,0.397049556760549
"2020-01-05","Eastern","AI",0.020946818247659,0.0241315857986637
"2020-01-05","Eastern","AR",0.0728866592141907,0.0862279340439576
"2020-01-05","Eastern","GL",0.0858059311332308,0.161205790764876
"2020-01-05","Eastern","GR",3.14216939215167,2.06800892664746
"2020-01-05","Eastern","SG",0.728326130275295,1.2623198543132
"2020-01-05","Eastern","SH",0.09253152956269,0.208109436401715
"2020-01-05","Eastern","TG",0.204628630039776,0.396709675270427
"2020-01-05","Espace Mittelland","BE",2.31274753440731,3.56658040474447
"2020-01-05","Espace Mittelland","FR",0.413172944738903,0.85571962768022
"2020-01-05","Espace Mittelland","JU",0.0531890165608037,0.107164633835474
"2020-01-05","Espace Mittelland","NE",0.188766671643799,0.358201102439601
"2020-01-05","Espace Mittelland","SO",0.228169812489576,0.505777645450584
"2020-01-05","Lake Geneva","GE",1.21088924008378,2.40252028922555
"2020-01-05","Lake Geneva","VD",1.38061311792699,2.6574993831151
"2020-01-05","Lake Geneva","VS",2.37765340458884,2.21551749336042
"2020-01-05","Northwestern","AG",0.73454275556652,1.56461045162773
"2020-01-05","Northwestern","BL",0.264089006123432,0.565154941774902
"2020-01-05","Northwestern","BS",0.366802888474643,0.992793832646433
"2020-01-05","Ticino","TI",1.04480992898777,1.24705917540672
"2020-01-05","Zurich","ZH",3.00070849051444,7.15083464697529
"2020-01-06","9999","9999",0.013774205971144,0.0406158380695819
"2020-01-06","Central","LU",2.57574449138062,3.92991371768492
"2020-01-06","Central","NW",0.22893267696167,0.340391312357207
"2020-01-06","Central","OW",0.216327826319844,0.284480807232134
"2020-01-06","Central","SZ",0.229863797210835,0.394126575945499
"2020-01-06","Central","UR",0.132133866670913,0.134966939727456
"2020-01-06","Central","ZG",0.954797239237781,1.68122379088859
"2020-01-06","Eastern","AI",0.0414133129699174,0.0559444932740852
"2020-01-06","Eastern","AR",0.12832046457548,0.207905507507642
"2020-01-06","Eastern","GL",0.16441356480534,0.278125023366852
"2020-01-06","Eastern","GR",2.65503935157076,2.47709028815832
"2020-01-06","Eastern","SG",2.78115699143147,4.28814880827353
"2020-01-06","Eastern","SH",0.350494425314397,0.680102861734171
"2020-01-06","Eastern","TG",1.0324646322468,1.76711184344243
"2020-01-06","Espace Mittelland","BE",5.55136189298471,9.78393053909963
"2020-01-06","Espace Mittelland","FR",1.3951551891296,2.31979313452985
"2020-01-06","Espace Mittelland","JU",0.272430413738199,0.446876183212437
"2020-01-06","Espace Mittelland","NE",0.813591364580629,1.49806165586183
"2020-01-06","Espace Mittelland","SO",0.923824857867904,1.7461411555019
"2020-01-06","Lake Geneva","GE",4.36401282110118,7.41699584188985
"2020-01-06","Lake Geneva","VD",5.28738276650679,8.88416227029959
"2020-01-06","Lake Geneva","VS",2.9192443580812,3.48715010050296
"2020-01-06","Northwestern","AG",2.99431337296611,5.30633178823208
"2020-01-06","Northwestern","BL",1.19982246168571,2.07603012981434
"2020-01-06","Northwestern","BS",1.4141326597766,2.9416063207081
"2020-01-06","Ticino","TI",0.785303572546805,1.01016177679167
"2020-01-06","Zurich","ZH",10.2893713613528,21.9983536140618
"2020-01-07","9999","9999",0.0136790309861344,0.0416694706889602
"2020-01-07","Central","LU",2.47957331359366,3.76129851043538
"2020-01-07","Central","NW",0.229685778792321,0.313166804998433
"2020-01-07","Central","OW",0.169959493105016,0.249948847835737
"2020-01-07","Central","SZ",0.959996591808223,1.28774298977433
"2020-01-07","Central","UR",0.229006732843069,0.23611567118777
"2020-01-07","Central","ZG",0.916255916809795,1.60984867796297
"2020-01-07","Eastern","AI",0.043994433187558,0.0519678798396575
"2020-01-07","Eastern","AR",0.130765965138708,0.196417513141518
"2020-01-07","Eastern","GL",0.141709165648282,0.230575602898781
"2020-01-07","Eastern","GR",2.10770904181585,2.12653651924647
"2020-01-07","Eastern","SG",2.42993706440552,3.86431659009137
"2020-01-07","Eastern","SH",0.326688793936943,0.594146832882311
"2020-01-07","Eastern","TG",0.994137911709592,1.62286613903464
"2020-01-07","Espace Mittelland","BE",5.26331961755962,9.40910923179306
"2020-01-07","Espace Mittelland","FR",1.35573688544882,2.1943088883768
"2020-01-07","Espace Mittelland","JU",0.272934938276081,0.433654793246691
"2020-01-07","Espace Mittelland","NE",0.804403927946506,1.45710593630213
"2020-01-07","Espace Mittelland","SO",0.93759035069135,1.70209251438209
"2020-01-07","Lake Geneva","GE",4.24689643063535,7.0881944883458
"2020-01-07","Lake Geneva","VD",4.94962065049995,8.3538451812622
"2020-01-07","Lake Geneva","VS",2.76111874106552,3.27992435597556
"2020-01-07","Northwestern","AG",2.95655894763377,4.99561212996252
"2020-01-07","Northwestern","BL",1.09705734602604,1.87145546090989
"2020-01-07","Northwestern","BS",1.27490118047174,2.73638587697242
"2020-01-07","Ticino","TI",2.33049428175305,2.74444106828831
"2020-01-07","Zurich","ZH",9.72930132534574,20.9510427903998
"2020-01-08","9999","9999",0.0137968288269867,0.0440146529708021
"2020-01-08","Central","LU",3.04018028313203,4.04897420367466
"2020-01-08","Central","NW",0.247306163958327,0.322955391913947
"2020-01-08","Central","OW",0.184064035064495,0.258377908790763
"2020-01-08","Central","SZ",0.878716853076401,1.2163678768487
"2020-01-08","Central","UR",0.198360630463317,0.229759887322488
"2020-01-08","Central","ZG",1.03000418814577,1.67337252846677
"2020-01-08","Eastern","AI",0.0480280879927041,0.0563523510622316
"2020-01-08","Eastern","AR",0.140828687388344,0.202501391814702
"2020-01-08","Eastern","GL",0.160467711116837,0.260519162178532
"2020-01-08","Eastern","GR",2.09618686928485,2.14519601305417
"2020-01-08","Eastern","SG",2.53653895297656,4.04591527026356
"2020-01-08","Eastern","SH",0.346611807540062,0.623104735840707
"2020-01-08","Eastern","TG",1.03490967463552,1.68329706797834
"2020-01-08","Espace Mittelland","BE",5.52474920261678,9.73583730824736
"2020-01-08","Espace Mittelland","FR",1.41894070782095,2.29525369094304
"2020-01-08","Espace Mittelland","JU",0.291751883372329,0.451736488521182
"2020-01-08","Espace Mittelland","NE",0.853544706438331,1.5135602518114
"2020-01-08","Espace Mittelland","SO",1.00533870027726,1.79477819673836
"2020-01-08","Lake Geneva","GE",5.27419134284593,7.26870554774961
"2020-01-08","Lake Geneva","VD",5.2723564675054,8.85166959984393
"2020-01-08","Lake Geneva","VS",2.78078540798934,3.37658665176626
"2020-01-08","Northwestern","AG",3.14822837408392,5.26262302860239
"2020-01-08","Northwestern","BL",1.11965952919155,1.97002109304528
"2020-01-08","Northwestern","BS",1.29924567597906,2.83607311802521
"2020-01-08","Ticino","TI",1.95528181556246,2.50081401616884
"2020-01-08","Zurich","ZH",10.4090069284092,21.7992850252974
"2020-01-09","9999","9999",0.0145521392937284,0.0479572782562176
"2020-01-09","Central","LU",2.77213531998479,4.05176123189366
"2020-01-09","Central","NW",0.234718171788788,0.31806109845619
"2020-01-09","Central","OW",0.174795838320272,0.255115046485591
"2020-01-09","Central","SZ",0.862052736849229,1.17602394397122
"2020-01-09","Central","UR",0.190640785519126,0.232886797031611
"2020-01-09","Central","ZG",0.978031769796899,1.71762509848066
"2020-01-09","Eastern","AI",0.0484441848505131,0.0558085406780364
"2020-01-09","Eastern","AR",0.14090679635193,0.20477859779852
"2020-01-09","Eastern","GL",0.157454109407694,0.257800110257555
"2020-01-09","Eastern","GR",2.08875913995977,2.14128737591777
"2020-01-09","Eastern","SG",2.62362336329248,4.16212075173628
"2020-01-09","Eastern","SH",0.335430857536992,0.629596472302038
"2020-01-09","Eastern","TG",1.05995883078831,1.7233011193657
"2020-01-09","Espace Mittelland","BE",6.05470603627332,10.0549180511739
"2020-01-09","Espace Mittelland","FR",1.40891576343012,2.31500080551913
"2020-01-09","Espace Mittelland","JU",0.293998395222247,0.454013694505
"2020-01-09","Espace Mittelland","NE",0.885468763253897,1.55434603062604
"2020-01-09","Espace Mittelland","SO",1.05673242855825,1.88722596205155
"2020-01-09","Lake Geneva","GE",4.87562904667705,7.69868962090298
"2020-01-09","Lake Geneva","VD",5.12339749696603,8.76822869401897
"2020-01-09","Lake Geneva","VS",2.70468725092268,3.29501509413698
"2020-01-09","Northwestern","AG",3.1167096254871,5.26496821088423
"2020-01-09","Northwestern","BL",1.1425659284824,1.97882402363944
"2020-01-09","Northwestern","BS",1.35998036459859,2.95292437432916
"2020-01-09","Ticino","TI",2.06143401564381,2.60923621151777
"2020-01-09","Zurich","ZH",10.563290564205,22.3985980568295
"2020-01-10","9999","9999",0.0168066594074855,0.0463938234016563
"2020-01-10","Central","LU",3.53524955201008,4.80184569244396
"2020-01-10","Central","NW",0.314485895483495,0.393344848518219
"2020-01-10","Central","OW",0.233622402418297,0.307796677454505
"2020-01-10","Central","SZ",1.10253345949553,1.42695844812831
"2020-01-10","Central","UR",0.257188267551215,0.291074508140502
"2020-01-10","Central","ZG",1.25324221414562,1.97834818955327
"2020-01-10","Eastern","AI",0.0713003024261119,0.0731764848232718
"2020-01-10","Eastern","AR",0.18137780883148,0.24073805945343
"2020-01-10","Eastern","GL",0.205068716444909,0.310481741226469
"2020-01-10","Eastern","GR",2.74372322559851,2.70589850730847
"2020-01-10","Eastern","SG",3.371226590763,4.75667544240674
"2020-01-10","Eastern","SH",0.422521130137001,0.71296940182897
"2020-01-10","Eastern","TG",1.32415460723623,1.96709811223023
"2020-01-10","Espace Mittelland","BE",7.44211364327888,11.6619117246199
"2020-01-10","Espace Mittelland","FR",1.91845352930003,2.82410928957291
"2020-01-10","Espace Mittelland","JU",0.37760413712314,0.544898004963629
"2020-01-10","Espace Mittelland","NE",1.12051434184698,1.75280283270829
"2020-01-10","Espace Mittelland","SO",1.29799624584339,2.0742627460657
"2020-01-10","Lake Geneva","GE",5.25705196650907,8.22754521953285
"2020-01-10","Lake Geneva","VD",6.90689716206984,10.5451291243769
"2020-01-10","Lake Geneva","VS",3.70982651214417,4.19859003562638
"2020-01-10","Northwestern","AG",4.0567871118816,6.16194945146526
"2020-01-10","Northwestern","BL",1.46842216842975,2.3023912022356
"2020-01-10","Northwestern","BS",1.5512252864929,3.18876814032483
"2020-01-10","Ticino","TI",2.37585089124947,2.73387075394551
"2020-01-10","Zurich","ZH",12.970587444373,24.7325982376465
"2020-01-11","9999","9999",0.0155669527530486,0.0372849994663861
"2020-01-11","Central","LU",4.11789847477113,4.93433149729352
"2020-01-11","Central","NW",0.387909601793604,0.452382263352414
"2020-01-11","Central","OW",0.3589590897039,0.469580266752589
"2020-01-11","Central","SZ",1.46439085932145,1.73207006181085
"2020-01-11","Central","UR",0.274927265090533,0.340833158294366
"2020-01-11","Central","ZG",1.48728200962482,1.89857800382163
"2020-01-11","Eastern","AI",0.0879966240135831,0.0887430570708605
"2020-01-11","Eastern","AR",0.220531213242142,0.259635470304214
"2020-01-11","Eastern","GL",0.269777681236536,0.392801038134023
"2020-01-11","Eastern","GR",3.46648689413162,3.51444258415976
"2020-01-11","Eastern","SG",4.41653454369306,5.3568041895152
"2020-01-11","Eastern","SH",0.514875585042344,0.78750541261273
"2020-01-11","Eastern","TG",1.75611503684211,2.34093376321544
"2020-01-11","Espace Mittelland","BE",8.66669678739822,11.7671730221107
"2020-01-11","Espace Mittelland","FR",2.00969986370327,2.74399922235115
"2020-01-11","Espace Mittelland","JU",0.436048129422879,0.568417804080073
"2020-01-11","Espace Mittelland","NE",1.42948529259241,1.97980967996079
"2020-01-11","Espace Mittelland","SO",1.73149286408672,2.42954086769025
"2020-01-11","Lake Geneva","GE",5.97588483454009,7.58061479123459
"2020-01-11","Lake Geneva","VD",8.37227538745635,11.252830363109
"2020-01-11","Lake Geneva","VS",4.20580846464246,4.69094236221714
"2020-01-11","Northwestern","AG",5.59884265040921,7.2399855618343
"2020-01-11","Northwestern","BL",1.9701969857075,2.48368398906669
"2020-01-11","Northwestern","BS",2.06458219926168,3.22493153087381
"2020-01-11","Ticino","TI",2.64602033518661,3.10750247603666
"2020-01-11","Zurich","ZH",17.2098559782475,24.2372209657936
"2020-01-12","9999","9999",0.0121629315386604,0.030385405216909
"2020-01-12","Central","LU",0.71536673480061,1.40000584596163
"2020-01-12","Central","NW",0.103347157841905,0.122629241636026
"2020-01-12","Central","OW",0.222691686185064,0.273944481038352
"2020-01-12","Central","SZ",0.350288117557021,0.544320206430422
"2020-01-12","Central","UR",0.173798462904412,0.173815394048403
"2020-01-12","Central","ZG",0.188150293785606,0.450716844050816
"2020-01-12","Eastern","AI",0.0214934987563127,0.0258309932492738
"2020-01-12","Eastern","AR",0.0735631989097232,0.0918699667799832
"2020-01-12","Eastern","GL",0.0873533548361809,0.171130330276439
"2020-01-12","Eastern","GR",2.18997132990637,1.94323843162366
"2020-01-12","Eastern","SG",0.730775210082117,1.37682592833531
"2020-01-12","Eastern","SH",0.0950067292324974,0.205288420033703
"2020-01-12","Eastern","TG",0.227730364395937,0.421690964794395
"2020-01-12","Espace Mittelland","BE",2.01483999036549,3.53575315359041
"2020-01-12","Espace Mittelland","FR",0.430321406245491,0.881006810545299
"2020-01-12","Espace Mittelland","JU",0.0572505534385826,0.111583093207061
"2020-01-12","Espace Mittelland","NE",0.18783782660309,0.374039579879288
"2020-01-12","Espace Mittelland","SO",0.246151192175748,0.533477986895529
"2020-01-12","Lake Geneva","GE",1.30398745710865,2.47797398003264
"2020-01-12","Lake Geneva","VD",1.51831120071769,3.01267554029261
"2020-01-12","Lake Geneva","VS",1.85723710738738,2.12079252206341
"2020-01-12","Northwestern","AG",0.75698242384238,1.62606102504179
"2020-01-12","Northwestern","BL",0.265344349451467,0.575827220564734
"2020-01-12","Northwestern","BS",0.380832246738548,1.02181971190285
"2020-01-12","Ticino","TI",0.905421663932624,1.13051381244388
"2020-01-12","Zurich","ZH",3.60184681059066,7.47474170706158
"2020-01-13","9999","9999",0.0131702458169284,0.0458500130174611
"2020-01-13","Central","LU",2.28193358743274,3.77489377004026
"2020-01-13","Central","NW",0.204491146359159,0.313676627233616
"2020-01-13","Central","OW",0.166384376998015,0.245734317358224
"2020-01-13","Central","SZ",0.751315533556531,1.13622382147793
"2020-01-13","Central","UR",0.157776664261433,0.218271892956364
"2020-01-13","Central","ZG",0.814176527831946,1.62854215991968
"2020-01-13","Eastern","AI",0.0376541751835401,0.0519338916906453
"2020-01-13","Eastern","AR",0.118941272119642,0.19583971460831
"2020-01-13","Eastern","GL",0.136862814998254,0.245462412166126
"2020-01-13","Eastern","GR",1.79584614448325,2.08269180702073
"2020-01-13","Eastern","SG",2.21786836174109,3.88708864992954
"2020-01-13","Eastern","SH",0.303819835727052,0.59676392035625
"2020-01-13","Eastern","TG",0.942789981299314,1.63958830834865
"2020-01-13","Espace Mittelland","BE",5.11912922548454,9.53411764385994
"2020-01-13","Espace Mittelland","FR",1.26406389659398,2.23353121233688
"2020-01-13","Espace Mittelland","JU",0.245694368694993,0.424681921907469
"2020-01-13","Espace Mittelland","NE",0.754700612975227,1.45989296452113
"2020-01-13","Espace Mittelland","SO",0.869398061335211,1.70926401382366
"2020-01-13","Lake Geneva","GE",4.34212723461449,7.453635066525
"2020-01-13","Lake Geneva","VD",4.82953795994793,8.74283954670685
"2020-01-13","Lake Geneva","VS",2.28741642862706,3.13809181014764
"2020-01-13","Northwestern","AG",2.76071971414516,5.02711914409684
"2020-01-13","Northwestern","BL",1.04036337279831,1.91669368724513
"2020-01-13","Northwestern","BS",1.28040356261303,2.90415138049665
"2020-01-13","Ticino","TI",1.7456431295125,2.44820036149795
"2020-01-13","Zurich","ZH",9.52853481270807,21.9596071241879
"2020-01-14","9999","9999",0.0141592409469132,0.04768537306412
"2020-01-14","Central","LU",2.3446015218513,3.79946720177608
"2020-01-14","Central","NW",0.214145231771824,0.307660724858456
"2020-01-14","Central","OW",0.170176757890373,0.24151978688071
"2020-01-14","Central","SZ",0.779439561489872,1.1383650748657
"2020-01-14","Central","UR",0.160762188096871,0.213343611349595
"2020-01-14","Central","ZG",0.861015813532875,1.61817577447096
"2020-01-14","Eastern","AI",0.0490709597456218,0.0568961614464269
"2020-01-14","Eastern","AR",0.15579722115751,0.208585270487886
"2020-01-14","Eastern","GL",0.147620431335899,0.250492658219932
"2020-01-14","Eastern","GR",1.60802068075984,1.97746449767895
"2020-01-14","Eastern","SG",2.33787048798409,3.91886756925595
"2020-01-14","Eastern","SH",0.305364643527682,0.600978450833763
"2020-01-14","Eastern","TG",0.98832987234706,1.65263975756933
"2020-01-14","Espace Mittelland","BE",5.22783295632555,9.79895330096302
"2020-01-14","Espace Mittelland","FR",1.29750468725249,2.18978846455818
"2020-01-14","Espace Mittelland","JU",0.258973150962074,0.42777484346758
"2020-01-14","Espace Mittelland","NE",0.80269763516987,1.46492321057494
"2020-01-14","Espace Mittelland","SO",1.00620791997557,1.78594127799519
"2020-01-14","Lake Geneva","GE",4.15342293736014,7.38531888701048
"2020-01-14","Lake Geneva","VD",4.7921293193085,8.51216197936104
"2020-01-14","Lake Geneva","VS",2.28912037179083,3.05876347035316
"2020-01-14","Northwestern","AG",2.99556154214287,5.25242658389873
"2020-01-14","Northwestern","BL",1.05275434601332,1.91516422053958
"2020-01-14","Northwestern","BS",1.30589570694284,2.94068864068477
"2020-01-14","Ticino","TI",1.71139663310737,2.4087741086438
"2020-01-14","Zurich","ZH",9.89670486258687,22.0093317861928
"2020-01-15","9999","9999",0.0143668409913632,0.0468356693388149
"2020-01-15","Central","LU",2.80200902238025,4.07759222514294
"2020-01-15","Central","NW",0.226698390930679,0.332676002531437
"2020-01-15","Central","OW",0.182263119461872,0.253891473121152
"2020-01-15","Central","SZ",0.815105733146627,1.17649977805739
"2020-01-15","Central","UR",0.196393804780465,0.227210776146573
"2020-01-15","Central","ZG",0.894755541519838,1.67310062327468
"2020-01-15","Eastern","AI",0.0463790944417374,0.0586295570460492
"2020-01-15","Eastern","AR",0.135369741756831,0.209231045319118
"2020-01-15","Eastern","GL",0.155146065112934,0.255318975379665
"2020-01-15","Eastern","GR",1.84777074821037,2.08303168851085
"2020-01-15","Eastern","SG",2.43239016988237,4.07337769466542
"2020-01-15","Eastern","SH",0.332608283269577,0.630514152325367
"2020-01-15","Eastern","TG",1.03687636325762,1.70382590998171
"2020-01-15","Espace Mittelland","BE",5.16631483628933,9.80408551146386
"2020-01-15","Espace Mittelland","FR",1.407418178932,2.30069179478499
"2020-01-15","Espace Mittelland","JU",0.273682158242534,0.454795421932281
"2020-01-15","Espace Mittelland","NE",0.871495079066764,1.55278257577148
"2020-01-15","Espace Mittelland","SO",0.961138668132209,1.81034476898595
"2020-01-15","Lake Geneva","GE",4.50520798152368,7.63513178225017
"2020-01-15","Lake Geneva","VD",5.23972321529154,9.06722244087931
"2020-01-15","Lake Geneva","VS",2.48382359487267,3.24093994905856
"2020-01-15","Northwestern","AG",3.02836164036609,5.26863893097755
"2020-01-15","Northwestern","BL",1.10537955730372,1.98320849486201
"2020-01-15","Northwestern","BS",1.37063989243128,2.99666712210786
"2020-01-15","Ticino","TI",1.7998458591306,2.48290226163941
"2020-01-15","Zurich","ZH",10.2340263204494,22.5290445727384
"2020-01-16","9999","9999",0.0141962121053018,0.0466317404447417
"2020-01-16","Central","LU",2.57808233659851,4.10138392945148
"2020-01-16","Central","NW",0.219610035771407,0.322921403764935
"2020-01-16","Central","OW",0.198865742404415,0.267214827533935
"2020-01-16","Central","SZ",0.833928838144596,1.1631764236446
"2020-01-16","Central","UR",0.205519168558787,0.228638278405086
"2020-01-16","Central","ZG",0.919950076052465,1.71871271924905
"2020-01-16","Eastern","AI",0.0498968995750048,0.0590034266851834
"2020-01-16","Eastern","AR",0.154919014190005,0.208517294189862
"2020-01-16","Eastern","GL",0.15353920403661,0.260519162178532
"2020-01-16","Eastern","GR",1.91213318426502,2.17792660055292
"2020-01-16","Eastern","SG",2.54357402674816,4.12466581152484
"2020-01-16","Eastern","SH",0.330378978417854,0.633233204246343
"2020-01-16","Eastern","TG",1.05098185681031,1.70542335298528
"2020-01-16","Espace Mittelland","BE",5.39867467032004,10.0708245049116
"2020-01-16","Espace Mittelland","FR",1.35290926342977,2.27866747422509
"2020-01-16","Espace Mittelland","JU",0.289471787722566,0.465331748126063
"2020-01-16","Espace Mittelland","NE",0.892000773163609,1.57647231563298
"2020-01-16","Espace Mittelland","SO",1.02346911590729,1.88681810426341
"2020-01-16","Lake Geneva","GE",4.74234430438198,8.04519880008239
"2020-01-16","Lake Geneva","VD",5.12878301327958,8.87087290403582
"2020-01-16","Lake Geneva","VS",2.49021483555978,3.21072448458671
"2020-01-16","Northwestern","AG",3.06926085804173,5.26612380795064
"2020-01-16","Northwestern","BL",1.10610361400337,1.97960575106672
"2020-01-16","Northwestern","BS",1.39167744489564,3.10213234849273
"2020-01-16","Ticino","TI",1.8849024556458,2.61532009019095
"2020-01-16","Zurich","ZH",10.7216548588112,22.7797071717034
"2020-01-17","9999","9999",0.0162965192948622,0.0502684723890474
"2020-01-17","Central","LU",3.37358579004579,4.76479861002066
"2020-01-17","Central","NW",0.30958933752262,0.390387879554157
"2020-01-17","Central","OW",0.265503422158268,0.330568737292681
"2020-01-17","Central","SZ",1.0732814372513,1.3974227466367
"2020-01-17","Central","UR",0.241115341332353,0.287131882855086
"2020-01-17","Central","ZG",1.21262791052566,2.0235524277395
"2020-01-17","Eastern","AI",0.0692465332353111,0.0738222596545037
"2020-01-17","Eastern","AR",0.200924860880499,0.242063597264906
"2020-01-17","Eastern","GL",0.210548976981105,0.319794494055813
"2020-01-17","Eastern","GR",2.54473253861412,2.77377284088584
"2020-01-17","Eastern","SG",3.23284385819637,4.73838981823818
"2020-01-17","Eastern","SH",0.403822852238365,0.699340154075077
"2020-01-17","Eastern","TG",1.33881835314092,1.97321597905242
"2020-01-17","Espace Mittelland","BE",6.94510863018013,11.4827262030275
"2020-01-17","Espace Mittelland","FR",1.82769488054249,2.72109120991693
"2020-01-17","Espace Mittelland","JU",0.365480702576696,0.533172093554419
"2020-01-17","Espace Mittelland","NE",1.0967450394004,1.74063507536192
"2020-01-17","Espace Mittelland","SO",1.24168074825552,2.05689480192047
"2020-01-17","Lake Geneva","GE",5.14553500894382,8.26119348705493
"2020-01-17","Lake Geneva","VD",6.57997718189133,10.1461762312717
"2020-01-17","Lake Geneva","VS",3.43767224448966,4.00213853433585
"2020-01-17","Northwestern","AG",3.87342412689081,6.03425597562642
"2020-01-17","Northwestern","BL",1.43925190096506,2.26034786190751
"2020-01-17","Northwestern","BS",1.64303928344765,3.34276844349912
"2020-01-17","Ticino","TI",2.00762595049819,2.75317602258445
"2020-01-17","Zurich","ZH",12.9374621753937,24.8318096446131
"2020-01-18","9999","9999",0.0145533023520952,0.0369791061252762
"2020-01-18","Central","LU",4.03818575159751,4.95492831559492
"2020-01-18","Central","NW",0.39172672019338,0.448677555110084
"2020-01-18","Central","OW",0.36563954032221,0.461796980628794
"2020-01-18","Central","SZ",1.40877269941896,1.69998524914333
"2020-01-18","Central","UR",0.261382514479479,0.318468956244337
"2020-01-18","Central","ZG",1.39740145427017,1.87118355571779
"2020-01-18","Eastern","AI",0.0861580636968847,0.087145614067287
"2020-01-18","Eastern","AR",0.201406175159323,0.250254741176846
"2020-01-18","Eastern","GL",0.259570532200275,0.373869639134227
"2020-01-18","Eastern","GR",3.29216521943502,3.46679119924465
"2020-01-18","Eastern","SG",4.22970290747009,5.28226817873144
"2020-01-18","Eastern","SH",0.501446501956482,0.779314268700789
"2020-01-18","Eastern","TG",1.73567100050279,2.30079375923203
"2020-01-18","Espace Mittelland","BE",8.40750118292239,11.7142194859496
"2020-01-18","Espace Mittelland","FR",2.04174043390465,2.7959331140418
"2020-01-18","Espace Mittelland","JU",0.422741656968215,0.55108384808385
"2020-01-18","Espace Mittelland","NE",1.40649323033262,1.96750597001837
"2020-01-18","Espace Mittelland","SO",1.69455736107335,2.37923840715219
"2020-01-18","Lake Geneva","GE",6.03295057917898,7.76714175301356
"2020-01-18","Lake Geneva","VD",8.37522192729838,11.3295076272805
"2020-01-18","Lake Geneva","VS",4.20084707303067,4.74811042885567
"2020-01-18","Northwestern","AG",5.59275568067174,7.2879088519415
"2020-01-18","Northwestern","BL",1.95254412497572,2.49071953591222
"2020-01-18","Northwestern","BS",2.10101637321066,3.32903723129819
"2020-01-18","Ticino","TI",2.54409461088995,3.10736652344061
"2020-01-18","Zurich","ZH",16.691045927307,24.3936344275478
"2020-01-19","9999","9999",0.0120460343827387,0.0305213578129578
"2020-01-19","Central","LU",0.757499561885312,1.36183715462093
"2020-01-19","Central","NW",0.103594059077499,0.110733389481755
"2020-01-19","Central","OW",0.223162153084507,0.250050812282773
"2020-01-19","Central","SZ",0.333404230290773,0.490143096904971
"2020-01-19","Central","UR",0.144927038783654,0.156345485456131
"2020-01-19","Central","ZG",0.191533027507462,0.423934182629201
"2020-01-19","Eastern","AI",0.0145763951305104,0.0152946670554911
"2020-01-19","Eastern","AR",0.05470286037993,0.069675705475015
"2020-01-19","Eastern","GL",0.0786415581658197,0.151111310508252
"2020-01-19","Eastern","GR",2.23991010741463,1.94867653546561
"2020-01-19","Eastern","SG",0.716592563075073,1.28747108458223
"2020-01-19","Eastern","SH",0.0895251959893346,0.200801984364092
"2020-01-19","Eastern","TG",0.237601162434936,0.411018686004564
"2020-01-19","Espace Mittelland","BE",2.02936745872417,3.53401975799078
"2020-01-19","Espace Mittelland","FR",0.468470323745363,0.906871791943585
"2020-01-19","Espace Mittelland","JU",0.0681741542608641,0.117497031135184
"2020-01-19","Espace Mittelland","NE",0.193887186870667,0.370436836083994
"2020-01-19","Espace Mittelland","SO",0.228617237518883,0.509244436649829
"2020-01-19","Lake Geneva","GE",1.33387692540641,2.57467026397236
"2020-01-19","Lake Geneva","VD",1.57975496725487,3.12888102176533
"2020-01-19","Lake Geneva","VS",1.9853065119125,2.22673358253444
"2020-01-19","Northwestern","AG",0.779934977361891,1.65291166276143
"2020-01-19","Northwestern","BL",0.25395790230746,0.57222447676944
"2020-01-19","Northwestern","BS",0.384048937235446,1.07511312955399
"2020-01-19","Ticino","TI",0.834833525249059,1.09387458780872
"2020-01-19","Zurich","ZH",3.25942962983294,7.58737843288802
"2020-01-20","9999","9999",0.0133848046314723,0.044660427802034
"2020-01-20","Central","LU",2.45411584563368,3.77078120400979
"2020-01-20","Central","NW",0.214684189886203,0.314254425766824
"2020-01-20","Central","OW",0.215213209138175,0.269016199431582
"2020-01-20","Central","SZ",0.758874731553304,1.14835759067528
"2020-01-20","Central","UR",0.155545381818884,0.213921409882802
"2020-01-20","Central","ZG",0.83799788203547,1.61317951656616
"2020-01-20","Eastern","AI",0.0354155149566036,0.0509482353692914
"2020-01-20","Eastern","AR",0.118285471673641,0.191659172279809
"2020-01-20","Eastern","GL",0.143445071379026,0.257324276171385
"2020-01-20","Eastern","GR",1.99983416040816,2.39215390377683
"2020-01-20","Eastern","SG",2.21660884785022,3.8552077661561
"2020-01-20","Eastern","SH",0.294816275879512,0.598735232998958
"2020-01-20","Eastern","TG",0.964437481514666,1.65168808939699
"2020-01-20","Espace Mittelland","BE",5.04406892374734,9.54815474940198
"2020-01-20","Espace Mittelland","FR",1.26865337973385,2.21786267564226
"2020-01-20","Espace Mittelland","JU",0.24793951776945,0.419107865469468
"2020-01-20","Espace Mittelland","NE",0.743564450509335,1.4378006676632
"2020-01-20","Espace Mittelland","SO",0.856230216039423,1.70052905952752
"2020-01-20","Lake Geneva","GE",4.09359181194692,7.4683859231963
"2020-01-20","Lake Geneva","VD",4.7173622100963,8.68410802521377
"2020-01-20","Lake Geneva","VS",2.44649940323554,3.24121185425066
"2020-01-20","Northwestern","AG",2.73995342840178,5.04037452221159
"2020-01-20","Northwestern","BL",1.04400304060268,1.91812118950364
"2020-01-20","Northwestern","BS",1.19893032934598,2.84317664116876
"2020-01-20","Ticino","TI",1.60904224935613,2.40948785977305
"2020-01-20","Zurich","ZH",9.68536284035645,21.8871443904939
"2020-01-21","9999","9999",0.0130914554656121,0.0454081670803024
"2020-01-21","Central","LU",2.47086079637536,3.75803564813021
"2020-01-21","Central","NW",0.217067962203517,0.311671326441896
"2020-01-21","Central","OW",0.182598041111309,0.263170237801483
"2020-01-21","Central","SZ",0.7370704142595,1.09050976105651
"2020-01-21","Central","UR",0.172572548477477,0.218611774446486
"2020-01-21","Central","ZG",0.861752041227153,1.68122379088859
"2020-01-21","Eastern","AI",0.0446836803726542,0.0555366354859388
"2020-01-21","Eastern","AR",0.126223419431777,0.196281560545469
"2020-01-21","Eastern","GL",0.150782156555903,0.250254741176846
"2020-01-21","Eastern","GR",1.8102464126336,2.32815421918685
"2020-01-21","Eastern","SG",2.27469802902764,3.80578899749235
"2020-01-21","Eastern","SH",0.310917832131102,0.601998095304129
"2020-01-21","Eastern","TG",0.950694208196854,1.62735257470425
"2020-01-21","Espace Mittelland","BE",5.03722663179507,9.55950679117205
"2020-01-21","Espace Mittelland","FR",1.25020981161756,2.15834942672189
"2020-01-21","Espace Mittelland","JU",0.259266339571056,0.424477993013396
"2020-01-21","Espace Mittelland","NE",0.788032138803599,1.44932265017834
"2020-01-21","Espace Mittelland","SO",0.912015061394385,1.72649600537285
"2020-01-21","Lake Geneva","GE",4.08511055537459,7.28362634516597
"2020-01-21","Lake Geneva","VD",4.7154353826564,8.46423868925383
"2020-01-21","Lake Geneva","VS",2.28088260559942,3.07827266788616
"2020-01-21","Northwestern","AG",2.80882623613123,5.05950985010547
"2020-01-21","Northwestern","BL",1.06369227947406,1.90027741127224
"2020-01-21","Northwestern","BS",1.2234009794839,2.83484954466077
"2020-01-21","Ticino","TI",1.58701344613344,2.39120223560449
"2020-01-21","Zurich","ZH",9.78382861482055,21.8709320434151
"2020-01-22","9999","9999",0.0147305375663212,0.0448983448451194
"2020-01-22","Central","LU",2.93015446820963,4.08428789049834
"2020-01-22","Central","NW",0.217339655770829,0.321629854102472
"2020-01-22","Central","OW",0.198578807681669,0.272652931375888
"2020-01-22","Central","SZ",0.819160765512799,1.19750445414693
"2020-01-22","Central","UR",0.199894865006067,0.237067339360112
"2020-01-22","Central","ZG",0.943144549628302,1.68910904145942
"2020-01-22","Eastern","AI",0.0479584532995079,0.0605668815397447
"2020-01-22","Eastern","AR",0.139650485766599,0.202977225900873
"2020-01-22","Eastern","GL",0.155507662700401,0.263170237801483
"2020-01-22","Eastern","GR",1.89314568860314,2.44334005618921
"2020-01-22","Eastern","SG",2.40100151543372,3.97912855745459
"2020-01-22","Eastern","SH",0.337275706984119,0.624974084036378
"2020-01-22","Eastern","TG",0.998691128574939,1.68370492576648
"2020-01-22","Espace Mittelland","BE",5.6819891683082,9.86692959898743
"2020-01-22","Espace Mittelland","FR",1.36185522251799,2.2889998715248
"2020-01-22","Espace Mittelland","JU",0.270891170604031,0.448269697321938
"2020-01-22","Espace Mittelland","NE",0.843325155362178,1.52708753511825
"2020-01-22","Espace Mittelland","SO",0.970891766230892,1.7962736752949
"2020-01-22","Lake Geneva","GE",4.68355787950368,7.58826212476234
"2020-01-22","Lake Geneva","VD",5.14757882752415,9.03833251421894
"2020-01-22","Lake Geneva","VS",2.56916210577114,3.30599326626792
"2020-01-22","Northwestern","AG",3.02135093599589,5.29865046655532
"2020-01-22","Northwestern","BL",1.10646863419358,1.96522876403456
"2020-01-22","Northwestern","BS",1.26265125843287,2.85656797187957
"2020-01-22","Ticino","TI",1.68148893964584,2.49119536999839
"2020-01-22","Zurich","ZH",10.3821505636073,22.3308256876992
"2020-01-23","9999","9999",0.0132012998669254,0.0451022737391926
"2020-01-23","Central","LU",3.03815862923304,4.02841137352228
"2020-01-23","Central","NW",0.226781539813855,0.322037711890618
"2020-01-23","Central","OW",0.232203083524622,0.288253491772489
"2020-01-23","Central","SZ",0.815172207610524,1.17432453652061
"2020-01-23","Central","UR",0.186209039722739,0.233396619266794
"2020-01-23","Central","ZG",0.957813550833759,1.72867124690963
"2020-01-23","Eastern","AI",0.0427276864050973,0.0550608013997679
"2020-01-23","Eastern","AR",0.13276055541355,0.201379782897299
"2020-01-23","Eastern","GL",0.154259943866104,0.265175538593203
"2020-01-23","Eastern","GR",2.11512395400277,2.52090101223505
"2020-01-23","Eastern","SG",2.55293344329574,4.05570385717908
"2020-01-23","Eastern","SH",0.341678153108113,0.629290578960928
"2020-01-23","Eastern","TG",1.0472715792234,1.69760607871247
"2020-01-23","Espace Mittelland","BE",5.73387018671672,10.0513832836766
"2020-01-23","Espace Mittelland","FR",1.37617352442364,2.25365219655211
"2020-01-23","Espace Mittelland","JU",0.28259006926647,0.451804464819207
"2020-01-23","Espace Mittelland","NE",0.880671468604412,1.55573954473554
"2020-01-23","Espace Mittelland","SO",1.02548590219164,1.86540557038572
"2020-01-23","Lake Geneva","GE",4.67807978844336,7.93908779886629
"2020-01-23","Lake Geneva","VD",5.06671245226717,8.72200481136237
"2020-01-23","Lake Geneva","VS",2.64177368797549,3.32353115115821
"2020-01-23","Northwestern","AG",3.01879875909269,5.24685252746072
"2020-01-23","Northwestern","BL",1.10724240478538,1.96390322622308
"2020-01-23","Northwestern","BS",1.34360488656349,2.95520158031298
"2020-01-23","Ticino","TI",1.79410018632548,2.59462130744252
"2020-01-23","Zurich","ZH",10.7048761637128,22.6228858521611
"2020-01-24","9999","9999",0.0164400532285997,0.0459179893154855
"2020-01-24","Central","LU",4.08918069575146,5.07286719266726
"2020-01-24","Central","NW",0.312613469413407,0.405274688821502
"2020-01-24","Central","OW",0.301931197328214,0.36866945233536
"2020-01-24","Central","SZ",1.17163493154875,1.50805417167142
"2020-01-24","Central","UR",0.283958757918983,0.317347347326934
"2020-01-24","Central","ZG",1.24961524991479,2.07643798760248
"2020-01-24","Eastern","AI",0.0764370887220513,0.0814695931822492
"2020-01-24","Eastern","AR",0.201616269709429,0.260689102923593
"2020-01-24","Eastern","GL",0.231869908420745,0.355651991263686
"2020-01-24","Eastern","GR",2.96628548335905,3.10855610865603
"2020-01-24","Eastern","SG",3.57956898756478,5.0584902056351
"2020-01-24","Eastern","SH",0.448043357343492,0.761300549724322
"2020-01-24","Eastern","TG",1.43633081917839,2.14468619081899
"2020-01-24","Espace Mittelland","BE",8.13804749371945,12.3401452381584
"2020-01-24","Espace Mittelland","FR",1.97222488566069,2.89579029583965
"2020-01-24","Espace Mittelland","JU",0.397345181042116,0.570389116722781
"2020-01-24","Espace Mittelland","NE",1.20600530346,1.89324186442671
"2020-01-24","Espace Mittelland","SO",1.45323820648928,2.28233819431841
"2020-01-24","Lake Geneva","GE",5.38862247042001,8.51997925363384
"2020-01-24","Lake Geneva","VD",7.03497032989156,10.7254022667376
"2020-01-24","Lake Geneva","VS",3.89242321006012,4.35507147367856
"2020-01-24","Northwestern","AG",4.39282933868536,6.64376545186224
"2020-01-24","Northwestern","BL",1.57876449186879,2.44215047097378
"2020-01-24","Northwestern","BS",1.68766464251304,3.32625020307919
"2020-01-24","Ticino","TI",2.69082309393912,2.87886419763157
"2020-01-24","Zurich","ZH",14.2492355798884,26.2677409640806
"2020-01-25","9999","9999",0.0160997627137718,0.0322887415615923
"2020-01-25","Central","LU",4.95315045823893,5.23019833444475
"2020-01-25","Central","NW",0.431425168215736,0.493473935508167
"2020-01-25","Central","OW",0.424861740066034,0.530181136441346
"2020-01-25","Central","SZ",1.54276107244586,1.85942365615957
"2020-01-25","Central","UR",0.305403701925496,0.354666334942332
"2020-01-25","Central","ZG",1.45762897112133,1.91975262065623
"2020-01-25","Eastern","AI",0.0902150384096893,0.0979878336021796
"2020-01-25","Eastern","AR",0.211160698689809,0.264903633401106
"2020-01-25","Eastern","GL",0.307251605869344,0.423968170778213
"2020-01-25","Eastern","GR",4.32852178567116,4.133468742119
"2020-01-25","Eastern","SG",4.47628548073531,5.57837293292575
"2020-01-25","Eastern","SH",0.543339390491705,0.823804755757762
"2020-01-25","Eastern","TG",1.77599317675558,2.3656091593983
"2020-01-25","Espace Mittelland","BE",9.48654975277628,12.5554941502997
"2020-01-25","Espace Mittelland","FR",2.18870601247174,2.97284142965031
"2020-01-25","Espace Mittelland","JU",0.456114915837044,0.592005579494542
"2020-01-25","Espace Mittelland","NE",1.48669640386308,2.06879065407474
"2020-01-25","Espace Mittelland","SO",1.83981971702461,2.59343172222709
"2020-01-25","Lake Geneva","GE",6.02155948371753,7.80388294209575
"2020-01-25","Lake Geneva","VD",8.80933741007351,11.7533738336117
"2020-01-25","Lake Geneva","VS",4.99586573868811,5.23444685307127
"2020-01-25","Northwestern","AG",5.89616617859399,7.59339433526318
"2020-01-25","Northwestern","BL",2.08675995227576,2.65658170309177
"2020-01-25","Northwestern","BS",2.14053100318675,3.34137492938962
"2020-01-25","Ticino","TI",2.67945426105954,3.20096988582021
"2020-01-25","Zurich","ZH",17.7758704094835,25.4374104837125
"2020-01-26","9999","9999",0.0134987491072303,0.0321527889655435
"2020-01-26","Central","LU",1.52287733653776,1.46458332908481
"2020-01-26","Central","NW",0.144148008975067,0.1384337309267
"2020-01-26","Central","OW",0.303315107556055,0.327067957944424
"2020-01-26","Central","SZ",0.388107086754681,0.565392858817987
"2020-01-26","Central","UR",0.195488079930321,0.179593379380478
"2020-01-26","Central","ZG",0.207200759072197,0.446978147659474
"2020-01-26","Eastern","AI",0.016975694472822,0.0224661664970658
"2020-01-26","Eastern","AR",0.054434092080631,0.0782067308770778
"2020-01-26","Eastern","GL",0.096290467631974,0.17870968750616
"2020-01-26","Eastern","GR",2.85695489538648,2.37699518931739
"2020-01-26","Eastern","SG",0.768516031155976,1.4102362788143
"2020-01-26","Eastern","SH",0.101460348225079,0.223064221967085
"2020-01-26","Eastern","TG",0.233917075199403,0.427129068636348
"2020-01-26","Espace Mittelland","BE",2.78935400750381,4.10960906151243
"2020-01-26","Espace Mittelland","FR",0.482276911297772,0.943545004727751
"2020-01-26","Espace Mittelland","JU",0.0739558466311664,0.124974423917868
"2020-01-26","Espace Mittelland","NE",0.207245683670124,0.4069401081231
"2020-01-26","Espace Mittelland","SO",0.276663609415677,0.576269066501892
"2020-01-26","Lake Geneva","GE",1.42006529127718,2.65012395477945
"2020-01-26","Lake Geneva","VD",1.52391283833833,2.89235749278941
"2020-01-26","Lake Geneva","VS",2.34159227084197,2.40806035751454
"2020-01-26","Northwestern","AG",0.837880440552568,1.75684742244074
"2020-01-26","Northwestern","BL",0.279684447932436,0.62021574317467
"2020-01-26","Northwestern","BS",0.387565465745724,1.09424845744786
"2020-01-26","Ticino","TI",0.853089116504328,1.10240561321079
"2020-01-26","Zurich","ZH",3.41498905842072,7.95050781693439
"2020-01-27","9999","9999",0.0136880534995257,0.0431309610964849
"2020-01-27","Central","LU",3.16523362668655,4.01641355692097
"2020-01-27","Central","NW",0.230049745572759,0.335395054452414
"2020-01-27","Central","OW",0.223347486631065,0.304431850702297
"2020-01-27","Central","SZ",0.870600738090937,1.23543522844455
"2020-01-27","Central","UR",0.174658464288256,0.235367931909502
"2020-01-27","Central","ZG",0.866260098533287,1.69437720455632
"2020-01-27","Eastern","AI",0.0425847672867255,0.0585615807480248
"2020-01-27","Eastern","AR",0.10708822318935,0.186594938076991
"2020-01-27","Eastern","GL",0.162786888660544,0.266161194914557
"2020-01-27","Eastern","GR",2.32088241105148,2.74121219413215
"2020-01-27","Eastern","SG",2.3924868121223,3.94884511668471
"2020-01-27","Eastern","SH",0.301516858764031,0.58935450387159
"2020-01-27","Eastern","TG",0.941095107641189,1.56753343244278
"2020-01-27","Espace Mittelland","BE",6.01964628403224,10.0908775128288
"2020-01-27","Espace Mittelland","FR",1.37772392038686,2.36214236819906
"2020-01-27","Espace Mittelland","JU",0.271863714527958,0.454115658952037
"2020-01-27","Espace Mittelland","NE",0.817563157995131,1.51845454526916
"2020-01-27","Espace Mittelland","SO",0.962793359494367,1.8375013000467
"2020-01-27","Lake Geneva","GE",4.23107345231676,7.61008251642817
"2020-01-27","Lake Geneva","VD",4.9868902606303,8.8788941072027
"2020-01-27","Lake Geneva","VS",2.83678914719458,3.53558321284535
"2020-01-27","Northwestern","AG",2.95778074632218,5.1281319229611
"2020-01-27","Northwestern","BL",1.14090580168248,2.04105632448078
"2020-01-27","Northwestern","BS",1.233227589137,2.9263116536526
"2020-01-27","Ticino","TI",2.11735012603735,2.48986983218691
"2020-01-27","Zurich","ZH",10.3255682596469,22.6843024374261
"2020-01-28","9999","9999",0.0136370708164349,0.0422472692221676
"2020-01-28","Central","LU",3.28533337934397,3.9231840641805
"2020-01-28","Central","NW",0.239416833606334,0.325810396430972
"2020-01-28","Central","OW",0.174787195660961,0.255760821316823
"2020-01-28","Central","SZ",0.805639996617027,1.14105013863766
"2020-01-28","Central","UR",0.176709198562443,0.222146541943755
"2020-01-28","Central","ZG",0.901692851816257,1.66626900532322
"2020-01-28","Eastern","AI",0.0447827165548009,0.0540751450784141
"2020-01-28","Eastern","AR",0.120356252061565,0.174325216283586
"2020-01-28","Eastern","GL",0.153778512106637,0.246719973679577
"2020-01-28","Eastern","GR",2.05179004139849,2.40918196643194
"2020-01-28","Eastern","SG",2.3531932728845,3.75433093988788
"2020-01-28","Eastern","SH",0.285114035151234,0.56712625441761
"2020-01-28","Eastern","TG",0.890909143027776,1.48640372075065
"2020-01-28","Espace Mittelland","BE",5.95422243386317,9.74525202552374
"2020-01-28","Espace Mittelland","FR",1.35079474891444,2.22904477666727
"2020-01-28","Espace Mittelland","JU",0.273642214823874,0.443817249801339
"2020-01-28","Espace Mittelland","NE",0.820756924102535,1.49632826026221
"2020-01-28","Espace Mittelland","SO",0.962656890063302,1.81163631864841
"2020-01-28","Lake Geneva","GE",4.33195457789504,7.42369150724525
"2020-01-28","Lake Geneva","VD",4.79003871210404,8.60430385133312
"2020-01-28","Lake Geneva","VS",2.38897210456199,3.13785389310455
"2020-01-28","Northwestern","AG",2.84348109525183,4.97572906279039
"2020-01-28","Northwestern","BL",1.08566295719056,1.97172050049589
"2020-01-28","Northwestern","BS",1.23361132790967,2.86258387425472
"2020-01-28","Ticino","TI",1.91042820727158,2.43742611826108
"2020-01-28","Zurich","ZH",10.2148799439658,21.9113779407396
"2020-01-29","9999","9999",0.0153592117318269,0.0447284041000584
"2020-01-29","Central","LU",3.60978759354832,4.34225794150096
"2020-01-29","Central","NW",0.235772548812688,0.348378527375075
"2020-01-29","Central","OW",0.217574656217275,0.282645447185475
"2020-01-29","Central","SZ",0.867540809848192,1.23305605801369
"2020-01-29","Central","UR",0.17459703365997,0.228060479871878
"2020-01-29","Central","ZG",1.02968959456361,1.77312774581759
"2020-01-29","Eastern","AI",0.0457750990433289,0.0566922325523537
"2020-01-29","Eastern","AR",0.116930293295086,0.186458985480943
"2020-01-29","Eastern","GL",0.152858462450075,0.24614217514637
"2020-01-29","Eastern","GR",2.04696725344945,2.37002761876989
"2020-01-29","Eastern","SG",2.50244439428717,3.92532531756827
"2020-01-29","Eastern","SH",0.326786263710515,0.603901431648813
"2020-01-29","Eastern","TG",0.941039464892588,1.57504481337447
"2020-01-29","Espace Mittelland","BE",6.07648392825446,10.2316564260374
"2020-01-29","Espace Mittelland","FR",1.49533748110231,2.44126677909946
"2020-01-29","Espace Mittelland","JU",0.306409387138847,0.483719336741665
"2020-01-29","Espace Mittelland","NE",0.893843633271845,1.58881001372441
"2020-01-29","Espace Mittelland","SO",1.04413016249057,1.89650472673188
"2020-01-29","Lake Geneva","GE",4.94350196882089,7.91702949015737
"2020-01-29","Lake Geneva","VD",5.40273831010133,9.22832626719715
"2020-01-29","Lake Geneva","VS",2.64647757376564,3.44588848760214
"2020-01-29","Northwestern","AG",3.1230966447031,5.30799720753368
"2020-01-29","Northwestern","BL",1.19953103528638,2.08891163828996
"2020-01-29","Northwestern","BS",1.33587556876344,2.99401604648491
"2020-01-29","Ticino","TI",1.85084613298972,2.57232508169052
"2020-01-29","Zurich","ZH",11.00742496853,22.987510714764
"2020-01-30","9999","9999",0.0142876277097317,0.0452382263352414
"2020-01-30","Central","LU",3.19279037192245,4.2830505859217
"2020-01-30","Central","NW",0.255866132561547,0.3512335318921
"2020-01-30","Central","OW",0.246532628327817,0.310583705673506
"2020-01-30","Central","SZ",0.893975043203213,1.24848667766523
"2020-01-30","Central","UR",0.212475009468646,0.245802293656248
"2020-01-30","Central","ZG",0.989599379924634,1.83794314598386
"2020-01-30","Eastern","AI",0.0532299389848224,0.064475518676148
"2020-01-30","Eastern","AR",0.132632611161154,0.194344236051773
"2020-01-30","Eastern","GL",0.178764408849132,0.284038961294976
"2020-01-30","Eastern","GR",2.46373966020063,2.80171109937387
"2020-01-30","Eastern","SG",2.70796856360533,4.14380113941871
"2020-01-30","Eastern","SH",0.333010149305484,0.610733049600265
"2020-01-30","Eastern","TG",0.962820368294219,1.58340589803147
"2020-01-30","Espace Mittelland","BE",6.51843337275449,10.7809049140746
"2020-01-30","Espace Mittelland","FR",1.48844038834605,2.44099487390737
"2020-01-30","Espace Mittelland","JU",0.309618840828128,0.487899879070166
"2020-01-30","Espace Mittelland","NE",0.949860432408575,1.66535132529989
"2020-01-30","Espace Mittelland","SO",1.17329835563871,2.04720817945199
"2020-01-30","Lake Geneva","GE",5.15073297132665,8.30435843630043
"2020-01-30","Lake Geneva","VD",5.26907599285133,9.00889877717437
"2020-01-30","Lake Geneva","VS",2.98781261682349,3.63557634723924
"2020-01-30","Northwestern","AG",3.29398080445395,5.42321703268504
"2020-01-30","Northwestern","BL",1.22444041296999,2.09751063999005
"2020-01-30","Northwestern","BS",1.42611142082707,3.0822832694696
"2020-01-30","Ticino","TI",2.06696957431872,2.6864912742225
"2020-01-30","Zurich","ZH",11.3317083541312,23.5555546492049
"2020-01-31","9999","9999",0.0181835442928673,0.0487729938325105
"2020-01-31","Central","LU",3.84938664354815,5.06848272144469
"2020-01-31","Central","NW",0.324455909841626,0.420671320324029
"2020-01-31","Central","OW",0.317106681082273,0.392189251451804
"2020-01-31","Central","SZ",1.17940123225525,1.51148697472165
"2020-01-31","Central","UR",0.302054673400151,0.320032411098898
"2020-01-31","Central","ZG",1.28944285615619,2.12704634148165
"2020-01-31","Eastern","AI",0.0748715025116754,0.0780367901320168
"2020-01-31","Eastern","AR",0.178703377655034,0.22269035232795
"2020-01-31","Eastern","GL",0.224217195832052,0.340187383463134
"2020-01-31","Eastern","GR",3.4474618516562,3.42389815519125
"2020-01-31","Eastern","SG",3.33138536851506,4.7047415507161
"2020-01-31","Eastern","SH",0.401454610862071,0.708313025414299
"2020-01-31","Eastern","TG",1.23070766850238,1.88175387006059
"2020-01-31","Espace Mittelland","BE",8.02034164804282,12.2662889903548
"2020-01-31","Espace Mittelland","FR",1.97397039739202,2.92362658988064
"2020-01-31","Espace Mittelland","JU",0.400537846747496,0.586805392695675
"2020-01-31","Espace Mittelland","NE",1.17089809687115,1.86945016011817
"2020-01-31","Espace Mittelland","SO",1.37855907461469,2.25242862318767
"2020-01-31","Lake Geneva","GE",5.69007532964569,8.82376532950491
"2020-01-31","Lake Geneva","VD",7.01389816371372,10.89357562805
"2020-01-31","Lake Geneva","VS",3.94589022889878,4.63180298293591
"2020-01-31","Northwestern","AG",4.03433457555929,6.18693074098923
"2020-01-31","Northwestern","BL",1.58630810801626,2.44711274072956
"2020-01-31","Northwestern","BS",1.6680611762592,3.33651462408088
"2020-01-31","Ticino","TI",2.2128576674194,2.85218350065699
"2020-01-31","Zurich","ZH",14.0127677414695,26.2066302721567
"2020-02-01","9999","9999",0.0163974351672987,0.0354836275687393
"2020-02-01","Central","LU",4.48384998885716,5.32485532944373
"2020-02-01","Central","NW",0.417888680409915,0.503840320956889
"2020-02-01","Central","OW",0.435726835528043,0.527700001563455
"2020-02-01","Central","SZ",1.52994792470777,1.83430641403955
"2020-02-01","Central","UR",0.306127171221932,0.370198919040909
"2020-02-01","Central","ZG",1.41868592363421,1.90588545585925
"2020-02-01","Eastern","AI",0.0887485941140388,0.0965263431946549
"2020-02-01","Eastern","AR",0.193545913434459,0.258921719174958
"2020-02-01","Eastern","GL",0.289389418127656,0.409523207448027
"2020-02-01","Eastern","GR",4.72604473059039,4.30242383085866
"2020-02-01","Eastern","SG",4.41191643052046,5.442590277622
"2020-02-01","Eastern","SH",0.506759313416023,0.781455522088558
"2020-02-01","Eastern","TG",1.77862553028168,2.38923092296178
"2020-02-01","Espace Mittelland","BE",9.50161710343039,12.6361140397566
"2020-02-01","Espace Mittelland","FR",2.23535988630568,3.02827610068921
"2020-02-01","Espace Mittelland","JU",0.469805741879747,0.603731490903752
"2020-02-01","Espace Mittelland","NE",1.49885451086333,2.097374687394
"2020-02-01","Espace Mittelland","SO",1.77792215800726,2.5031931865997
"2020-02-01","Lake Geneva","GE",6.39972999110511,8.21656704740191
"2020-02-01","Lake Geneva","VD",8.83171750391525,11.6453594960509
"2020-02-01","Lake Geneva","VS",5.22500890963407,5.40907796269597
"2020-02-01","Northwestern","AG",5.65887724054824,7.35286020470382
"2020-02-01","Northwestern","BL",2.15889561256281,2.72452401296716
"2020-02-01","Northwestern","BS",2.17464297250745,3.36258353437323
"2020-02-01","Ticino","TI",2.71478091365769,3.21340954835868
"2020-02-01","Zurich","ZH",17.4957409017987,25.4241211174488
"2020-02-02","9999","9999",0.0121354175720427,0.0315070141343117
"2020-02-02","Central","LU",0.808488816060115,1.40625966537988
"2020-02-02","Central","NW",0.0748002583336686,0.104751475255608
"2020-02-02","Central","OW",0.201667557842192,0.180816952744917
"2020-02-02","Central","SZ",0.275739530173057,0.412276247518015
"2020-02-02","Central","UR",0.13971680750566,0.129290918842418
"2020-02-02","Central","ZG",0.18325879924045,0.44769189878873
"2020-02-02","Eastern","AI",0.0111732550209455,0.0124396625384661
"2020-02-02","Eastern","AR",0.0470200257543415,0.0666847483619412
"2020-02-02","Eastern","GL",0.0622947023314038,0.11821078226444
"2020-02-02","Eastern","GR",2.70432065257584,2.07164565859176
"2020-02-02","Eastern","SG",0.669777239509318,1.24406821829365
"2020-02-02","Eastern","SH",0.0927993266886725,0.215994686972546
"2020-02-02","Eastern","TG",0.222453842707054,0.439908612664936
"2020-02-02","Espace Mittelland","BE",2.1803040357534,3.63615414577245
"2020-02-02","Espace Mittelland","FR",0.442296889586017,0.902283391826938
"2020-02-02","Espace Mittelland","JU",0.0700865120015464,0.128135321776003
"2020-02-02","Espace Mittelland","NE",0.195023142453147,0.391849369961682
"2020-02-02","Espace Mittelland","SO",0.257125983230257,0.540785438933153
"2020-02-02","Lake Geneva","GE",1.44423627570666,2.8510958798886
"2020-02-02","Lake Geneva","VD",1.52213689520441,3.11718909850513
"2020-02-02","Lake Geneva","VS",2.13761626143879,2.11708781382108
"2020-02-02","Northwestern","AG",0.797717932241841,1.70902609678057
"2020-02-02","Northwestern","BL",0.276160040387026,0.627727124106367
"2020-02-02","Northwestern","BS",0.422070599702695,1.2049478587806
"2020-02-02","Ticino","TI",0.874848325147197,1.11933171141886
"2020-02-02","Zurich","ZH",3.44318688377805,7.93337778983224
"2020-02-03","9999","9999",0.0127978948345942,0.0417374469869846
"2020-02-03","Central","LU",2.37147740018799,3.96046906364689
"2020-02-03","Central","NW",0.203680792295096,0.320950091122227
"2020-02-03","Central","OW",0.170701246305542,0.267316791980972
"2020-02-03","Central","SZ",0.812213641666659,1.19345986441448
"2020-02-03","Central","UR",0.172698891077105,0.223438091606219
"2020-02-03","Central","ZG",0.80067820165503,1.54819417565483
"2020-02-03","Eastern","AI",0.0407191785900676,0.0533613939491578
"2020-02-03","Eastern","AR",0.125094567512184,0.209129080872082
"2020-02-03","Eastern","GL",0.150521083238728,0.254877129442506
"2020-02-03","Eastern","GR",2.40669959683032,2.63955364043665
"2020-02-03","Eastern","SG",2.32068720129886,3.87865958897452
"2020-02-03","Eastern","SH",0.285089368132202,0.569641377444513
"2020-02-03","Eastern","TG",1.00847829997615,1.7090940730786
"2020-02-03","Espace Mittelland","BE",5.16577837268061,9.74025576761895
"2020-02-03","Espace Mittelland","FR",1.33691707382488,2.30657174456411
"2020-02-03","Espace Mittelland","JU",0.247027206171249,0.421826917390444
"2020-02-03","Espace Mittelland","NE",0.750073743578689,1.45866939115669
"2020-02-03","Espace Mittelland","SO",0.828993029900856,1.6157966040401
"2020-02-03","Lake Geneva","GE",4.23631706376149,7.74572921913587
"2020-02-03","Lake Geneva","VD",4.83504312638046,8.66201572835584
"2020-02-03","Lake Geneva","VS",2.79611871523936,3.60678838502591
"2020-02-03","Northwestern","AG",2.81164345719734,4.82913817610076
"2020-02-03","Northwestern","BL",1.08927458628144,1.99880905525861
"2020-02-03","Northwestern","BS",1.23838567467354,2.90914763840144
"2020-02-03","Ticino","TI",1.81437397363281,2.487320721011
"2020-02-03","Zurich","ZH",9.76281215796367,21.4939694827208
"2020-02-04","9999","9999",0.0134489764747636,0.0436067951826557
"2020-02-04","Central","LU",2.24299617118444,3.857722889183
"2020-02-04","Central","NW",0.200434426187748,0.308374475987713
"2020-02-04","Central","OW",0.1892501005742,0.260043328092361
"2020-02-04","Central","SZ",0.768019961308377,1.13024190725178
"2020-02-04","Central","UR",0.189395514198227,0.208653246785911
"2020-02-04","Central","ZG",0.793875614244116,1.50445142787613
"2020-02-04","Eastern","AI",0.0401718950141125,0.0506083538791694
"2020-02-04","Eastern","AR",0.125256401014098,0.195499833118188
"2020-02-04","Eastern","GL",0.146071417728245,0.244952589930943
"2020-02-04","Eastern","GR",1.88917200375028,2.28658671294493
"2020-02-04","Eastern","SG",2.2797998374201,3.82934278475781
"2020-02-04","Eastern","SH",0.289156904354822,0.568145898887976
"2020-02-04","Eastern","TG",0.998573456046773,1.70467561370701
"2020-02-04","Espace Mittelland","BE",4.9086362671901,9.47460439493957
"2020-02-04","Espace Mittelland","FR",1.27582309415451,2.20909373319711
"2020-02-04","Espace Mittelland","JU",0.256044037415439,0.423118467052908
"2020-02-04","Espace Mittelland","NE",0.77873032693136,1.46019885786224
"2020-02-04","Espace Mittelland","SO",0.848330155788692,1.60444456227003
"2020-02-04","Lake Geneva","GE",4.18419945891784,7.59900237985019
"2020-02-04","Lake Geneva","VD",4.69407766411138,8.45003164296673
"2020-02-04","Lake Geneva","VS",2.56651638294785,3.36125799656176
"2020-02-04","Northwestern","AG",2.75724301548892,4.8117022556575
"2020-02-04","Northwestern","BL",1.05676038503529,1.95068183625733
"2020-02-04","Northwestern","BS",1.2281459404229,2.87665496794578
"2020-02-04","Ticino","TI",1.77258811387949,2.46400485078863
"2020-02-04","Zurich","ZH",9.92447131468676,21.7393979067379
"2020-02-05","9999","9999",0.0134075567160224,0.0429950085004361
"2020-02-05","Central","LU",2.50010776695194,4.30823580433974
"2020-02-05","Central","NW",0.240186472795515,0.349772041484575
"2020-02-05","Central","OW",0.202026210581539,0.297056422366649
"2020-02-05","Central","SZ",0.867146595718175,1.26405324991282
"2020-02-05","Central","UR",0.171372236998698,0.23241096294544
"2020-02-05","Central","ZG",0.867665891488918,1.59367031903316
"2020-02-05","Eastern","AI",0.0464940844952192,0.0586295570460492
"2020-02-05","Eastern","AR",0.128082335227906,0.211746168346021
"2020-02-05","Eastern","GL",0.166212984487774,0.272584955077863
"2020-02-05","Eastern","GR",2.06625563661846,2.52205660930147
"2020-02-05","Eastern","SG",2.53745628491424,4.13173534651938
"2020-02-05","Eastern","SH",0.307550030198987,0.601998095304129
"2020-02-05","Eastern","TG",1.05213889625221,1.79562790046367
"2020-02-05","Espace Mittelland","BE",5.38363668199467,9.99758004379033
"2020-02-05","Espace Mittelland","FR",1.42095119714283,2.39626646980731
"2020-02-05","Espace Mittelland","JU",0.275104931067117,0.465909546659271
"2020-02-05","Espace Mittelland","NE",0.875803399699493,1.59078132636712
"2020-02-05","Espace Mittelland","SO",0.928927762746369,1.70688484339281
"2020-02-05","Lake Geneva","GE",4.63273821255324,7.95397460813364
"2020-02-05","Lake Geneva","VD",5.24557442879041,9.14515726656429
"2020-02-05","Lake Geneva","VS",2.97471377182542,3.86985665838036
"2020-02-05","Northwestern","AG",2.92838216697565,5.08394732924524
"2020-02-05","Northwestern","BL",1.14721099563055,2.09282027542636
"2020-02-05","Northwestern","BS",1.33959723022467,3.03847254539287
"2020-02-05","Ticino","TI",1.94039475070328,2.55886577468168
"2020-02-05","Zurich","ZH",10.8652921324384,22.7984346418091
"2020-02-06","9999","9999",0.0135844512363833,0.0459859656135099
"2020-02-06","Central","LU",2.44880837562738,4.24049742335842
"2020-02-06","Central","NW",0.223908049435714,0.340765181996342
"2020-02-06","Central","OW",0.273178178031631,0.369791061252762
"2020-02-06","Central","SZ",0.874736757696452,1.2665003966417
"2020-02-06","Central","UR",0.197509557608351,0.263238214099508
"2020-02-06","Central","ZG",0.902432592181764,1.64271521805777
"2020-02-06","Eastern","AI",0.0550016645636522,0.0618244430531962
"2020-02-06","Eastern","AR",0.138719945088608,0.219019632234632
"2020-02-06","Eastern","GL",0.180600999407048,0.297634220899857
"2020-02-06","Eastern","GR",2.62969577717825,2.95268645728607
"2020-02-06","Eastern","SG",2.64292947429053,4.23461747357931
"2020-02-06","Eastern","SH",0.317602985891158,0.605532862801398
"2020-02-06","Eastern","TG",1.06708505387488,1.80776166966102
"2020-02-06","Espace Mittelland","BE",5.6484407849607,10.3265513380794
"2020-02-06","Espace Mittelland","FR",1.46475522945209,2.4174070984929
"2020-02-06","Espace Mittelland","JU",0.304626406914406,0.487390056834983
"2020-02-06","Espace Mittelland","NE",0.911070105841483,1.61854964411009
"2020-02-06","Espace Mittelland","SO",1.00969885728576,1.81343769054606
"2020-02-06","Lake Geneva","GE",4.92210975404303,8.34507623881705
"2020-02-06","Lake Geneva","VD",5.20662258200312,8.97756170378512
"2020-02-06","Lake Geneva","VS",2.95889515595471,3.91217190390055
"2020-02-06","Northwestern","AG",2.94889020676934,5.04431714749701
"2020-02-06","Northwestern","BL",1.14639324028598,2.06736315181622
"2020-02-06","Northwestern","BS",1.38761134585288,3.06719253130818
"2020-02-06","Ticino","TI",1.97504628120565,2.68220876744697
"2020-02-06","Zurich","ZH",10.8680250885552,22.8918340752946
"2020-02-07","9999","9999",0.0163361494318066,0.0434368544375947
"2020-02-07","Central","LU",3.14686339781972,4.93698257291648
"2020-02-07","Central","NW",0.304650228072809,0.411868389729869
"2020-02-07","Central","OW",0.371189216254401,0.46434609180471
"2020-02-07","Central","SZ",1.12099910614069,1.50265005597848
"2020-02-07","Central","UR",0.268808892777168,0.336584639667841
"2020-02-07","Central","ZG",1.10281036137136,1.80786363410806
"2020-02-07","Eastern","AI",0.0734369111343952,0.0832709650798959
"2020-02-07","Eastern","AR",0.18618724314742,0.254707188697445
"2020-02-07","Eastern","GL",0.226941673762465,0.356501694988991
"2020-02-07","Eastern","GR",3.67911218483894,3.66467020279369
"2020-02-07","Eastern","SG",3.23002699740423,4.80939106152467
"2020-02-07","Eastern","SH",0.376038977759101,0.670722132606803
"2020-02-07","Eastern","TG",1.30893520138573,2.05485551297973
"2020-02-07","Espace Mittelland","BE",7.04186941198671,11.6973273758906
"2020-02-07","Espace Mittelland","FR",1.8736478100353,2.85830136747919
"2020-02-07","Espace Mittelland","JU",0.376684659205709,0.557813501588266
"2020-02-07","Espace Mittelland","NE",1.07911680261142,1.80878131413139
"2020-02-07","Espace Mittelland","SO",1.1649645764337,1.94823468952846
"2020-02-07","Lake Geneva","GE",5.25505735665412,8.70392311608788
"2020-02-07","Lake Geneva","VD",6.65579817862475,10.4740938929414
"2020-02-07","Lake Geneva","VS",4.09995857358402,4.84378706832502
"2020-02-07","Northwestern","AG",3.60307672719151,5.69869098042894
"2020-02-07","Northwestern","BL",1.44931517145769,2.34327894549728
"2020-02-07","Northwestern","BS",1.6122755751121,3.34701696212565
"2020-02-07","Ticino","TI",2.24002667954077,2.84909057909688
"2020-02-07","Zurich","ZH",12.8460299983611,24.9898885256689
"2020-02-08","9999","9999",0.0156590928214444,0.0331384452868974
"2020-02-08","Central","LU",3.81669230139986,5.07898505948946
"2020-02-08","Central","NW",0.393609923154462,0.483787313039689
"2020-02-08","Central","OW",0.52267595905137,0.625891764059708
"2020-02-08","Central","SZ",1.45970360095832,1.82081311888171
"2020-02-08","Central","UR",0.329600116998189,0.382264711940241
"2020-02-08","Central","ZG",1.21119611127167,1.63907848611346
"2020-02-08","Eastern","AI",0.0882315383075575,0.0966283076416915
"2020-02-08","Eastern","AR",0.219680555485448,0.278600857453023
"2020-02-08","Eastern","GL",0.318301200765346,0.458534118323623
"2020-02-08","Eastern","GR",5.14205704541266,4.68492645984198
"2020-02-08","Eastern","SG",4.22942861758056,5.41981821778382
"2020-02-08","Eastern","SH",0.480741219995047,0.770817231447739
"2020-02-08","Eastern","TG",1.71091174350097,2.38875508887561
"2020-02-08","Espace Mittelland","BE",8.48792115131563,12.018889253695
"2020-02-08","Espace Mittelland","FR",1.99268391253007,2.85775755709499
"2020-02-08","Espace Mittelland","JU",0.42046637802482,0.575385374627575
"2020-02-08","Espace Mittelland","NE",1.36211236414964,1.96804978040257
"2020-02-08","Espace Mittelland","SO",1.53272815111936,2.2611635774838
"2020-02-08","Lake Geneva","GE",5.43389577830842,7.38144423802309
"2020-02-08","Lake Geneva","VD",8.14396498196514,11.3460258677005
"2020-02-08","Lake Geneva","VS",5.50007981830694,5.79321202283188
"2020-02-08","Northwestern","AG",5.0602058769167,6.8054810648623
"2020-02-08","Northwestern","BL",1.89217829816342,2.53361257996562
"2020-02-08","Northwestern","BS",1.97586604155321,3.25677842649825
"2020-02-08","Ticino","TI",2.45128923786418,3.04911083603369
"2020-02-08","Zurich","ZH",15.6250377127549,23.4660298647068
"2020-02-09","9999","9999",0.014097344312077,0.0330024926908486
"2020-02-09","Central","LU",0.749162845664226,1.48361669253165
"2020-02-09","Central","NW",0.0983294695059352,0.144483621450873
"2020-02-09","Central","OW",0.30647778828529,0.379273754827167
"2020-02-09","Central","SZ",0.386261681232511,0.602100059751166
"2020-02-09","Central","UR",0.204147766103417,0.189381966295992
"2020-02-09","Central","ZG",0.180174125658244,0.42284656186081
"2020-02-09","Eastern","AI",0.0174061083050055,0.0250832539710054
"2020-02-09","Eastern","AR",0.068784548438301,0.0926177060582516
"2020-02-09","Eastern","GL",0.110423365502679,0.20586621856691
"2020-02-09","Eastern","GR",3.35057681057339,2.87247442561728
"2020-02-09","Eastern","SG",0.750845360358695,1.45554248144757
"2020-02-09","Eastern","SH",0.100064353155084,0.238188948277515
"2020-02-09","Eastern","TG",0.242481045976531,0.478927007730944
"2020-02-09","Espace Mittelland","BE",2.18187544900368,4.07456727988085
"2020-02-09","Espace Mittelland","FR",0.462432535321133,0.950342634530192
"2020-02-09","Espace Mittelland","JU",0.0744769202756423,0.134525093790297
"2020-02-09","Espace Mittelland","NE",0.200351484853708,0.411358567494686
"2020-02-09","Espace Mittelland","SO",0.24018188321839,0.554686591879144
"2020-02-09","Lake Geneva","GE",1.29586111347519,2.61817509470798
"2020-02-09","Lake Geneva","VD",1.59477810602696,3.0508102434843
"2020-02-09","Lake Geneva","VS",2.8575249506271,3.0107042276499
"2020-02-09","Northwestern","AG",0.776778108008469,1.72411683494199
"2020-02-09","Northwestern","BL",0.27719290278915,0.636020232465344
"2020-02-09","Northwestern","BS",0.397856417640741,1.15780629610068
"2020-02-09","Ticino","TI",0.795369760475413,1.0790557548394
"2020-02-09","Zurich","ZH",3.14099257288549,7.79195310179247
"2020-02-10","9999","9999",0.0109398953874816,0.0387464898739108
"2020-02-10","Central","LU",1.9639068018696,3.69515757245764
"2020-02-10","Central","NW",0.193987292126666,0.311943231633994
"2020-02-10","Central","OW",0.163506700392957,0.245394435868102
"2020-02-10","Central","SZ",0.70033903777957,1.09146142922886
"2020-02-10","Central","UR",0.136300791517609,0.182890229834661
"2020-02-10","Central","ZG",0.679530012578222,1.3929702991161
"2020-02-10","Eastern","AI",0.0379339083428632,0.0509482353692914
"2020-02-10","Eastern","AR",0.11447921240131,0.189891788531175
"2020-02-10","Eastern","GL",0.145090481770378,0.254911117591518
"2020-02-10","Eastern","GR",2.61503873158625,2.95149687207065
"2020-02-10","Eastern","SG",2.04550644430865,3.67265741781156
"2020-02-10","Eastern","SH",0.259209870541931,0.573719955325977
"2020-02-10","Eastern","TG",0.856834031300845,1.60454652671706
"2020-02-10","Espace Mittelland","BE",4.75281746092242,9.50006151854971
"2020-02-10","Espace Mittelland","FR",1.30012022146652,2.28502325809037
"2020-02-10","Espace Mittelland","JU",0.241277899298232,0.425089779695616
"2020-02-10","Espace Mittelland","NE",0.717796524285832,1.42315177543894
"2020-02-10","Espace Mittelland","SO",0.820080071125288,1.59723907467944
"2020-02-10","Lake Geneva","GE",3.99554988023103,7.13407848951228
"2020-02-10","Lake Geneva","VD",4.89201511363411,8.74722401792943
"2020-02-10","Lake Geneva","VS",3.01149986295687,3.91771197218954
"2020-02-10","Northwestern","AG",2.65200051110345,4.81037671784602
"2020-02-10","Northwestern","BL",0.992392247253427,1.88355524195823
"2020-02-10","Northwestern","BS",1.06522315407042,2.77207343343523
"2020-02-10","Ticino","TI",1.80859998016065,2.51389945353854
"2020-02-10","Zurich","ZH",8.61051255484892,19.3478557896433
"2020-02-11","9999","9999",0.0143662457561048,0.0420773284771066
"2020-02-11","Central","LU",2.13948999546004,3.91540077805671
"2020-02-11","Central","NW",0.207857644256136,0.325742420132948
"2020-02-11","Central","OW",0.173631652139252,0.256202667253982
"2020-02-11","Central","SZ",0.781315817428925,1.16711904893002
"2020-02-11","Central","UR",0.191046982674742,0.224763629417695
"2020-02-11","Central","ZG",0.790817174089517,1.51763882969286
"2020-02-11","Eastern","AI",0.0478589158666173,0.0572700310855611
"2020-02-11","Eastern","AR",0.128091232428611,0.201685676238409
"2020-02-11","Eastern","GL",0.151856078442797,0.253993437568189
"2020-02-11","Eastern","GR",2.31907952177405,2.76898051187512
"2020-02-11","Eastern","SG",2.29886555561019,3.91642042252707
"2020-02-11","Eastern","SH",0.306383216367582,0.609713405129899
"2020-02-11","Eastern","TG",0.955119472977762,1.69400333491718
"2020-02-11","Espace Mittelland","BE",5.21313534858349,10.1269729270798
"2020-02-11","Espace Mittelland","FR",1.30517742245879,2.26225119825219
"2020-02-11","Espace Mittelland","JU",0.253565199761716,0.432737113223361
"2020-02-11","Espace Mittelland","NE",0.770366233804407,1.4879331874562
"2020-02-11","Espace Mittelland","SO",0.949813240434236,1.71330860355611
"2020-02-11","Lake Geneva","GE",3.9245687609642,6.89211685669441
"2020-02-11","Lake Geneva","VD",4.69902755828423,8.59754020967969
"2020-02-11","Lake Geneva","VS",2.92687438907373,3.76490125423068
"2020-02-11","Northwestern","AG",2.98740650973636,5.17506955674695
"2020-02-11","Northwestern","BL",1.03921275954759,1.94116515453392
"2020-02-11","Northwestern","BS",1.20851222290345,2.89725178624717
"2020-02-11","Ticino","TI",1.68848005216078,2.50047413467872
"2020-02-11","Zurich","ZH",9.24874213769118,20.1333898896133
"2020-02-12","9999","9999",0.0136235487944123,0.0436747714806801
"2020-02-12","Central","LU",2.51145081283036,4.30086037600409
"2020-02-12","Central","NW",0.247894334714108,0.35833705503565
"2020-02-12","Central","OW",0.206901986216646,0.299197675754418
"2020-02-12","Central","SZ",0.860463975623988,1.25463853263644
"2020-02-12","Central","UR",0.21613247559045,0.258241956194714
"2020-02-12","Central","ZG",0.855317779128536,1.55291852836753
"2020-02-12","Eastern","AI",0.0446845184012418,0.0552987184428533
"2020-02-12","Eastern","AR",0.126427209187368,0.208109436401715
"2020-02-12","Eastern","GL",0.169244501994992,0.281285921224987
"2020-02-12","Eastern","GR",2.53123958130259,3.01641423668395
"2020-02-12","Eastern","SG",2.5534493987002,4.18186786631237
"2020-02-12","Eastern","SH",0.326520506831701,0.643769530440126
"2020-02-12","Eastern","TG",1.02022957542531,1.77448727177808
"2020-02-12","Espace Mittelland","BE",5.39945254098628,10.3210452579395
"2020-02-12","Espace Mittelland","FR",1.40583552278418,2.42580217129891
"2020-02-12","Espace Mittelland","JU",0.299273648120184,0.483481419698579
"2020-02-12","Espace Mittelland","NE",0.868166672310306,1.59125716045329
"2020-02-12","Espace Mittelland","SO",0.913952399435816,1.72839934171753
"2020-02-12","Lake Geneva","GE",4.03740369078833,7.024670637842
"2020-02-12","Lake Geneva","VD",5.29781711135877,9.22744257532284
"2020-02-12","Lake Geneva","VS",3.22552336520232,4.18747591089939
"2020-02-12","Northwestern","AG",2.95800538105988,5.26527410422534
"2020-02-12","Northwestern","BL",1.13426900295514,2.05376789221134
"2020-02-12","Northwestern","BS",1.33257713523507,3.04166743140002
"2020-02-12","Ticino","TI",1.77774449986272,2.6171214620886
"2020-02-12","Zurich","ZH",9.94211663707727,21.1138800123173
"2020-02-13","9999","9999",0.0136567527401782,0.0435728070336435
"2020-02-13","Central","LU",2.49453812714246,4.32305463730906
"2020-02-13","Central","NW",0.231083516491856,0.352389128958515
"2020-02-13","Central","OW",0.223576370252026,0.315545975429287
"2020-02-13","Central","SZ",0.87732462913505,1.26592259810849
"2020-02-13","Central","UR",0.216846616923822,0.256440584297067
"2020-02-13","Central","ZG",0.888131324969367,1.6233079849718
"2020-02-13","Eastern","AI",0.0535709108873804,0.0629800401196111
"2020-02-13","Eastern","AR",0.145390899354932,0.218509809999449
"2020-02-13","Eastern","GL",0.170666100013143,0.289748970329026
"2020-02-13","Eastern","GR",2.67547480790711,3.19458011380592
"2020-02-13","Eastern","SG",2.66157205853229,4.27645688501333
"2020-02-13","Eastern","SH",0.336165350433774,0.659777948624873
"2020-02-13","Eastern","TG",1.06308378456702,1.77618667922869
"2020-02-13","Espace Mittelland","BE",5.61763916170559,10.5446872784398
"2020-02-13","Espace Mittelland","FR",1.44800512131018,2.43627052119467
"2020-02-13","Espace Mittelland","JU",0.301558341179115,0.482461775228213
"2020-02-13","Espace Mittelland","NE",0.884806556196824,1.6024052733293
"2020-02-13","Espace Mittelland","SO",1.01118817506262,1.81982746256035
"2020-02-13","Lake Geneva","GE",4.51222045201954,7.51365813768055
"2020-02-13","Lake Geneva","VD",5.24970047037331,9.09951118244091
"2020-02-13","Lake Geneva","VS",3.14085434907682,4.03660251743422
"2020-02-13","Northwestern","AG",3.06275160804861,5.31176989207403
"2020-02-13","Northwestern","BL",1.14262567913749,2.05417574999949
"2020-02-13","Northwestern","BS",1.3631133736334,3.08829917184476
"2020-02-13","Ticino","TI",1.86218114710818,2.79606906663784
"2020-02-13","Zurich","ZH",10.1438508025281,21.2701575214754
"2020-02-14","9999","9999",0.0193315142291165,0.0464957878486929
"2020-02-14","Central","LU",3.56403989882301,5.35089025158708
"2020-02-14","Central","NW",0.333228675049743,0.436067951826557
"2020-02-14","Central","OW",0.332094223219495,0.423832218182164
"2020-02-14","Central","SZ",1.2208953484115,1.60478444376015
"2020-02-14","Central","UR",0.30319095401241,0.344673819132745
"2020-02-14","Central","ZG",1.22154981741021,1.94024747451059
"2020-02-14","Eastern","AI",0.0817812401011544,0.0833389413779203
"2020-02-14","Eastern","AR",0.187358666136056,0.264053929675801
"2020-02-14","Eastern","GL",0.245414067712561,0.374549402114471
"2020-02-14","Eastern","GR",4.02287281157499,3.8905894292778
"2020-02-14","Eastern","SG",3.45496313561194,5.22598380396723
"2020-02-14","Eastern","SH",0.445831353474478,0.804601451565868
"2020-02-14","Eastern","TG",1.44396950457829,2.25946417003319
"2020-02-14","Espace Mittelland","BE",7.83321715998871,12.8616933847506
"2020-02-14","Espace Mittelland","FR",2.0906723474771,3.21391937059386
"2020-02-14","Espace Mittelland","JU",0.421832673988235,0.627761112255379
"2020-02-14","Espace Mittelland","NE",1.26800778835574,2.0497572906279
"2020-02-14","Espace Mittelland","SO",1.35706511376784,2.21205070216117
"2020-02-14","Lake Geneva","GE",5.51335675612793,8.56273634509119
"2020-02-14","Lake Geneva","VD",7.47799138190981,11.826652282882
"2020-02-14","Lake Geneva","VS",4.8384026576753,5.48653695429478
"2020-02-14","Northwestern","AG",4.14447008607419,6.61127278140658
"2020-02-14","Northwestern","BL",1.61008697730321,2.59785018159868
"2020-02-14","Northwestern","BS",1.82962892129387,3.61229446516589
"2020-02-14","Ticino","TI",2.29983793506122,3.25426330347135
"2020-02-14","Zurich","ZH",13.3269565675668,24.8172967049849
"2020-02-15","9999","9999",0.0160624351974325,0.0325606467536899
"2020-02-15","Central","LU",3.57482473150964,4.90075120606947
"2020-02-15","Central","NW",0.37882551288123,0.476989683237249
"2020-02-15","Central","OW",0.504897229558551,0.595234453650701
"2020-02-15","Central","SZ",1.45721263930223,1.79889076276884
"2020-02-15","Central","UR",0.35039775832522,0.386819123907876
"2020-02-15","Central","ZG",1.25418157761991,1.73706631971564
"2020-02-15","Eastern","AI",0.0896333995776657,0.0967302720887281
"2020-02-15","Eastern","AR",0.201412045275458,0.26898221128257
"2020-02-15","Eastern","GL",0.314010079298768,0.459179893154855
"2020-02-15","Eastern","GR",5.8089712738172,4.86638918741813
"2020-02-15","Eastern","SG",4.23189944697045,5.39276365117011
"2020-02-15","Eastern","SH",0.496783483766057,0.795424651332573
"2020-02-15","Eastern","TG",1.67869270062259,2.3756356633569
"2020-02-15","Espace Mittelland","BE",8.85458396370346,12.2396762696783
"2020-02-15","Espace Mittelland","FR",1.93621347755403,2.82784798596425
"2020-02-15","Espace Mittelland","JU",0.405518881122814,0.546869317606337
"2020-02-15","Espace Mittelland","NE",1.35002666046975,1.95527023637398
"2020-02-15","Espace Mittelland","SO",1.63848791886044,2.40449160186826
"2020-02-15","Lake Geneva","GE",5.29142026684498,6.89167501075725
"2020-02-15","Lake Geneva","VD",7.65504554671667,10.6299635443114
"2020-02-15","Lake Geneva","VS",6.30705082361822,5.95669501958057
"2020-02-15","Northwestern","AG",5.2395978399492,7.05005978515411
"2020-02-15","Northwestern","BL",1.89788144297574,2.57164531871027
"2020-02-15","Northwestern","BS",1.98434748609457,3.39252709365299
"2020-02-15","Ticino","TI",2.40307497046429,3.07711707081975
"2020-02-15","Zurich","ZH",14.8364231714951,22.4103579563878
"2020-02-16","9999","9999",0.0127965359751555,0.0309971918991286
"2020-02-16","Central","LU",0.668593402732726,1.42002486572982
"2020-02-16","Central","NW",0.104321150693764,0.123410969063307
"2020-02-16","Central","OW",0.293588141068422,0.3083404878387
"2020-02-16","Central","SZ",0.362896657091041,0.540615498188092
"2020-02-16","Central","UR",0.20059045222987,0.178811651953197
"2020-02-16","Central","ZG",0.175452512039054,0.432193302839166
"2020-02-16","Eastern","AI",0.0170623560272271,0.0206647945994191
"2020-02-16","Eastern","AR",0.0599732730753707,0.0798381620296635
"2020-02-16","Eastern","GL",0.0981655800927672,0.164978475305231
"2020-02-16","Eastern","GR",3.68731182856166,2.87057108927259
"2020-02-16","Eastern","SG",0.777490773001759,1.35969590123316
"2020-02-16","Eastern","SH",0.101159554702467,0.23271685628655
"2020-02-16","Eastern","TG",0.234880651434239,0.465909546659271
"2020-02-16","Espace Mittelland","BE",2.45414496908511,4.14526262982623
"2020-02-16","Espace Mittelland","FR",0.460255231318074,0.960403126637804
"2020-02-16","Espace Mittelland","JU",0.0729384133535047,0.130650444802906
"2020-02-16","Espace Mittelland","NE",0.210403907966964,0.412106306772954
"2020-02-16","Espace Mittelland","SO",0.252166385156286,0.581129371810637
"2020-02-16","Lake Geneva","GE",1.2840374386217,2.64019941526788
"2020-02-16","Lake Geneva","VD",1.669835819274,3.0510821486764
"2020-02-16","Lake Geneva","VS",3.67557946358002,3.29066461106341
"2020-02-16","Northwestern","AG",0.796175152940315,1.73240994330097
"2020-02-16","Northwestern","BL",0.276639369242981,0.653218235865518
"2020-02-16","Northwestern","BS",0.432167649796249,1.21239126341427
"2020-02-16","Ticino","TI",0.78885924560737,1.07963355337261
"2020-02-16","Zurich","ZH",3.07872406482148,7.67187297133236
"2020-02-17","9999","9999",0.0131234728568826,0.0396641698972402
"2020-02-17","Central","LU",2.15561818848944,3.68428136477373
"2020-02-17","Central","NW",0.219048560533763,0.329107246885156
"2020-02-17","Central","OW",0.237092733623681,0.322173664486667
"2020-02-17","Central","SZ",0.79260727364093,1.18479288641636
"2020-02-17","Central","UR",0.202276240718261,0.247331760361797
"2020-02-17","Central","ZG",0.818065082294779,1.65083838567168
"2020-02-17","Eastern","AI",0.0410303299893813,0.0557065762309998
"2020-02-17","Eastern","AR",0.116126012980272,0.203079190347909
"2020-02-17","Eastern","GL",0.156840437520315,0.269424057219729
"2020-02-17","Eastern","GR",3.04893216419782,3.32720187125153
"2020-02-17","Eastern","SG",2.25512598101379,3.9649554993165
"2020-02-17","Eastern","SH",0.274067118813896,0.59367099879614
"2020-02-17","Eastern","TG",0.898264155750793,1.66331203635916
"2020-02-17","Espace Mittelland","BE",5.1074169536089,9.94071787049292
"2020-02-17","Espace Mittelland","FR",1.27698285914732,2.32638683543822
"2020-02-17","Espace Mittelland","JU",0.225875940276397,0.394398481137597
"2020-02-17","Espace Mittelland","NE",0.713965131987917,1.44816705311192
"2020-02-17","Espace Mittelland","SO",0.85982458722383,1.74111090944809
"2020-02-17","Lake Geneva","GE",3.82659707484085,7.36499397390118
"2020-02-17","Lake Geneva","VD",4.56791042783917,8.12483303321798
"2020-02-17","Lake Geneva","VS",3.60815787073884,4.49200972604872
"2020-02-17","Northwestern","AG",2.77028464349776,5.07065796298147
"2020-02-17","Northwestern","BL",1.02654219806604,1.95758143050681
"2020-02-17","Northwestern","BS",1.19323675137403,2.90520501311603
"2020-02-17","Ticino","TI",1.60623805297732,2.48664095803075
"2020-02-17","Zurich","ZH",8.91716390512033,20.7337905419138
"2020-02-18","9999","9999",0.0123820211900071,0.0394942291521792
"2020-02-18","Central","LU",2.13220251061069,3.72595083546269
"2020-02-18","Central","NW",0.212811983113317,0.322751463019874
"2020-02-18","Central","OW",0.232515417562409,0.331928263253169
"2020-02-18","Central","SZ",0.808119868100409,1.22068437177325
"2020-02-18","Central","UR",0.212971044072053,0.256032726508921
"2020-02-18","Central","ZG",0.858222930539997,1.69662042239112
"2020-02-18","Eastern","AI",0.0461024549393497,0.0601250356025861
"2020-02-18","Eastern","AR",0.132505277808102,0.20586621856691
"2020-02-18","Eastern","GL",0.159115191716838,0.272245073587741
"2020-02-18","Eastern","GR",2.62864352655399,3.12055392525734
"2020-02-18","Eastern","SG",2.36223748103456,4.0855794401608
"2020-02-18","Eastern","SH",0.303952181587543,0.631805701987831
"2020-02-18","Eastern","TG",0.948904907513814,1.69475107419545
"2020-02-18","Espace Mittelland","BE",5.00774248346412,10.0788117199295
"2020-02-18","Espace Mittelland","FR",1.27990634928717,2.30864502165385
"2020-02-18","Espace Mittelland","JU",0.225211810452799,0.398748964211159
"2020-02-18","Espace Mittelland","NE",0.813661802058219,1.49255557572186
"2020-02-18","Espace Mittelland","SO",0.913920037434659,1.79797308274551
"2020-02-18","Lake Geneva","GE",3.85853354152835,7.46988140175284
"2020-02-18","Lake Geneva","VD",4.53902243111568,8.20504506488678
"2020-02-18","Lake Geneva","VS",3.30131924065822,4.42930159112121
"2020-02-18","Northwestern","AG",2.88399046124533,5.18458623847037
"2020-02-18","Northwestern","BL",1.05068761479156,2.00951532219746
"2020-02-18","Northwestern","BS",1.27041351780525,3.07127110918965
"2020-02-18","Ticino","TI",1.55418066479531,2.46580622268627
"2020-02-18","Zurich","ZH",9.24092248902464,21.2868796907894
"2020-02-19","9999","9999",0.0128342785897672,0.0400720276853867
"2020-02-19","Central","LU",2.46251854681598,4.09591183746051
"2020-02-19","Central","NW",0.235851562377227,0.349330195547417
"2020-02-19","Central","OW",0.225789568507578,0.299911426883674
"2020-02-19","Central","SZ",0.849841301469048,1.24298059752526
"2020-02-19","Central","UR",0.220665105931102,0.258887731025946
"2020-02-19","Central","ZG",0.921282165568627,1.76221754998467
"2020-02-19","Eastern","AI",0.0486238675781374,0.0607368222848057
"2020-02-19","Eastern","AR",0.133467287634363,0.205152467437654
"2020-02-19","Eastern","GL",0.167700606627356,0.276799485555377
"2020-02-19","Eastern","GR",2.71495996590586,3.14991968600388
"2020-02-19","Eastern","SG",2.49408713853365,4.23961373148411
"2020-02-19","Eastern","SH",0.323570544386934,0.634694694653868
"2020-02-19","Eastern","TG",1.00369268290259,1.74148477908723
"2020-02-19","Espace Mittelland","BE",5.31760833126042,10.2042619779335
"2020-02-19","Espace Mittelland","FR",1.36808957172224,2.41013363460429
"2020-02-19","Espace Mittelland","JU",0.232127457318626,0.407110048868161
"2020-02-19","Espace Mittelland","NE",0.829276001609908,1.52967063444318
"2020-02-19","Espace Mittelland","SO",0.951237039256435,1.86380812738214
"2020-02-19","Lake Geneva","GE",4.08231797391536,7.52191725789052
"2020-02-19","Lake Geneva","VD",4.64465811971753,8.05481744625284
"2020-02-19","Lake Geneva","VS",3.49698045572833,4.51226666285999
"2020-02-19","Northwestern","AG",2.99203854044916,5.34456845587081
"2020-02-19","Northwestern","BL",1.13506159394596,2.06610559030277
"2020-02-19","Northwestern","BS",1.27624943532439,3.05043637384517
"2020-02-19","Ticino","TI",1.75400441093606,2.58143390562579
"2020-02-19","Zurich","ZH",9.49475183226433,21.3478884182663
"2020-02-20","9999","9999",0.0131973368532309,0.0423492336692042
"2020-02-20","Central","LU",1.68323316692213,3.33899575895877
"2020-02-20","Central","NW",0.166773245758772,0.267214827533935
"2020-02-20","Central","OW",0.228976732202839,0.326252242368131
"2020-02-20","Central","SZ",0.789849478200129,1.15885992872005
"2020-02-20","Central","UR",0.209446162688048,0.241349846135649
"2020-02-20","Central","ZG",0.836435416894179,1.68958487554559
"2020-02-20","Eastern","AI",0.0451670583947757,0.0602949763476471
"2020-02-20","Eastern","AR",0.134195796850389,0.210454618683557
"2020-02-20","Eastern","GL",0.173935660715464,0.290836591097416
"2020-02-20","Eastern","GR",3.02921813299472,3.25949747841922
"2020-02-20","Eastern","SG",2.50533789553486,4.19016097467135
"2020-02-20","Eastern","SH",0.334799038806273,0.636258149508429
"2020-02-20","Eastern","TG",1.01235556454918,1.75392444162569
"2020-02-20","Espace Mittelland","BE",5.60145791050173,10.53710792121
"2020-02-20","Espace Mittelland","FR",1.34930208685526,2.37142113287939
"2020-02-20","Espace Mittelland","JU",0.260079806872161,0.430154013898434
"2020-02-20","Espace Mittelland","NE",0.887549697885408,1.6102225476021
"2020-02-20","Espace Mittelland","SO",0.964842323726864,1.83814707487793
"2020-02-20","Lake Geneva","GE",4.53199690852037,8.04570862231757
"2020-02-20","Lake Geneva","VD",4.75153981193628,8.1967519565278
"2020-02-20","Lake Geneva","VS",3.65173102225621,4.61919337965238
"2020-02-20","Northwestern","AG",2.95126134991752,5.28213222613539
"2020-02-20","Northwestern","BL",1.12278497638896,2.05220443735678
"2020-02-20","Northwestern","BS",1.34922075500604,3.13768395235949
"2020-02-20","Ticino","TI",1.80081449094911,2.72615544411974
"2020-02-20","Zurich","ZH",9.81237275353367,21.9861518685665
"2020-02-21","9999","9999",0.016460765065981,0.0410916721557527
"2020-02-21","Central","LU",2.83199250652068,4.32604559442214
"2020-02-21","Central","NW",0.288036334820569,0.38087119783074
"2020-02-21","Central","OW",0.348475778919866,0.396029912290183
"2020-02-21","Central","SZ",1.13472919029831,1.46991946847973
"2020-02-21","Central","UR",0.306186596847242,0.303616135126004
"2020-02-21","Central","ZG",1.22190474601317,1.98871457500199
"2020-02-21","Eastern","AI",0.0723810969306275,0.0811297116921272
"2020-02-21","Eastern","AR",0.193312506808738,0.250424681921907
"2020-02-21","Eastern","GL",0.230288184286026,0.345795428050147
"2020-02-21","Eastern","GR",4.66259731602078,3.90404873628663
"2020-02-21","Eastern","SG",3.21906300282082,4.83590181775419
"2020-02-21","Eastern","SH",0.404552869122644,0.732206694169877
"2020-02-21","Eastern","TG",1.33519828893986,2.04336751861361
"2020-02-21","Espace Mittelland","BE",7.5373706571895,12.0873413858056
"2020-02-21","Espace Mittelland","FR",1.84593320214322,2.86146226533732
"2020-02-21","Espace Mittelland","JU",0.329388401215209,0.504282166894047
"2020-02-21","Espace Mittelland","NE",1.06080945330081,1.77815799187139
"2020-02-21","Espace Mittelland","SO",1.28597768626706,2.16100050234484
"2020-02-21","Lake Geneva","GE",4.96926031645596,8.48704473724102
"2020-02-21","Lake Geneva","VD",6.10006993348563,9.62867267441189
"2020-02-21","Lake Geneva","VS",4.90474168205425,5.36261616299629
"2020-02-21","Northwestern","AG",3.91976002370007,6.18971776920823
"2020-02-21","Northwestern","BL",1.53631100528472,2.45312864310472
"2020-02-21","Northwestern","BS",1.62593564080641,3.36217567658509
"2020-02-21","Ticino","TI",1.993544477821,2.90357358196344
"2020-02-21","Zurich","ZH",12.2647298277874,24.1034436112816
"2020-02-22","9999","9999",0.0137303191188974,0.0287879622133355
"2020-02-22","Central","LU",2.88376779235039,4.15963961685839
"2020-02-22","Central","NW",0.319284110398017,0.394942291521792
"2020-02-22","Central","OW",0.470830490285453,0.524437139258284
"2020-02-22","Central","SZ",1.35562117484739,1.67405229144702
"2020-02-22","Central","UR",0.326576212236645,0.370028978295848
"2020-02-22","Central","ZG",1.23553767759495,1.77503108216227
"2020-02-22","Eastern","AI",0.0650087832249014,0.080755842052993
"2020-02-22","Eastern","AR",0.196529169893485,0.263476131142593
"2020-02-22","Eastern","GL",0.295269602353125,0.426143412314994
"2020-02-22","Eastern","GR",5.84273489345095,4.56226323005694
"2020-02-22","Eastern","SG",3.96005041752288,5.12055256573138
"2020-02-22","Eastern","SH",0.485029831291883,0.795152746140476
"2020-02-22","Eastern","TG",1.67030761762073,2.33750096016521
"2020-02-22","Espace Mittelland","BE",8.74812531144853,12.1012765269006
"2020-02-22","Espace Mittelland","FR",1.86137290377967,2.70786981995118
"2020-02-22","Espace Mittelland","JU",0.374404011396923,0.532628283170224
"2020-02-22","Espace Mittelland","NE",1.27396018793253,1.86190479103746
"2020-02-22","Espace Mittelland","SO",1.55749811843981,2.35935533998006
"2020-02-22","Lake Geneva","GE",5.50777046147928,7.56147946334072
"2020-02-22","Lake Geneva","VD",7.40865601372819,10.3165928104189
"2020-02-22","Lake Geneva","VS",6.28431604396685,5.73369877391151
"2020-02-22","Northwestern","AG",5.2070437148645,6.97667937143677
"2020-02-22","Northwestern","BL",1.79123220187347,2.4274336024515
"2020-02-22","Northwestern","BS",1.88270131873627,3.13374132707408
"2020-02-22","Ticino","TI",2.30981914140862,2.98028483428398
"2020-02-22","Zurich","ZH",15.4664275507428,23.3041443109617
"2020-02-23","9999","9999",0.0131599623446343,0.0306233222599944
"2020-02-23","Central","LU",0.59642315222832,1.28050351403473
"2020-02-23","Central","NW",0.0862818256383858,0.108116302007816
"2020-02-23","Central","OW",0.291545242753131,0.25756219321447
"2020-02-23","Central","SZ",0.323434744595535,0.448371661768974
"2020-02-23","Central","UR",0.248550358373331,0.177214208949623
"2020-02-23","Central","ZG",0.185160685539809,0.433348899905581
"2020-02-23","Eastern","AI",0.0108423120492882,0.0144789514791982
"2020-02-23","Eastern","AR",0.0548322613923006,0.0686560610046489
"2020-02-23","Eastern","GL",0.0784331357568679,0.142002486572982
"2020-02-23","Eastern","GR",3.80212498360704,2.56997989940867
"2020-02-23","Eastern","SG",0.703919597156368,1.2467192939166
"2020-02-23","Eastern","SH",0.0964117938081412,0.227788574679781
"2020-02-23","Eastern","TG",0.232357915180205,0.440758316390241
"2020-02-23","Espace Mittelland","BE",2.47652544669694,3.98558630576691
"2020-02-23","Espace Mittelland","FR",0.428661968665351,0.893242544189692
"2020-02-23","Espace Mittelland","JU",0.0623614587488436,0.11960429637394
"2020-02-23","Espace Mittelland","NE",0.188134821584908,0.383930131241839
"2020-02-23","Espace Mittelland","SO",0.237997154438687,0.542450858234751
"2020-02-23","Lake Geneva","GE",1.4006291292072,2.74114421783413
"2020-02-23","Lake Geneva","VD",1.65343267063142,3.0920378682361
"2020-02-23","Lake Geneva","VS",3.74774896612433,3.08918286371908
"2020-02-23","Northwestern","AG",0.732728936673262,1.61195594320172
"2020-02-23","Northwestern","BL",0.237902261407221,0.571884595279318
"2020-02-23","Northwestern","BS",0.401967535265937,1.13989454157124
"2020-02-23","Ticino","TI",0.773788707311808,1.07813807481607
"2020-02-23","Zurich","ZH",3.17848409220261,7.76442270109258
"2020-02-24","9999","9999",0.011263323514001,0.036775177231203
"2020-02-24","Central","LU",1.83885586666827,3.50159506383314
"2020-02-24","Central","NW",0.203679676228987,0.30664108038809
"2020-02-24","Central","OW",0.265925091514582,0.358608960227748
"2020-02-24","Central","SZ",0.765043217193001,1.11555902687851
"2020-02-24","Central","UR",0.20519536449421,0.24352508767243
"2020-02-24","Central","ZG",0.825557422057555,1.6018614629451
"2020-02-24","Eastern","AI",0.040767443554281,0.0546529436116215
"2020-02-24","Eastern","AR",0.125307939772233,0.207361697123447
"2020-02-24","Eastern","GL",0.158647657917451,0.259941363645324
"2020-02-24","Eastern","GR",3.17895944238079,3.21361347725275
"2020-02-24","Eastern","SG",2.40481429879777,4.0649486337104
"2020-02-24","Eastern","SH",0.298973594725624,0.620419672068743
"2020-02-24","Eastern","TG",0.964409987128155,1.70549132928331
"2020-02-24","Espace Mittelland","BE",5.37818321487714,10.4191350559887
"2020-02-24","Espace Mittelland","FR",1.25063747248667,2.18520006444153
"2020-02-24","Espace Mittelland","JU",0.250684304187037,0.429678179812263
"2020-02-24","Espace Mittelland","NE",0.732169858040738,1.40812901357555
"2020-02-24","Espace Mittelland","SO",0.908149208107823,1.75110342525768
"2020-02-24","Lake Geneva","GE",4.04676232413162,7.72849722758669
"2020-02-24","Lake Geneva","VD",4.94647017600954,8.9404466450638
"2020-02-24","Lake Geneva","VS",3.47614542422861,4.26129817055389
"2020-02-24","Northwestern","AG",2.83438469828408,5.14655349972572
"2020-02-24","Northwestern","BL",1.046998225263,1.86883837343595
"2020-02-24","Northwestern","BS",1.1840478149037,2.87944199616478
"2020-02-24","Ticino","TI",1.83844929749062,2.61742735542971
"2020-02-24","Zurich","ZH",9.96833006947958,22.9223554331076
"2020-02-25","9999","9999",0.0139987898005671,0.0414315536458748
"2020-02-25","Central","LU",2.3158512398537,3.77587942636162
"2020-02-25","Central","NW",0.250386514252867,0.330500760994656
"2020-02-25","Central","OW",0.228706350502708,0.298415948327137
"2020-02-25","Central","SZ",0.884809724258167,1.19305200662633
"2020-02-25","Central","UR",0.237637487449788,0.254333319058311
"2020-02-25","Central","ZG",0.997594074749417,1.74009126497773
"2020-02-25","Eastern","AI",0.0519245371547552,0.0608727748808545
"2020-02-25","Eastern","AR",0.168880370741654,0.239310557194917
"2020-02-25","Eastern","GL",0.193928007478129,0.298891782413308
"2020-02-25","Eastern","GR",3.06563784899255,3.14869611263945
"2020-02-25","Eastern","SG",2.90562693786034,4.5788494467749
"2020-02-25","Eastern","SH",0.333060587661595,0.664094443549423
"2020-02-25","Eastern","TG",1.24685173316667,1.94269462123947
"2020-02-25","Espace Mittelland","BE",5.95921148433437,11.0273869707111
"2020-02-25","Espace Mittelland","FR",1.45445182852492,2.36489540826904
"2020-02-25","Espace Mittelland","JU",0.286584599101437,0.466963179278649
"2020-02-25","Espace Mittelland","NE",0.882434230410172,1.51505573036794
"2020-02-25","Espace Mittelland","SO",1.0821279646392,1.93905788929516
"2020-02-25","Lake Geneva","GE",4.3245605224383,7.77213801091835
"2020-02-25","Lake Geneva","VD",5.48322986336645,9.48989906199506
"2020-02-25","Lake Geneva","VS",3.46257664491002,4.2557581022649
"2020-02-25","Northwestern","AG",3.48968172014938,5.73495633542496
"2020-02-25","Northwestern","BL",1.22935335164854,2.01284616080065
"2020-02-25","Northwestern","BS",1.33808391898446,2.98317382695002
"2020-02-25","Ticino","TI",2.46681450848505,2.51706035139668
"2020-02-25","Zurich","ZH",11.1776309712684,23.8368745585789
"2020-02-26","9999","9999",0.0142635598419787,0.0440146529708021
"2020-02-26","Central","LU",2.8698217356945,4.17170540975773
"2020-02-26","Central","NW",0.278859283475298,0.36095414250959
"2020-02-26","Central","OW",0.269178886314596,0.322717474870862
"2020-02-26","Central","SZ",1.01206992602953,1.27921196437226
"2020-02-26","Central","UR",0.210268578098138,0.248181464087102
"2020-02-26","Central","ZG",1.11827478485114,1.84436690614716
"2020-02-26","Eastern","AI",0.0482103905386698,0.0547209199096459
"2020-02-26","Eastern","AR",0.155898101785754,0.22238445898684
"2020-02-26","Eastern","GL",0.200357828808436,0.300829106907004
"2020-02-26","Eastern","GR",2.84719272778215,2.96869487547082
"2020-02-26","Eastern","SG",2.98543272528342,4.61045842535625
"2020-02-26","Eastern","SH",0.374034382049487,0.693562168743003
"2020-02-26","Eastern","TG",1.26505271158698,1.98742302533952
"2020-02-26","Espace Mittelland","BE",6.14333008915759,11.1209223567926
"2020-02-26","Espace Mittelland","FR",1.44139783372038,2.32543516726588
"2020-02-26","Espace Mittelland","JU",0.301345337025082,0.465093831082978
"2020-02-26","Espace Mittelland","NE",0.860120591452225,1.47586739455687
"2020-02-26","Espace Mittelland","SO",1.20069506874256,2.03979876296733
"2020-02-26","Lake Geneva","GE",4.70733292283769,7.98670519563239
"2020-02-26","Lake Geneva","VD",5.54770992495701,9.42977402639248
"2020-02-26","Lake Geneva","VS",3.24950903174933,3.90819529046612
"2020-02-26","Northwestern","AG",3.76516928958715,6.0152566003286
"2020-02-26","Northwestern","BL",1.31665748601128,2.06467808804426
"2020-02-26","Northwestern","BS",1.36727185162185,3.00669362606646
"2020-02-26","Ticino","TI",1.9255525164575,2.36870208095841
"2020-02-26","Zurich","ZH",11.6459539860354,24.1828059392251
"2020-02-27","9999","9999",0.013873128588669,0.0432669136925337
"2020-02-27","Central","LU",2.81036727280321,4.32971631451545
"2020-02-27","Central","NW",0.285945390838265,0.355685979412698
"2020-02-27","Central","OW",0.27388626127984,0.339745537525975
"2020-02-27","Central","SZ",0.994919623992863,1.29600210998429
"2020-02-27","Central","UR",0.222000492737313,0.247943547044017
"2020-02-27","Central","ZG",1.10950808164421,1.88685209241242
"2020-02-27","Eastern","AI",0.0540403204610354,0.0600910474535739
"2020-02-27","Eastern","AR",0.166910893912289,0.236353588230856
"2020-02-27","Eastern","GL",0.203343916550962,0.318400979946312
"2020-02-27","Eastern","GR",3.125751977443,3.08693964588427
"2020-02-27","Eastern","SG",3.16548423247842,4.73737017376781
"2020-02-27","Eastern","SH",0.352913199031316,0.674086959359011
"2020-02-27","Eastern","TG",1.2792851155624,1.96655430184603
"2020-02-27","Espace Mittelland","BE",6.42921782049621,11.3294736391315
"2020-02-27","Espace Mittelland","FR",1.56207241524855,2.43722218936701
"2020-02-27","Espace Mittelland","JU",0.311863496483885,0.488477677603373
"2020-02-27","Espace Mittelland","NE",0.87782056583792,1.50163041150812
"2020-02-27","Espace Mittelland","SO",1.24766811790375,2.10169118231855
"2020-02-27","Lake Geneva","GE",5.09934572797717,8.3521797619606
"2020-02-27","Lake Geneva","VD",5.52042575439324,9.39782516632101
"2020-02-27","Lake Geneva","VS",3.41956614735275,3.95000071375113
"2020-02-27","Northwestern","AG",3.77487368804324,5.97759773122308
"2020-02-27","Northwestern","BL",1.33165189293408,2.07823935950013
"2020-02-27","Northwestern","BS",1.45747516937938,3.11810677852846
"2020-02-27","Ticino","TI",2.11332813706006,2.51512302690298
"2020-02-27","Zurich","ZH",11.7109758840161,24.2934373642598
"2020-02-28","9999","9999",0.0178829700674555,0.0480932308522664
"2020-02-28","Central","LU",3.64156245777917,5.14223700480117
"2020-02-28","Central","NW",0.34784794669897,0.433314911756569
"2020-02-28","Central","OW",0.432612623396136,0.474134678720224
"2020-02-28","Central","SZ",1.36802534113863,1.61443707807962
"2020-02-28","Central","UR",0.320379887600551,0.323567178596167
"2020-02-28","Central","ZG",1.477210119969,2.21062319990266
"2020-02-28","Eastern","AI",0.0856988122828378,0.0861259695969209
"2020-02-28","Eastern","AR",0.242829164618212,0.296240706790356
"2020-02-28","Eastern","GL",0.285950219292697,0.409149337808893
"2020-02-28","Eastern","GR",4.51599334287321,3.77795270345136
"2020-02-28","Eastern","SG",4.0254054631953,5.58581633755942
"2020-02-28","Eastern","SH",0.509509828972972,0.836380370892277
"2020-02-28","Eastern","TG",1.70710978402018,2.40241832477852
"2020-02-28","Espace Mittelland","BE",8.89151370624929,13.5825480371504
"2020-02-28","Espace Mittelland","FR",2.14830422741915,3.03385015712721
"2020-02-28","Espace Mittelland","JU",0.444198466519683,0.622390984711451
"2020-02-28","Espace Mittelland","NE",1.16661848459157,1.79256896705257
"2020-02-28","Espace Mittelland","SO",1.66017423468028,2.50397491402698
"2020-02-28","Lake Geneva","GE",5.89091412812307,9.08550806504788
"2020-02-28","Lake Geneva","VD",7.72459143237871,11.6255444051768
"2020-02-28","Lake Geneva","VS",5.03071655552143,5.31248364320329
"2020-02-28","Northwestern","AG",4.90810721660995,7.10552844434203
"2020-02-28","Northwestern","BL",1.87733198342331,2.59237808960772
"2020-02-28","Northwestern","BS",1.74367600229599,3.32696395420845
"2020-02-28","Ticino","TI",2.36968803293258,2.63761631594296
"2020-02-28","Zurich","ZH",15.2751853700635,27.6858964816148
"2020-02-29","9999","9999",0.0160444214988214,0.0316089785813483
"2020-02-29","Central","LU",4.09079527530604,5.19848739141636
"2020-02-29","Central","NW",0.440795310746032,0.501495138675047
"2020-02-29","Central","OW",0.483983462531822,0.532016496488005
"2020-02-29","Central","SZ",1.63151055158074,1.8901489428666
"2020-02-29","Central","UR",0.357929082081403,0.335055172962292
"2020-02-29","Central","ZG",1.60806703078957,2.02107129286161
"2020-02-29","Eastern","AI",0.0977606752242256,0.0990754543705701
"2020-02-29","Eastern","AR",0.24046226252125,0.288627361411623
"2020-02-29","Eastern","GL",0.320809447740061,0.44599249133812
"2020-02-29","Eastern","GR",5.19480632801026,4.29226137430401
"2020-02-29","Eastern","SG",4.99552200599044,5.93144182486451
"2020-02-29","Eastern","SH",0.586356255499832,0.872645725888297
"2020-02-29","Eastern","TG",2.08534826179184,2.70946726295475
"2020-02-29","Espace Mittelland","BE",9.75901033162761,13.0764984865077
"2020-02-29","Espace Mittelland","FR",2.27638162454403,3.03000949628883
"2020-02-29","Espace Mittelland","JU",0.516448721342051,0.643769530440126
"2020-02-29","Espace Mittelland","NE",1.4464377258979,1.98800082387273
"2020-02-29","Espace Mittelland","SO",1.94037058885101,2.68445198528177
"2020-02-29","Lake Geneva","GE",6.34235302457851,8.08934940564924
"2020-02-29","Lake Geneva","VD",9.20922706912068,11.9688586983491
"2020-02-29","Lake Geneva","VS",5.55515398017546,5.61079762708339
"2020-02-29","Northwestern","AG",6.28710891129564,7.95030388804032
"2020-02-29","Northwestern","BL",2.07698600136292,2.57439835878026
"2020-02-29","Northwestern","BS",1.77525784191419,2.89256142168349
"2020-02-29","Ticino","TI",2.33819735046141,2.94704442455005
"2020-02-29","Zurich","ZH",18.3042268395831,25.837111116096
"2020-03-01","9999","9999",0.013870504854306,0.0324926704556655
"2020-03-01","Central","LU",0.670206874053236,1.50139249446503
"2020-03-01","Central","NW",0.0921247175917085,0.131975982614382
"2020-03-01","Central","OW",0.256170121557652,0.278498893005987
"2020-03-01","Central","SZ",0.412418581949349,0.579124071018917
"2020-03-01","Central","UR",0.18125535875716,0.163550973046718
"2020-03-01","Central","ZG",0.201929524012254,0.473828785379114
"2020-03-01","Eastern","AI",0.0156563320263312,0.0228400361362
"2020-03-01","Eastern","AR",0.0612234120109163,0.0811976879901516
"2020-03-01","Eastern","GL",0.0846619359587404,0.159710312208339
"2020-03-01","Eastern","GR",2.89002534789768,2.1672883099121
"2020-03-01","Eastern","SG",0.760938897781021,1.44334073595219
"2020-03-01","Eastern","SH",0.108195627059531,0.258717790280885
"2020-03-01","Eastern","TG",0.260344451600887,0.528311788245674
"2020-03-01","Espace Mittelland","BE",2.15179448725763,3.96295019852478
"2020-03-01","Espace Mittelland","FR",0.475978664371732,0.980796016045125
"2020-03-01","Espace Mittelland","JU",0.0756591044911883,0.133709378214004
"2020-03-01","Espace Mittelland","NE",0.206497245821005,0.42515775599364
"2020-03-01","Espace Mittelland","SO",0.262076989553194,0.595574335140823
"2020-03-01","Lake Geneva","GE",1.36981323596997,2.67221625163738
"2020-03-01","Lake Geneva","VD",1.58168693643091,3.10141859736347
"2020-03-01","Lake Geneva","VS",2.4091400104817,2.55376755232985
"2020-03-01","Northwestern","AG",0.815248221502641,1.8043628547598
"2020-03-01","Northwestern","BL",0.249801018139728,0.63302927535227
"2020-03-01","Northwestern","BS",0.406910541157078,1.11171836604013
"2020-03-01","Ticino","TI",0.620347662268543,0.889843729288472
"2020-03-01","Zurich","ZH",3.22500290637321,8.08748005745357
"2020-03-02","9999","9999",0.0126484947007438,0.0413975654968626
"2020-03-02","Central","LU",2.29341971298641,4.09540201522533
"2020-03-02","Central","NW",0.208493809770651,0.335598983346487
"2020-03-02","Central","OW",0.191801690074182,0.272143109140705
"2020-03-02","Central","SZ",0.845048243954758,1.21612995980562
"2020-03-02","Central","UR",0.183512024850665,0.228774231001135
"2020-03-02","Central","ZG",0.876196376366737,1.72697183945902
"2020-03-02","Eastern","AI",0.0412367238992286,0.053735263588292
"2020-03-02","Eastern","AR",0.128011897750315,0.212697836518363
"2020-03-02","Eastern","GL",0.158335958275136,0.266025242318508
"2020-03-02","Eastern","GR",2.2296682741765,2.45136125935609
"2020-03-02","Eastern","SG",2.48121331595941,4.30052049451397
"2020-03-02","Eastern","SH",0.33270033326948,0.650125314305408
"2020-03-02","Eastern","TG",1.06954046588837,1.86187080288845
"2020-03-02","Espace Mittelland","BE",5.25991766008853,10.3130580429216
"2020-03-02","Espace Mittelland","FR",1.49265304057507,2.47950344673819
"2020-03-02","Espace Mittelland","JU",0.292996066039269,0.474508548359358
"2020-03-02","Espace Mittelland","NE",0.811671280529651,1.52198931276642
"2020-03-02","Espace Mittelland","SO",0.985164560051419,1.85405352861564
"2020-03-02","Lake Geneva","GE",4.06581107811685,7.41465065960801
"2020-03-02","Lake Geneva","VD",4.9803870608903,8.85506841474515
"2020-03-02","Lake Geneva","VS",2.85632314322813,3.60478308423419
"2020-03-02","Northwestern","AG",3.08613560531394,5.44333801690027
"2020-03-02","Northwestern","BL",1.20367683319742,1.86238062512363
"2020-03-02","Northwestern","BS",1.06487308133404,2.30959668982619
"2020-03-02","Ticino","TI",1.61740880566057,2.20780218353465
"2020-03-02","Zurich","ZH",9.93492713108428,22.5403966145085
"2020-03-03","9999","9999",0.0120314315387994,0.0409217314106917
"2020-03-03","Central","LU",2.28988618894309,4.0780340710801
"2020-03-03","Central","NW",0.217956029713001,0.325232597897765
"2020-03-03","Central","OW",0.176660882689951,0.262150593331117
"2020-03-03","Central","SZ",0.842168268645117,1.17962668776651
"2020-03-03","Central","UR",0.1717883142764,0.225205475354853
"2020-03-03","Central","ZG",0.881089002642089,1.73203607366184
"2020-03-03","Eastern","AI",0.0497938533869064,0.0600570593045617
"2020-03-03","Eastern","AR",0.147426850648194,0.21898564408562
"2020-03-03","Eastern","GL",0.159349945453933,0.268574353494424
"2020-03-03","Eastern","GR",1.93460544167128,2.33648131569484
"2020-03-03","Eastern","SG",2.45219096054042,4.23288407797969
"2020-03-03","Eastern","SH",0.318982980097561,0.657772647833154
"2020-03-03","Eastern","TG",1.05330655202822,1.80507660588906
"2020-03-03","Espace Mittelland","BE",5.11760581874107,10.4346676400873
"2020-03-03","Espace Mittelland","FR",1.41277540982271,2.4140762598897
"2020-03-03","Espace Mittelland","JU",0.275727347430366,0.461151205797563
"2020-03-03","Espace Mittelland","NE",0.8381609060079,1.58044892906741
"2020-03-03","Espace Mittelland","SO",0.95653225994768,1.86744485932645
"2020-03-03","Lake Geneva","GE",4.29971516778916,7.6483191840669
"2020-03-03","Lake Geneva","VD",4.97205684918082,9.09488879417525
"2020-03-03","Lake Geneva","VS",2.65391835519017,3.54129322187939
"2020-03-03","Northwestern","AG",3.04514172956812,5.43541877818042
"2020-03-03","Northwestern","BL",1.10440896747449,1.894057580003
"2020-03-03","Northwestern","BS",1.16828001724318,2.66021843503607
"2020-03-03","Ticino","TI",1.71376054336395,2.42542830165978
"2020-03-03","Zurich","ZH",10.0356421625293,23.0830174134883
"2020-03-04","9999","9999",0.0124054507462658,0.041635482539948
"2020-03-04","Central","LU",2.4115162170456,4.35405182920819
"2020-03-04","Central","NW",0.240671765752119,0.344096020599537
"2020-03-04","Central","OW",0.216748497090692,0.305349530725627
"2020-03-04","Central","SZ",0.830544616334594,1.21137161894391
"2020-03-04","Central","UR",0.174295758466721,0.241281869837625
"2020-03-04","Central","ZG",0.939174044584852,1.7829163327331
"2020-03-04","Eastern","AI",0.0560632274868897,0.0646114712721968
"2020-03-04","Eastern","AR",0.145628879893692,0.222078565645731
"2020-03-04","Eastern","GL",0.163952167411546,0.282339553844366
"2020-03-04","Eastern","GR",2.0446323021714,2.50557235703055
"2020-03-04","Eastern","SG",2.65002170631103,4.40177119042132
"2020-03-04","Eastern","SH",0.337621562165409,0.673237255633706
"2020-03-04","Eastern","TG",1.0859905362998,1.85656865164255
"2020-03-04","Espace Mittelland","BE",5.4061839586236,10.7173470754217
"2020-03-04","Espace Mittelland","FR",1.44742640383015,2.51264189202509
"2020-03-04","Espace Mittelland","JU",0.299360877497698,0.492726196229899
"2020-03-04","Espace Mittelland","NE",0.88260010916223,1.6277604324924
"2020-03-04","Espace Mittelland","SO",1.01583680187426,1.95401267486053
"2020-03-04","Lake Geneva","GE",4.41252031235424,7.77305569094168
"2020-03-04","Lake Geneva","VD",5.30657142427387,9.48799572565038
"2020-03-04","Lake Geneva","VS",2.78853964734982,3.7530054020764
"2020-03-04","Northwestern","AG",3.2135787361947,5.64053725746907
"2020-03-04","Northwestern","BL",1.08237942803977,1.87665564770876
"2020-03-04","Northwestern","BS",1.08121759930366,2.5243678034343
"2020-03-04","Ticino","TI",1.98686008768512,2.51022873344522
"2020-03-04","Zurich","ZH",10.4410913267225,23.4797950650567
"2020-03-05","9999","9999",0.0134830615253529,0.0452042381862292
"2020-03-05","Central","LU",2.45594838702543,4.28067141549085
"2020-03-05","Central","NW",0.250140756495533,0.338216070820426
"2020-03-05","Central","OW",0.220202224365182,0.282339553844366
"2020-03-05","Central","SZ",0.831690984618075,1.18632235312191
"2020-03-05","Central","UR",0.195277957968065,0.233634536309879
"2020-03-05","Central","ZG",0.974133926531216,1.77934757708682
"2020-03-05","Eastern","AI",0.0562423345593626,0.0612126563709766
"2020-03-05","Eastern","AR",0.149305025437751,0.218441833701425
"2020-03-05","Eastern","GL",0.174976887739378,0.283121281271646
"2020-03-05","Eastern","GR",2.20833380505075,2.49303073004505
"2020-03-05","Eastern","SG",2.7303181007318,4.39878023330825
"2020-03-05","Eastern","SH",0.354459996170836,0.665793851000033
"2020-03-05","Eastern","TG",1.14014651253796,1.85320382489034
"2020-03-05","Espace Mittelland","BE",5.48248285878118,10.5791172733891
"2020-03-05","Espace Mittelland","FR",1.43849962933095,2.43956737164885
"2020-03-05","Espace Mittelland","JU",0.311318045605962,0.487016187195849
"2020-03-05","Espace Mittelland","NE",0.897106669882451,1.60998463055902
"2020-03-05","Espace Mittelland","SO",1.08478531021412,1.97923188142758
"2020-03-05","Lake Geneva","GE",4.34339724735883,7.73570271517727
"2020-03-05","Lake Geneva","VD",4.97378079146607,8.88844477707513
"2020-03-05","Lake Geneva","VS",2.77293519085946,3.44378122236339
"2020-03-05","Northwestern","AG",3.24770284909787,5.52358403671808
"2020-03-05","Northwestern","BL",1.16175364640434,1.89249412514844
"2020-03-05","Northwestern","BS",1.13063873751823,2.57837497221469
"2020-03-05","Ticino","TI",1.94034480576587,2.61032383228616
"2020-03-05","Zurich","ZH",10.2775241433784,22.7774979420176
"2020-03-06","9999","9999",0.0150110930901461,0.0450342974411682
"2020-03-06","Central","LU",3.29615590765296,5.17377800708449
"2020-03-06","Central","NW",0.32500329915016,0.424511981162408
"2020-03-06","Central","OW",0.307662412182191,0.373087911706946
"2020-03-06","Central","SZ",1.1542916009834,1.47831454128574
"2020-03-06","Central","UR",0.251661672649375,0.306233222599944
"2020-03-06","Central","ZG",1.28059484851218,2.07079595486646
"2020-03-06","Eastern","AI",0.0768107633196313,0.0800420909237367
"2020-03-06","Eastern","AR",0.202604826245013,0.262286545927166
"2020-03-06","Eastern","GL",0.224549109977025,0.34382411540744
"2020-03-06","Eastern","GR",3.18014219050342,3.21504097951126
"2020-03-06","Eastern","SG",3.48185165878184,5.10865671357711
"2020-03-06","Eastern","SH",0.433047011990078,0.774589915988093
"2020-03-06","Eastern","TG",1.451965464278,2.20188824560652
"2020-03-06","Espace Mittelland","BE",7.47994748160994,12.5608302896946
"2020-03-06","Espace Mittelland","FR",2.01719148683412,3.03629730385609
"2020-03-06","Espace Mittelland","JU",0.407350592318018,0.601216367876849
"2020-03-06","Espace Mittelland","NE",1.12666412848432,1.88539060200489
"2020-03-06","Espace Mittelland","SO",1.37490934263522,2.26860698211748
"2020-03-06","Lake Geneva","GE",5.3621736068089,8.63023680902943
"2020-03-06","Lake Geneva","VD",6.90423772142345,11.1380183957458
"2020-03-06","Lake Geneva","VS",4.04981192974186,4.7200702059206
"2020-03-06","Northwestern","AG",4.22588387021981,6.57935790948412
"2020-03-06","Northwestern","BL",1.48500404429072,2.26911680435266
"2020-03-06","Northwestern","BS",1.39634916840172,2.90615668128837
"2020-03-06","Ticino","TI",2.35251841316217,2.83593716542916
"2020-03-06","Zurich","ZH",13.3672086157077,25.8801061245965
"2020-03-07","9999","9999",0.0151212586052173,0.0316429667303605
"2020-03-07","Central","LU",4.03120271000275,5.31455692029303
"2020-03-07","Central","NW",0.417369694004865,0.5010872808869
"2020-03-07","Central","OW",0.387268278878856,0.471109733458138
"2020-03-07","Central","SZ",1.52756679570492,1.8316553384166
"2020-03-07","Central","UR",0.278274355185267,0.342226672403866
"2020-03-07","Central","ZG",1.45376768783178,1.95105570589647
"2020-03-07","Eastern","AI",0.102234455594719,0.0987015847314358
"2020-03-07","Eastern","AR",0.22323513206001,0.27870282190006
"2020-03-07","Eastern","GL",0.29179213224066,0.42206483443353
"2020-03-07","Eastern","GR",4.17808195204521,3.95747810653381
"2020-03-07","Eastern","SG",4.66519606616693,5.75857809898844
"2020-03-07","Eastern","SH",0.559631656987286,0.858982489985392
"2020-03-07","Eastern","TG",1.95874321823897,2.62789570532547
"2020-03-07","Espace Mittelland","BE",8.87214661888144,12.6573566328892
"2020-03-07","Espace Mittelland","FR",2.16092396285846,3.01920126490295
"2020-03-07","Espace Mittelland","JU",0.473450371283279,0.631771713838819
"2020-03-07","Espace Mittelland","NE",1.45259980884255,2.06325058578575
"2020-03-07","Espace Mittelland","SO",1.81008306754741,2.62235563703648
"2020-03-07","Lake Geneva","GE",6.21568398540331,8.01005505400377
"2020-03-07","Lake Geneva","VD",8.41219301128252,11.6739775175192
"2020-03-07","Lake Geneva","VS",5.02693391769041,5.52892017611299
"2020-03-07","Northwestern","AG",5.93879339946911,7.78372796973151
"2020-03-07","Northwestern","BL",1.97259482828984,2.56257048292401
"2020-03-07","Northwestern","BS",1.83843175371458,3.00982053577559
"2020-03-07","Ticino","TI",2.6495092087535,3.33739831595519
"2020-03-07","Zurich","ZH",17.4652227828316,25.7257319517831
"2020-03-08","9999","9999",0.0134892488392237,0.0345319593963977
"2020-03-08","Central","LU",0.705557711999783,1.5322197456191
"2020-03-08","Central","NW",0.0983761249853379,0.140167126526323
"2020-03-08","Central","OW",0.2840734072786,0.330160879504534
"2020-03-08","Central","SZ",0.410492572957937,0.636869936190649
"2020-03-08","Central","UR",0.194350667587866,0.194242271604737
"2020-03-08","Central","ZG",0.187519078122188,0.450886784795877
"2020-03-08","Eastern","AI",0.0178163585428088,0.0245394435868102
"2020-03-08","Eastern","AR",0.0657864541740494,0.087145614067287
"2020-03-08","Eastern","GL",0.0905740710031156,0.183230111324783
"2020-03-08","Eastern","GR",2.68937575591207,2.37376631516123
"2020-03-08","Eastern","SG",0.755995476791607,1.49619230766616
"2020-03-08","Eastern","SH",0.103156529834364,0.247773606298956
"2020-03-08","Eastern","TG",0.258281655980673,0.529603337908138
"2020-03-08","Espace Mittelland","BE",1.96427142654164,4.06637613596891
"2020-03-08","Espace Mittelland","FR",0.476265798811571,0.996600505335799
"2020-03-08","Espace Mittelland","JU",0.0781614813497697,0.138705636118798
"2020-03-08","Espace Mittelland","NE",0.208066039252938,0.439330814131729
"2020-03-08","Espace Mittelland","SO",0.251221688060799,0.608523819914472
"2020-03-08","Lake Geneva","GE",1.2766166837308,2.65192532667709
"2020-03-08","Lake Geneva","VD",1.53351178225314,3.20311113920798
"2020-03-08","Lake Geneva","VS",2.41206636323322,2.68180090965882
"2020-03-08","Northwestern","AG",0.808735905264737,1.83366063920832
"2020-03-08","Northwestern","BL",0.25516917081422,0.636190173210405
"2020-03-08","Northwestern","BS",0.380866817375796,1.08789267358258
"2020-03-08","Ticino","TI",0.585957839478812,0.952110018278826
"2020-03-08","Zurich","ZH",3.13997300929217,8.0577744152169
"2020-03-09","9999","9999",0.0123204965772073,0.0408537551126673
"2020-03-09","Central","LU",2.03687559571742,3.9393284349613
"2020-03-09","Central","NW",0.211910178200631,0.329141235034168
"2020-03-09","Central","OW",0.162370564673492,0.251682243435359
"2020-03-09","Central","SZ",0.800822659769827,1.19233825549707
"2020-03-09","Central","UR",0.147947152836447,0.215484864737363
"2020-03-09","Central","ZG",0.824489996850226,1.67167312101616
"2020-03-09","Eastern","AI",0.0406137357968497,0.0554686591879144
"2020-03-09","Eastern","AR",0.122627286037723,0.208109436401715
"2020-03-09","Eastern","GL",0.133021248876645,0.247739618149943
"2020-03-09","Eastern","GR",1.9917249337044,2.29294249681021
"2020-03-09","Eastern","SG",2.25919467246273,4.05308676970514
"2020-03-09","Eastern","SH",0.312373620932422,0.637209817680771
"2020-03-09","Eastern","TG",0.986487701458597,1.78216859345483
"2020-03-09","Espace Mittelland","BE",4.83618309980094,10.0513832836766
"2020-03-09","Espace Mittelland","FR",1.34743343974586,2.42913300990211
"2020-03-09","Espace Mittelland","JU",0.257993123521181,0.442831593479985
"2020-03-09","Espace Mittelland","NE",0.772360346324634,1.51114709323153
"2020-03-09","Espace Mittelland","SO",0.884305422933507,1.80133790949772
"2020-03-09","Lake Geneva","GE",3.85808595985819,7.50740431826231
"2020-03-09","Lake Geneva","VD",4.77274478214912,8.93660598422542
"2020-03-09","Lake Geneva","VS",2.54807414236282,3.44140205193253
"2020-03-09","Northwestern","AG",2.85746293259559,5.28124853426107
"2020-03-09","Northwestern","BL",1.12040681181434,2.04941740913778
"2020-03-09","Northwestern","BS",1.14010310735635,2.85214951250798
"2020-03-09","Ticino","TI",1.90745134959159,2.5115542712567
"2020-03-09","Zurich","ZH",9.46299644632411,22.2304586836662
"2020-03-10","9999","9999",0.0126654902337813,0.041635482539948
"2020-03-10","Central","LU",2.12046373901797,3.96427573633625
"2020-03-10","Central","NW",0.220421936663938,0.328461472053924
"2020-03-10","Central","OW",0.161360011845495,0.241111929092564
"2020-03-10","Central","SZ",0.815473893986024,1.18122413077008
"2020-03-10","Central","UR",0.182181482162971,0.218713738893523
"2020-03-10","Central","ZG",0.866455766460417,1.65158612494995
"2020-03-10","Eastern","AI",0.0480210665662672,0.0568281851484025
"2020-03-10","Eastern","AR",0.137586656316726,0.210624559428618
"2020-03-10","Eastern","GL",0.149361302581825,0.256610525042128
"2020-03-10","Eastern","GR",1.64271032198284,2.07297119640324
"2020-03-10","Eastern","SG",2.39296189992704,4.06375904849497
"2020-03-10","Eastern","SH",0.311279801740607,0.635510410230161
"2020-03-10","Eastern","TG",1.01635986877365,1.76119790551431
"2020-03-10","Espace Mittelland","BE",5.08858007987955,10.2059953735332
"2020-03-10","Espace Mittelland","FR",1.41067873278502,2.42471455053052
"2020-03-10","Espace Mittelland","JU",0.276278468707329,0.457548462002269
"2020-03-10","Espace Mittelland","NE",0.822743314228488,1.52436848319728
"2020-03-10","Espace Mittelland","SO",0.988104650206143,1.84011838752064
"2020-03-10","Lake Geneva","GE",3.77521812170875,7.22401113179856
"2020-03-10","Lake Geneva","VD",4.97737332995245,8.8677459943267
"2020-03-10","Lake Geneva","VS",2.49979260554668,3.30939208116914
"2020-03-10","Northwestern","AG",3.12051691467307,5.41998815852888
"2020-03-10","Northwestern","BL",1.11445399713928,2.00339745537526
"2020-03-10","Northwestern","BS",1.07843448678426,2.68468990232486
"2020-03-10","Ticino","TI",1.90153129243584,2.48800048399124
"2020-03-10","Zurich","ZH",9.40073456416837,21.6536797949291
"2020-03-11","9999","9999",0.0129832048850237,0.0436407833316679
"2020-03-11","Central","LU",2.41588697472412,4.35085694320104
"2020-03-11","Central","NW",0.24510744715005,0.357283422416272
"2020-03-11","Central","OW",0.190918364866659,0.294813204531844
"2020-03-11","Central","SZ",0.932419917939223,1.30313962127685
"2020-03-11","Central","UR",0.179212769807562,0.24614217514637
"2020-03-11","Central","ZG",0.983601691559921,1.77475917697017
"2020-03-11","Eastern","AI",0.0580703725264593,0.0691318950908197
"2020-03-11","Eastern","AR",0.14113886369832,0.225953214633122
"2020-03-11","Eastern","GL",0.1610573033884,0.283121281271646
"2020-03-11","Eastern","GR",1.80626745289987,2.33267464300548
"2020-03-11","Eastern","SG",2.5804359438027,4.41852734788434
"2020-03-11","Eastern","SH",0.348699039134044,0.682991854400208
"2020-03-11","Eastern","TG",1.10244785918294,1.89290198293659
"2020-03-11","Espace Mittelland","BE",5.24472933570018,10.6425731475949
"2020-03-11","Espace Mittelland","FR",1.44269162063087,2.51355957204842
"2020-03-11","Espace Mittelland","JU",0.291957364849181,0.479708735158225
"2020-03-11","Espace Mittelland","NE",0.861870829821429,1.60138562885893
"2020-03-11","Espace Mittelland","SO",1.01798038501673,1.97304603830736
"2020-03-11","Lake Geneva","GE",4.1243817576261,7.5664417330965
"2020-03-11","Lake Geneva","VD",5.30706798362415,9.41774222164216
"2020-03-11","Lake Geneva","VS",2.76038222750168,3.73159286819872
"2020-03-11","Northwestern","AG",3.24893777037411,5.68485780378098
"2020-03-11","Northwestern","BL",1.22780101725471,2.18805506895856
"2020-03-11","Northwestern","BS",1.23346564016414,2.94174227330414
"2020-03-11","Ticino","TI",1.77536515656565,2.52868429835885
"2020-03-11","Zurich","ZH",10.4864265312457,23.2478259480484
"2020-03-12","9999","9999",0.0132257084285434,0.0437427477787045
"2020-03-12","Central","LU",2.63425507170887,4.52711948397833
"2020-03-12","Central","NW",0.248280611068673,0.357861220949479
"2020-03-12","Central","OW",0.229363791761691,0.304227921808224
"2020-03-12","Central","SZ",0.979789726644356,1.34630457052235
"2020-03-12","Central","UR",0.20469438787175,0.264461787463947
"2020-03-12","Central","ZG",1.12476275126775,1.90581747956123
"2020-03-12","Eastern","AI",0.0649719647913489,0.0716810062667349
"2020-03-12","Eastern","AR",0.175454391729344,0.242267526158979
"2020-03-12","Eastern","GL",0.18845016312716,0.301746786930333
"2020-03-12","Eastern","GR",2.0261190993619,2.49945449020835
"2020-03-12","Eastern","SG",2.98818928717747,4.66997167427661
"2020-03-12","Eastern","SH",0.394898654481272,0.718441493819935
"2020-03-12","Eastern","TG",1.33834838749222,2.05519539446986
"2020-03-12","Espace Mittelland","BE",6.07073667337668,11.227883061734
"2020-03-12","Espace Mittelland","FR",1.66902396537372,2.64995401403439
"2020-03-12","Espace Mittelland","JU",0.335719155035199,0.517503556859794
"2020-03-12","Espace Mittelland","NE",0.981927502327027,1.69142023559225
"2020-03-12","Espace Mittelland","SO",1.28830287881969,2.17252248485998
"2020-03-12","Lake Geneva","GE",4.58142000866169,7.88161383888666
"2020-03-12","Lake Geneva","VD",5.79180800191753,9.57972973983431
"2020-03-12","Lake Geneva","VS",2.92382672189411,3.76717846021449
"2020-03-12","Northwestern","AG",3.63347584218319,5.98864387965204
"2020-03-12","Northwestern","BL",1.42226244950892,2.32404165315638
"2020-03-12","Northwestern","BS",1.30239660864398,2.9714139273918
"2020-03-12","Ticino","TI",1.92021137258286,2.64098114269517
"2020-03-12","Zurich","ZH",11.7006732036369,24.1912350001801
"2020-03-13","9999","9999",0.0168154352115263,0.0477873375111566
"2020-03-13","Central","LU",4.22238414535751,5.80772496246009
"2020-03-13","Central","NW",0.427711397537708,0.497450548942595
"2020-03-13","Central","OW",0.353556985123548,0.397083544909561
"2020-03-13","Central","SZ",1.66591858387016,1.88593441238909
"2020-03-13","Central","UR",0.34850938621584,0.359084794313919
"2020-03-13","Central","ZG",1.78610555024101,2.34106971581149
"2020-03-13","Eastern","AI",0.111165690442335,0.108456183497938
"2020-03-13","Eastern","AR",0.275504741191768,0.337944165628329
"2020-03-13","Eastern","GL",0.323988583591376,0.428420618298812
"2020-03-13","Eastern","GR",3.25480895558232,3.3023225461746
"2020-03-13","Eastern","SG",4.7701404281763,6.12276111565419
"2020-03-13","Eastern","SH",0.584499791133123,0.912717753573684
"2020-03-13","Eastern","TG",2.17666062031651,2.85381493180958
"2020-03-13","Espace Mittelland","BE",9.24475820852624,13.8524819166053
"2020-03-13","Espace Mittelland","FR",2.85201201089201,3.62463216325732
"2020-03-13","Espace Mittelland","JU",0.499636211398538,0.661545332373508
"2020-03-13","Espace Mittelland","NE",1.48973327065558,2.09819040297029
"2020-03-13","Espace Mittelland","SO",1.87534834234441,2.7001205219764
"2020-03-13","Lake Geneva","GE",6.10367286900892,8.84959632275418
"2020-03-13","Lake Geneva","VD",9.86495103130716,12.7801558152703
"2020-03-13","Lake Geneva","VS",4.90379305718926,5.34769536557993
"2020-03-13","Northwestern","AG",5.90806056504657,7.92341926217167
"2020-03-13","Northwestern","BL",2.28478541046427,3.05264560353096
"2020-03-13","Northwestern","BS",1.74487409339062,3.34028730862123
"2020-03-13","Ticino","TI",2.20274711488393,2.7586141264264
"2020-03-13","Zurich","ZH",18.1218006609046,29.2763719146408
"2020-03-14","9999","9999",0.015435151219537,0.0332064215849218
"2020-03-14","Central","LU",4.27057113375208,5.3130614417365
"2020-03-14","Central","NW",0.430795616861428,0.517911414647941
"2020-03-14","Central","OW",0.361604033238924,0.452382263352414
"2020-03-14","Central","SZ",1.73301085105652,2.00472299318674
"2020-03-14","Central","UR",0.304815104323379,0.33689053300895
"2020-03-14","Central","ZG",1.69376858820343,2.05108282843938
"2020-03-14","Eastern","AI",0.12222186033833,0.120861857887392
"2020-03-14","Eastern","AR",0.274229097208602,0.350145911123709
"2020-03-14","Eastern","GL",0.299480558944861,0.417612386912931
"2020-03-14","Eastern","GR",3.76453542277722,3.23220499476243
"2020-03-14","Eastern","SG",5.0669896282645,5.91730275487543
"2020-03-14","Eastern","SH",0.617590360246443,0.920806933038588
"2020-03-14","Eastern","TG",2.3227004984081,3.02929574515958
"2020-03-14","Espace Mittelland","BE",9.19946859824059,12.6209553252972
"2020-03-14","Espace Mittelland","FR",2.28081332726418,2.98130447875435
"2020-03-14","Espace Mittelland","JU",0.487733789269966,0.625551882569586
"2020-03-14","Espace Mittelland","NE",1.45520790261585,1.99524029961233
"2020-03-14","Espace Mittelland","SO",2.0109211024006,2.78614452712628
"2020-03-14","Lake Geneva","GE",5.59443940541684,7.25164349694549
"2020-03-14","Lake Geneva","VD",8.08047810173148,10.4385083009256
"2020-03-14","Lake Geneva","VS",4.20844615570578,4.49520461205587
"2020-03-14","Northwestern","AG",6.53479567337745,8.19668398022977
"2020-03-14","Northwestern","BL",2.48243898367699,3.03463188455449
"2020-03-14","Northwestern","BS",1.90249845966234,2.94853990310658
"2020-03-14","Ticino","TI",2.08763752876381,2.55128641745196
"2020-03-14","Zurich","ZH",18.412522086312,25.4298991027808
"2020-03-15","9999","9999",0.0130790690898062,0.0352117223766417
"2020-03-15","Central","LU",0.553761619173361,1.27163260714254
"2020-03-15","Central","NW",0.0792073057828511,0.125246329109966
"2020-03-15","Central","OW",0.113739977202568,0.129868717375625
"2020-03-15","Central","SZ",0.245610009761193,0.438311169661362
"2020-03-15","Central","UR",0.122442626046852,0.106111001216096
"2020-03-15","Central","ZG",0.171613832025244,0.444497012781583
"2020-03-15","Eastern","AI",0.01472154246508,0.0215484864737363
"2020-03-15","Eastern","AR",0.050144889464558,0.0843925739972986
"2020-03-15","Eastern","GL",0.0571053121194986,0.114676014767171
"2020-03-15","Eastern","GR",1.24061648327749,0.965841230479756
"2020-03-15","Eastern","SG",0.523102652663188,1.16960018380791
"2020-03-15","Eastern","SH",0.103847750694265,0.253517603482018
"2020-03-15","Eastern","TG",0.226103465037919,0.530181136441346
"2020-03-15","Espace Mittelland","BE",1.36703971378708,3.27907465225025
"2020-03-15","Espace Mittelland","FR",0.361898275257672,0.79321542164678
"2020-03-15","Espace Mittelland","JU",0.0696538895332724,0.145435289623214
"2020-03-15","Espace Mittelland","NE",0.169032453350189,0.369893025699799
"2020-03-15","Espace Mittelland","SO",0.229367186952277,0.584664139307906
"2020-03-15","Lake Geneva","GE",0.921309209612672,1.90761885145887
"2020-03-15","Lake Geneva","VD",0.986672052083775,2.15695591261239
"2020-03-15","Lake Geneva","VS",1.07920442359107,1.37971492100135
"2020-03-15","Northwestern","AG",0.711896184298025,1.73971739533859
"2020-03-15","Northwestern","BL",0.280692557163056,0.686696562642538
"2020-03-15","Northwestern","BS",0.258866408049739,0.76806419137775
"2020-03-15","Ticino","TI",0.1591177058026,0.358269078737626
"2020-03-15","Zurich","ZH",2.25065374355574,6.11188490797029
"2020-03-16","9999","9999",0.0139357966797284,0.0407178025166185
"2020-03-16","Central","LU",3.80486038332125,5.23002839369969
"2020-03-16","Central","NW",0.420651883876321,0.526884285987162
"2020-03-16","Central","OW",0.247467864315512,0.339371667886841
"2020-03-16","Central","SZ",1.57815081606539,1.90761885145887
"2020-03-16","Central","UR",0.231535335297215,0.308238523391664
"2020-03-16","Central","ZG",1.56749092404271,2.15535846960882
"2020-03-16","Eastern","AI",0.0918505256027191,0.10308605595401
"2020-03-16","Eastern","AR",0.233559499365951,0.335972852985621
"2020-03-16","Eastern","GL",0.254764218953421,0.38318239196357
"2020-03-16","Eastern","GR",1.8478736730018,2.21626523263868
"2020-03-16","Eastern","SG",4.33403668341697,5.73767538734594
"2020-03-16","Eastern","SH",0.598438520912907,0.946264056648728
"2020-03-16","Eastern","TG",2.12590252105511,2.97148190368982
"2020-03-16","Espace Mittelland","BE",8.63269679671052,12.9488389988179
"2020-03-16","Espace Mittelland","FR",2.54751747208348,3.32274942373093
"2020-03-16","Espace Mittelland","JU",0.372359217727256,0.539289960376616
"2020-03-16","Espace Mittelland","NE",1.01090976943457,1.57572457635472
"2020-03-16","Espace Mittelland","SO",1.72867563518857,2.62816761051756
"2020-03-16","Lake Geneva","GE",6.19812190196446,7.85924963683663
"2020-03-16","Lake Geneva","VD",8.3850502208407,10.7217315466443
"2020-03-16","Lake Geneva","VS",3.71637696651485,4.33301316496964
"2020-03-16","Northwestern","AG",5.63948155447583,7.82495559448332
"2020-03-16","Northwestern","BL",1.61168826588103,2.55777815391329
"2020-03-16","Northwestern","BS",2.04164865802625,3.37617879397812
"2020-03-16","Ticino","TI",1.18471624060282,1.72187361710719
"2020-03-16","Zurich","ZH",16.5037302630023,26.346627457938
"2020-03-17","9999","9999",0.0106366543514711,0.0327645756477631
"2020-03-17","Central","LU",1.59355688690973,3.18829230623866
"2020-03-17","Central","NW",0.187325156740618,0.325538491238875
"2020-03-17","Central","OW",0.147807621076618,0.239208592747881
"2020-03-17","Central","SZ",0.68577051776817,1.11504920464332
"2020-03-17","Central","UR",0.137156673246901,0.217965999615254
"2020-03-17","Central","ZG",0.654427046374861,1.26143616243888
"2020-03-17","Eastern","AI",0.055726762925006,0.0775609560458459
"2020-03-17","Eastern","AR",0.155102424970038,0.265515420083325
"2020-03-17","Eastern","GL",0.139165372946981,0.258921719174958
"2020-03-17","Eastern","GR",0.857406451818406,1.43096904971175
"2020-03-17","Eastern","SG",1.90911616778518,3.45339986853384
"2020-03-17","Eastern","SH",0.278496843943221,0.591597721706395
"2020-03-17","Eastern","TG",1.02635591292628,1.88675012796538
"2020-03-17","Espace Mittelland","BE",3.76714074400734,8.1302031607619
"2020-03-17","Espace Mittelland","FR",1.08975942497956,1.86023937173586
"2020-03-17","Espace Mittelland","JU",0.276500663763676,0.427434961977458
"2020-03-17","Espace Mittelland","NE",0.669934737975501,1.17745144622973
"2020-03-17","Espace Mittelland","SO",0.88822465550828,1.72870523505864
"2020-03-17","Lake Geneva","GE",2.30575925709189,4.23200038610537
"2020-03-17","Lake Geneva","VD",3.17633389098392,5.5342223273589
"2020-03-17","Lake Geneva","VS",1.39823310365881,2.27017043697204
"2020-03-17","Northwestern","AG",2.54255202347348,4.840966051957
"2020-03-17","Northwestern","BL",1.10941460229648,2.06209498871933
"2020-03-17","Northwestern","BS",0.717316177264302,1.93994158116948
"2020-03-17","Ticino","TI",1.04229527148596,1.52430050689925
"2020-03-17","Zurich","ZH",6.69689026035618,15.63431062857
"2020-03-18","9999","9999",0.0107110822549064,0.0331384452868974
"2020-03-18","Central","LU",1.62401740903357,3.23560380966365
"2020-03-18","Central","NW",0.209474173989389,0.375263153243727
"2020-03-18","Central","OW",0.15026703134799,0.24753568925587
"2020-03-18","Central","SZ",0.771744223007834,1.24984620362572
"2020-03-18","Central","UR",0.146544782483552,0.232071081455318
"2020-03-18","Central","ZG",0.657088249230892,1.28679132160198
"2020-03-18","Eastern","AI",0.0511028383765887,0.0775609560458459
"2020-03-18","Eastern","AR",0.159314082529611,0.263782024483703
"2020-03-18","Eastern","GL",0.144193336923202,0.261436842201861
"2020-03-18","Eastern","GR",0.882186076047719,1.46944363439356
"2020-03-18","Eastern","SG",1.88246197933808,3.48833968571838
"2020-03-18","Eastern","SH",0.27230679277347,0.597477671485506
"2020-03-18","Eastern","TG",1.03411383726292,1.89946169569594
"2020-03-18","Espace Mittelland","BE",3.75361621573099,8.09465155689514
"2020-03-18","Espace Mittelland","FR",1.1061365555757,1.86792069341262
"2020-03-18","Espace Mittelland","JU",0.25412103592849,0.404832842884343
"2020-03-18","Espace Mittelland","NE",0.645452809695843,1.11453938240814
"2020-03-18","Espace Mittelland","SO",0.902412303274698,1.74467966509437
"2020-03-18","Lake Geneva","GE",2.08203109010089,3.76870792692004
"2020-03-18","Lake Geneva","VD",3.19563468794089,5.48191456602912
"2020-03-18","Lake Geneva","VS",1.53803936092613,2.43457111374406
"2020-03-18","Northwestern","AG",2.61284752179106,4.93443346174056
"2020-03-18","Northwestern","BL",1.09998691774718,2.0731411371483
"2020-03-18","Northwestern","BS",0.670980378355575,1.8400164230736
"2020-03-18","Ticino","TI",1.28899421324421,1.80259547101117
"2020-03-18","Zurich","ZH",6.83270960053421,15.4346982294214
"2020-03-19","9999","9999",0.0110215170222971,0.0372510113173739
"2020-03-19","Central","LU",1.86822569458541,3.42012547065089
"2020-03-19","Central","NW",0.0675837787850142,0.151281251253313
"2020-03-19","Central","OW",0.186565409421588,0.287369799898172
"2020-03-19","Central","SZ",0.381937367568232,0.635680350975222
"2020-03-19","Central","UR",0.0914420493226268,0.144517609599885
"2020-03-19","Central","ZG",0.829917019074984,1.38895969753266
"2020-03-19","Eastern","AI",0.0642386819451914,0.0867377562791406
"2020-03-19","Eastern","AR",0.182488396427089,0.303582146976992
"2020-03-19","Eastern","GL",0.176539779727005,0.299401604648491
"2020-03-19","Eastern","GR",0.947927225769761,1.51298245327819
"2020-03-19","Eastern","SG",2.3010930120998,3.82363277572376
"2020-03-19","Eastern","SH",0.321085249213862,0.635680350975222
"2020-03-19","Eastern","TG",1.22366019269089,2.07885114618235
"2020-03-19","Espace Mittelland","BE",4.38966148097579,8.44279216722713
"2020-03-19","Espace Mittelland","FR",1.26419339550688,1.97056490342947
"2020-03-19","Espace Mittelland","JU",0.278081440221206,0.408265645934576
"2020-03-19","Espace Mittelland","NE",0.736381088753975,1.15247015670576
"2020-03-19","Espace Mittelland","SO",1.06357779458734,1.87543207434432
"2020-03-19","Lake Geneva","GE",2.33550398140529,3.69655108656714
"2020-03-19","Lake Geneva","VD",3.84293083549958,5.79470750138842
"2020-03-19","Lake Geneva","VS",0.410827377126731,0.897864932455351
"2020-03-19","Northwestern","AG",3.07916893660481,5.25480575432958
"2020-03-19","Northwestern","BL",1.2515577727686,2.19192971794595
"2020-03-19","Northwestern","BS",0.747128170993953,1.83855493266608
"2020-03-19","Ticino","TI",0.450274921739584,0.74352474779094
"2020-03-19","Zurich","ZH",7.78213244104331,15.9535953003907
"2020-03-20","9999","9999",0.0120499856483688,0.0369111298272518
"2020-03-20","Central","LU",2.63408715270965,4.03588876630496
"2020-03-20","Central","NW",0.341437999177455,0.469172408964442
"2020-03-20","Central","OW",0.226797250891861,0.318129074754215
"2020-03-20","Central","SZ",1.21495268014798,1.61110623947642
"2020-03-20","Central","UR",0.219454581468415,0.317449311773971
"2020-03-20","Central","ZG",1.09192342625779,1.57776386529545
"2020-03-20","Eastern","AI",0.0902927792672605,0.112636725826439
"2020-03-20","Eastern","AR",0.242251907814177,0.35524413347554
"2020-03-20","Eastern","GL",0.218210289152875,0.333967552193901
"2020-03-20","Eastern","GR",1.31184742121588,1.82852842870748
"2020-03-20","Eastern","SG",2.88568217467416,4.38661247596188
"2020-03-20","Eastern","SH",0.403576162467929,0.729283713354827
"2020-03-20","Eastern","TG",1.62232575434507,2.46471860191788
"2020-03-20","Espace Mittelland","BE",5.77556601322119,9.34174472045087
"2020-03-20","Espace Mittelland","FR",1.64571275519884,2.28104664465594
"2020-03-20","Espace Mittelland","JU",0.357970212054558,0.472469259418626
"2020-03-20","Espace Mittelland","NE",0.967829351314534,1.31656494013667
"2020-03-20","Espace Mittelland","SO",1.39944851923227,2.15807752152979
"2020-03-20","Lake Geneva","GE",2.77424764152812,3.78315289025023
"2020-03-20","Lake Geneva","VD",4.78283897354703,6.41618080607654
"2020-03-20","Lake Geneva","VS",2.60632623786407,3.23941048235301
"2020-03-20","Northwestern","AG",4.02455929711519,6.06199030522038
"2020-03-20","Northwestern","BL",1.71414127854818,2.57069365053793
"2020-03-20","Northwestern","BS",0.938520758224613,1.99860512636454
"2020-03-20","Ticino","TI",1.31539029280237,1.64900302562502
"2020-03-20","Zurich","ZH",9.81154608924033,17.44761236652
"2020-03-21","9999","9999",0.0112150507177447,0.0288219503623477
"2020-03-21","Central","LU",1.68268633760466,2.90489911977492
"2020-03-21","Central","NW",0.184808580388305,0.31095757531264
"2020-03-21","Central","OW",0.15987551860704,0.247705630000931
"2020-03-21","Central","SZ",0.760821918388649,1.17044988753321
"2020-03-21","Central","UR",0.127332785228698,0.208211400848752
"2020-03-21","Central","ZG",0.729523516486061,1.13965662452816
"2020-03-21","Eastern","AI",0.0618654789697372,0.0878253770475311
"2020-03-21","Eastern","AR",0.166281875136897,0.272618943226876
"2020-03-21","Eastern","GL",0.166526626476721,0.282169613099305
"2020-03-21","Eastern","GR",0.975250623120268,1.52290699278975
"2020-03-21","Eastern","SG",2.11449382699331,3.43858103556452
"2020-03-21","Eastern","SH",0.306407010113834,0.567092266268597
"2020-03-21","Eastern","TG",1.2304502840774,2.05159265067456
"2020-03-21","Espace Mittelland","BE",3.83946778809407,7.0712004138397
"2020-03-21","Espace Mittelland","FR",0.947377298879336,1.5531224572616
"2020-03-21","Espace Mittelland","JU",0.23541906913766,0.342600542043
"2020-03-21","Espace Mittelland","NE",0.587315167753136,0.929915756973858
"2020-03-21","Espace Mittelland","SO",0.963087409628064,1.67425622034109
"2020-03-21","Lake Geneva","GE",1.93024192080037,2.80259479124819
"2020-03-21","Lake Geneva","VD",2.90918507409839,4.62510731758051
"2020-03-21","Lake Geneva","VS",1.30966789682867,2.05686081377145
"2020-03-21","Northwestern","AG",2.92812912933447,4.79725729232731
"2020-03-21","Northwestern","BL",1.23313912621273,1.94517575611736
"2020-03-21","Northwestern","BS",0.72538074957561,1.44313680705811
"2020-03-21","Ticino","TI",1.10962416426767,1.46495719872395
"2020-03-21","Zurich","ZH",7.43135661434446,13.3416060488029
"2020-03-22","9999","9999",0.00793313105176813,0.0261028984413715
"2020-03-22","Central","LU",0.201854653598397,0.672149634865315
"2020-03-22","Central","NW",0.0287653704281962,0.0887430570708605
"2020-03-22","Central","OW",0.0220007880053297,0.0531574650550846
"2020-03-22","Central","SZ",0.0873099418225282,0.247807594447968
"2020-03-22","Central","UR",0.0152659203531286,0.0459519774644977
"2020-03-22","Central","ZG",0.0745117219581547,0.269831915007875
"2020-03-22","Eastern","AI",0.00485614461964285,0.0123376980914295
"2020-03-22","Eastern","AR",0.0169500367003655,0.0485690649384373
"2020-03-22","Eastern","GL",0.0217089856679372,0.0613825971160376
"2020-03-22","Eastern","GR",0.159058389825891,0.348548468120136
"2020-03-22","Eastern","SG",0.219738935533034,0.690809128673014
"2020-03-22","Eastern","SH",0.0410649515349075,0.132689733743638
"2020-03-22","Eastern","TG",0.11065777854591,0.347868705139892
"2020-03-22","Espace Mittelland","BE",0.466931973464083,1.79708939087119
"2020-03-22","Espace Mittelland","FR",0.153338229900432,0.421826917390444
"2020-03-22","Espace Mittelland","JU",0.0265513263120139,0.0766092878735043
"2020-03-22","Espace Mittelland","NE",0.0626623932482277,0.185949163245759
"2020-03-22","Espace Mittelland","SO",0.108419459012838,0.347800728841867
"2020-03-22","Lake Geneva","GE",0.187561598282953,0.491400658418423
"2020-03-22","Lake Geneva","VD",0.363313544985181,1.01016177679167
"2020-03-22","Lake Geneva","VS",0.271900215763774,0.665691886552997
"2020-03-22","Northwestern","AG",0.336998233369165,1.02933109283455
"2020-03-22","Northwestern","BL",0.124425476089425,0.411392555643698
"2020-03-22","Northwestern","BS",0.0954280813910751,0.360580272870456
"2020-03-22","Ticino","TI",0.11255993896677,0.260723091072605
"2020-03-22","Zurich","ZH",0.837849284686014,2.94935561868288
"2020-03-23","9999","9999",0.00851216181351454,0.0289239148093843
"2020-03-23","Central","LU",1.38898453009801,2.80769301360002
"2020-03-23","Central","NW",0.158652795737577,0.302256609165516
"2020-03-23","Central","OW",0.12602435631406,0.223404103457207
"2020-03-23","Central","SZ",0.595634618235705,1.02103798447557
"2020-03-23","Central","UR",0.114291470501568,0.204948538543581
"2020-03-23","Central","ZG",0.574698631703341,1.0952001256202
"2020-03-23","Eastern","AI",0.043949073911251,0.0690979069418075
"2020-03-23","Eastern","AR",0.121393837185543,0.234246322992099
"2020-03-23","Eastern","GL",0.125876193642984,0.235062038568392
"2020-03-23","Eastern","GR",0.772527587852152,1.37274735045384
"2020-03-23","Eastern","SG",1.60383755924847,3.12218535640993
"2020-03-23","Eastern","SH",0.242705343936389,0.532492330574175
"2020-03-23","Eastern","TG",0.915775201682251,1.76371302854121
"2020-03-23","Espace Mittelland","BE",3.18722809031725,6.79565848979778
"2020-03-23","Espace Mittelland","FR",0.946391174193065,1.58208036022
"2020-03-23","Espace Mittelland","JU",0.209697512523995,0.321120031867288
"2020-03-23","Espace Mittelland","NE",0.531453243348225,0.886750807728361
"2020-03-23","Espace Mittelland","SO",0.737811650545196,1.47284244929478
"2020-03-23","Lake Geneva","GE",1.8475153570403,2.76214889392367
"2020-03-23","Lake Geneva","VD",2.7855648690772,4.50366766115991
"2020-03-23","Lake Geneva","VS",1.30994472430009,2.08163817440135
"2020-03-23","Northwestern","AG",2.17638036632634,4.27615099167222
"2020-03-23","Northwestern","BL",0.958217022438454,1.79855088127872
"2020-03-23","Northwestern","BS",0.631669581211308,1.5871106062738
"2020-03-23","Ticino","TI",1.10700197673322,1.4935072438942
"2020-03-23","Zurich","ZH",5.93081834740786,13.2179231745475
"2020-03-24","9999","9999",0.00904361291479904,0.0318468956244337
"2020-03-24","Central","LU",1.45287528528657,2.8015071704798
"2020-03-24","Central","NW",0.159596513827705,0.293793560061478
"2020-03-24","Central","OW",0.132066209568542,0.22129683821845
"2020-03-24","Central","SZ",0.613116818753257,1.01141933830512
"2020-03-24","Central","UR",0.113540894504744,0.200428114724958
"2020-03-24","Central","ZG",0.599645430887808,1.10175983837955
"2020-03-24","Eastern","AI",0.0476525806970915,0.0715110655216739
"2020-03-24","Eastern","AR",0.138133979052896,0.243491099523418
"2020-03-24","Eastern","GL",0.127815262565889,0.235843765995673
"2020-03-24","Eastern","GR",0.735804846199492,1.29668187296453
"2020-03-24","Eastern","SG",1.6971488391677,3.12075785415141
"2020-03-24","Eastern","SH",0.251245885157259,0.527835954159504
"2020-03-24","Eastern","TG",0.936133069885863,1.75117140155571
"2020-03-24","Espace Mittelland","BE",3.17227714340036,6.6703781725388
"2020-03-24","Espace Mittelland","FR",0.93680052049564,1.51335632291733
"2020-03-24","Espace Mittelland","JU",0.214143328585405,0.317143418432861
"2020-03-24","Espace Mittelland","NE",0.592207750952252,0.910814417229001
"2020-03-24","Espace Mittelland","SO",0.777542797346552,1.47845049388179
"2020-03-24","Lake Geneva","GE",1.76945877807279,2.58272545528825
"2020-03-24","Lake Geneva","VD",2.78730563850657,4.35755260855645
"2020-03-24","Lake Geneva","VS",1.22424178453066,1.93613490848011
"2020-03-24","Northwestern","AG",2.30422332691185,4.31442164745996
"2020-03-24","Northwestern","BL",0.982541902594394,1.79437033895021
"2020-03-24","Northwestern","BS",0.616429784637187,1.52718949956529
"2020-03-24","Ticino","TI",0.985884081998246,1.35337410551689
"2020-03-24","Zurich","ZH",5.98476229458133,12.8844314564398
"2020-03-25","9999","9999",0.0109326742439515,0.0352117223766417
"2020-03-25","Central","LU",1.60156828748196,2.98966556341135
"2020-03-25","Central","NW",0.171864833335283,0.308374475987713
"2020-03-25","Central","OW",0.126312038996901,0.217354212933035
"2020-03-25","Central","SZ",0.693572716643185,1.07354967469943
"2020-03-25","Central","UR",0.122342881064825,0.206851874888264
"2020-03-25","Central","ZG",0.631213556598925,1.13608786888188
"2020-03-25","Eastern","AI",0.0516052169347235,0.0765752997244921
"2020-03-25","Eastern","AR",0.147364511502935,0.261742735542971
"2020-03-25","Eastern","GL",0.14565268930403,0.260723091072605
"2020-03-25","Eastern","GR",0.784373086693114,1.35238844919553
"2020-03-25","Eastern","SG",1.94384245905282,3.41533314164017
"2020-03-25","Eastern","SH",0.284957930788684,0.571170844150062
"2020-03-25","Eastern","TG",1.09267168005391,1.94684117541895
"2020-03-25","Espace Mittelland","BE",3.50618121075136,7.05712932014865
"2020-03-25","Espace Mittelland","FR",1.06066140419436,1.64485647144554
"2020-03-25","Espace Mittelland","JU",0.252950979631335,0.357895209098492
"2020-03-25","Espace Mittelland","NE",0.637011809823886,0.964311763774207
"2020-03-25","Espace Mittelland","SO",0.861439225518729,1.59615145391105
"2020-03-25","Lake Geneva","GE",1.88981303687944,2.63567899144926
"2020-03-25","Lake Geneva","VD",3.14630916330572,4.67751704335732
"2020-03-25","Lake Geneva","VS",1.34230723062383,2.01685676238409
"2020-03-25","Northwestern","AG",2.549092950164,4.5961154264731
"2020-03-25","Northwestern","BL",1.10191146214658,1.93083275723421
"2020-03-25","Northwestern","BS",0.649070077857594,1.5729035599867
"2020-03-25","Ticino","TI",0.991890976929359,1.33077198642377
"2020-03-25","Zurich","ZH",6.48649401995919,13.4287856510192
"2020-03-26","9999","9999",0.0102195119159383,0.0343620186513367
"2020-03-26","Central","LU",1.69347214146461,3.11270266283552
"2020-03-26","Central","NW",0.188578874919757,0.328563436500961
"2020-03-26","Central","OW",0.150424083387729,0.246618009232541
"2020-03-26","Central","SZ",0.728230657672657,1.10794568149977
"2020-03-26","Central","UR",0.126898874389371,0.210216701640472
"2020-03-26","Central","ZG",0.680990723818488,1.1773834699317
"2020-03-26","Eastern","AI",0.0600480377566496,0.0832369769308837
"2020-03-26","Eastern","AR",0.157623994249683,0.264053929675801
"2020-03-26","Eastern","GL",0.154163034083598,0.26157279479791
"2020-03-26","Eastern","GR",0.830244359306919,1.38838189899946
"2020-03-26","Eastern","SG",2.05129048629182,3.53130070606981
"2020-03-26","Eastern","SH",0.300341621570514,0.588504800146285
"2020-03-26","Eastern","TG",1.16280496109948,1.98524778380274
"2020-03-26","Espace Mittelland","BE",3.6853187146269,7.31941586607582
"2020-03-26","Espace Mittelland","FR",1.09796493490239,1.6829231983392
"2020-03-26","Espace Mittelland","JU",0.263230845269664,0.35602586090282
"2020-03-26","Espace Mittelland","NE",0.670266413243167,0.970803500235538
"2020-03-26","Espace Mittelland","SO",0.97166516088463,1.68825933773412
"2020-03-26","Lake Geneva","GE",1.97749168386835,2.69332289217396
"2020-03-26","Lake Geneva","VD",3.2455761988321,4.6952928452907
"2020-03-26","Lake Geneva","VS",1.35722942219531,2.03792941477166
"2020-03-26","Northwestern","AG",2.75211798117331,4.72122580298702
"2020-03-26","Northwestern","BL",1.13280251166723,1.95295904224115
"2020-03-26","Northwestern","BS",0.649398420591017,1.56634384722735
"2020-03-26","Ticino","TI",0.979830049917095,1.33845330810053
"2020-03-26","Zurich","ZH",6.79431333145628,13.6102143904463
"2020-03-27","9999","9999",0.0119555899516253,0.0383386320857643
"2020-03-27","Central","LU",2.41621488277917,3.89765896427234
"2020-03-27","Central","NW",0.25193124764909,0.398816940509183
"2020-03-27","Central","OW",0.195701350373812,0.294575287488758
"2020-03-27","Central","SZ",0.97873786762224,1.38457522631009
"2020-03-27","Central","UR",0.194227528293774,0.27778514187673
"2020-03-27","Central","ZG",0.949560813692394,1.4431028189091
"2020-03-27","Eastern","AI",0.0849804220662059,0.110053626501511
"2020-03-27","Eastern","AR",0.194112828025878,0.316803536942739
"2020-03-27","Eastern","GL",0.202968644216635,0.326762064603314
"2020-03-27","Eastern","GR",1.13656986135056,1.70997776495292
"2020-03-27","Eastern","SG",2.75461487168586,4.32862869374706
"2020-03-27","Eastern","SH",0.378925242199171,0.707361357241957
"2020-03-27","Eastern","TG",1.53039820060068,2.42719568540841
"2020-03-27","Espace Mittelland","BE",5.23681977909747,9.03717691715253
"2020-03-27","Espace Mittelland","FR",1.4883636930662,2.09941397633473
"2020-03-27","Espace Mittelland","JU",0.326640677781544,0.437937300022228
"2020-03-27","Espace Mittelland","NE",0.841669132552732,1.16280255400547
"2020-03-27","Espace Mittelland","SO",1.25866850015835,2.02110528101062
"2020-03-27","Lake Geneva","GE",2.47369701406146,3.07674320118061
"2020-03-27","Lake Geneva","VD",4.21451363540455,5.65838103570047
"2020-03-27","Lake Geneva","VS",1.82412244299415,2.51767213807889
"2020-03-27","Northwestern","AG",3.66772264403799,5.76031149458807
"2020-03-27","Northwestern","BL",1.54204127246151,2.38430264135501
"2020-03-27","Northwestern","BS",0.848213736387386,1.82258050263034
"2020-03-27","Ticino","TI",1.26159109352929,1.57582654080175
"2020-03-27","Zurich","ZH",8.92084076338029,16.091009386847
"2020-03-28","9999","9999",0.0127478363325626,0.0362313668470078
"2020-03-28","Central","LU",2.02028095754259,3.47019001414587
"2020-03-28","Central","NW",0.234441512706293,0.380055482254448
"2020-03-28","Central","OW",0.180578646756684,0.297192374962698
"2020-03-28","Central","SZ",0.950807976451647,1.42447731325042
"2020-03-28","Central","UR",0.148682456349666,0.244204850652674
"2020-03-28","Central","ZG",0.823008871390208,1.31931798020666
"2020-03-28","Eastern","AI",0.0741011584386364,0.109917673905463
"2020-03-28","Eastern","AR",0.189771530576626,0.335123149260316
"2020-03-28","Eastern","GL",0.198502676308909,0.329956950610461
"2020-03-28","Eastern","GR",1.06932762229121,1.66334602450817
"2020-03-28","Eastern","SG",2.57906893120736,4.1816639374183
"2020-03-28","Eastern","SH",0.381626877976541,0.693664133190039
"2020-03-28","Eastern","TG",1.51821539133721,2.50468866515623
"2020-03-28","Espace Mittelland","BE",4.51397529954598,8.13458763198448
"2020-03-28","Espace Mittelland","FR",1.18379067718807,1.8157828728279
"2020-03-28","Espace Mittelland","JU",0.283383784155446,0.397865272336842
"2020-03-28","Espace Mittelland","NE",0.721432910464239,1.05478821644469
"2020-03-28","Espace Mittelland","SO",1.2054992046815,2.01488544974138
"2020-03-28","Lake Geneva","GE",2.13239145864503,2.76415419471539
"2020-03-28","Lake Geneva","VD",3.50688339647128,5.07096385632258
"2020-03-28","Lake Geneva","VS",1.55722802260924,2.28084271576187
"2020-03-28","Northwestern","AG",3.48941593977444,5.66089615872738
"2020-03-28","Northwestern","BL",1.45476467556152,2.27802169939386
"2020-03-28","Northwestern","BS",0.813816946995518,1.62796436138647
"2020-03-28","Ticino","TI",1.20955684511795,1.57745797195434
"2020-03-28","Zurich","ZH",8.96220995062065,15.8580206253683
"2020-03-29","9999","9999",0.00883940022889224,0.0279722466370426
"2020-03-29","Central","LU",0.217431333748695,0.755930422180394
"2020-03-29","Central","NW",0.0300613738068142,0.0967642602377403
"2020-03-29","Central","OW",0.0236450392543359,0.0588674740891346
"2020-03-29","Central","SZ",0.0944005212819768,0.267860602365167
"2020-03-29","Central","UR",0.0149874403206655,0.0501325197929986
"2020-03-29","Central","ZG",0.0816347221590818,0.28920515994483
"2020-03-29","Eastern","AI",0.00508298016139232,0.0137991884989542
"2020-03-29","Eastern","AR",0.018366876752471,0.0494527568127545
"2020-03-29","Eastern","GL",0.0244115103821737,0.0684521321105757
"2020-03-29","Eastern","GR",0.117500050918069,0.347494835500758
"2020-03-29","Eastern","SG",0.243655182768024,0.752837500620284
"2020-03-29","Eastern","SH",0.0438836646051855,0.14074492505953
"2020-03-29","Eastern","TG",0.126809628260818,0.378526015548898
"2020-03-29","Espace Mittelland","BE",0.503794736379252,2.02011962468926
"2020-03-29","Espace Mittelland","FR",0.167287826639705,0.46002959688016
"2020-03-29","Espace Mittelland","JU",0.0294365530064027,0.0800420909237367
"2020-03-29","Espace Mittelland","NE",0.0719897336642157,0.209333009766155
"2020-03-29","Espace Mittelland","SO",0.123150932508283,0.391441512173535
"2020-03-29","Lake Geneva","GE",0.164103752685358,0.462986565844221
"2020-03-29","Lake Geneva","VD",0.401515226957898,1.09676358047476
"2020-03-29","Lake Geneva","VS",0.248462408447873,0.625789799612671
"2020-03-29","Northwestern","AG",0.37285688139558,1.11103860305989
"2020-03-29","Northwestern","BL",0.133400695689824,0.426007459718945
"2020-03-29","Northwestern","BS",0.0956923658458285,0.353034903789747
"2020-03-29","Ticino","TI",0.0960801146244537,0.267248815682948
"2020-03-29","Zurich","ZH",0.850358999503045,2.89096397867991
"2020-03-30","9999","9999",0.00778145570946273,0.0300115355777747
"2020-03-30","Central","LU",1.4986868464055,2.90527298941405
"2020-03-30","Central","NW",0.16856853795461,0.304227921808224
"2020-03-30","Central","OW",0.134189374575232,0.224865593864731
"2020-03-30","Central","SZ",0.665133554716729,1.04578135695646
"2020-03-30","Central","UR",0.113227334752246,0.202671332559763
"2020-03-30","Central","ZG",0.592056862730256,1.08677106466517
"2020-03-30","Eastern","AI",0.0416413703103553,0.0657670683386117
"2020-03-30","Eastern","AR",0.125985748258711,0.231425306624086
"2020-03-30","Eastern","GL",0.145845001200789,0.252871828650786
"2020-03-30","Eastern","GR",0.808526891536548,1.35065505359591
"2020-03-30","Eastern","SG",1.76779819701439,3.28835341693058
"2020-03-30","Eastern","SH",0.277237929203635,0.571782630832281
"2020-03-30","Eastern","TG",1.0106423404146,1.89762633564929
"2020-03-30","Espace Mittelland","BE",3.32634536277292,6.90051192950042
"2020-03-30","Espace Mittelland","FR",1.04298081411478,1.64234134841863
"2020-03-30","Espace Mittelland","JU",0.228634366196649,0.336822556710926
"2020-03-30","Espace Mittelland","NE",0.596893035640569,0.926075096135479
"2020-03-30","Espace Mittelland","SO",0.786447787018496,1.5305543263175
"2020-03-30","Lake Geneva","GE",1.94634581100074,2.61005192709406
"2020-03-30","Lake Geneva","VD",3.01615001701688,4.55152297496909
"2020-03-30","Lake Geneva","VS",1.39926547655825,2.08197805589147
"2020-03-30","Northwestern","AG",2.32793975523699,4.4226059257658
"2020-03-30","Northwestern","BL",1.01279671611214,1.86380812738214
"2020-03-30","Northwestern","BS",0.650384157591166,1.62551721465759
"2020-03-30","Ticino","TI",0.987472584766073,1.35170868621529
"2020-03-30","Zurich","ZH",6.17673832201387,13.1393765621803
"2020-03-31","9999","9999",0.010844226983771,0.0362993431450322
"2020-03-31","Central","LU",1.65614097930932,3.10814825086789
"2020-03-31","Central","NW",0.188361273356557,0.329447128375278
"2020-03-31","Central","OW",0.148716016653382,0.240602106857381
"2020-03-31","Central","SZ",0.73038225299498,1.12446392191971
"2020-03-31","Central","UR",0.128870939708907,0.216266592164644
"2020-03-31","Central","ZG",0.667372919827524,1.1926781369872
"2020-03-31","Eastern","AI",0.0538802804969401,0.077900837535968
"2020-03-31","Eastern","AR",0.160366799160422,0.262048628884081
"2020-03-31","Eastern","GL",0.152037319746953,0.267214827533935
"2020-03-31","Eastern","GR",0.845035328916058,1.40231704009446
"2020-03-31","Eastern","SG",1.95867290607407,3.50033750231969
"2020-03-31","Eastern","SH",0.29584931058658,0.604683159076093
"2020-03-31","Eastern","TG",1.07024663028607,1.95292505409214
"2020-03-31","Espace Mittelland","BE",3.58659881778367,7.24763289536205
"2020-03-31","Espace Mittelland","FR",1.10710749393084,1.69899959282197
"2020-03-31","Espace Mittelland","JU",0.251761327562909,0.357895209098492
"2020-03-31","Espace Mittelland","NE",0.665406591479395,0.9865740013772
"2020-03-31","Espace Mittelland","SO",0.868903581392314,1.61317951656616
"2020-03-31","Lake Geneva","GE",2.03202923723535,2.7082097014413
"2020-03-31","Lake Geneva","VD",3.25017932147465,4.7774422014532
"2020-03-31","Lake Geneva","VS",1.44976132769605,2.1439044633917
"2020-03-31","Northwestern","AG",2.55120854550125,4.63951829276168
"2020-03-31","Northwestern","BL",1.12465371748287,1.96458298920332
"2020-03-31","Northwestern","BS",0.67277473462229,1.62188048271329
"2020-03-31","Ticino","TI",1.04432377059043,1.38212807958121
"2020-03-31","Zurich","ZH",6.65329962380309,13.740117095971
"2020-04-01","9999","9999",0.0101969399683743,0.0357895209098492
"2020-04-01","Central","LU",1.70456551356426,3.18278622609868
"2020-04-01","Central","NW",0.182888128231312,0.328461472053924
"2020-04-01","Central","OW",0.144333769367962,0.242641395798113
"2020-04-01","Central","SZ",0.72299126378302,1.13285899472572
"2020-04-01","Central","UR",0.132157206158678,0.218815703340559
"2020-04-01","Central","ZG",0.655823605351944,1.1904689073014
"2020-04-01","Eastern","AI",0.0534723093836133,0.0804159605628709
"2020-04-01","Eastern","AR",0.147997309239014,0.259975351794336
"2020-04-01","Eastern","GL",0.187427251335507,0.304567803298346
"2020-04-01","Eastern","GR",0.842823998602732,1.4166260508286
"2020-04-01","Eastern","SG",1.94700445839432,3.56029259717722
"2020-04-01","Eastern","SH",0.298489519651686,0.597511659634519
"2020-04-01","Eastern","TG",1.06347241053445,1.96182994913334
"2020-04-01","Espace Mittelland","BE",3.62674101369121,7.36516391464624
"2020-04-01","Espace Mittelland","FR",1.11181738689787,1.68934695850251
"2020-04-01","Espace Mittelland","JU",0.253312690783425,0.362483609215139
"2020-04-01","Espace Mittelland","NE",0.651647548343255,0.969375997977025
"2020-04-01","Espace Mittelland","SO",0.885208535797352,1.65627648951364
"2020-04-01","Lake Geneva","GE",2.01927426591173,2.68679716756361
"2020-04-01","Lake Geneva","VD",3.2930833541571,4.76843534196496
"2020-04-01","Lake Geneva","VS",1.43595719940511,2.14183118630196
"2020-04-01","Northwestern","AG",2.64061642532037,4.72686783572304
"2020-04-01","Northwestern","BL",1.12837546118054,1.9870831438494
"2020-04-01","Northwestern","BS",0.667612529431202,1.63853467572927
"2020-04-01","Ticino","TI",1.01454980534495,1.34395938824051
"2020-04-01","Zurich","ZH",6.57487518944586,13.8045586264981
"2020-04-02","9999","9999",0.0103654855310311,0.0358914853568858
"2020-04-02","Central","LU",1.81124285603636,3.27428232323953
"2020-04-02","Central","NW",0.198124282905497,0.338284047118451
"2020-04-02","Central","OW",0.160724425902153,0.253177721991896
"2020-04-02","Central","SZ",0.778881943533344,1.18397717084007
"2020-04-02","Central","UR",0.133774926362448,0.221500767112523
"2020-04-02","Central","ZG",0.735843810612792,1.24777292653598
"2020-04-02","Eastern","AI",0.0643519176210693,0.0848004317854451
"2020-04-02","Eastern","AR",0.159013343831299,0.27730930779056
"2020-04-02","Eastern","GL",0.0317146240730831,0.0876894244514823
"2020-04-02","Eastern","GR",0.890277837295865,1.46529708021407
"2020-04-02","Eastern","SG",2.14793124204135,3.70997640542696
"2020-04-02","Eastern","SH",0.314798777764284,0.622424972860463
"2020-04-02","Eastern","TG",1.21933839311237,2.08765407677651
"2020-04-02","Espace Mittelland","BE",3.94512383609137,7.65814175913143
"2020-04-02","Espace Mittelland","FR",1.19529577978163,1.77829394446744
"2020-04-02","Espace Mittelland","JU",0.286481208303452,0.393140919624145
"2020-04-02","Espace Mittelland","NE",0.695995610014656,1.01464821246128
"2020-04-02","Espace Mittelland","SO",1.00464558014697,1.75960046251073
"2020-04-02","Lake Geneva","GE",2.14453152845054,2.72567961003357
"2020-04-02","Lake Geneva","VD",3.57028056065381,4.96335737654995
"2020-04-02","Lake Geneva","VS",1.5015329833739,2.18407845552413
"2020-04-02","Northwestern","AG",2.85850999449145,4.89459935109826
"2020-04-02","Northwestern","BL",1.2194826006018,2.0661735666008
"2020-04-02","Northwestern","BS",0.722421835105838,1.67269276548653
"2020-04-02","Ticino","TI",1.05041493047082,1.39388797913943
"2020-04-02","Zurich","ZH",7.09826151870196,14.2047690811168
"2020-04-03","9999","9999",0.011491463090889,0.0375569046584837
"2020-04-03","Central","LU",2.74774613092481,4.16990403786008
"2020-04-03","Central","NW",0.281378150700151,0.431207646517812
"2020-04-03","Central","OW",0.21273033015033,0.31867288513841
"2020-04-03","Central","SZ",1.08602016100197,1.49031235788705
"2020-04-03","Central","UR",0.209005203010134,0.303174289188846
"2020-04-03","Central","ZG",1.02577343606567,1.53395314121872
"2020-04-03","Eastern","AI",0.0974821677796124,0.116443398515805
"2020-04-03","Eastern","AR",0.218560448041724,0.340323336059183
"2020-04-03","Eastern","GL",0.264161922442592,0.386411266119729
"2020-04-03","Eastern","GR",1.22083987796784,1.81384554833421
"2020-04-03","Eastern","SG",3.06559926443333,4.59587750943001
"2020-04-03","Eastern","SH",0.419217723261399,0.745869930072782
"2020-04-03","Eastern","TG",1.6221528228384,2.56151685030464
"2020-04-03","Espace Mittelland","BE",5.63243926739275,9.51644380637359
"2020-04-03","Espace Mittelland","FR",1.65590325331195,2.253346303211
"2020-04-03","Espace Mittelland","JU",0.36351444080093,0.47284312905776
"2020-04-03","Espace Mittelland","NE",0.941766630913261,1.24886054730437
"2020-04-03","Espace Mittelland","SO",1.35357511238678,2.13394593573113
"2020-04-03","Lake Geneva","GE",2.70135732083388,3.10464747151963
"2020-04-03","Lake Geneva","VD",4.64147151601333,6.00291890223717
"2020-04-03","Lake Geneva","VS",2.07848909178718,2.77452058016411
"2020-04-03","Northwestern","AG",3.98353117967792,6.0634517956279
"2020-04-03","Northwestern","BL",1.70775883324522,2.56250250662599
"2020-04-03","Northwestern","BS",0.923488898472786,1.93389169064531
"2020-04-03","Ticino","TI",1.35353831744936,1.68159766052773
"2020-04-03","Zurich","ZH",9.61670415284714,16.9052294845833
"2020-04-04","9999","9999",0.0125513225448013,0.0341241016082512
"2020-04-04","Central","LU",2.23211400970101,3.66572383541307
"2020-04-04","Central","NW",0.260942208777146,0.409217314106917
"2020-04-04","Central","OW",0.206155502462224,0.320236339992971
"2020-04-04","Central","SZ",1.03425102332591,1.49622629581518
"2020-04-04","Central","UR",0.160642189451971,0.264427799314935
"2020-04-04","Central","ZG",0.866154373786525,1.36000179457427
"2020-04-04","Eastern","AI",0.0857783584262915,0.122289360145904
"2020-04-04","Eastern","AR",0.20794847245735,0.348072634033965
"2020-04-04","Eastern","GL",0.202796546822535,0.332981895872547
"2020-04-04","Eastern","GR",1.13350259839966,1.74794252739955
"2020-04-04","Eastern","SG",2.7823153701527,4.42352360578913
"2020-04-04","Eastern","SH",0.406679554632605,0.730643239315316
"2020-04-04","Eastern","TG",1.62011476472561,2.64370019461614
"2020-04-04","Espace Mittelland","BE",5.019013823074,8.73991656589181
"2020-04-04","Espace Mittelland","FR",1.30942733954781,1.9550323193309
"2020-04-04","Espace Mittelland","JU",0.309929408740247,0.43596598737952
"2020-04-04","Espace Mittelland","NE",0.789478388176698,1.13132952802017
"2020-04-04","Espace Mittelland","SO",1.32601023749037,2.14570583528935
"2020-04-04","Lake Geneva","GE",2.35200858633126,2.85537838666414
"2020-04-04","Lake Geneva","VD",3.95091113620437,5.50737168963926
"2020-04-04","Lake Geneva","VS",1.78513346057557,2.55104850040888
"2020-04-04","Northwestern","AG",3.87183666970071,6.02623477245954
"2020-04-04","Northwestern","BL",1.63343318104566,2.45717323283717
"2020-04-04","Northwestern","BS",0.916375202738793,1.74148477908723
"2020-04-04","Ticino","TI",1.30120332250766,1.68105385014353
"2020-04-04","Zurich","ZH",9.51610697406725,16.1368593998645
"2020-04-05","9999","9999",0.0100385525653255,0.036775177231203
"2020-04-05","Central","LU",0.28337502009947,1.03432735073934
"2020-04-05","Central","NW",0.0412566016240438,0.135272833068566
"2020-04-05","Central","OW",0.0303902569511955,0.0856501355107501
"2020-04-05","Central","SZ",0.126645640947114,0.409761124491112
"2020-04-05","Central","UR",0.0191733774514397,0.0684521321105757
"2020-04-05","Central","ZG",0.0983271825494159,0.395486101905987
"2020-04-05","Eastern","AI",0.00647983284008237,0.0200190197681872
"2020-04-05","Eastern","AR",0.0268003656953123,0.0828291191427373
"2020-04-05","Eastern","GL",0.0335158568734421,0.10539725008684
"2020-04-05","Eastern","GR",0.136737772517743,0.445924515040096
"2020-04-05","Eastern","SG",0.312636573939887,1.11630676615678
"2020-04-05","Eastern","SH",0.0612779504414721,0.203419071838032
"2020-04-05","Eastern","TG",0.169365726354601,0.588776705338383
"2020-04-05","Espace Mittelland","BE",0.650610037623685,2.79355394361094
"2020-04-05","Espace Mittelland","FR",0.217051718546595,0.628882721172781
"2020-04-05","Espace Mittelland","JU",0.0391737716381576,0.12762549954082
"2020-04-05","Espace Mittelland","NE",0.0906902711072214,0.278294964111913
"2020-04-05","Espace Mittelland","SO",0.156829625385127,0.548942594696081
"2020-04-05","Lake Geneva","GE",0.195779780451156,0.578308355442624
"2020-04-05","Lake Geneva","VD",0.500968575036201,1.48630175630361
"2020-04-05","Lake Geneva","VS",0.318728313391458,0.83379727156735
"2020-04-05","Northwestern","AG",0.462753539430383,1.53113212485071
"2020-04-05","Northwestern","BL",0.179242343601456,0.636020232465344
"2020-04-05","Northwestern","BS",0.121533184892364,0.490075120606947
"2020-04-05","Ticino","TI",0.106854550274171,0.306709056686115
"2020-04-05","Zurich","ZH",1.0871015233296,4.0493480733138
"2020-04-06","9999","9999",0.0106125003312465,0.0371490468703373
"2020-04-06","Central","LU",1.73766808919931,3.37553301914688
"2020-04-06","Central","NW",0.193410802862833,0.356399730541955
"2020-04-06","Central","OW",0.158139256518346,0.267010898639862
"2020-04-06","Central","SZ",0.753894405977866,1.21014804557947
"2020-04-06","Central","UR",0.128449000147113,0.23611567118777
"2020-04-06","Central","ZG",0.702699897455454,1.27948386956436
"2020-04-06","Eastern","AI",0.0540728469350927,0.0847664436364328
"2020-04-06","Eastern","AR",0.152645356479485,0.284106937593
"2020-04-06","Eastern","GL",0.166765656509226,0.289239148093843
"2020-04-06","Eastern","GR",0.929571830792144,1.59723907467944
"2020-04-06","Eastern","SG",2.09740243758315,3.83661624864642
"2020-04-06","Eastern","SH",0.307400062242028,0.638671308088296
"2020-04-06","Eastern","TG",1.16972971271515,2.17558141827108
"2020-04-06","Espace Mittelland","BE",3.93659658193123,8.06593157097983
"2020-04-06","Espace Mittelland","FR",1.19502103954964,1.90075324535841
"2020-04-06","Espace Mittelland","JU",0.255111793268122,0.381720901556045
"2020-04-06","Espace Mittelland","NE",0.655495086397556,1.03368157590811
"2020-04-06","Espace Mittelland","SO",0.920323049682208,1.76357707594516
"2020-04-06","Lake Geneva","GE",2.19034545484642,2.92882677667951
"2020-04-06","Lake Geneva","VD",3.39514239548757,5.16419334906305
"2020-04-06","Lake Geneva","VS",1.56113498628885,2.36319600081843
"2020-04-06","Northwestern","AG",2.69991604089199,5.07001218815024
"2020-04-06","Northwestern","BL",1.20941909123185,2.16902170551172
"2020-04-06","Northwestern","BS",0.75127591516765,1.82013335590146
"2020-04-06","Ticino","TI",1.07027366649807,1.48511217108818
"2020-04-06","Zurich","ZH",7.0287752544663,14.9328292211072
"2020-04-07","9999","9999",0.00997792080541345,0.0368431535292274
"2020-04-07","Central","LU",2.08322323667497,3.60746814800615
"2020-04-07","Central","NW",0.235371313256233,0.379545660019264
"2020-04-07","Central","OW",0.188175223178076,0.280300264903633
"2020-04-07","Central","SZ",0.931464729822305,1.33556431543449
"2020-04-07","Central","UR",0.16987950445114,0.263238214099508
"2020-04-07","Central","ZG",0.857785530525569,1.37186365857953
"2020-04-07","Eastern","AI",0.075090071332171,0.0966962839397159
"2020-04-07","Eastern","AR",0.19230135091344,0.316157762111507
"2020-04-07","Eastern","GL",0.212948225415138,0.320338304440008
"2020-04-07","Eastern","GR",1.04225326040798,1.62310405607773
"2020-04-07","Eastern","SG",2.58875451318044,4.15365770263225
"2020-04-07","Eastern","SH",0.379785521620536,0.698728367392857
"2020-04-07","Eastern","TG",1.41584896190403,2.37753899970158
"2020-04-07","Espace Mittelland","BE",4.68403872385994,8.60511956690941
"2020-04-07","Espace Mittelland","FR",1.33909873244378,1.9645150129053
"2020-04-07","Espace Mittelland","JU",0.320269569360644,0.435931999230508
"2020-04-07","Espace Mittelland","NE",0.763522688725281,1.10019638352499
"2020-04-07","Espace Mittelland","SO",1.14176993055292,1.92437500892189
"2020-04-07","Lake Geneva","GE",2.37488704089314,2.9853490684868
"2020-04-07","Lake Geneva","VD",3.81368531776695,5.36299003263542
"2020-04-07","Lake Geneva","VS",1.70079310046521,2.46125181071864
"2020-04-07","Northwestern","AG",3.34808181541522,5.47532086512075
"2020-04-07","Northwestern","BL",1.4993254398533,2.37138714473038
"2020-04-07","Northwestern","BS",0.795499521761756,1.86125901620623
"2020-04-07","Ticino","TI",1.18256294572719,1.56158550636564
"2020-04-07","Zurich","ZH",8.30654271592072,15.6742467036594
"2020-04-08","9999","9999",0.0125393356031821,0.041465541794887
"2020-04-08","Central","LU",2.79964044031009,4.25718560452342
"2020-04-08","Central","NW",0.31651888626455,0.451328630733036
"2020-04-08","Central","OW",0.24428146032841,0.331996239551193
"2020-04-08","Central","SZ",1.23126676279899,1.58238625356111
"2020-04-08","Central","UR",0.219747601688474,0.308000606348578
"2020-04-08","Central","ZG",1.151970469345,1.59958425696128
"2020-04-08","Eastern","AI",0.111157451133231,0.128169309925015
"2020-04-08","Eastern","AR",0.240099752500788,0.361497952893785
"2020-04-08","Eastern","GL",0.24198221924984,0.358269078737626
"2020-04-08","Eastern","GR",1.29439448904255,1.86499771259757
"2020-04-08","Eastern","SG",3.32479276992168,4.83457627994271
"2020-04-08","Eastern","SH",0.488840915102625,0.806028953824381
"2020-04-08","Eastern","TG",1.89060062711089,2.77584611797558
"2020-04-08","Espace Mittelland","BE",6.03457225848043,9.87936926152589
"2020-04-08","Espace Mittelland","FR",1.56814815383653,2.12497306439191
"2020-04-08","Espace Mittelland","JU",0.388367439523912,0.492964113272984
"2020-04-08","Espace Mittelland","NE",0.923668592948474,1.21806728429931
"2020-04-08","Espace Mittelland","SO",1.46437399693314,2.22584989066012
"2020-04-08","Lake Geneva","GE",2.68787157683385,3.13360537447803
"2020-04-08","Lake Geneva","VD",4.64411167808618,5.96356062568104
"2020-04-08","Lake Geneva","VS",1.78378599284323,2.5388467549135
"2020-04-08","Northwestern","AG",4.33980911048055,6.32736977270765
"2020-04-08","Northwestern","BL",1.91128517765484,2.71439554456152
"2020-04-08","Northwestern","BS",0.97799853060694,2.03623000732105
"2020-04-08","Ticino","TI",1.22279279785857,1.61311154026814
"2020-04-08","Zurich","ZH",10.7715373121832,17.8505418730597
"2020-04-09","9999","9999",0.0137175098127763,0.044320546311912
"2020-04-09","Central","LU",2.99503642716427,4.75813693281427
"2020-04-09","Central","NW",0.356872484673348,0.521786063635332
"2020-04-09","Central","OW",0.269341824134555,0.398816940509183
"2020-04-09","Central","SZ",1.37939572084668,1.84895530626381
"2020-04-09","Central","UR",0.21249229478727,0.329888974312437
"2020-04-09","Central","ZG",1.22041524809932,1.8026974354582
"2020-04-09","Eastern","AI",0.104400023281531,0.134627058237334
"2020-04-09","Eastern","AR",0.260394247729482,0.408537551126673
"2020-04-09","Eastern","GL",0.26554920436489,0.407993740742478
"2020-04-09","Eastern","GR",1.5230703219902,2.17588731161219
"2020-04-09","Eastern","SG",3.40149758528132,5.23686001165114
"2020-04-09","Eastern","SH",0.523692158782279,0.899394399160901
"2020-04-09","Eastern","TG",2.10370703237994,3.26847034975845
"2020-04-09","Espace Mittelland","BE",6.14527976266654,10.4972058342697
"2020-04-09","Espace Mittelland","FR",1.9617906308772,2.63775226853901
"2020-04-09","Espace Mittelland","JU",0.492543106105263,0.613961923756425
"2020-04-09","Espace Mittelland","NE",1.14318109628997,1.46869589511529
"2020-04-09","Espace Mittelland","SO",1.73826654342738,2.65257110150833
"2020-04-09","Lake Geneva","GE",3.3152204118764,3.70392651490278
"2020-04-09","Lake Geneva","VD",5.70494503086583,7.13322878578697
"2020-04-09","Lake Geneva","VS",2.03953397512199,2.8040222935067
"2020-04-09","Northwestern","AG",4.92148398164941,7.39034913306428
"2020-04-09","Northwestern","BL",2.14922739031276,3.1304784647689
"2020-04-09","Northwestern","BS",1.15167258151029,2.19638216546655
"2020-04-09","Ticino","TI",1.38153788247336,1.77448727177808
"2020-04-09","Zurich","ZH",12.1741646657331,20.3951666133053
"2020-04-10","9999","9999",0.0122899751061258,0.0431989373945093
"2020-04-10","Central","LU",0.340323425072023,1.12782874867191
"2020-04-10","Central","NW",0.0417103980202287,0.137312122009298
"2020-04-10","Central","OW",0.0387725165015955,0.095710627618362
"2020-04-10","Central","SZ",0.141748768373077,0.443885226099364
"2020-04-10","Central","UR",0.0220482071089127,0.0768811930656019
"2020-04-10","Central","ZG",0.115721088531623,0.413907678670601
"2020-04-10","Eastern","AI",0.00644829320342721,0.0236217635634807
"2020-04-10","Eastern","AR",0.0298649305074388,0.0863298984909942
"2020-04-10","Eastern","GL",0.0265718932566021,0.0859560288518599
"2020-04-10","Eastern","GR",0.169880632265314,0.481408142608835
"2020-04-10","Eastern","SG",0.370549228702963,1.25677978602421
"2020-04-10","Eastern","SH",0.0637721819754642,0.212935753561448
"2020-04-10","Eastern","TG",0.11118665682111,0.332064215849218
"2020-04-10","Espace Mittelland","BE",0.778069028391261,3.20079994507515
"2020-04-10","Espace Mittelland","FR",0.237830586466856,0.650737100987628
"2020-04-10","Espace Mittelland","JU",0.0451460254436366,0.13595259604881
"2020-04-10","Espace Mittelland","NE",0.110933106181116,0.327611768328619
"2020-04-10","Espace Mittelland","SO",0.174487964630902,0.58225098072804
"2020-04-10","Lake Geneva","GE",0.29124309037108,0.703690637148639
"2020-04-10","Lake Geneva","VD",0.640604704668211,1.68914302960844
"2020-04-10","Lake Geneva","VS",2.24756064661142,3.02864997032835
"2020-04-10","Northwestern","AG",0.519050267527508,1.61086832243333
"2020-04-10","Northwestern","BL",0.195864049316463,0.672285587461364
"2020-04-10","Northwestern","BS",0.147787856916424,0.568043934440939
"2020-04-10","Ticino","TI",1.59715607088448,2.00281965684205
"2020-04-10","Zurich","ZH",1.2727201719124,4.41570633151633
"2020-04-11","9999","9999",0.0145673295408833,0.0409217314106917
"2020-04-11","Central","LU",2.76247309707958,4.6454322306898
"2020-04-11","Central","NW",0.316827010579292,0.513764860468452
"2020-04-11","Central","OW",0.24619040721442,0.405206712523477
"2020-04-11","Central","SZ",1.20806110114991,1.85238810931404
"2020-04-11","Central","UR",0.197481092048524,0.331588381763047
"2020-04-11","Central","ZG",1.08016527819101,1.6815296842297
"2020-04-11","Eastern","AI",0.105828172803547,0.151757085339484
"2020-04-11","Eastern","AR",0.262917614462967,0.442661652734924
"2020-04-11","Eastern","GL",0.245143697760494,0.417034588379724
"2020-04-11","Eastern","GR",1.35127594571262,2.13724278618531
"2020-04-11","Eastern","SG",3.41128564170338,5.54129186235344
"2020-04-11","Eastern","SH",0.489549691486629,0.889877717437484
"2020-04-11","Eastern","TG",1.95162124403566,3.31646161616368
"2020-04-11","Espace Mittelland","BE",6.02264056017559,10.6750318299016
"2020-04-11","Espace Mittelland","FR",1.7660557436958,2.62028235994673
"2020-04-11","Espace Mittelland","JU",0.428778074784943,0.594792607713542
"2020-04-11","Espace Mittelland","NE",1.09095063562452,1.49724594028554
"2020-04-11","Espace Mittelland","SO",1.51675935582653,2.55940958506588
"2020-04-11","Lake Geneva","GE",2.87552590650443,3.30031724538288
"2020-04-11","Lake Geneva","VD",5.19245975398057,7.00624906107738
"2020-04-11","Lake Geneva","VS",1.80843590669448,2.78930542498442
"2020-04-11","Northwestern","AG",4.40670896003758,7.18743988346143
"2020-04-11","Northwestern","BL",1.87548915855927,2.95690098776359
"2020-04-11","Northwestern","BS",1.10465223855821,2.09795248592721
"2020-04-11","Ticino","TI",1.29540336581338,1.91363475383403
"2020-04-11","Zurich","ZH",11.0700140460249,19.2229153538744
"2020-04-12","9999","9999",0.0106407896701088,0.0378967861486057
"2020-04-12","Central","LU",0.274392935713492,0.991706211878042
"2020-04-12","Central","NW",0.0385343166656353,0.124022755745527
"2020-04-12","Central","OW",0.0279154253874033,0.0828631072917495
"2020-04-12","Central","SZ",0.12761060736956,0.40201182651633
"2020-04-12","Central","UR",0.0191238280321949,0.0647474238682456
"2020-04-12","Central","ZG",0.102422142670161,0.392970978879084
"2020-04-12","Eastern","AI",0.00617947791187101,0.0217184272187974
"2020-04-12","Eastern","AR",0.0241574349953071,0.0755216671051138
"2020-04-12","Eastern","GL",0.0232273172476304,0.073380413717345
"2020-04-12","Eastern","GR",0.124178770654903,0.397797296038817
"2020-04-12","Eastern","SG",0.328179447077118,1.1177682565643
"2020-04-12","Eastern","SH",0.0482796140496151,0.185813210649711
"2020-04-12","Eastern","TG",0.101376561030409,0.303412206231931
"2020-04-12","Espace Mittelland","BE",0.635277873851925,2.71337590009116
"2020-04-12","Espace Mittelland","FR",0.207365040087509,0.607572151742131
"2020-04-12","Espace Mittelland","JU",0.0389017726211729,0.117327090390123
"2020-04-12","Espace Mittelland","NE",0.0944065558710115,0.278430916707962
"2020-04-12","Espace Mittelland","SO",0.154371476072657,0.523791364427052
"2020-04-12","Lake Geneva","GE",0.213357308678553,0.605057028715228
"2020-04-12","Lake Geneva","VD",0.520766518746658,1.52154746682927
"2020-04-12","Lake Geneva","VS",0.311243876159942,0.831690006328593
"2020-04-12","Northwestern","AG",0.448819536288473,1.46437940019074
"2020-04-12","Northwestern","BL",0.166352410515024,0.571680666385245
"2020-04-12","Northwestern","BS",0.10793753383467,0.439602719323826
"2020-04-12","Ticino","TI",0.108587280111529,0.302868395847736
"2020-04-12","Zurich","ZH",1.04240825653647,3.88209239202475
"2020-04-13","9999","9999",0.0115245299759047,0.0429610203514239
"2020-04-13","Central","LU",0.331391602821191,1.13605388073287
"2020-04-13","Central","NW",0.0439542469755695,0.145877135560373
"2020-04-13","Central","OW",0.0238535243196307,0.0733124374193206
"2020-04-13","Central","SZ",0.136601565460114,0.423118467052908
"2020-04-13","Central","UR",0.0206595937393265,0.0731085085252474
"2020-04-13","Central","ZG",0.108135739343692,0.40571653475866
"2020-04-13","Eastern","AI",0.00792195864260782,0.0204948538543581
"2020-04-13","Eastern","AR",0.026113150925342,0.0772210745557239
"2020-04-13","Eastern","GL",0.0360668942144022,0.108014337560779
"2020-04-13","Eastern","GR",0.140227202159676,0.460879300605465
"2020-04-13","Eastern","SG",0.333409657896485,1.18312746711477
"2020-04-13","Eastern","SH",0.0591045272156578,0.205628301523825
"2020-04-13","Eastern","TG",0.170319383307137,0.557541596396169
"2020-04-13","Espace Mittelland","BE",0.709766076185328,2.98524710403976
"2020-04-13","Espace Mittelland","FR",0.51289027965433,1.07769622887891
"2020-04-13","Espace Mittelland","JU",0.0412372016538439,0.13102431444204
"2020-04-13","Espace Mittelland","NE",0.110161289684017,0.319896458502849
"2020-04-13","Espace Mittelland","SO",0.194786693078769,0.628542839682659
"2020-04-13","Lake Geneva","GE",0.219220356394213,0.641594288903345
"2020-04-13","Lake Geneva","VD",0.525175516374517,1.5419743443856
"2020-04-13","Lake Geneva","VS",0.89749911397078,1.71184711314859
"2020-04-13","Northwestern","AG",0.493402547498041,1.62001113451762
"2020-04-13","Northwestern","BL",0.193377140742558,0.675854343107645
"2020-04-13","Northwestern","BS",0.13029965313801,0.537114718839835
"2020-04-13","Ticino","TI",0.12018744020945,0.362279680321066
"2020-04-13","Zurich","ZH",1.15955327703502,4.29732560850683
"2020-04-14","9999","9999",0.010543660590402,0.0344639830983733
"2020-04-14","Central","LU",1.93613645724441,3.69328822426196
"2020-04-14","Central","NW",0.219230710354893,0.389538175828852
"2020-04-14","Central","OW",0.173683331874158,0.302290597314528
"2020-04-14","Central","SZ",0.797463312527994,1.31659892828569
"2020-04-14","Central","UR",0.155282855657756,0.269390069070716
"2020-04-14","Central","ZG",0.778499066285387,1.40819698987357
"2020-04-14","Eastern","AI",0.0540944437933189,0.0845625147423596
"2020-04-14","Eastern","AR",0.156894083097983,0.300319284671821
"2020-04-14","Eastern","GL",0.176554241594173,0.313540674637567
"2020-04-14","Eastern","GR",1.00688261914103,1.73013273731715
"2020-04-14","Eastern","SG",2.20925333387646,4.13581392440084
"2020-04-14","Eastern","SH",0.342855254327833,0.71558648930291
"2020-04-14","Eastern","TG",1.17249466272711,2.24991350016076
"2020-04-14","Espace Mittelland","BE",4.29900498163744,8.7844750292468
"2020-04-14","Espace Mittelland","FR",1.31016007806698,2.07433072236373
"2020-04-14","Espace Mittelland","JU",0.330510756455237,0.485350767894251
"2020-04-14","Espace Mittelland","NE",0.810468063362966,1.25351692371904
"2020-04-14","Espace Mittelland","SO",1.01365372565561,1.93705258850344
"2020-04-14","Lake Geneva","GE",2.68109281841338,3.33053270985473
"2020-04-14","Lake Geneva","VD",4.07000695411003,6.10294602478008
"2020-04-14","Lake Geneva","VS",1.56651534911819,2.47736219335042
"2020-04-14","Northwestern","AG",2.93249822270388,5.50913907338789
"2020-04-14","Northwestern","BL",1.3047617485313,2.38912895851475
"2020-04-14","Northwestern","BS",0.806044764424819,1.96138810319618
"2020-04-14","Ticino","TI",1.14553828273774,1.70933199012168
"2020-04-14","Zurich","ZH",7.59904771287176,16.1808400646862
"2020-04-15","9999","9999",0.0104832559597333,0.0365712483371298
"2020-04-15","Central","LU",1.78791597394369,3.42457791817149
"2020-04-15","Central","NW",0.207140832196144,0.361090095105639
"2020-04-15","Central","OW",0.152563535127576,0.267350780129984
"2020-04-15","Central","SZ",0.774623403365124,1.23115272166901
"2020-04-15","Central","UR",0.138613484129816,0.239786391281088
"2020-04-15","Central","ZG",0.72890305813353,1.31928399205765
"2020-04-15","Eastern","AI",0.0576924333815342,0.0885051400277751
"2020-04-15","Eastern","AR",0.155460936732613,0.28009633600956
"2020-04-15","Eastern","GL",0.170858932740754,0.287913610282367
"2020-04-15","Eastern","GR",0.890281823805688,1.5249802698795
"2020-04-15","Eastern","SG",2.04223837169448,3.79069825933094
"2020-04-15","Eastern","SH",0.318719067664844,0.658622351558459
"2020-04-15","Eastern","TG",1.1238931595474,2.09730671109598
"2020-04-15","Espace Mittelland","BE",3.920554094947,8.0903690501196
"2020-04-15","Espace Mittelland","FR",1.21230734501081,1.9419468819612
"2020-04-15","Espace Mittelland","JU",0.307312351193878,0.439840636366912
"2020-04-15","Espace Mittelland","NE",0.75884172340861,1.1439391313037
"2020-04-15","Espace Mittelland","SO",0.944337765276236,1.79474420858935
"2020-04-15","Lake Geneva","GE",2.58439950182412,3.19311862339839
"2020-04-15","Lake Geneva","VD",3.93673482923603,5.70885343698359
"2020-04-15","Lake Geneva","VS",1.520269524718,2.43045854771358
"2020-04-15","Northwestern","AG",2.81082594464609,5.11049207362377
"2020-04-15","Northwestern","BL",1.25090463130116,2.19634817731753
"2020-04-15","Northwestern","BS",0.712924339642382,1.7790076955967
"2020-04-15","Ticino","TI",1.13917439154435,1.61426713733455
"2020-04-15","Zurich","ZH",7.09152125868824,14.9829957290492
"2020-04-16","9999","9999",0.0103175377645541,0.0373529757644105
"2020-04-16","Central","LU",1.80021547672997,3.45102069810299
"2020-04-16","Central","NW",0.202815535610484,0.3612600358507
"2020-04-16","Central","OW",0.159635153211226,0.264869645252093
"2020-04-16","Central","SZ",0.793707350635003,1.26469902474405
"2020-04-16","Central","UR",0.132878878001275,0.238766746810722
"2020-04-16","Central","ZG",0.742935251596957,1.32064351801814
"2020-04-16","Eastern","AI",0.0612943154950581,0.0927536586543004
"2020-04-16","Eastern","AR",0.150957570820161,0.281183956777951
"2020-04-16","Eastern","GL",0.171953958067172,0.299979403181699
"2020-04-16","Eastern","GR",0.935710691729668,1.56192538785576
"2020-04-16","Eastern","SG",2.15377364449199,3.90714165784674
"2020-04-16","Eastern","SH",0.325473777797668,0.662463012396837
"2020-04-16","Eastern","TG",1.16592898678111,2.1327563505157
"2020-04-16","Espace Mittelland","BE",4.01837264113603,8.21870830078968
"2020-04-16","Espace Mittelland","FR",1.21219830339389,1.97277413311527
"2020-04-16","Espace Mittelland","JU",0.300247860269244,0.440622363794192
"2020-04-16","Espace Mittelland","NE",0.728162444495242,1.12354624189638
"2020-04-16","Espace Mittelland","SO",0.974207684794986,1.81690448174531
"2020-04-16","Lake Geneva","GE",2.36745779215173,3.09543668313732
"2020-04-16","Lake Geneva","VD",3.74941511184919,5.50482257846334
"2020-04-16","Lake Geneva","VS",1.50495996422198,2.41013363460429
"2020-04-16","Northwestern","AG",2.84713777425332,5.18703338519925
"2020-04-16","Northwestern","BL",1.23738378408496,2.21949410679484
"2020-04-16","Northwestern","BS",0.69881561928803,1.78689294616753
"2020-04-16","Ticino","TI",1.12049200877673,1.59047543302601
"2020-04-16","Zurich","ZH",7.13576320792675,15.0783324870284
"2020-04-17","9999","9999",0.0120825982748978,0.0417374469869846
"2020-04-17","Central","LU",2.46723252027735,4.23162651646624
"2020-04-17","Central","NW",0.270634322673987,0.436543785912728
"2020-04-17","Central","OW",0.207055529501177,0.325164621599741
"2020-04-17","Central","SZ",1.04677276032875,1.5414305340014
"2020-04-17","Central","UR",0.191658242292916,0.306505127792041
"2020-04-17","Central","ZG",0.985290193851167,1.60638188676372
"2020-04-17","Eastern","AI",0.0871759355689474,0.118482687456538
"2020-04-17","Eastern","AR",0.206311896610361,0.349092278504331
"2020-04-17","Eastern","GL",0.206788268870132,0.346271262136318
"2020-04-17","Eastern","GR",1.15147053046822,1.85418948121169
"2020-04-17","Eastern","SG",2.81204743788482,4.68417872056371
"2020-04-17","Eastern","SH",0.407749862031712,0.775167714521301
"2020-04-17","Eastern","TG",1.55135325424142,2.59482523633659
"2020-04-17","Espace Mittelland","BE",5.27875642525623,9.69321616938606
"2020-04-17","Espace Mittelland","FR",1.5670288491772,2.35106223162108
"2020-04-17","Espace Mittelland","JU",0.355128378793715,0.507341100305146
"2020-04-17","Espace Mittelland","NE",0.888413967732618,1.28536381934347
"2020-04-17","Espace Mittelland","SO",1.29898432854038,2.18407845552413
"2020-04-17","Lake Geneva","GE",2.66054172979603,3.37879588145206
"2020-04-17","Lake Geneva","VD",4.53424980740126,6.3832123015347
"2020-04-17","Lake Geneva","VS",1.97248847697965,2.92342266098657
"2020-04-17","Northwestern","AG",3.76897028572667,6.19620950566956
"2020-04-17","Northwestern","BL",1.6353174374165,2.65066776516364
"2020-04-17","Northwestern","BS",0.88909900911069,2.00778192659783
"2020-04-17","Ticino","TI",1.34596108225784,1.85034882037331
"2020-04-17","Zurich","ZH",9.21795698913825,17.5629001679694
"2020-04-18","9999","9999",0.0129580170351397,0.0374889283604593
"2020-04-18","Central","LU",2.21867934236858,3.87910143491168
"2020-04-18","Central","NW",0.266074522976604,0.441370103072461
"2020-04-18","Central","OW",0.199997308126864,0.331622369912059
"2020-04-18","Central","SZ",1.07681344187829,1.63673330383162
"2020-04-18","Central","UR",0.161797701645509,0.279382584880304
"2020-04-18","Central","ZG",0.91327685832575,1.47953811465018
"2020-04-18","Eastern","AI",0.0846280075490085,0.125110376513917
"2020-04-18","Eastern","AR",0.212842735629663,0.360002474337248
"2020-04-18","Eastern","GL",0.213461326039968,0.36034235582737
"2020-04-18","Eastern","GR",1.15948577265748,1.84861542477369
"2020-04-18","Eastern","SG",2.7931325844206,4.67891055746682
"2020-04-18","Eastern","SH",0.414148045824829,0.779314268700789
"2020-04-18","Eastern","TG",1.64339563748241,2.75881805532047
"2020-04-18","Espace Mittelland","BE",5.04154833347305,9.25204999520767
"2020-04-18","Espace Mittelland","FR",1.32414405355845,2.13265438606867
"2020-04-18","Espace Mittelland","JU",0.330189591789109,0.487288092387946
"2020-04-18","Espace Mittelland","NE",0.78235233347905,1.18547264939661
"2020-04-18","Espace Mittelland","SO",1.3010375886484,2.22901078851826
"2020-04-18","Lake Geneva","GE",2.28467690142626,2.98065870392312
"2020-04-18","Lake Geneva","VD",3.95133499070064,5.87203054039118
"2020-04-18","Lake Geneva","VS",1.78690707367674,2.76068740351614
"2020-04-18","Northwestern","AG",3.8960698562147,6.31703737540794
"2020-04-18","Northwestern","BL",1.6277535206139,2.61113954786245
"2020-04-18","Northwestern","BS",0.917091368655249,1.86666313189917
"2020-04-18","Ticino","TI",1.33444605254995,1.88107410708034
"2020-04-18","Zurich","ZH",9.66199301125668,17.2989142145917
"2020-04-19","9999","9999",0.0107217299171941,0.0398341106423012
"2020-04-19","Central","LU",0.281164974241175,1.03786211823661
"2020-04-19","Central","NW",0.0415370514152899,0.137210157562261
"2020-04-19","Central","OW",0.0297218821603595,0.0839167399111278
"2020-04-19","Central","SZ",0.133160721896152,0.428794487937946
"2020-04-19","Central","UR",0.0193564279574999,0.0699136225181004
"2020-04-19","Central","ZG",0.101720943787639,0.399122833850293
"2020-04-19","Eastern","AI",0.00807349300814148,0.0227040835401512
"2020-04-19","Eastern","AR",0.0259552334448657,0.0773910153007849
"2020-04-19","Eastern","GL",0.0334357233267728,0.0985316439863748
"2020-04-19","Eastern","GR",0.143792481220827,0.443477368311217
"2020-04-19","Eastern","SG",0.31234230842501,1.11464134685518
"2020-04-19","Eastern","SH",0.0584675824128767,0.205084491139629
"2020-04-19","Eastern","TG",0.167531536317827,0.571476737491172
"2020-04-19","Espace Mittelland","BE",0.642951615475736,2.73026801015022
"2020-04-19","Espace Mittelland","FR",0.215439938947346,0.628576827831672
"2020-04-19","Espace Mittelland","JU",0.0419230732284613,0.130038658120686
"2020-04-19","Espace Mittelland","NE",0.0865566285267195,0.26837042460035
"2020-04-19","Espace Mittelland","SO",0.151475080885129,0.529705302355175
"2020-04-19","Lake Geneva","GE",0.18880653674203,0.590374148341956
"2020-04-19","Lake Geneva","VD",0.487653542158675,1.46213618235594
"2020-04-19","Lake Geneva","VS",0.316541172342549,0.848208246748524
"2020-04-19","Northwestern","AG",0.454740169099366,1.51961014233557
"2020-04-19","Northwestern","BL",0.181787788863804,0.63642809025349
"2020-04-19","Northwestern","BS",0.122007505156901,0.517367604263745
"2020-04-19","Ticino","TI",0.125463065129424,0.367649807864994
"2020-04-19","Zurich","ZH",1.10190299179221,4.18886942500889
"2020-04-20","9999","9999",0.00986521770845101,0.0361294023999712
"2020-04-20","Central","LU",1.49934205553226,3.18397581131411
"2020-04-20","Central","NW",0.172079443058105,0.336516663369816
"2020-04-20","Central","OW",0.132398852093503,0.251002480455115
"2020-04-20","Central","SZ",0.649974079658306,1.15597093605402
"2020-04-20","Central","UR",0.110797870296804,0.223981901990414
"2020-04-20","Central","ZG",0.61893009383645,1.25263323184472
"2020-04-20","Eastern","AI",0.0447102466620842,0.0737202952074671
"2020-04-20","Eastern","AR",0.121550066860779,0.25355159163103
"2020-04-20","Eastern","GL",0.131042025069923,0.254877129442506
"2020-04-20","Eastern","GR",0.82416469686546,1.53245766266218
"2020-04-20","Eastern","SG",1.69525194971169,3.48466896562507
"2020-04-20","Eastern","SH",0.266120869090313,0.613554065968278
"2020-04-20","Eastern","TG",0.942161369790151,1.92879346829348
"2020-04-20","Espace Mittelland","BE",3.23536681766362,7.52919072177913
"2020-04-20","Espace Mittelland","FR",1.02137029288986,1.82407598118688
"2020-04-20","Espace Mittelland","JU",0.228120740824947,0.382672569728387
"2020-04-20","Espace Mittelland","NE",0.566536264588683,1.00574331742008
"2020-04-20","Espace Mittelland","SO",0.747756426145165,1.59530175018575
"2020-04-20","Lake Geneva","GE",1.94010533322294,2.90136435227765
"2020-04-20","Lake Geneva","VD",2.98033498172121,5.09839229257542
"2020-04-20","Lake Geneva","VS",1.30446424055067,2.28403760176902
"2020-04-20","Northwestern","AG",2.26119921334805,4.70416375218289
"2020-04-20","Northwestern","BL",0.992650379638502,2.01675479793706
"2020-04-20","Northwestern","BS",0.657188381899041,1.79742927236131
"2020-04-20","Ticino","TI",1.09910507279576,1.44752127828069
"2020-04-20","Zurich","ZH",6.19676839181104,14.3646833222192
"2020-04-21","9999","9999",0.00976761479015038,0.0338182082671414
"2020-04-21","Central","LU",1.65333582742128,3.28502257832739
"2020-04-21","Central","NW",0.19427920802868,0.357759256502443
"2020-04-21","Central","OW",0.139070256702293,0.244646696589833
"2020-04-21","Central","SZ",0.689251751177235,1.17728150548467
"2020-04-21","Central","UR",0.132556029445928,0.235299955611477
"2020-04-21","Central","ZG",0.659090937838066,1.2587171105179
"2020-04-21","Eastern","AI",0.0502088459266702,0.073040532227223
"2020-04-21","Eastern","AR",0.134511486918548,0.257970051002616
"2020-04-21","Eastern","GL",0.143745034705094,0.261810711840995
"2020-04-21","Eastern","GR",0.839392048323454,1.48704949558188
"2020-04-21","Eastern","SG",1.88928707604021,3.57317410565284
"2020-04-21","Eastern","SH",0.288060390940258,0.619468003896401
"2020-04-21","Eastern","TG",1.01268045726771,1.96995311674725
"2020-04-21","Espace Mittelland","BE",3.54736049444814,7.6566802687239
"2020-04-21","Espace Mittelland","FR",1.10213207121424,1.83389855625141
"2020-04-21","Espace Mittelland","JU",0.260263366461008,0.403507305072867
"2020-04-21","Espace Mittelland","NE",0.643062775660252,1.0503697570731
"2020-04-21","Espace Mittelland","SO",0.839044109818759,1.65134820790687
"2020-04-21","Lake Geneva","GE",2.09119970241996,2.93898923323416
"2020-04-21","Lake Geneva","VD",3.28843970852473,5.20236204040375
"2020-04-21","Lake Geneva","VS",1.44978419726125,2.34953276491553
"2020-04-21","Northwestern","AG",2.53256543651262,4.79766515011546
"2020-04-21","Northwestern","BL",1.11175325813081,2.08666842045516
"2020-04-21","Northwestern","BS",0.676955721901968,1.75178318823793
"2020-04-21","Ticino","TI",1.20384823745573,1.5503354290426
"2020-04-21","Zurich","ZH",6.4804735207696,14.4769121902575
"2020-04-22","9999","9999",0.0108609170671363,0.0364013075920688
"2020-04-22","Central","LU",1.65979024136621,3.37023086790098
"2020-04-22","Central","NW",0.190850433642788,0.357657292055406
"2020-04-22","Central","OW",0.140029842511285,0.255217010932628
"2020-04-22","Central","SZ",0.696456447417385,1.19563510595126
"2020-04-22","Central","UR",0.124181402221309,0.233362631117782
"2020-04-22","Central","ZG",0.676971382071695,1.31809440684222
"2020-04-22","Eastern","AI",0.0531285453577706,0.0828291191427373
"2020-04-22","Eastern","AR",0.143927838501803,0.272720907673912
"2020-04-22","Eastern","GL",0.150330036216894,0.27608573442612
"2020-04-22","Eastern","GR",0.837217559939809,1.53340933083452
"2020-04-22","Eastern","SG",1.90432089380276,3.68404344773064
"2020-04-22","Eastern","SH",0.297240191332578,0.640404703687918
"2020-04-22","Eastern","TG",1.06145818924414,2.04404728159385
"2020-04-22","Espace Mittelland","BE",3.61802900555569,7.93796618994889
"2020-04-22","Espace Mittelland","FR",1.10795759169647,1.87403856023482
"2020-04-22","Espace Mittelland","JU",0.256703675562448,0.410270946726295
"2020-04-22","Espace Mittelland","NE",0.637868459093379,1.06542650708551
"2020-04-22","Espace Mittelland","SO",0.873740192897029,1.73210404995986
"2020-04-22","Lake Geneva","GE",2.13119570149918,2.99354021239874
"2020-04-22","Lake Geneva","VD",3.28510309770336,5.33624135936282
"2020-04-22","Lake Geneva","VS",1.41832989462922,2.38834723108746
"2020-04-22","Northwestern","AG",2.60167532801193,4.99700564407202
"2020-04-22","Northwestern","BL",1.15282144429943,2.13731076248334
"2020-04-22","Northwestern","BS",0.688749356955015,1.80718387112781
"2020-04-22","Ticino","TI",1.13735922945574,1.58884400187343
"2020-04-22","Zurich","ZH",6.68731318350507,15.0585513843033
"2020-04-23","9999","9999",0.0115484255387144,0.0401400039834111
"2020-04-23","Central","LU",1.84523617773955,3.5794619132201
"2020-04-23","Central","NW",0.199818537832235,0.374651366561507
"2020-04-23","Central","OW",0.160230345393443,0.277139367045499
"2020-04-23","Central","SZ",0.803501590454904,1.30422724204524
"2020-04-23","Central","UR",0.135445121253475,0.246889914424638
"2020-04-23","Central","ZG",0.765160012532365,1.39494161175881
"2020-04-23","Eastern","AI",0.0613260470167637,0.0896947252432022
"2020-04-23","Eastern","AR",0.151928062748855,0.281421873821036
"2020-04-23","Eastern","GL",0.160476659225821,0.286825989513976
"2020-04-23","Eastern","GR",0.924515080142338,1.60814927051236
"2020-04-23","Eastern","SG",2.13393540492094,3.89976622951109
"2020-04-23","Eastern","SH",0.323675975432088,0.665725874702009
"2020-04-23","Eastern","TG",1.21892238240704,2.19009435789929
"2020-04-23","Espace Mittelland","BE",4.00551596681966,8.36913984831769
"2020-04-23","Espace Mittelland","FR",1.23178428852804,2.0088015710682
"2020-04-23","Espace Mittelland","JU",0.294685754885011,0.443647309056278
"2020-04-23","Espace Mittelland","NE",0.72396427762952,1.14781378029109
"2020-04-23","Espace Mittelland","SO",1.014349054422,1.8642499733193
"2020-04-23","Lake Geneva","GE",2.32166010941278,3.20151369620441
"2020-04-23","Lake Geneva","VD",3.68592731135049,5.65080167847075
"2020-04-23","Lake Geneva","VS",1.49851701638781,2.45261882086954
"2020-04-23","Northwestern","AG",2.88265292454335,5.23665608275706
"2020-04-23","Northwestern","BL",1.27393430303083,2.25912428854307
"2020-04-23","Northwestern","BS",0.71413843551662,1.85524311383107
"2020-04-23","Ticino","TI",1.21077497841029,1.66626900532322
"2020-04-23","Zurich","ZH",7.31406446892051,15.7212863018923
"2020-04-24","9999","9999",0.0131170153375326,0.0422132810731554
"2020-04-24","Central","LU",2.86322936423036,4.59271661157188
"2020-04-24","Central","NW",0.311411419221111,0.475256287637627
"2020-04-24","Central","OW",0.236740111557347,0.350417816315807
"2020-04-24","Central","SZ",1.1817727905017,1.6706534765458
"2020-04-24","Central","UR",0.216400899279862,0.327509803881583
"2020-04-24","Central","ZG",1.12504039718764,1.72272332083249
"2020-04-24","Eastern","AI",0.101557927647251,0.125722163196137
"2020-04-24","Eastern","AR",0.220679328920961,0.361973786979956
"2020-04-24","Eastern","GL",0.241681034125084,0.375704999180886
"2020-04-24","Eastern","GR",1.30937984603982,1.99255523584037
"2020-04-24","Eastern","SG",3.29769938792233,5.08612257078202
"2020-04-24","Eastern","SH",0.462976208325323,0.824416542439982
"2020-04-24","Eastern","TG",1.82375592688376,2.80813485953718
"2020-04-24","Espace Mittelland","BE",6.06397303471498,10.5156274110343
"2020-04-24","Espace Mittelland","FR",1.84312983204493,2.59404350890931
"2020-04-24","Espace Mittelland","JU",0.419421653993762,0.562843747642072
"2020-04-24","Espace Mittelland","NE",1.0607998786284,1.44527806044588
"2020-04-24","Espace Mittelland","SO",1.49263251670672,2.35490289245946
"2020-04-24","Lake Geneva","GE",2.95522177903781,3.6273852033273
"2020-04-24","Lake Geneva","VD",5.18604295733757,7.02613212824952
"2020-04-24","Lake Geneva","VS",2.20588268891278,3.14611301331452
"2020-04-24","Northwestern","AG",4.30392551348156,6.64685837342236
"2020-04-24","Northwestern","BL",1.87073036231653,2.87910211467466
"2020-04-24","Northwestern","BS",0.986224587894253,2.16164627717607
"2020-04-24","Ticino","TI",1.82067377913538,2.08143424550728
"2020-04-24","Zurich","ZH",10.4257191882039,18.8239284726202
"2020-04-25","9999","9999",0.0128796887743529,0.0354156512707149
"2020-04-25","Central","LU",2.45329142522061,4.10036428498111
"2020-04-25","Central","NW",0.294702758250091,0.463564364377429
"2020-04-25","Central","OW",0.223823733578149,0.342668518341025
"2020-04-25","Central","SZ",1.16854487735309,1.70216049068011
"2020-04-25","Central","UR",0.177566082793222,0.298721841668247
"2020-04-25","Central","ZG",0.98146868559136,1.55308846911259
"2020-04-25","Eastern","AI",0.0931727232487304,0.123886803149478
"2020-04-25","Eastern","AR",0.226915240617764,0.364930755944017
"2020-04-25","Eastern","GL",0.232075346821362,0.374311485071385
"2020-04-25","Eastern","GR",1.22420316081122,1.87077569792965
"2020-04-25","Eastern","SG",3.14780979055249,4.90894234998141
"2020-04-25","Eastern","SH",0.45652708100933,0.810073543556833
"2020-04-25","Eastern","TG",1.83886718788625,2.89062409718979
"2020-04-25","Espace Mittelland","BE",5.56764677386386,9.79735585795945
"2020-04-25","Espace Mittelland","FR",1.49727479956363,2.2739771096614
"2020-04-25","Espace Mittelland","JU",0.364548141231642,0.52685029783815
"2020-04-25","Espace Mittelland","NE",0.900786132296667,1.30694629396622
"2020-04-25","Espace Mittelland","SO",1.4952259019035,2.39854367579112
"2020-04-25","Lake Geneva","GE",2.56140898639279,3.24430477581077
"2020-04-25","Lake Geneva","VD",4.46456783216223,6.35459428006643
"2020-04-25","Lake Geneva","VS",1.96597585529207,2.92447629360595
"2020-04-25","Northwestern","AG",4.39582260449518,6.77377012183392
"2020-04-25","Northwestern","BL",1.82924598138957,2.79097084428601
"2020-04-25","Northwestern","BS",0.994800553445044,1.98912243279013
"2020-04-25","Ticino","TI",1.49946144327782,2.04323156601756
"2020-04-25","Zurich","ZH",10.5156528683054,18.0368309177956
"2020-04-26","9999","9999",0.0109151813761915,0.0375569046584837
"2020-04-26","Central","LU",0.293498675642668,1.05903673507122
"2020-04-26","Central","NW",0.0409311371663771,0.130038658120686
"2020-04-26","Central","OW",0.0276820892500681,0.0766432760225165
"2020-04-26","Central","SZ",0.139816348854572,0.420909237367115
"2020-04-26","Central","UR",0.023071780708188,0.0738562478035159
"2020-04-26","Central","ZG",0.110058815235048,0.420467391429956
"2020-04-26","Eastern","AI",0.00758362613849855,0.023009976881261
"2020-04-26","Eastern","AR",0.0278496675554299,0.078070778281029
"2020-04-26","Eastern","GL",0.0361110669362137,0.104887427851657
"2020-04-26","Eastern","GR",0.144290798864731,0.457242568661159
"2020-04-26","Eastern","SG",0.338714989755081,1.1539656352623
"2020-04-26","Eastern","SH",0.0638936608764674,0.215348912141315
"2020-04-26","Eastern","TG",0.18241970549506,0.60016273525747
"2020-04-26","Espace Mittelland","BE",0.675479084202516,2.77822528840644
"2020-04-26","Espace Mittelland","FR",0.222740080377985,0.627557183361306
"2020-04-26","Espace Mittelland","JU",0.0412683261922268,0.122391324592941
"2020-04-26","Espace Mittelland","NE",0.0887269267674269,0.262490474821239
"2020-04-26","Espace Mittelland","SO",0.171027317746532,0.56450916694367
"2020-04-26","Lake Geneva","GE",0.21986257607787,0.626265633698842
"2020-04-26","Lake Geneva","VD",0.529838193871076,1.52178538387235
"2020-04-26","Lake Geneva","VS",0.302934677821495,0.82869904921552
"2020-04-26","Northwestern","AG",0.525454027735151,1.66015113850103
"2020-04-26","Northwestern","BL",0.19973021588474,0.664026467251399
"2020-04-26","Northwestern","BS",0.130873886773495,0.53905204333353
"2020-04-26","Ticino","TI",0.144807271184019,0.414111607564674
"2020-04-26","Zurich","ZH",1.19935454803225,4.48725138518701
"2020-04-27","9999","9999",0.0111392208786348,0.0402079802814355
"2020-04-27","Central","LU",2.30037688142753,4.17088969418143
"2020-04-27","Central","NW",0.260492532035513,0.44629838467923
"2020-04-27","Central","OW",0.153527957223042,0.28441283093411
"2020-04-27","Central","SZ",1.02026208623528,1.4979596914148
"2020-04-27","Central","UR",0.16519404745788,0.298483924625162
"2020-04-27","Central","ZG",0.823644140135814,1.548670009741
"2020-04-27","Eastern","AI",0.0582684096465596,0.0944870542539227
"2020-04-27","Eastern","AR",0.165278077445879,0.307184890772286
"2020-04-27","Eastern","GL",0.197443067480368,0.336040829283645
"2020-04-27","Eastern","GR",1.08200238174773,1.82968402577389
"2020-04-27","Eastern","SG",2.69979189518039,4.63360435483356
"2020-04-27","Eastern","SH",0.429223780680838,0.789340772659389
"2020-04-27","Eastern","TG",1.60226416057533,2.69610992039296
"2020-04-27","Espace Mittelland","BE",5.09028426192063,9.86441447596052
"2020-04-27","Espace Mittelland","FR",1.66105699989674,2.46730170124281
"2020-04-27","Espace Mittelland","JU",0.336785828366412,0.509074495904768
"2020-04-27","Espace Mittelland","NE",0.837633394424181,1.30793195028757
"2020-04-27","Espace Mittelland","SO",1.16495679921513,2.12014674723217
"2020-04-27","Lake Geneva","GE",2.77304077071343,3.7504902790495
"2020-04-27","Lake Geneva","VD",4.74063112332363,6.80028087806344
"2020-04-27","Lake Geneva","VS",2.0242626898195,2.95394401879952
"2020-04-27","Northwestern","AG",3.59346406936963,6.1205518859684
"2020-04-27","Northwestern","BL",1.52760180102055,2.60825055519641
"2020-04-27","Northwestern","BS",0.944401682578134,2.22211119426878
"2020-04-27","Ticino","TI",1.62060841447196,1.97226431088008
"2020-04-27","Zurich","ZH",9.56062096539899,18.7637014725705
"2020-04-28","9999","9999",0.0118234712203772,0.0359594616549102
"2020-04-28","Central","LU",2.40063871171165,3.99010672958553
"2020-04-28","Central","NW",0.269868814887423,0.441234150476412
"2020-04-28","Central","OW",0.167087670952007,0.280130324158572
"2020-04-28","Central","SZ",1.04438645042955,1.47984400799129
"2020-04-28","Central","UR",0.190429167636681,0.304499827000322
"2020-04-28","Central","ZG",0.889669189663989,1.48297091770042
"2020-04-28","Eastern","AI",0.0650394965810333,0.0922778245681296
"2020-04-28","Eastern","AR",0.183508339874492,0.299095711307381
"2020-04-28","Eastern","GL",0.211643363996029,0.330364808398608
"2020-04-28","Eastern","GR",1.07442775854252,1.76269338407084
"2020-04-28","Eastern","SG",2.78737243800025,4.5473764207896
"2020-04-28","Eastern","SH",0.436489312314015,0.772244733706251
"2020-04-28","Eastern","TG",1.60176508322327,2.56549346373906
"2020-04-28","Espace Mittelland","BE",5.04876850582992,9.39595581812534
"2020-04-28","Espace Mittelland","FR",1.60534505128083,2.34113769210952
"2020-04-28","Espace Mittelland","JU",0.377028227430479,0.522669755509649
"2020-04-28","Espace Mittelland","NE",0.891519983631657,1.33332109759969
"2020-04-28","Espace Mittelland","SO",1.19895325373547,2.06287671614661
"2020-04-28","Lake Geneva","GE",2.75117989040599,3.61226047701687
"2020-04-28","Lake Geneva","VD",4.61543833416176,6.5035303490379
"2020-04-28","Lake Geneva","VS",1.99552178669324,2.86322964908596
"2020-04-28","Northwestern","AG",3.65414326404937,5.90489708048598
"2020-04-28","Northwestern","BL",1.55061833058228,2.53164126732291
"2020-04-28","Northwestern","BS",0.935659908763671,2.07789947801001
"2020-04-28","Ticino","TI",1.60959288504644,1.91682963984118
"2020-04-28","Zurich","ZH",9.37775293418969,17.2754963799222
"2020-04-29","9999","9999",0.0114596258366046,0.0379647624466301
"2020-04-29","Central","LU",2.34085578469028,4.07711639105677
"2020-04-29","Central","NW",0.274322302434829,0.441302126774436
"2020-04-29","Central","OW",0.161258395005221,0.274964125508718
"2020-04-29","Central","SZ",1.02844856037791,1.44779318347279
"2020-04-29","Central","UR",0.177060074083215,0.288831290305696
"2020-04-29","Central","ZG",0.897853654887617,1.53456492790094
"2020-04-29","Eastern","AI",0.0621663351486925,0.0914960971408489
"2020-04-29","Eastern","AR",0.173077832723518,0.292535998548026
"2020-04-29","Eastern","GL",0.197468889725725,0.320712174079142
"2020-04-29","Eastern","GR",1.09439802677632,1.74987985189324
"2020-04-29","Eastern","SG",2.69565332624492,4.43304028751255
"2020-04-29","Eastern","SH",0.457509575543729,0.81065134209004
"2020-04-29","Eastern","TG",1.66253966435318,2.63258606988915
"2020-04-29","Espace Mittelland","BE",5.09681498737531,9.63258131154829
"2020-04-29","Espace Mittelland","FR",1.57518825969568,2.31975914638084
"2020-04-29","Espace Mittelland","JU",0.379562280986466,0.529195480119992
"2020-04-29","Espace Mittelland","NE",0.919671075189151,1.35888018565687
"2020-04-29","Espace Mittelland","SO",1.2276138666742,2.10583773649804
"2020-04-29","Lake Geneva","GE",2.85225519973928,3.77285448109953
"2020-04-29","Lake Geneva","VD",4.69059349368624,6.67391294003607
"2020-04-29","Lake Geneva","VS",1.91702286177623,2.81442266710443
"2020-04-29","Northwestern","AG",3.74384824849891,6.01882535597488
"2020-04-29","Northwestern","BL",1.71391307631495,2.66110212691039
"2020-04-29","Northwestern","BS",1.0027427422544,2.16168026532509
"2020-04-29","Ticino","TI",1.64847605264976,2.05645295598331
"2020-04-29","Zurich","ZH",10.0387713965195,18.1989543885838
"2020-04-30","9999","9999",0.0122950306898013,0.0379647624466301
"2020-04-30","Central","LU",2.49673039426343,4.04533747173036
"2020-04-30","Central","NW",0.281548270503426,0.445958503189108
"2020-04-30","Central","OW",0.17851157092504,0.283869020549915
"2020-04-30","Central","SZ",1.12417364849886,1.51984805937866
"2020-04-30","Central","UR",0.180379799020146,0.289714982180013
"2020-04-30","Central","ZG",0.957086972216302,1.52769932180047
"2020-04-30","Eastern","AI",0.0701159761468399,0.0933994334855323
"2020-04-30","Eastern","AR",0.182009604066071,0.304057981063163
"2020-04-30","Eastern","GL",0.217621319528721,0.32869938909701
"2020-04-30","Eastern","GR",1.18646928675939,1.83369462735733
"2020-04-30","Eastern","SG",2.9893013041209,4.65579861613852
"2020-04-30","Eastern","SH",0.573858386647648,0.937902971991726
"2020-04-30","Eastern","TG",2.10682419719201,3.14315604435046
"2020-04-30","Espace Mittelland","BE",5.32336234127518,9.51318094406842
"2020-04-30","Espace Mittelland","FR",1.63263430875645,2.31517074626419
"2020-04-30","Espace Mittelland","JU",0.487381265104168,0.647100369043322
"2020-04-30","Espace Mittelland","NE",1.13087544535003,1.52735944031035
"2020-04-30","Espace Mittelland","SO",1.4591668084038,2.30055584218895
"2020-04-30","Lake Geneva","GE",2.95586781292635,3.64838987941684
"2020-04-30","Lake Geneva","VD",4.73125326623111,6.36278542397837
"2020-04-30","Lake Geneva","VS",2.02134242648131,2.83454365131966
"2020-04-30","Northwestern","AG",4.06047343908139,6.28199559377636
"2020-04-30","Northwestern","BL",2.17950853124263,3.17819782598204
"2020-04-30","Northwestern","BS",1.17848526309302,2.31619039073456
"2020-04-30","Ticino","TI",2.0797071115149,2.47651248962512
"2020-04-30","Zurich","ZH",12.4918506556146,20.8645089630148
"2020-05-01","9999","9999",0.0144928311490621,0.0410916721557527
"2020-05-01","Central","LU",3.35701480072442,5.0351063591147
"2020-05-01","Central","NW",0.374993525348056,0.53857620924736
"2020-05-01","Central","OW",0.221582527937279,0.336312734475743
"2020-05-01","Central","SZ",1.47758202452489,1.90850254333319
"2020-05-01","Central","UR",0.242523417328482,0.375738987329898
"2020-05-01","Central","ZG",1.3547608719299,1.95632386899336
"2020-05-01","Eastern","AI",0.100401119250618,0.127591511391808
"2020-05-01","Eastern","AR",0.235350848128203,0.367887724908079
"2020-05-01","Eastern","GL",0.281890879302944,0.414247560160723
"2020-05-01","Eastern","GR",1.46732009818077,2.19352716094952
"2020-05-01","Eastern","SG",4.27332147308806,6.08612189101904
"2020-05-01","Eastern","SH",0.0730322921354185,0.224627676821646
"2020-05-01","Eastern","TG",0.493054377948081,0.849941642348146
"2020-05-01","Espace Mittelland","BE",7.18514860461368,11.559233526454
"2020-05-01","Espace Mittelland","FR",2.14990506957053,2.87634907460467
"2020-05-01","Espace Mittelland","JU",0.0514083820332044,0.132417828551541
"2020-05-01","Espace Mittelland","NE",0.153951737314911,0.355957884604796
"2020-05-01","Espace Mittelland","SO",0.848414831920228,1.43899025287863
"2020-05-01","Lake Geneva","GE",3.29159332366434,3.96988378092327
"2020-05-01","Lake Geneva","VD",6.25988745973121,7.90020535639633
"2020-05-01","Lake Geneva","VS",2.60217725231158,3.42009148250188
"2020-05-01","Northwestern","AG",5.07114439778065,7.19138250874685
"2020-05-01","Northwestern","BL",0.22549660702784,0.661681284969557
"2020-05-01","Northwestern","BS",0.20713512655291,0.679593039498987
"2020-05-01","Ticino","TI",0.20148357532303,0.516144030899306
"2020-05-01","Zurich","ZH",1.92133498486577,5.04724012831206
"2020-05-02","9999","9999",0.0127219553468842,0.0331384452868974
"2020-05-02","Central","LU",3.03022222438735,4.64363085879216
"2020-05-02","Central","NW",0.380721051309839,0.539221984078591
"2020-05-02","Central","OW",0.223304942974171,0.344062032450525
"2020-05-02","Central","SZ",1.37217833278105,1.79953653760007
"2020-05-02","Central","UR",0.207981284800973,0.32298938006296
"2020-05-02","Central","ZG",1.13753313996777,1.66643894606828
"2020-05-02","Eastern","AI",0.100935131429923,0.133403484872895
"2020-05-02","Eastern","AR",0.221597502803255,0.354122524558137
"2020-05-02","Eastern","GL",0.261526483091596,0.388450555060461
"2020-05-02","Eastern","GR",1.40146599473639,2.10335660162015
"2020-05-02","Eastern","SG",3.62056465684842,5.32308794569509
"2020-05-02","Eastern","SH",0.664749087564068,1.02929710468554
"2020-05-02","Eastern","TG",2.57379814648988,3.68234404028004
"2020-05-02","Espace Mittelland","BE",6.70079148706438,10.8113922837385
"2020-05-02","Espace Mittelland","FR",1.8243370213888,2.52878626280588
"2020-05-02","Espace Mittelland","JU",0.52921706587888,0.684317392211684
"2020-05-02","Espace Mittelland","NE",1.28524111396289,1.6871037406677
"2020-05-02","Espace Mittelland","SO",1.85636856124476,2.79528733921056
"2020-05-02","Lake Geneva","GE",2.98948863483839,3.62476811585336
"2020-05-02","Lake Geneva","VD",5.61861952984035,7.31139466290894
"2020-05-02","Lake Geneva","VS",2.37385174272568,3.23417630740513
"2020-05-02","Northwestern","AG",4.98273041595036,7.22234571249697
"2020-05-02","Northwestern","BL",2.45703899116364,3.33029479281164
"2020-05-02","Northwestern","BS",1.38029601417509,2.38722562217006
"2020-05-02","Ticino","TI",2.27381408900475,2.81048004181902
"2020-05-02","Zurich","ZH",14.7666392308899,22.1411378280621
"2020-05-03","9999","9999",0.010502323068111,0.0353476749726905
"2020-05-03","Central","LU",0.312721939291196,1.1417299016179
"2020-05-03","Central","NW",0.0424607273077023,0.140948853953603
"2020-05-03","Central","OW",0.03306007897041,0.086975673322226
"2020-05-03","Central","SZ",0.149667437557677,0.446162432083181
"2020-05-03","Central","UR",0.0249219951046834,0.0828631072917495
"2020-05-03","Central","ZG",0.111404101743453,0.434776402164093
"2020-05-03","Eastern","AI",0.00950852689584417,0.0231459294773099
"2020-05-03","Eastern","AR",0.0281339667957488,0.0804159605628709
"2020-05-03","Eastern","GL",0.0389809584906544,0.114268156979025
"2020-05-03","Eastern","GR",0.182015536838548,0.53657090845564
"2020-05-03","Eastern","SG",0.375351872637731,1.19716457265681
"2020-05-03","Eastern","SH",0.0618216038655549,0.208347353444801
"2020-05-03","Eastern","TG",0.189850273935685,0.6010804152808
"2020-05-03","Espace Mittelland","BE",0.732011313996831,2.98738835742753
"2020-05-03","Espace Mittelland","FR",0.254751715096972,0.690231330139807
"2020-05-03","Espace Mittelland","JU",0.0419677589490811,0.123241028318246
"2020-05-03","Espace Mittelland","NE",0.102061383111281,0.300591189863918
"2020-05-03","Espace Mittelland","SO",0.171031829003227,0.577118770227197
"2020-05-03","Lake Geneva","GE",0.24408034521546,0.677043928323072
"2020-05-03","Lake Geneva","VD",0.686744119017885,1.72027617410361
"2020-05-03","Lake Geneva","VS",0.297966813026271,0.823362909820604
"2020-05-03","Northwestern","AG",0.509910136432346,1.63421818080472
"2020-05-03","Northwestern","BL",0.185325279836836,0.626571527039952
"2020-05-03","Northwestern","BS",0.137504772308475,0.57083096265994
"2020-05-03","Ticino","TI",0.188297935625832,0.554108793345936
"2020-05-03","Zurich","ZH",1.24328088552304,4.62636487909396
"2020-05-04","9999","9999",0.0115457861402658,0.0386785135758864
"2020-05-04","Central","LU",2.00100106822408,3.88705466178053
"2020-05-04","Central","NW",0.232576793366394,0.429984073153373
"2020-05-04","Central","OW",0.138982028739313,0.272584955077863
"2020-05-04","Central","SZ",0.863149763262602,1.38912963827773
"2020-05-04","Central","UR",0.155169764874672,0.279756454519438
"2020-05-04","Central","ZG",0.743938947471417,1.46669059432357
"2020-05-04","Eastern","AI",0.0474900227312122,0.0818094746723712
"2020-05-04","Eastern","AR",0.145429550486517,0.284242890189049
"2020-05-04","Eastern","GL",0.173002316166123,0.310923587163628
"2020-05-04","Eastern","GR",1.02272252642029,1.80670803704164
"2020-05-04","Eastern","SG",2.34783198499559,4.29623798773844
"2020-05-04","Eastern","SH",0.383165944889744,0.757833758525078
"2020-05-04","Eastern","TG",1.3927563675419,2.50757765782227
"2020-05-04","Espace Mittelland","BE",4.51465474884544,9.45716847449631
"2020-05-04","Espace Mittelland","FR",1.46290396947787,2.3338642282209
"2020-05-04","Espace Mittelland","JU",0.321759478456746,0.505811633599596
"2020-05-04","Espace Mittelland","NE",0.779011603003129,1.3074561162014
"2020-05-04","Espace Mittelland","SO",1.05229144878331,2.02443611961381
"2020-05-04","Lake Geneva","GE",2.62573261075898,3.80429351893582
"2020-05-04","Lake Geneva","VD",4.34870929519419,6.72095253826896
"2020-05-04","Lake Geneva","VS",1.86396644170129,2.85048409320638
"2020-05-04","Northwestern","AG",3.0687213242722,5.6707187337919
"2020-05-04","Northwestern","BL",1.40894745579161,2.51386546538953
"2020-05-04","Northwestern","BS",0.909580380798389,2.1884629267467
"2020-05-04","Ticino","TI",1.74597504365747,2.16453526984211
"2020-05-04","Zurich","ZH",8.75098290277963,18.0727563913015
"2020-05-05","9999","9999",0.0104031184970426,0.0358914853568858
"2020-05-05","Central","LU",2.16961094370098,3.81520371476873
"2020-05-05","Central","NW",0.264576033877533,0.428522582745848
"2020-05-05","Central","OW",0.157146705640896,0.265787325275423
"2020-05-05","Central","SZ",0.943251069327415,1.37825343059382
"2020-05-05","Central","UR",0.178235287780603,0.278872762645121
"2020-05-05","Central","ZG",0.847645216227177,1.42437534880338
"2020-05-05","Eastern","AI",0.0606484264993145,0.0829990598877983
"2020-05-05","Eastern","AR",0.16229211501604,0.275405971445876
"2020-05-05","Eastern","GL",0.184847356832576,0.3069469737292
"2020-05-05","Eastern","GR",1.04684303724947,1.72000426891152
"2020-05-05","Eastern","SG",2.54877775743057,4.1964147940896
"2020-05-05","Eastern","SH",0.400079844544287,0.745326119688587
"2020-05-05","Eastern","TG",1.4354169215915,2.38301109169255
"2020-05-05","Espace Mittelland","BE",4.82853286605381,9.22839424349518
"2020-05-05","Espace Mittelland","FR",1.54830092699629,2.30409060968621
"2020-05-05","Espace Mittelland","JU",0.350415298185237,0.504520083937133
"2020-05-05","Espace Mittelland","NE",0.873802622110781,1.31353999487459
"2020-05-05","Espace Mittelland","SO",1.13214610032188,2.00030453381515
"2020-05-05","Lake Geneva","GE",2.73638916359018,3.72646065769787
"2020-05-05","Lake Geneva","VD",4.6036721699991,6.66585774872018
"2020-05-05","Lake Geneva","VS",1.99321324506376,2.87944199616478
"2020-05-05","Northwestern","AG",3.35899986723512,5.68213875186
"2020-05-05","Northwestern","BL",1.48483825169113,2.44232041171884
"2020-05-05","Northwestern","BS",0.892133244336786,2.06138123759008
"2020-05-05","Ticino","TI",1.77060012993281,2.14404041598775
"2020-05-05","Zurich","ZH",8.72075900625113,16.7640087254376
"2020-05-06","9999","9999",0.0108249719063643,0.0396641698972402
"2020-05-06","Central","LU",2.23971527360006,4.06953703382705
"2020-05-06","Central","NW",0.258418795051404,0.433518840650642
"2020-05-06","Central","OW",0.165972854053245,0.276935438151425
"2020-05-06","Central","SZ",0.949214551244875,1.42203016652154
"2020-05-06","Central","UR",0.163605454621561,0.278023058919816
"2020-05-06","Central","ZG",0.862732761803841,1.51869246231224
"2020-05-06","Eastern","AI",0.0614953875317723,0.0953367579792278
"2020-05-06","Eastern","AR",0.163478818320325,0.297260351260722
"2020-05-06","Eastern","GL",0.188879437397105,0.315240082088177
"2020-05-06","Eastern","GR",1.02109061455483,1.76079004772616
"2020-05-06","Eastern","SG",2.53024412865326,4.47256850481374
"2020-05-06","Eastern","SH",0.386619268814027,0.753313334706455
"2020-05-06","Eastern","TG",1.43846616692777,2.51481713356187
"2020-05-06","Espace Mittelland","BE",4.8810322477434,9.66922053618344
"2020-05-06","Espace Mittelland","FR",1.5209360119865,2.35235378128354
"2020-05-06","Espace Mittelland","JU",0.340538739678704,0.512167417464878
"2020-05-06","Espace Mittelland","NE",0.84670678868201,1.33005823529452
"2020-05-06","Espace Mittelland","SO",1.14441366795334,2.08775604122355
"2020-05-06","Lake Geneva","GE",2.80194443543868,3.89980021766011
"2020-05-06","Lake Geneva","VD",4.60922974846255,6.87906540747372
"2020-05-06","Lake Geneva","VS",1.985417303991,2.95384205435249
"2020-05-06","Northwestern","AG",3.45547858976565,5.96356062568104
"2020-05-06","Northwestern","BL",1.47197320492093,2.53537996371425
"2020-05-06","Northwestern","BS",0.906721669485151,2.17306629524417
"2020-05-06","Ticino","TI",1.69194768522739,2.14407440413677
"2020-05-06","Zurich","ZH",9.03752796964466,18.1453890657406
"2020-05-07","9999","9999",0.0119753188676259,0.0432669136925337
"2020-05-07","Central","LU",2.292510103443,4.28369636075293
"2020-05-07","Central","NW",0.261281148264578,0.458670070919672
"2020-05-07","Central","OW",0.187851407365434,0.307082926325249
"2020-05-07","Central","SZ",1.00106113216088,1.54024094878598
"2020-05-07","Central","UR",0.176054725647709,0.300013391330711
"2020-05-07","Central","ZG",0.908302829712783,1.61987518192157
"2020-05-07","Eastern","AI",0.0662499740514629,0.0999591462448873
"2020-05-07","Eastern","AR",0.17879636358406,0.327441827583558
"2020-05-07","Eastern","GL",0.184848629539544,0.339473632333878
"2020-05-07","Eastern","GR",1.08659815793406,1.89303793553264
"2020-05-07","Eastern","SG",2.79949241469976,4.77220802650532
"2020-05-07","Eastern","SH",0.426418687533119,0.813948192544224
"2020-05-07","Eastern","TG",1.58664933446021,2.69590599149888
"2020-05-07","Espace Mittelland","BE",5.2699953493721,10.3162189407797
"2020-05-07","Espace Mittelland","FR",1.64734984404464,2.51570082543619
"2020-05-07","Espace Mittelland","JU",0.38485725105234,0.561348269085535
"2020-05-07","Espace Mittelland","NE",0.898264535604872,1.41788361234205
"2020-05-07","Espace Mittelland","SO",1.27819777738606,2.26887888730957
"2020-05-07","Lake Geneva","GE",2.94208008101716,4.10073815462025
"2020-05-07","Lake Geneva","VD",4.79738965608078,7.21007599070356
"2020-05-07","Lake Geneva","VS",2.06154744320474,3.08462845175144
"2020-05-07","Northwestern","AG",3.66388475897654,6.32352911186927
"2020-05-07","Northwestern","BL",1.58991111794396,2.65280901855141
"2020-05-07","Northwestern","BS",0.938625981720631,2.23890133988081
"2020-05-07","Ticino","TI",1.76353497328453,2.25630327217506
"2020-05-07","Zurich","ZH",9.48847830326561,18.9506362921377
"2020-05-08","9999","9999",0.0137003733029671,0.0466317404447417
"2020-05-08","Central","LU",3.28236958159547,5.36101871999271
"2020-05-08","Central","NW",0.358383144767046,0.564645119539719
"2020-05-08","Central","OW",0.235106460978372,0.376044880671008
"2020-05-08","Central","SZ",1.33586272421313,1.89929175495088
"2020-05-08","Central","UR",0.250605439431313,0.394194552243524
"2020-05-08","Central","ZG",1.31940117985888,2.0068642465745
"2020-05-08","Eastern","AI",0.103607287397914,0.140642960612494
"2020-05-08","Eastern","AR",0.234717047890636,0.395010267819817
"2020-05-08","Eastern","GL",0.265382495416287,0.42685716344425
"2020-05-08","Eastern","GR",1.45323723923199,2.30507626600757
"2020-05-08","Eastern","SG",3.72913249391351,5.87797846646831
"2020-05-08","Eastern","SH",0.531488248663853,0.94568625811552
"2020-05-08","Eastern","TG",2.06679376062027,3.21772604328323
"2020-05-08","Espace Mittelland","BE",7.04452286112029,12.4258293618181
"2020-05-08","Espace Mittelland","FR",2.27874477117643,3.18751057881138
"2020-05-08","Espace Mittelland","JU",0.493439189710629,0.678437442432573
"2020-05-08","Espace Mittelland","NE",1.17552498976381,1.70722472488293
"2020-05-08","Espace Mittelland","SO",1.67071823204853,2.71551715347892
"2020-05-08","Lake Geneva","GE",3.62040706439772,4.60814723122342
"2020-05-08","Lake Geneva","VD",6.32540174258333,8.63842795294137
"2020-05-08","Lake Geneva","VS",2.80901892005002,3.86693367756531
"2020-05-08","Northwestern","AG",4.94614637586098,7.64427459433445
"2020-05-08","Northwestern","BL",2.12444165317398,3.24362501283053
"2020-05-08","Northwestern","BS",1.16998782552011,2.56617322671931
"2020-05-08","Ticino","TI",2.18861636299298,2.62949314832904
"2020-05-08","Zurich","ZH",12.2451741996515,22.0161634041442
"2020-05-09","9999","9999",0.0153506787211153,0.044150605566851
"2020-05-09","Central","LU",3.47653380348669,5.58323323823449
"2020-05-09","Central","NW",0.421754768657764,0.63795755695904
"2020-05-09","Central","OW",0.277448090326105,0.442865581628998
"2020-05-09","Central","SZ",1.57555326030577,2.2330213901017
"2020-05-09","Central","UR",0.258257960134957,0.431445563560898
"2020-05-09","Central","ZG",1.33973063732697,2.01971176690112
"2020-05-09","Eastern","AI",0.122802199051237,0.173237595515196
"2020-05-09","Eastern","AR",0.267512689681456,0.440384446751107
"2020-05-09","Eastern","GL",0.313678823045396,0.502684723890474
"2020-05-09","Eastern","GR",1.54928669924063,2.48429577574891
"2020-05-09","Eastern","SG",4.25756322660383,6.51872305164635
"2020-05-09","Eastern","SH",0.623123635880855,1.05573988461703
"2020-05-09","Eastern","TG",2.51639374431709,3.84246221027652
"2020-05-09","Espace Mittelland","BE",7.51098720288445,12.9376229096439
"2020-05-09","Espace Mittelland","FR",2.13658141752982,3.15097331862326
"2020-05-09","Espace Mittelland","JU",0.507022775506274,0.725646981410522
"2020-05-09","Espace Mittelland","NE",1.1744515025553,1.75290479715533
"2020-05-09","Espace Mittelland","SO",1.92706464505924,3.07480587668692
"2020-05-09","Lake Geneva","GE",3.43327427437816,4.27944784212641
"2020-05-09","Lake Geneva","VD",6.38440924253584,8.81360287295026
"2020-05-09","Lake Geneva","VS",2.79010605200867,3.94425671656807
"2020-05-09","Northwestern","AG",5.79140852857073,8.71690658901054
"2020-05-09","Northwestern","BL",2.3711593487589,3.51138365074866
"2020-05-09","Northwestern","BS",1.26705212248421,2.47076849244206
"2020-05-09","Ticino","TI",2.08555420535923,2.8240753014239
"2020-05-09","Zurich","ZH",14.0374370317948,23.2439852872101
"2020-05-10","9999","9999",0.0139715930316858,0.047175550828937
"2020-05-10","Central","LU",0.462869124719123,1.49364319649025
"2020-05-10","Central","NW",0.0761132102530667,0.192304947111041
"2020-05-10","Central","OW",0.0445124523353129,0.112398808783353
"2020-05-10","Central","SZ",0.199928515378277,0.556759868968888
"2020-05-10","Central","UR",0.0667875968025325,0.118176794115428
"2020-05-10","Central","ZG",0.184544761940103,0.585139973394077
"2020-05-10","Eastern","AI",0.0121950624945526,0.0293317725975307
"2020-05-10","Eastern","AR",0.0357760473862403,0.098735572880448
"2020-05-10","Eastern","GL",0.0521047133010805,0.152334883872691
"2020-05-10","Eastern","GR",0.202297297165528,0.569573401146488
"2020-05-10","Eastern","SG",0.487577293305271,1.47100708924812
"2020-05-10","Eastern","SH",0.0836768176899783,0.264053929675801
"2020-05-10","Eastern","TG",0.259680987500933,0.745122190794514
"2020-05-10","Espace Mittelland","BE",1.06110118906584,3.86180146706446
"2020-05-10","Espace Mittelland","FR",0.366096285482537,0.946060127754655
"2020-05-10","Espace Mittelland","JU",0.0668986316743627,0.165624250136462
"2020-05-10","Espace Mittelland","NE",0.143110114485396,0.388756448401571
"2020-05-10","Espace Mittelland","SO",0.246624126168697,0.751579939106832
"2020-05-10","Lake Geneva","GE",0.358051935505931,0.892698733805497
"2020-05-10","Lake Geneva","VD",1.00806916580445,2.3511302079191
"2020-05-10","Lake Geneva","VS",0.448307238448037,1.12313838410823
"2020-05-10","Northwestern","AG",0.735362461089775,2.15189167840957
"2020-05-10","Northwestern","BL",0.263558393050735,0.801678470750819
"2020-05-10","Northwestern","BS",0.184803403407965,0.706307724622579
"2020-05-10","Ticino","TI",0.235899561051982,0.575759244266709
"2020-05-10","Zurich","ZH",1.7217510128016,5.76748299402964
"2020-05-11","9999","9999",0.0111474406076315,0.0377948217015691
"2020-05-11","Central","LU",3.24364236562986,4.90034334828132
"2020-05-11","Central","NW",0.331312264226874,0.492454291037801
"2020-05-11","Central","OW",0.172099144561956,0.28380104425189
"2020-05-11","Central","SZ",1.2416827728386,1.68390885466056
"2020-05-11","Central","UR",0.218533603714772,0.329073258736144
"2020-05-11","Central","ZG",1.14186217243788,1.80327523399141
"2020-05-11","Eastern","AI",0.0726937716622803,0.0889129978159215
"2020-05-11","Eastern","AR",0.171763482784467,0.27499811365773
"2020-05-11","Eastern","GL",0.229873399295399,0.36775177231203
"2020-05-11","Eastern","GR",1.4568490562919,2.15709186520844
"2020-05-11","Eastern","SG",3.88163506833538,5.41298659983237
"2020-05-11","Eastern","SH",0.494398924328435,0.870980306586699
"2020-05-11","Eastern","TG",1.70607527688905,2.7522243544121
"2020-05-11","Espace Mittelland","BE",6.78990651113634,11.2680910420155
"2020-05-11","Espace Mittelland","FR",1.88241830003497,2.73135563091861
"2020-05-11","Espace Mittelland","JU",0.401870519750852,0.559750826081962
"2020-05-11","Espace Mittelland","NE",1.06090741257706,1.57405915705312
"2020-05-11","Espace Mittelland","SO",1.38118159892698,2.30677567345818
"2020-05-11","Lake Geneva","GE",4.34790606828914,5.26789119169928
"2020-05-11","Lake Geneva","VD",6.24365880508785,8.43524679814642
"2020-05-11","Lake Geneva","VS",2.65534348545966,3.54132721002841
"2020-05-11","Northwestern","AG",4.51828311501194,6.85527370316518
"2020-05-11","Northwestern","BL",1.79349145645715,2.56511959409993
"2020-05-11","Northwestern","BS",1.40857373420178,2.67765435547933
"2020-05-11","Ticino","TI",2.2335610618585,2.46964688352465
"2020-05-11","Zurich","ZH",12.0607642232532,20.3181834557926
"2020-05-12","9999","9999",0.010339275599552,0.0367411890821908
"2020-05-12","Central","LU",3.27800751748454,4.98205085850666
"2020-05-12","Central","NW",0.360361236843573,0.515498256068074
"2020-05-12","Central","OW",0.187586543339508,0.285330510957439
"2020-05-12","Central","SZ",1.25132110409702,1.68482653468389
"2020-05-12","Central","UR",0.221943596861852,0.328529448351949
"2020-05-12","Central","ZG",1.26576721711034,1.92376322223967
"2020-05-12","Eastern","AI",0.0872019810275262,0.0947249712970082
"2020-05-12","Eastern","AR",0.203526982721108,0.29644463568443
"2020-05-12","Eastern","GL",0.248936928429504,0.375535058435825
"2020-05-12","Eastern","GR",1.40022551270971,2.06661541253796
"2020-05-12","Eastern","SG",3.95288347956142,5.55825194871052
"2020-05-12","Eastern","SH",0.52685556397548,0.92576920279437
"2020-05-12","Eastern","TG",1.73341386448671,2.72996211680911
"2020-05-12","Espace Mittelland","BE",6.86689721955703,11.4763364310132
"2020-05-12","Espace Mittelland","FR",1.87516057303251,2.72748098193122
"2020-05-12","Espace Mittelland","JU",0.417037822936127,0.593535046200091
"2020-05-12","Espace Mittelland","NE",1.13174859673386,1.68129176718662
"2020-05-12","Espace Mittelland","SO",1.4514934153059,2.39759200761878
"2020-05-12","Lake Geneva","GE",4.391935812242,5.37600749370709
"2020-05-12","Lake Geneva","VD",6.29107916571372,8.61072761149642
"2020-05-12","Lake Geneva","VS",2.59185172194727,3.48276562928038
"2020-05-12","Northwestern","AG",4.81956691959218,7.13717141107239
"2020-05-12","Northwestern","BL",1.86176398900856,2.75776442270109
"2020-05-12","Northwestern","BS",1.59000827835184,2.96981648438822
"2020-05-12","Ticino","TI",2.24487177706394,2.66358326178828
"2020-05-12","Zurich","ZH",12.5780146677481,21.2853162359349
"2020-05-13","9999","9999",0.0126506054362985,0.039120359513045
"2020-05-13","Central","LU",3.33599996901644,4.90374216318254
"2020-05-13","Central","NW",0.343588964020327,0.48426314712586
"2020-05-13","Central","OW",0.175761470466363,0.275677876637974
"2020-05-13","Central","SZ",1.24584835448995,1.64417670846529
"2020-05-13","Central","UR",0.22728743495924,0.321357948910374
"2020-05-13","Central","ZG",1.2047209580772,1.86278848291178
"2020-05-13","Eastern","AI",0.0879255521405194,0.098395691390326
"2020-05-13","Eastern","AR",0.18256346655804,0.27238102618379
"2020-05-13","Eastern","GL",0.231039895929067,0.351607401531234
"2020-05-13","Eastern","GR",1.38229250763635,1.99435660773801
"2020-05-13","Eastern","SG",3.83248068166906,5.36101871999271
"2020-05-13","Eastern","SH",0.518883813120299,0.857520999577867
"2020-05-13","Eastern","TG",1.62538000435673,2.58918320360057
"2020-05-13","Espace Mittelland","BE",6.64246835493426,11.0001284752033
"2020-05-13","Espace Mittelland","FR",1.86117404821109,2.64482180353354
"2020-05-13","Espace Mittelland","JU",0.411454880401827,0.565256906221939
"2020-05-13","Espace Mittelland","NE",1.10059550663874,1.57993910683223
"2020-05-13","Espace Mittelland","SO",1.39776313409409,2.24151842735475
"2020-05-13","Lake Geneva","GE",4.05882733555425,5.00108422195349
"2020-05-13","Lake Geneva","VD",6.14876096474744,8.24005285836934
"2020-05-13","Lake Geneva","VS",2.55688430557566,3.41105063486464
"2020-05-13","Northwestern","AG",4.69652445304566,6.8107492279592
"2020-05-13","Northwestern","BL",1.77323193521591,2.54571236101396
"2020-05-13","Northwestern","BS",1.38632157286437,2.67085672567689
"2020-05-13","Ticino","TI",2.03036587971775,2.3887211007266
"2020-05-13","Zurich","ZH",12.2514864581022,20.4422401996872
"2020-05-14","9999","9999",0.0124941094716039,0.0408537551126673
"2020-05-14","Central","LU",3.42300639568145,5.11385690037598
"2020-05-14","Central","NW",0.338477064040621,0.491638575461508
"2020-05-14","Central","OW",0.194269676432502,0.295153086021966
"2020-05-14","Central","SZ",1.26928103964981,1.68805540884005
"2020-05-14","Central","UR",0.228013222540367,0.329277187630217
"2020-05-14","Central","ZG",1.24912373831614,1.91747541467241
"2020-05-14","Eastern","AI",0.0965889663660242,0.102848138910925
"2020-05-14","Eastern","AR",0.202525934077139,0.294643263786783
"2020-05-14","Eastern","GL",0.238530845504233,0.362007775128968
"2020-05-14","Eastern","GR",1.42401138775901,2.09462164732401
"2020-05-14","Eastern","SG",4.19261473052895,5.63611879809748
"2020-05-14","Eastern","SH",0.529144220048105,0.895689690918571
"2020-05-14","Eastern","TG",1.78831367724881,2.72795681601739
"2020-05-14","Espace Mittelland","BE",7.10609398450666,11.7502129357536
"2020-05-14","Espace Mittelland","FR",1.93812030587245,2.80878063436841
"2020-05-14","Espace Mittelland","JU",0.44145385240704,0.604003396095849
"2020-05-14","Espace Mittelland","NE",1.16096367131584,1.69352750083101
"2020-05-14","Espace Mittelland","SO",1.56764007746721,2.51529296764804
"2020-05-14","Lake Geneva","GE",4.39255937599953,5.57799906328661
"2020-05-14","Lake Geneva","VD",6.49864956979744,8.81859913085505
"2020-05-14","Lake Geneva","VS",2.51400579752093,3.48405717894285
"2020-05-14","Northwestern","AG",4.89078418669974,7.15277197146899
"2020-05-14","Northwestern","BL",1.94806057804776,2.79753055704537
"2020-05-14","Northwestern","BS",1.54283418456609,2.92029575127744
"2020-05-14","Ticino","TI",2.29015094332042,2.78186202035074
"2020-05-14","Zurich","ZH",12.6948612521689,21.1837596466864
"2020-05-15","9999","9999",0.0149230648442594,0.0434708425866069
"2020-05-15","Central","LU",4.68599521907824,6.27166319647665
"2020-05-15","Central","NW",0.46139120256464,0.592073555792566
"2020-05-15","Central","OW",0.236491060425985,0.344367925791635
"2020-05-15","Central","SZ",1.6289329009581,2.01016109702869
"2020-05-15","Central","UR",0.318445392590685,0.417068576528736
"2020-05-15","Central","ZG",1.66647719258011,2.25776476258258
"2020-05-15","Eastern","AI",0.136833346936939,0.131364195932162
"2020-05-15","Eastern","AR",0.266565619476978,0.347868705139892
"2020-05-15","Eastern","GL",0.300328608631279,0.432839077670398
"2020-05-15","Eastern","GR",1.83587776760948,2.46427675598072
"2020-05-15","Eastern","SG",5.05990227952274,6.54261672040193
"2020-05-15","Eastern","SH",0.626584505978447,1.03218609735158
"2020-05-15","Eastern","TG",2.27223164040607,3.20236339992971
"2020-05-15","Espace Mittelland","BE",9.29103919488291,13.8698158726015
"2020-05-15","Espace Mittelland","FR",2.56380355909723,3.37199825164961
"2020-05-15","Espace Mittelland","JU",0.547958228128275,0.699068248882979
"2020-05-15","Espace Mittelland","NE",1.45344478053611,1.93953372338133
"2020-05-15","Espace Mittelland","SO",1.92469257381398,2.83865621735013
"2020-05-15","Lake Geneva","GE",5.09074508365928,6.02993948070187
"2020-05-15","Lake Geneva","VD",8.10302202233004,10.2898441371463
"2020-05-15","Lake Geneva","VS",3.36469323374191,4.24311451083236
"2020-05-15","Northwestern","AG",6.21274675786026,8.44167055830973
"2020-05-15","Northwestern","BL",2.52808058946555,3.32580835714203
"2020-05-15","Northwestern","BS",1.89366350411778,3.32336121041315
"2020-05-15","Ticino","TI",2.61893308959285,3.02729044436786
"2020-05-15","Zurich","ZH",16.0329325498163,24.6151012065113
"2020-05-16","9999","9999",0.014602977084026,0.0393922647051426
"2020-05-16","Central","LU",5.189909335371,6.5118914336949
"2020-05-16","Central","NW",0.534633475685542,0.652130615097128
"2020-05-16","Central","OW",0.269747974297914,0.373869639134227
"2020-05-16","Central","SZ",1.96829514248438,2.25592940253592
"2020-05-16","Central","UR",0.318171173189545,0.408843444467783
"2020-05-16","Central","ZG",1.82222563185858,2.26707751541193
"2020-05-16","Eastern","AI",0.153089648691641,0.157399118075509
"2020-05-16","Eastern","AR",0.306051803473352,0.379239766678155
"2020-05-16","Eastern","GL",0.344000392980583,0.473115034249858
"2020-05-16","Eastern","GR",2.19371751349384,2.65991254169496
"2020-05-16","Eastern","SG",6.15745866374063,7.22401113179856
"2020-05-16","Eastern","SH",0.770864253830682,1.14764383954603
"2020-05-16","Eastern","TG",2.728411750168,3.63958694882268
"2020-05-16","Espace Mittelland","BE",10.0507155516885,14.002029772259
"2020-05-16","Espace Mittelland","FR",2.57708011706414,3.27961846263445
"2020-05-16","Espace Mittelland","JU",0.587841144256452,0.737338904670719
"2020-05-16","Espace Mittelland","NE",1.61590678431016,2.08048257733493
"2020-05-16","Espace Mittelland","SO",2.28278052496907,3.19209897892803
"2020-05-16","Lake Geneva","GE",5.74050304201049,6.01403302696416
"2020-05-16","Lake Geneva","VD",9.26495596627737,10.8538434818547
"2020-05-16","Lake Geneva","VS",3.60403778542456,4.26955729076386
"2020-05-16","Northwestern","AG",7.60460284773784,9.55270916136961
"2020-05-16","Northwestern","BL",2.8345787019021,3.45628886119988
"2020-05-16","Northwestern","BS",2.31868646678638,3.56508492618794
"2020-05-16","Ticino","TI",3.17088122273477,3.39075970990435
"2020-05-16","Zurich","ZH",20.0155520522915,26.655919613949
"2020-05-17","9999","9999",0.0131049344113989,0.0436067951826557
"2020-05-17","Central","LU",0.545363738613448,1.59710312208339
"2020-05-17","Central","NW",0.0849328698178941,0.180341118658746
"2020-05-17","Central","OW",0.0562948170786639,0.129120978097357
"2020-05-17","Central","SZ",0.280355262404627,0.631771713838819
"2020-05-17","Central","UR",0.0805554235747553,0.151179286806276
"2020-05-17","Central","ZG",0.188751716357931,0.568689709272171
"2020-05-17","Eastern","AI",0.0279009243600214,0.0454761433783268
"2020-05-17","Eastern","AR",0.0506704704497081,0.103425937444132
"2020-05-17","Eastern","GL",0.0565065759378802,0.165318356795353
"2020-05-17","Eastern","GR",0.384194041493779,0.731153061550499
"2020-05-17","Eastern","SG",0.549514462879459,1.509651614675
"2020-05-17","Eastern","SH",0.0945691177529123,0.26466571635802
"2020-05-17","Eastern","TG",0.292906581033407,0.759907035614822
"2020-05-17","Espace Mittelland","BE",1.141827852426,3.8794413164018
"2020-05-17","Espace Mittelland","FR",0.398228396601039,1.00893820342723
"2020-05-17","Espace Mittelland","JU",0.0772318609368156,0.163449008599681
"2020-05-17","Espace Mittelland","NE",0.175567952435001,0.430969729474727
"2020-05-17","Espace Mittelland","SO",0.254127211494297,0.73903831212133
"2020-05-17","Lake Geneva","GE",0.450716805598557,1.07854593260422
"2020-05-17","Lake Geneva","VD",1.07125557362926,2.57303883281977
"2020-05-17","Lake Geneva","VS",0.475131480126052,1.10403704436337
"2020-05-17","Northwestern","AG",0.736573804000942,2.07042208522732
"2020-05-17","Northwestern","BL",0.262483985577183,0.76605889058603
"2020-05-17","Northwestern","BS",0.217618989495966,0.798653525488733
"2020-05-17","Ticino","TI",0.450537044550504,0.752871488769296
"2020-05-17","Zurich","ZH",2.07294989121234,6.34215461752796
"2020-05-18","9999","9999",0.0124913212643406,0.0443885226099364
"2020-05-18","Central","LU",2.97390502724617,5.00998911699469
"2020-05-18","Central","NW",0.301056056605495,0.501563114973071
"2020-05-18","Central","OW",0.168752771099145,0.301101012099101
"2020-05-18","Central","SZ",1.13633013818226,1.68112182644156
"2020-05-18","Central","UR",0.193693429961998,0.326422183113192
"2020-05-18","Central","ZG",1.09745665098393,1.89426150889708
"2020-05-18","Eastern","AI",0.0755713151226092,0.105839096023998
"2020-05-18","Eastern","AR",0.177893372116879,0.313506686488555
"2020-05-18","Eastern","GL",0.202760507677248,0.363945099622664
"2020-05-18","Eastern","GR",1.36961000228942,2.16470521058717
"2020-05-18","Eastern","SG",3.53100204719028,5.48395385496985
"2020-05-18","Eastern","SH",0.466451818327605,0.892800698252533
"2020-05-18","Eastern","TG",1.57707466596229,2.76479996954662
"2020-05-18","Espace Mittelland","BE",6.47394373907609,11.8569357236519
"2020-05-18","Espace Mittelland","FR",1.83961145908856,2.88987635791152
"2020-05-18","Espace Mittelland","JU",0.381034826443516,0.596627967760201
"2020-05-18","Espace Mittelland","NE",1.00732587752352,1.65012463454243
"2020-05-18","Espace Mittelland","SO",1.31137833667201,2.3881772903424
"2020-05-18","Lake Geneva","GE",3.9433594843809,5.49187309368969
"2020-05-18","Lake Geneva","VD",5.92392354552414,8.96457823086246
"2020-05-18","Lake Geneva","VS",2.48427497899965,3.60104438784285
"2020-05-18","Northwestern","AG",4.30043355017375,7.05223502669089
"2020-05-18","Northwestern","BL",1.78324641208144,2.82778000966623
"2020-05-18","Northwestern","BS",1.41612954092398,2.98317382695002
"2020-05-18","Ticino","TI",2.01313648579612,2.66416106032149
"2020-05-18","Zurich","ZH",11.7465182036629,22.0243545480562
"2020-05-19","9999","9999",0.0124839356479101,0.0416694706889602
"2020-05-19","Central","LU",3.38401167237545,5.34086374762848
"2020-05-19","Central","NW",0.356333542223054,0.537896446267116
"2020-05-19","Central","OW",0.209195094805645,0.33440939813106
"2020-05-19","Central","SZ",1.32176913536561,1.79722534346724
"2020-05-19","Central","UR",0.251445308548949,0.367004033033762
"2020-05-19","Central","ZG",1.30754377239673,2.0400026918614
"2020-05-19","Eastern","AI",0.108248332792054,0.12623198543132
"2020-05-19","Eastern","AR",0.224522563267702,0.34290643538411
"2020-05-19","Eastern","GL",0.250513949422476,0.388416566911449
"2020-05-19","Eastern","GR",1.51104024931084,2.24957361867064
"2020-05-19","Eastern","SG",4.01013953892615,5.84137322998217
"2020-05-19","Eastern","SH",0.550968873241233,0.961252830363109
"2020-05-19","Eastern","TG",1.86156580307964,2.94405346743697
"2020-05-19","Espace Mittelland","BE",7.5138363434413,12.6348904663922
"2020-05-19","Espace Mittelland","FR",2.06254559399284,3.04346880329767
"2020-05-19","Espace Mittelland","JU",0.464514617346925,0.654577761826006
"2020-05-19","Espace Mittelland","NE",1.23478689013297,1.83767124079176
"2020-05-19","Espace Mittelland","SO",1.53267394163461,2.53317073402846
"2020-05-19","Lake Geneva","GE",4.32586849709445,5.754567497405
"2020-05-19","Lake Geneva","VD",6.69122784216681,9.4860923893057
"2020-05-19","Lake Geneva","VS",2.70787396035945,3.78104562501147
"2020-05-19","Northwestern","AG",4.9725476911398,7.54754432224572
"2020-05-19","Northwestern","BL",2.00809203928567,3.00030385405217
"2020-05-19","Northwestern","BS",1.55379384411377,3.06957170173904
"2020-05-19","Ticino","TI",2.20087719898359,2.80466806833793
"2020-05-19","Zurich","ZH",13.0532814424988,22.8950969375998
"2020-05-20","9999","9999",0.0170770763518095,0.0522737731807673
"2020-05-20","Central","LU",3.90871787316083,5.99731085765015
"2020-05-20","Central","NW",0.493784751190311,0.670620168159766
"2020-05-20","Central","OW",0.279747574198004,0.429542227216214
"2020-05-20","Central","SZ",1.69481230190096,2.22401453061347
"2020-05-20","Central","UR",0.30787347007357,0.425633590079811
"2020-05-20","Central","ZG",1.61850412077258,2.42359294161312
"2020-05-20","Eastern","AI",0.135131624157321,0.158010904757729
"2020-05-20","Eastern","AR",0.288990677076856,0.41805423285009
"2020-05-20","Eastern","GL",0.332018131006949,0.512779204147098
"2020-05-20","Eastern","GR",1.99430066547654,2.8235314910397
"2020-05-20","Eastern","SG",5.02357816144023,7.05162324000867
"2020-05-20","Eastern","SH",0.685000208939324,1.14244365274716
"2020-05-20","Eastern","TG",2.43209008515964,3.66412639240949
"2020-05-20","Espace Mittelland","BE",8.53287018521689,13.957505297053
"2020-05-20","Espace Mittelland","FR",2.60314137678941,3.68757821522791
"2020-05-20","Espace Mittelland","JU",0.588257769777154,0.805723060483271
"2020-05-20","Espace Mittelland","NE",1.54620511539934,2.12945950006152
"2020-05-20","Espace Mittelland","SO",1.98900984247737,3.14794837336118
"2020-05-20","Lake Geneva","GE",5.27240259040589,6.6414202695804
"2020-05-20","Lake Geneva","VD",8.51711283158554,11.2921546515161
"2020-05-20","Lake Geneva","VS",3.28177468311486,4.33671787321197
"2020-05-20","Northwestern","AG",6.27892371769203,9.19933437608974
"2020-05-20","Northwestern","BL",2.56205919084416,3.64376749115119
"2020-05-20","Northwestern","BS",1.83306930668332,3.41203629118599
"2020-05-20","Ticino","TI",2.89861344528288,3.55478651703724
"2020-05-20","Zurich","ZH",16.5477956819105,27.2171319304385
"2020-05-21","9999","9999",0.0181833249956668,0.0545849673135971
"2020-05-21","Central","LU",0.770802854530569,2.05359795146628
"2020-05-21","Central","NW",0.123491262183325,0.250390693772895
"2020-05-21","Central","OW",0.0989489057768706,0.192644828601163
"2020-05-21","Central","SZ",0.359818762141943,0.801304601111684
"2020-05-21","Central","UR",0.112687566021429,0.24182568022182
"2020-05-21","Central","ZG",0.245492352897112,0.673203267484693
"2020-05-21","Eastern","AI",0.041693829333528,0.0620623600962816
"2020-05-21","Eastern","AR",0.0644646168020103,0.126401926176381
"2020-05-21","Eastern","GL",0.0850417508779338,0.241587763178735
"2020-05-21","Eastern","GR",0.669791364598642,1.22394723407842
"2020-05-21","Eastern","SG",0.701459008162543,1.85857395243427
"2020-05-21","Eastern","SH",0.127637138414797,0.322649498572838
"2020-05-21","Eastern","TG",0.355870159406391,0.837400015362643
"2020-05-21","Espace Mittelland","BE",1.73433043280022,5.07429469492577
"2020-05-21","Espace Mittelland","FR",0.546934537048357,1.26660236108874
"2020-05-21","Espace Mittelland","JU",0.106063729325037,0.214091350627863
"2020-05-21","Espace Mittelland","NE",0.271509056130477,0.592175520239603
"2020-05-21","Espace Mittelland","SO",0.326183909125088,0.894805999044253
"2020-05-21","Lake Geneva","GE",0.641073150900593,1.37567033126889
"2020-05-21","Lake Geneva","VD",1.48647469439339,3.24280929725423
"2020-05-21","Lake Geneva","VS",0.92928135990204,1.7252384438594
"2020-05-21","Northwestern","AG",0.892516211653236,2.41254679318415
"2020-05-21","Northwestern","BL",0.310832196574314,0.893446473083765
"2020-05-21","Northwestern","BS",0.278103808535656,0.957548122120779
"2020-05-21","Ticino","TI",0.755281343290277,1.14604639654245
"2020-05-21","Zurich","ZH",2.5719076558129,7.47266842997184
"2020-05-22","9999","9999",0.0166914931330391,0.0453062026332658
"2020-05-22","Central","LU",5.72809666316714,7.43976790172803
"2020-05-22","Central","NW",0.586628219272624,0.718815363459069
"2020-05-22","Central","OW",0.317555421894782,0.465399724424088
"2020-05-22","Central","SZ",2.02954033149051,2.44113082650341
"2020-05-22","Central","UR",0.38855890556004,0.525048925940503
"2020-05-22","Central","ZG",1.91213722168312,2.49214703817073
"2020-05-22","Eastern","AI",0.187605398982728,0.199612399148665
"2020-05-22","Eastern","AR",0.322567733533319,0.416422801697504
"2020-05-22","Eastern","GL",0.369724964930755,0.54027561669797
"2020-05-22","Eastern","GR",2.94126597540456,3.74250306403163
"2020-05-22","Eastern","SG",6.2669184216803,7.67313053284581
"2020-05-22","Eastern","SH",0.778737164304789,1.18197187004835
"2020-05-22","Eastern","TG",2.7863538925725,3.78182735243875
"2020-05-22","Espace Mittelland","BE",11.5185349191064,16.2588428666692
"2020-05-22","Espace Mittelland","FR",3.13830311201877,4.07059066644642
"2020-05-22","Espace Mittelland","JU",0.690831184439413,0.852150872033939
"2020-05-22","Espace Mittelland","NE",1.82809257993159,2.34117168025853
"2020-05-22","Espace Mittelland","SO",2.33502410822235,3.30898422338099
"2020-05-22","Lake Geneva","GE",5.99684257848755,6.86186740407355
"2020-05-22","Lake Geneva","VD",9.91248162793648,11.9912908766971
"2020-05-22","Lake Geneva","VS",4.54223889056732,5.43592860041561
"2020-05-22","Northwestern","AG",7.38769724769913,9.48412107666299
"2020-05-22","Northwestern","BL",2.79875292104361,3.50519780762844
"2020-05-22","Northwestern","BS",2.27756629934921,3.62136930095214
"2020-05-22","Ticino","TI",3.753658050588,4.24053141150744
"2020-05-22","Zurich","ZH",18.682748500529,26.8100558697193
"2020-05-23","9999","9999",0.0136541133417296,0.0333423741809706
"2020-05-23","Central","LU",4.91605999434127,6.16592606489969
"2020-05-23","Central","NW",0.548049283458733,0.62561985886761
"2020-05-23","Central","OW",0.27451293044237,0.375127200647678
"2020-05-23","Central","SZ",1.83401849937142,2.1149125722843
"2020-05-23","Central","UR",0.335747217244818,0.403337364327806
"2020-05-23","Central","ZG",1.60238544367526,2.00360138426933
"2020-05-23","Eastern","AI",0.141083777024763,0.149207974163569
"2020-05-23","Eastern","AR",0.267837648972357,0.337638272287219
"2020-05-23","Eastern","GL",0.330987492905001,0.445414692804913
"2020-05-23","Eastern","GR",2.51987800872675,3.1480163496592
"2020-05-23","Eastern","SG",5.33510253046765,6.41791420167616
"2020-05-23","Eastern","SH",0.657866805200885,1.00642308040033
"2020-05-23","Eastern","TG",2.3932659907397,3.22180462116469
"2020-05-23","Espace Mittelland","BE",9.42342279798894,13.133088754613
"2020-05-23","Espace Mittelland","FR",2.48266939846234,3.16144166851902
"2020-05-23","Espace Mittelland","JU",0.560303728502359,0.680884589161451
"2020-05-23","Espace Mittelland","NE",1.63024972973872,2.0135259237809
"2020-05-23","Espace Mittelland","SO",2.05206889736902,2.8711488878058
"2020-05-23","Lake Geneva","GE",5.458445465507,5.83746459284577
"2020-05-23","Lake Geneva","VD",8.4751950958943,10.185942365616
"2020-05-23","Lake Geneva","VS",3.71778819099221,4.46193021417292
"2020-05-23","Northwestern","AG",6.83131857489542,8.59862783044808
"2020-05-23","Northwestern","BL",2.37397558298761,2.92729730997396
"2020-05-23","Northwestern","BS",1.84123431319643,2.85983083418474
"2020-05-23","Ticino","TI",3.46904673077275,3.83345535078829
"2020-05-23","Zurich","ZH",17.0930383684692,22.9646706786278
"2020-05-24","9999","9999",0.0128549277708055,0.0402759565794599
"2020-05-24","Central","LU",0.599936218975648,1.53487082124205
"2020-05-24","Central","NW",0.107553826390168,0.173237595515196
"2020-05-24","Central","OW",0.0870661146637627,0.139453375397067
"2020-05-24","Central","SZ",0.321556812599307,0.569437448550439
"2020-05-24","Central","UR",0.138047250926126,0.172319915491866
"2020-05-24","Central","ZG",0.180567756301067,0.522635767360637
"2020-05-24","Eastern","AI",0.0412787898015069,0.0431989373945093
"2020-05-24","Eastern","AR",0.0521495282504077,0.0897627015412266
"2020-05-24","Eastern","GL",0.0763709706161057,0.163720913791779
"2020-05-24","Eastern","GR",0.669416902880753,0.941573692085044
"2020-05-24","Eastern","SG",0.60013346897544,1.35565131150071
"2020-05-24","Eastern","SH",0.0869309492678365,0.235435908207526
"2020-05-24","Eastern","TG",0.274242979504597,0.634524753908807
"2020-05-24","Espace Mittelland","BE",1.30722990719456,3.85517377800708
"2020-05-24","Espace Mittelland","FR",0.453346684199112,1.05234106971581
"2020-05-24","Espace Mittelland","JU",0.0811942598158905,0.156311497307119
"2020-05-24","Espace Mittelland","NE",0.234455359758095,0.432125326541142
"2020-05-24","Espace Mittelland","SO",0.253832577873405,0.688294005646111
"2020-05-24","Lake Geneva","GE",0.489931335187833,1.14567252690332
"2020-05-24","Lake Geneva","VD",1.19426268633424,2.6430204316359
"2020-05-24","Lake Geneva","VS",0.641388974113481,1.2751333864908
"2020-05-24","Northwestern","AG",0.70439180276933,1.91441648126131
"2020-05-24","Northwestern","BL",0.246189263736161,0.707939155775164
"2020-05-24","Northwestern","BS",0.22026153642587,0.787607377059767
"2020-05-24","Ticino","TI",0.814081720952951,1.04245051835326
"2020-05-24","Zurich","ZH",2.02395827789308,6.00798313643999
"2020-05-25","9999","9999",0.0121125793350209,0.0419073877320456
"2020-05-25","Central","LU",3.24350550851267,5.22873684403722
"2020-05-25","Central","NW",0.342671134747921,0.525728688920747
"2020-05-25","Central","OW",0.17456654351706,0.306878997431176
"2020-05-25","Central","SZ",1.2246240743754,1.74573329771375
"2020-05-25","Central","UR",0.215393729894387,0.340459288655232
"2020-05-25","Central","ZG",1.14793204090972,1.95802327644397
"2020-05-25","Eastern","AI",0.0798012487542304,0.104615522659559
"2020-05-25","Eastern","AR",0.199202641644679,0.31775520511508
"2020-05-25","Eastern","GL",0.220907065147641,0.381245067469875
"2020-05-25","Eastern","GR",1.61703044358533,2.37026553581297
"2020-05-25","Eastern","SG",3.81050076997401,5.72866852785771
"2020-05-25","Eastern","SH",0.491501550135548,0.905546254132109
"2020-05-25","Eastern","TG",1.76094984697696,2.84351652265888
"2020-05-25","Espace Mittelland","BE",6.91929541125268,12.3044236935465
"2020-05-25","Espace Mittelland","FR",2.02968520470358,3.02297394944331
"2020-05-25","Espace Mittelland","JU",0.411046537266464,0.616884904571474
"2020-05-25","Espace Mittelland","NE",1.13535002850492,1.76762166567761
"2020-05-25","Espace Mittelland","SO",1.42185835917284,2.48001326897337
"2020-05-25","Lake Geneva","GE",4.42284606984779,5.95849639147822
"2020-05-25","Lake Geneva","VD",6.53661485722008,9.54037146327818
"2020-05-25","Lake Geneva","VS",2.63694695659286,3.71436087664953
"2020-05-25","Northwestern","AG",4.55411994688293,7.23662073508209
"2020-05-25","Northwestern","BL",1.8602846100941,2.86717227437137
"2020-05-25","Northwestern","BS",1.54247485827106,3.13051245291792
"2020-05-25","Ticino","TI",2.59855359320284,2.99636122876675
"2020-05-25","Zurich","ZH",12.5588792013002,22.8278343907046
"2020-05-26","9999","9999",0.0131278000605707,0.0449663211431438
"2020-05-26","Central","LU",3.2779571652809,5.28869193889475
"2020-05-26","Central","NW",0.353545538592887,0.528651669735797
"2020-05-26","Central","OW",0.199321488979276,0.311807279037945
"2020-05-26","Central","SZ",1.2726171805486,1.73523095966898
"2020-05-26","Central","UR",0.243259887816089,0.354122524558137
"2020-05-26","Central","ZG",1.23074295185553,1.98453403267349
"2020-05-26","Eastern","AI",0.100097788146115,0.117870900774318
"2020-05-26","Eastern","AR",0.218490112380691,0.322547534125801
"2020-05-26","Eastern","GL",0.241028750266334,0.387838768378242
"2020-05-26","Eastern","GR",1.54880417099516,2.28373170842791
"2020-05-26","Eastern","SG",3.98131415546943,5.78304956627723
"2020-05-26","Eastern","SH",0.521384302456547,0.934946003027664
"2020-05-26","Eastern","TG",1.82010337536886,2.84355051080789
"2020-05-26","Espace Mittelland","BE",7.06515086823071,12.3397713685192
"2020-05-26","Espace Mittelland","FR",2.01413194236147,3.0070674957056
"2020-05-26","Espace Mittelland","JU",0.433470447472061,0.628134981894513
"2020-05-26","Espace Mittelland","NE",1.20129754864068,1.80776166966102
"2020-05-26","Espace Mittelland","SO",1.5096503279901,2.53436031924389
"2020-05-26","Lake Geneva","GE",4.41682252790955,5.93650605906732
"2020-05-26","Lake Geneva","VD",6.59695872690018,9.57170853666744
"2020-05-26","Lake Geneva","VS",2.63565437190096,3.67874129648474
"2020-05-26","Northwestern","AG",4.80803153832087,7.45271738650167
"2020-05-26","Northwestern","BL",1.89866188646806,2.88331664515217
"2020-05-26","Northwestern","BS",1.56588358129575,3.10947378867936
"2020-05-26","Ticino","TI",2.3781971441654,2.95567741439915
"2020-05-26","Zurich","ZH",12.916128818418,23.0247957142304
"2020-05-27","9999","9999",0.0151464268749941,0.0475494204680712
"2020-05-27","Central","LU",3.48236993247099,5.46995073757682
"2020-05-27","Central","NW",0.359499312693204,0.534157749875773
"2020-05-27","Central","OW",0.198880501889212,0.31357466278658
"2020-05-27","Central","SZ",1.32491962552011,1.81061667417805
"2020-05-27","Central","UR",0.246943352404214,0.35493824013443
"2020-05-27","Central","ZG",1.3032594373953,2.05655492043034
"2020-05-27","Eastern","AI",0.107354771104494,0.122493289039978
"2020-05-27","Eastern","AR",0.215034297866774,0.324960692705667
"2020-05-27","Eastern","GL",0.243300594858929,0.383556261602704
"2020-05-27","Eastern","GR",1.58114230400147,2.35017853974676
"2020-05-27","Eastern","SG",4.01741538927581,5.8946666476333
"2020-05-27","Eastern","SH",0.533730891484591,0.951532219745619
"2020-05-27","Eastern","TG",1.81337011328545,2.8552764222171
"2020-05-27","Espace Mittelland","BE",7.27810518305918,12.7100042757091
"2020-05-27","Espace Mittelland","FR",2.12075626190331,3.10896396644418
"2020-05-27","Espace Mittelland","JU",0.4851575053388,0.646318641616041
"2020-05-27","Espace Mittelland","NE",1.26625120994783,1.85707847387773
"2020-05-27","Espace Mittelland","SO",1.54680980784956,2.60053524537064
"2020-05-27","Lake Geneva","GE",4.67270434022094,6.15171901861259
"2020-05-27","Lake Geneva","VD",7.02440126215407,9.94618996248388
"2020-05-27","Lake Geneva","VS",2.76870755201641,3.81996205563044
"2020-05-27","Northwestern","AG",4.98354393415974,7.68767746062303
"2020-05-27","Northwestern","BL",1.89367287124105,2.92427236471187
"2020-05-27","Northwestern","BS",1.63170461002306,3.23424428370316
"2020-05-27","Ticino","TI",2.52388507374634,3.00798517572893
"2020-05-27","Zurich","ZH",13.3756616416815,23.7138374591547
"2020-05-28","9999","9999",0.0155774516065218,0.0460539419115343
"2020-05-28","Central","LU",3.67975018305148,5.6762927902299
"2020-05-28","Central","NW",0.389293735234666,0.551117836232862
"2020-05-28","Central","OW",0.233699927894689,0.335632971495499
"2020-05-28","Central","SZ",1.41163068626823,1.84960108109504
"2020-05-28","Central","UR",0.271574195231064,0.368839393080421
"2020-05-28","Central","ZG",1.36892102139379,2.10661946392532
"2020-05-28","Eastern","AI",0.114260283306842,0.128815084756247
"2020-05-28","Eastern","AR",0.229801003807089,0.327271886838497
"2020-05-28","Eastern","GL",0.273640965613036,0.417408458018858
"2020-05-28","Eastern","GR",1.73963953578746,2.41026958720034
"2020-05-28","Eastern","SG",4.44892226527883,6.20898904969815
"2020-05-28","Eastern","SH",0.561636483742165,0.972434931388124
"2020-05-28","Eastern","TG",1.98895377288243,2.97889132017448
"2020-05-28","Espace Mittelland","BE",7.84557986344496,13.0895499357284
"2020-05-28","Espace Mittelland","FR",2.25223023980184,3.1839418231651
"2020-05-28","Espace Mittelland","JU",0.50178115340044,0.674256900104072
"2020-05-28","Espace Mittelland","NE",1.36087064466019,1.95391071041349
"2020-05-28","Espace Mittelland","SO",1.74912810663806,2.7828476766721
"2020-05-28","Lake Geneva","GE",4.88889009719906,6.47311095567198
"2020-05-28","Lake Geneva","VD",7.12778118926336,10.1029093175791
"2020-05-28","Lake Geneva","VS",2.78469493666299,3.78760533777083
"2020-05-28","Northwestern","AG",5.20094002763153,7.78892815653038
"2020-05-28","Northwestern","BL",2.0121033140283,3.00863095056016
"2020-05-28","Northwestern","BS",1.63465276326593,3.2549770546006
"2020-05-28","Ticino","TI",2.74148595555918,3.18091687790301
"2020-05-28","Zurich","ZH",13.7756866305975,23.8699110394188
"2020-05-29","9999","9999",0.0170863299104656,0.0494527568127545
"2020-05-29","Central","LU",5.08512247182782,6.97776699220516
"2020-05-29","Central","NW",0.526819074487728,0.678981252816768
"2020-05-29","Central","OW",0.312030291584959,0.418496078787248
"2020-05-29","Central","SZ",1.86908958066252,2.26598989464354
"2020-05-29","Central","UR",0.379693647841598,0.48456904046697
"2020-05-29","Central","ZG",1.85471989663959,2.52729078424935
"2020-05-29","Eastern","AI",0.159411246853511,0.161307755211913
"2020-05-29","Eastern","AR",0.305963865295958,0.399904561277574
"2020-05-29","Eastern","GL",0.351761105524493,0.499047991946168
"2020-05-29","Eastern","GR",2.40370848874831,3.01335530327286
"2020-05-29","Eastern","SG",5.71777034568252,7.34810186384212
"2020-05-29","Eastern","SH",0.720481818505744,1.15066878480811
"2020-05-29","Eastern","TG",2.57109070325272,3.53123272977178
"2020-05-29","Espace Mittelland","BE",10.7172698663948,15.6895413707149
"2020-05-29","Espace Mittelland","FR",3.0917273628125,3.94214945132931
"2020-05-29","Espace Mittelland","JU",0.646964558443501,0.820269988260493
"2020-05-29","Espace Mittelland","NE",1.71572657409445,2.27927926090731
"2020-05-29","Espace Mittelland","SO",2.1902798536553,3.18414575205917
"2020-05-29","Lake Geneva","GE",5.93552148132189,7.09043770618061
"2020-05-29","Lake Geneva","VD",9.47962566296823,12.1643925196163
"2020-05-29","Lake Geneva","VS",3.95003491074371,4.81425136683341
"2020-05-29","Northwestern","AG",6.88322694279766,9.29759411488402
"2020-05-29","Northwestern","BL",2.73495341698657,3.61348405038131
"2020-05-29","Northwestern","BS",2.06479110725729,3.71782766784877
"2020-05-29","Ticino","TI",3.30147511789153,3.58326858590947
"2020-05-29","Zurich","ZH",17.7778545009049,27.5625874769985
"2020-05-30","9999","9999",0.0189753599114465,0.0457480485704245
"2020-05-30","Central","LU",5.59445360099455,7.23964568034418
"2020-05-30","Central","NW",0.600754158373235,0.738630454333183
"2020-05-30","Central","OW",0.349598882119989,0.470497946775918
"2020-05-30","Central","SZ",2.19336466429826,2.54860135368
"2020-05-30","Central","UR",0.377978575344901,0.5010872808869
"2020-05-30","Central","ZG",1.92143491390081,2.44735065777265
"2020-05-30","Eastern","AI",0.187161220335193,0.204098834818276
"2020-05-30","Eastern","AR",0.345847345331222,0.434368544375947
"2020-05-30","Eastern","GL",0.400964532527271,0.569165543358342
"2020-05-30","Eastern","GR",3.07748204379837,3.66110144714741
"2020-05-30","Eastern","SG",6.5102779604939,7.94068524186986
"2020-05-30","Eastern","SH",0.847184280923912,1.25793538309062
"2020-05-30","Eastern","TG",2.96781270039138,3.95788596432196
"2020-05-30","Espace Mittelland","BE",11.4726668106379,15.9856461249092
"2020-05-30","Espace Mittelland","FR",3.07539479262429,3.86904094280406
"2020-05-30","Espace Mittelland","JU",0.711428431201438,0.868295242814735
"2020-05-30","Espace Mittelland","NE",1.96798661481943,2.49530793602887
"2020-05-30","Espace Mittelland","SO",2.53963787696078,3.55434467110008
"2020-05-30","Lake Geneva","GE",6.50966638367799,6.85061732675051
"2020-05-30","Lake Geneva","VD",10.7672074377684,12.8207716533399
"2020-05-30","Lake Geneva","VS",4.27565826881221,5.03211540200163
"2020-05-30","Northwestern","AG",8.20038521354635,10.2910337223617
"2020-05-30","Northwestern","BL",3.03563351595399,3.6925404849837
"2020-05-30","Northwestern","BS",2.49908889257839,3.77594740265964
"2020-05-30","Ticino","TI",3.97361560976583,4.29345095951943
"2020-05-30","Zurich","ZH",20.9776287681148,28.3652516040707
"2020-05-31","9999","9999",0.0161556051794662,0.0487050175344861
"2020-05-31","Central","LU",0.759806541022241,1.92899739718755
"2020-05-31","Central","NW",0.126687781253799,0.225987202782134
"2020-05-31","Central","OW",0.110224306300984,0.187886487739455
"2020-05-31","Central","SZ",0.354034614426199,0.729589606695937
"2020-05-31","Central","UR",0.131472450650171,0.225749285739049
"2020-05-31","Central","ZG",0.22798254834445,0.609577452533851
"2020-05-31","Eastern","AI",0.0357687205101313,0.0535313346942188
"2020-05-31","Eastern","AR",0.0597130847790407,0.117395066688147
"2020-05-31","Eastern","GL",0.0705190130731559,0.183603980963918
"2020-05-31","Eastern","GR",0.749079148538049,1.16382219847584
"2020-05-31","Eastern","SG",0.728182380960379,1.7617417158985
"2020-05-31","Eastern","SH",0.128021687803908,0.314696271703982
"2020-05-31","Eastern","TG",0.28140828448511,0.532424354276151
"2020-05-31","Espace Mittelland","BE",1.79329579636206,4.98303651482801
"2020-05-31","Espace Mittelland","FR",0.578492755225238,1.28142119405806
"2020-05-31","Espace Mittelland","JU",0.115914109228262,0.220039276704999
"2020-05-31","Espace Mittelland","NE",0.282977802381009,0.589082598679492
"2020-05-31","Espace Mittelland","SO",0.31740413815462,0.846848720788036
"2020-05-31","Lake Geneva","GE",0.599962338838634,1.30334355017093
"2020-05-31","Lake Geneva","VD",1.49440472395618,3.24430477581077
"2020-05-31","Lake Geneva","VS",0.821544576990327,1.54632482745916
"2020-05-31","Northwestern","AG",0.884088643734808,2.31160199061791
"2020-05-31","Northwestern","BL",0.305301861872001,0.850383488285305
"2020-05-31","Northwestern","BS",0.289308630605406,0.951192338255497
"2020-05-31","Ticino","TI",0.985647248853768,1.21279912120242
"2020-05-31","Zurich","ZH",2.49089324711356,7.02174765702695
"2020-06-01","9999","9999",0.0169458896336635,0.0568621732974147
"2020-06-01","Central","LU",1.83081619242126,3.07368426776951
"2020-06-01","Central","NW",0.236738842766402,0.359662592847126
"2020-06-01","Central","OW",0.104903110639546,0.178573734910112
"2020-06-01","Central","SZ",0.400431773474826,0.763339838665054
"2020-06-01","Central","UR",0.165360255155739,0.240704071304418
"2020-06-01","Central","ZG",0.249927838493971,0.677145892770109
"2020-06-01","Eastern","AI",0.0467100961537162,0.0574059836816099
"2020-06-01","Eastern","AR",0.0672645055572397,0.125280317258978
"2020-06-01","Eastern","GL",0.0872813587820581,0.226225119825219
"2020-06-01","Eastern","GR",0.840207344406571,1.2408733322865
"2020-06-01","Eastern","SG",0.787411226192582,1.87624778992061
"2020-06-01","Eastern","SH",0.123959066188191,0.329922962461449
"2020-06-01","Eastern","TG",0.375787577014876,0.88997968188452
"2020-06-01","Espace Mittelland","BE",1.95506803212016,5.13557532759477
"2020-06-01","Espace Mittelland","FR",1.46558949082703,2.36482743197102
"2020-06-01","Espace Mittelland","JU",0.100127436344416,0.208619258636898
"2020-06-01","Espace Mittelland","NE",0.301960391268029,0.609713405129899
"2020-06-01","Espace Mittelland","SO",0.536575477708504,1.19009503766227
"2020-06-01","Lake Geneva","GE",0.612584106693069,1.41071211290047
"2020-06-01","Lake Geneva","VD",1.38340660790319,3.14645289480464
"2020-06-01","Lake Geneva","VS",2.58084653473436,3.72136243534604
"2020-06-01","Northwestern","AG",0.902862481267075,2.46315514706332
"2020-06-01","Northwestern","BL",0.308321850612108,0.936169576392104
"2020-06-01","Northwestern","BS",0.29002342983038,1.00601522261218
"2020-06-01","Ticino","TI",1.52540156087994,1.9519733859198
"2020-06-01","Zurich","ZH",2.53964432664808,7.68964877326574
"2020-06-02","9999","9999",0.0136036749856185,0.0477193612131322
"2020-06-02","Central","LU",3.20698410518618,5.42953882840131
"2020-06-02","Central","NW",0.359343842726126,0.538304304055262
"2020-06-02","Central","OW",0.218751432407216,0.345149653218916
"2020-06-02","Central","SZ",1.31040345488328,1.86866843269089
"2020-06-02","Central","UR",0.259264902391188,0.382060783046167
"2020-06-02","Central","ZG",1.26848645932009,2.11232947295937
"2020-06-02","Eastern","AI",0.0951045553640199,0.119740248969989
"2020-06-02","Eastern","AR",0.220121178385518,0.348004657735941
"2020-06-02","Eastern","GL",0.246534249560692,0.411256603047649
"2020-06-02","Eastern","GR",1.69062523695601,2.53959449419176
"2020-06-02","Eastern","SG",3.85657015411232,5.96369657827709
"2020-06-02","Eastern","SH",0.547162261526973,1.00499557814181
"2020-06-02","Eastern","TG",1.84791501835614,3.0354815882798
"2020-06-02","Espace Mittelland","BE",7.34763029031147,13.2370245142924
"2020-06-02","Espace Mittelland","FR",2.01305834158834,3.10274413517495
"2020-06-02","Espace Mittelland","JU",0.456027287025343,0.678845300220719
"2020-06-02","Espace Mittelland","NE",1.25084012659604,1.98048944294104
"2020-06-02","Espace Mittelland","SO",1.51165879272889,2.65875694462855
"2020-06-02","Lake Geneva","GE",4.9268795347259,6.74063167654702
"2020-06-02","Lake Geneva","VD",7.0853077192219,10.4978516091009
"2020-06-02","Lake Geneva","VS",2.56102951999951,3.65345411361966
"2020-06-02","Northwestern","AG",4.82763841542939,7.82587327450664
"2020-06-02","Northwestern","BL",1.91797492099202,3.10825021531492
"2020-06-02","Northwestern","BS",1.66559738787586,3.43847907111748
"2020-06-02","Ticino","TI",2.61659518563463,3.12578810020522
"2020-06-02","Zurich","ZH",13.3938744934788,24.9647033072508
"2020-06-03","9999","9999",0.0146507642936241,0.0482291834483152
"2020-06-03","Central","LU",3.11210031161466,5.23060619223289
"2020-06-03","Central","NW",0.342433056308625,0.513526943425366
"2020-06-03","Central","OW",0.195112153620414,0.310141859736347
"2020-06-03","Central","SZ",1.21455423279879,1.71453217692055
"2020-06-03","Central","UR",0.238619786183115,0.345421558411013
"2020-06-03","Central","ZG",1.19638910947076,2.00791787919388
"2020-06-03","Eastern","AI",0.0914925581671237,0.114098216233964
"2020-06-03","Eastern","AR",0.20671989905186,0.317449311773971
"2020-06-03","Eastern","GL",0.218758402925375,0.371286539809299
"2020-06-03","Eastern","GR",1.50810140836696,2.27237966665783
"2020-06-03","Eastern","SG",3.64622737523999,5.66701402554957
"2020-06-03","Eastern","SH",0.511128406785436,0.927196705052882
"2020-06-03","Eastern","TG",1.68998611876133,2.83083894307733
"2020-06-03","Espace Mittelland","BE",6.9141022812403,12.3298808171567
"2020-06-03","Espace Mittelland","FR",1.96403336376643,2.97827953349226
"2020-06-03","Espace Mittelland","JU",0.447008153160548,0.63843339104521
"2020-06-03","Espace Mittelland","NE",1.19896578500407,1.81982746256035
"2020-06-03","Espace Mittelland","SO",1.47207809163911,2.54105598459929
"2020-06-03","Lake Geneva","GE",4.66836232222374,6.33675050183502
"2020-06-03","Lake Geneva","VD",6.87839499527448,9.92834618425247
"2020-06-03","Lake Geneva","VS",2.6100768543878,3.69345816500703
"2020-06-03","Northwestern","AG",4.52013189222857,7.40625558680199
"2020-06-03","Northwestern","BL",1.77442815836831,2.87410585676986
"2020-06-03","Northwestern","BS",1.58931029843894,3.2441008469167
"2020-06-03","Ticino","TI",2.47780076173431,2.96271296124467
"2020-06-03","Zurich","ZH",12.5196572860945,23.444311437488
"2020-06-04","9999","9999",0.0124675118540025,0.0447963803980828
"2020-06-04","Central","LU",3.36111290149436,5.2406666843405
"2020-06-04","Central","NW",0.34903480272809,0.500509482353693
"2020-06-04","Central","OW",0.200249366762691,0.297260351260722
"2020-06-04","Central","SZ",1.31007956075021,1.72547636090248
"2020-06-04","Central","UR",0.250192201269154,0.338521964161536
"2020-06-04","Central","ZG",1.2783757096521,1.96458298920332
"2020-06-04","Eastern","AI",0.0960119875995108,0.102338316675742
"2020-06-04","Eastern","AR",0.209399679513589,0.297294339409735
"2020-06-04","Eastern","GL",0.23792735527259,0.364115040367725
"2020-06-04","Eastern","GR",1.62719263669549,2.26293096123244
"2020-06-04","Eastern","SG",4.02306107038956,5.68985406168577
"2020-06-04","Eastern","SH",0.507344269118204,0.900991842164474
"2020-06-04","Eastern","TG",1.75223383666753,2.69638182558506
"2020-06-04","Espace Mittelland","BE",7.31916303484722,12.3955799091973
"2020-06-04","Espace Mittelland","FR",2.05273429206754,2.97195773777599
"2020-06-04","Espace Mittelland","JU",0.445919769406487,0.637209817680771
"2020-06-04","Espace Mittelland","NE",1.27311020764755,1.86074919397105
"2020-06-04","Espace Mittelland","SO",1.57865757273549,2.59271797109784
"2020-06-04","Lake Geneva","GE",4.73558488719139,6.31778511468621
"2020-06-04","Lake Geneva","VD",6.57694732869322,9.41743632830105
"2020-06-04","Lake Geneva","VS",2.69041712391275,3.60182611527013
"2020-06-04","Northwestern","AG",4.7561526110678,7.26421911208
"2020-06-04","Northwestern","BL",1.86813198027639,2.84242890189049
"2020-06-04","Northwestern","BS",1.6090939760833,3.19213296707704
"2020-06-04","Ticino","TI",2.4989987261848,2.93127392340839
"2020-06-04","Zurich","ZH",12.4426812470901,21.9006716738008
"2020-06-05","9999","9999",0.0150052151419689,0.0478893019581932
"2020-06-05","Central","LU",4.60015582554183,6.52548669329978
"2020-06-05","Central","NW",0.448764856881145,0.595710287736872
"2020-06-05","Central","OW",0.255453058872288,0.355821932008747
"2020-06-05","Central","SZ",1.62675562436719,2.03830328441079
"2020-06-05","Central","UR",0.313516539201017,0.412242259369003
"2020-06-05","Central","ZG",1.67298646215333,2.34902294268035
"2020-06-05","Eastern","AI",0.126071184098406,0.132553781147589
"2020-06-05","Eastern","AR",0.26233822734327,0.351097579296051
"2020-06-05","Eastern","GL",0.295442772737099,0.427876807914616
"2020-06-05","Eastern","GR",1.97244225226261,2.58891129840847
"2020-06-05","Eastern","SG",4.85722986666374,6.67520448969853
"2020-06-05","Eastern","SH",0.625247713320539,1.04418391395288
"2020-06-05","Eastern","TG",2.16726313612454,3.14618098961254
"2020-06-05","Espace Mittelland","BE",9.33716384974779,14.4332714069258
"2020-06-05","Espace Mittelland","FR",2.61873706530777,3.58320060961144
"2020-06-05","Espace Mittelland","JU",0.564700465067097,0.735707473518134
"2020-06-05","Espace Mittelland","NE",1.50544408237215,2.0728692319562
"2020-06-05","Espace Mittelland","SO",1.89099679141958,2.87407186862085
"2020-06-05","Lake Geneva","GE",5.45915806001191,6.97936443520873
"2020-06-05","Lake Geneva","VD",8.38484620787189,11.2401867716765
"2020-06-05","Lake Geneva","VS",3.4981548627253,4.37471662380761
"2020-06-05","Northwestern","AG",5.99153006072962,8.55043263514878
"2020-06-05","Northwestern","BL",2.35935109911385,3.28155578712814
"2020-06-05","Northwestern","BS",1.93683172727047,3.57378589233506
"2020-06-05","Ticino","TI",2.91796449262693,3.32866336165906
"2020-06-05","Zurich","ZH",16.0514925804101,25.9276895332136
"2020-06-06","9999","9999",0.0156953669280171,0.0408537551126673
"2020-06-06","Central","LU",5.43508156134767,7.04938002217387
"2020-06-06","Central","NW",0.535870582101745,0.674868686786291
"2020-06-06","Central","OW",0.283661069801371,0.381924830450119
"2020-06-06","Central","SZ",1.9714514087705,2.32876600586907
"2020-06-06","Central","UR",0.308950180167727,0.411970354176906
"2020-06-06","Central","ZG",1.83548946667183,2.31975914638084
"2020-06-06","Eastern","AI",0.14612707222491,0.150737440869118
"2020-06-06","Eastern","AR",0.295575236078233,0.365916412265371
"2020-06-06","Eastern","GL",0.331602139881719,0.478655102538847
"2020-06-06","Eastern","GR",2.51464045928321,2.891201895723
"2020-06-06","Eastern","SG",6.04415497831842,7.44727928265972
"2020-06-06","Eastern","SH",0.78430776353952,1.18142805966416
"2020-06-06","Eastern","TG",2.68559513483208,3.62405436472411
"2020-06-06","Espace Mittelland","BE",10.4725395947655,14.993498067094
"2020-06-06","Espace Mittelland","FR",2.72017747706771,3.51964277095862
"2020-06-06","Espace Mittelland","JU",0.633621032593998,0.752667559875223
"2020-06-06","Espace Mittelland","NE",1.80272962123297,2.29413208202564
"2020-06-06","Espace Mittelland","SO",2.36472449925707,3.31642762801466
"2020-06-06","Lake Geneva","GE",6.48160766323415,7.00815239742207
"2020-06-06","Lake Geneva","VD",10.1315517265881,12.2386226370589
"2020-06-06","Lake Geneva","VS",3.79402181498845,4.48786317186923
"2020-06-06","Northwestern","AG",7.75682027314273,9.99224390439542
"2020-06-06","Northwestern","BL",2.81953487870478,3.46189690578689
"2020-06-06","Northwestern","BS",2.53324837498719,3.89854265614666
"2020-06-06","Ticino","TI",3.28755404153639,3.67534248158352
"2020-06-06","Zurich","ZH",20.5727376173963,28.2596504250898
"2020-06-07","9999","9999",0.0116628007768306,0.035925473505898
"2020-06-07","Central","LU",0.536734366362297,1.37145580079138
"2020-06-07","Central","NW",0.0705751805686296,0.131160267038089
"2020-06-07","Central","OW",0.0588785610306674,0.087315554812348
"2020-06-07","Central","SZ",0.229673094798886,0.423594301139079
"2020-06-07","Central","UR",0.0772011045044479,0.107844396815718
"2020-06-07","Central","ZG",0.166703517081061,0.450580891454768
"2020-06-07","Eastern","AI",0.0271375860493334,0.025695040653225
"2020-06-07","Eastern","AR",0.0447973115666973,0.069845646220076
"2020-06-07","Eastern","GL",0.0457614008003416,0.112704702124463
"2020-06-07","Eastern","GR",0.539486769441579,0.678301489836524
"2020-06-07","Eastern","SG",0.549147042168114,1.21589204276253
"2020-06-07","Eastern","SH",0.087638828882931,0.230745543643842
"2020-06-07","Eastern","TG",0.257134621973547,0.559852790528998
"2020-06-07","Espace Mittelland","BE",1.17735961839499,3.41254611342117
"2020-06-07","Espace Mittelland","FR",0.413669370944453,0.902963154807182
"2020-06-07","Espace Mittelland","JU",0.0772161968510669,0.147916424501105
"2020-06-07","Espace Mittelland","NE",0.177233087826332,0.367207961927835
"2020-06-07","Espace Mittelland","SO",0.248876993721408,0.629222602662903
"2020-06-07","Lake Geneva","GE",0.560584479827256,1.16535166518138
"2020-06-07","Lake Geneva","VD",1.08357195446793,2.42168960526844
"2020-06-07","Lake Geneva","VS",0.514319870272235,1.0308605595401
"2020-06-07","Northwestern","AG",0.775665503661819,1.91958267991117
"2020-06-07","Northwestern","BL",0.241268962937312,0.681292446949598
"2020-06-07","Northwestern","BS",0.282011524091381,0.933348560024091
"2020-06-07","Ticino","TI",0.661962959708169,0.791278097153085
"2020-06-07","Zurich","ZH",2.19614923749365,5.98215214319071
"2020-06-08","9999","9999",0.0114462722035038,0.0413975654968626
"2020-06-08","Central","LU",2.862055983231,4.97171846120695
"2020-06-08","Central","NW",0.280230916975932,0.46482192589088
"2020-06-08","Central","OW",0.158751487309837,0.276595556661303
"2020-06-08","Central","SZ",1.01944130380613,1.5617554471107
"2020-06-08","Central","UR",0.186815036208102,0.297022434217637
"2020-06-08","Central","ZG",1.00287846764139,1.84042428086175
"2020-06-08","Eastern","AI",0.064666060860761,0.0909862749056659
"2020-06-08","Eastern","AR",0.156458296484387,0.27360459954823
"2020-06-08","Eastern","GL",0.176535452523317,0.324009024533326
"2020-06-08","Eastern","GR",1.38548817301415,2.1277261044619
"2020-06-08","Eastern","SG",3.0884575319047,5.24053073174446
"2020-06-08","Eastern","SH",0.425033731727555,0.836856204978448
"2020-06-08","Eastern","TG",1.39846254727083,2.52001732036074
"2020-06-08","Espace Mittelland","BE",5.7824541461204,11.3543869523575
"2020-06-08","Espace Mittelland","FR",1.69045858283171,2.79800639113154
"2020-06-08","Espace Mittelland","JU",0.345824659819036,0.554414686687046
"2020-06-08","Espace Mittelland","NE",0.93771612546787,1.63292663114225
"2020-06-08","Espace Mittelland","SO",1.17788162405257,2.28815016779949
"2020-06-08","Lake Geneva","GE",3.93598421799501,5.97797160086221
"2020-06-08","Lake Geneva","VD",5.56181884111243,9.0738841180857
"2020-06-08","Lake Geneva","VS",2.3324576182608,3.44969516029151
"2020-06-08","Northwestern","AG",3.75635566461136,6.72183623014327
"2020-06-08","Northwestern","BL",1.52692814743282,2.60638120700074
"2020-06-08","Northwestern","BS",1.41074273623939,3.11589754884267
"2020-06-08","Ticino","TI",2.20218898784462,2.8238033962318
"2020-06-08","Zurich","ZH",10.9374079267487,22.45569814717
"2020-06-09","9999","9999",0.0113354018045739,0.0417714351359968
"2020-06-09","Central","LU",3.1066688682017,5.07334302675343
"2020-06-09","Central","NW",0.308844623809887,0.483277490804506
"2020-06-09","Central","OW",0.198179212938196,0.28920515994483
"2020-06-09","Central","SZ",1.11474061858031,1.596015501315
"2020-06-09","Central","UR",0.225245825015002,0.32346521414913
"2020-06-09","Central","ZG",1.1312099714813,1.8943294851951
"2020-06-09","Eastern","AI",0.0808599490657973,0.0946569949989838
"2020-06-09","Eastern","AR",0.182933064577304,0.283257233867695
"2020-06-09","Eastern","GL",0.1965005476928,0.342804470937074
"2020-06-09","Eastern","GR",1.38330916162575,2.10288076753398
"2020-06-09","Eastern","SG",3.26156557281758,5.33998005575416
"2020-06-09","Eastern","SH",0.453653277349473,0.868193278367699
"2020-06-09","Eastern","TG",1.46237081099124,2.49476412564467
"2020-06-09","Espace Mittelland","BE",6.18637839198581,11.6386298425465
"2020-06-09","Espace Mittelland","FR",1.78638225239974,2.85469862368389
"2020-06-09","Espace Mittelland","JU",0.391185933296989,0.585717771927284
"2020-06-09","Espace Mittelland","NE",1.03955605756688,1.69417327566224
"2020-06-09","Espace Mittelland","SO",1.34027346447053,2.3742421492474
"2020-06-09","Lake Geneva","GE",3.9421163316276,5.86061052232308
"2020-06-09","Lake Geneva","VD",5.72697216977941,9.05923522586145
"2020-06-09","Lake Geneva","VS",2.51560154101239,3.57432970271926
"2020-06-09","Northwestern","AG",4.1847108482413,6.99357148149583
"2020-06-09","Northwestern","BL",1.58765306557887,2.60702698183197
"2020-06-09","Northwestern","BS",1.42006253439809,3.10736652344061
"2020-06-09","Ticino","TI",2.24883468110978,2.8235314910397
"2020-06-09","Zurich","ZH",11.3001806417613,22.3257614534964
"2020-06-10","9999","9999",0.0143509889365855,0.0466657285937539
"2020-06-10","Central","LU",3.42160721688603,5.51301372237528
"2020-06-10","Central","NW",0.402752595747537,0.591155875769237
"2020-06-10","Central","OW",0.233369795539469,0.359832533592187
"2020-06-10","Central","SZ",1.35208192558074,1.81156834235039
"2020-06-10","Central","UR",0.239166079005646,0.347664776245819
"2020-06-10","Central","ZG",1.3745937152234,2.1973678217879
"2020-06-10","Eastern","AI",0.0929257985170082,0.108999993882133
"2020-06-10","Eastern","AR",0.189975567041568,0.282611459036463
"2020-06-10","Eastern","GL",0.20604993435632,0.342668518341025
"2020-06-10","Eastern","GR",1.54587588764507,2.24233414293104
"2020-06-10","Eastern","SG",3.47920543862383,5.44462956656273
"2020-06-10","Eastern","SH",0.474145797950203,0.895485762024497
"2020-06-10","Eastern","TG",1.50297556343491,2.53905068380757
"2020-06-10","Espace Mittelland","BE",6.61383204090854,12.071672849111
"2020-06-10","Espace Mittelland","FR",2.16448685314654,3.24851930628828
"2020-06-10","Espace Mittelland","JU",0.510286391688053,0.712391603295763
"2020-06-10","Espace Mittelland","NE",1.13621150622884,1.81292786831088
"2020-06-10","Espace Mittelland","SO",1.59466832428199,2.69668771892616
"2020-06-10","Lake Geneva","GE",4.42605461893612,6.34534950353511
"2020-06-10","Lake Geneva","VD",6.44868390880202,9.78512012431505
"2020-06-10","Lake Geneva","VS",2.90173739264408,3.92852020357542
"2020-06-10","Northwestern","AG",4.61796532321508,7.51559546217425
"2020-06-10","Northwestern","BL",1.664895213904,2.69777533969456
"2020-06-10","Northwestern","BS",1.5264425960188,3.23764309860438
"2020-06-10","Ticino","TI",2.8130420211774,3.36421496552582
"2020-06-10","Zurich","ZH",11.7871962561958,22.6466435683206
"2020-06-11","9999","9999",0.0142529630879696,0.0507782946242304
"2020-06-11","Central","LU",0.68825741459401,1.7764925725698
"2020-06-11","Central","NW",0.0891115740570738,0.171878069554708
"2020-06-11","Central","OW",0.0768136494274305,0.129868717375625
"2020-06-11","Central","SZ",0.295998565827637,0.574195789412148
"2020-06-11","Central","UR",0.0902454149879776,0.145503265921239
"2020-06-11","Central","ZG",0.228337978198154,0.613180196329144
"2020-06-11","Eastern","AI",0.0201814318577594,0.0280062347860548
"2020-06-11","Eastern","AR",0.202038350247994,0.305927329258834
"2020-06-11","Eastern","GL",0.237190426610475,0.395282173011914
"2020-06-11","Eastern","GR",1.72231113701185,2.31289354028037
"2020-06-11","Eastern","SG",4.14105567173891,6.16062391365379
"2020-06-11","Eastern","SH",0.502441069584971,0.952789781259071
"2020-06-11","Eastern","TG",1.64015229454362,2.71303601860103
"2020-06-11","Espace Mittelland","BE",7.96265178357135,13.8075495836112
"2020-06-11","Espace Mittelland","FR",0.611140465390248,1.22931736162235
"2020-06-11","Espace Mittelland","JU",0.0804233714158717,0.164230736026962
"2020-06-11","Espace Mittelland","NE",1.22510948089662,1.89242614885042
"2020-06-11","Espace Mittelland","SO",0.309721229124625,0.805587107887222
"2020-06-11","Lake Geneva","GE",5.01770498689313,6.6826478943322
"2020-06-11","Lake Geneva","VD",6.97459730151584,10.4719866277027
"2020-06-11","Lake Geneva","VS",0.764307945007953,1.38586677597255
"2020-06-11","Northwestern","AG",3.54538095344369,5.70589646801953
"2020-06-11","Northwestern","BL",1.91356581371556,2.95401199509755
"2020-06-11","Northwestern","BS",1.76264409015563,3.5507759154538
"2020-06-11","Ticino","TI",1.63205150686606,1.96295155805074
"2020-06-11","Zurich","ZH",14.0201877797285,25.7299464822606
"2020-06-12","9999","9999",0.0158187725115674,0.0482291834483152
"2020-06-12","Central","LU",4.79550065740797,6.87325343399263
"2020-06-12","Central","NW",0.479199431446945,0.662564976843874
"2020-06-12","Central","OW",0.296832028334201,0.439704683770863
"2020-06-12","Central","SZ",1.64744463134353,2.19763972698
"2020-06-12","Central","UR",0.341303538665388,0.465909546659271
"2020-06-12","Central","ZG",1.62856191666724,2.43344950482666
"2020-06-12","Eastern","AI",0.141396079734379,0.164128771579926
"2020-06-12","Eastern","AR",0.2430280945912,0.362177715874029
"2020-06-12","Eastern","GL",0.266409542526577,0.459893644284111
"2020-06-12","Eastern","GR",2.18960241719086,2.92270890985731
"2020-06-12","Eastern","SG",4.31485196516744,6.58418422664385
"2020-06-12","Eastern","SH",0.581822814542742,1.04625719104263
"2020-06-12","Eastern","TG",1.9972351713847,3.11851463631661
"2020-06-12","Espace Mittelland","BE",8.74061133958333,14.7979642458268
"2020-06-12","Espace Mittelland","FR",2.72210782501087,3.78981456745662
"2020-06-12","Espace Mittelland","JU",0.576268239667733,0.77979010278696
"2020-06-12","Espace Mittelland","NE",1.43671808628638,2.1257887799682
"2020-06-12","Espace Mittelland","SO",1.99538362945694,3.08109368425417
"2020-06-12","Lake Geneva","GE",5.24836105006501,7.10994690371361
"2020-06-12","Lake Geneva","VD",8.10232105449278,11.6186448109273
"2020-06-12","Lake Geneva","VS",3.91045758134838,4.94745092281223
"2020-06-12","Northwestern","AG",5.81550818658575,8.76173695755764
"2020-06-12","Northwestern","BL",2.10220563759296,3.20460661776452
"2020-06-12","Northwestern","BS",1.9219196390343,3.7886589703902
"2020-06-12","Ticino","TI",3.1240063795592,3.63958694882268
"2020-06-12","Zurich","ZH",15.2467445007517,27.575027139537
"2020-06-13","9999","9999",0.0148537042725638,0.039290300258106
"2020-06-13","Central","LU",4.5712465569899,6.33861985003069
"2020-06-13","Central","NW",0.486277397401345,0.629086650066855
"2020-06-13","Central","OW",0.28574540745551,0.395112232266853
"2020-06-13","Central","SZ",1.74440268664603,2.20956956728328
"2020-06-13","Central","UR",0.28546451123782,0.396845627866475
"2020-06-13","Central","ZG",1.62124826104663,2.21392005035684
"2020-06-13","Eastern","AI",0.162518453223067,0.184589637285271
"2020-06-13","Eastern","AR",0.282406541005794,0.377676311823593
"2020-06-13","Eastern","GL",0.316973739986523,0.487016187195849
"2020-06-13","Eastern","GR",2.50018479509361,3.07076128695446
"2020-06-13","Eastern","SG",5.19732125571754,6.94303110391469
"2020-06-13","Eastern","SH",0.708843116924838,1.13999650601828
"2020-06-13","Eastern","TG",2.46840810599677,3.44177592157167
"2020-06-13","Espace Mittelland","BE",9.57158270043802,14.2955514271284
"2020-06-13","Espace Mittelland","FR",2.41068069079574,3.24957293890766
"2020-06-13","Espace Mittelland","JU",0.569007516908881,0.714464880385507
"2020-06-13","Espace Mittelland","NE",1.64939492358387,2.18492815924943
"2020-06-13","Espace Mittelland","SO",2.12866943299381,3.09210584453413
"2020-06-13","Lake Geneva","GE",6.19318063087082,6.87077229911474
"2020-06-13","Lake Geneva","VD",9.39819242011209,11.8048998675142
"2020-06-13","Lake Geneva","VS",3.54114928501457,4.41353108997955
"2020-06-13","Northwestern","AG",6.73764942544114,9.17761594887095
"2020-06-13","Northwestern","BL",2.5063452607214,3.29001883623218
"2020-06-13","Northwestern","BS",2.29987126040365,3.77938020570987
"2020-06-13","Ticino","TI",3.08851322556158,3.65399792400386
"2020-06-13","Zurich","ZH",18.524710872599,27.3359544993852
"2020-06-14","9999","9999",0.0125976412463604,0.0388484543209474
"2020-06-14","Central","LU",0.591928393730987,1.40721133355222
"2020-06-14","Central","NW",0.0875572189961798,0.134830987131407
"2020-06-14","Central","OW",0.0787317284754325,0.103154032252034
"2020-06-14","Central","SZ",0.281304807534654,0.461966921373855
"2020-06-14","Central","UR",0.102105332619871,0.1384337309267
"2020-06-14","Central","ZG",0.175943960981358,0.454863398230305
"2020-06-14","Eastern","AI",0.026516250508001,0.0313370733892506
"2020-06-14","Eastern","AR",0.0583109102272175,0.0753177382110406
"2020-06-14","Eastern","GL",0.0586343892620155,0.124872459470832
"2020-06-14","Eastern","GR",0.812867640742799,0.909182986076415
"2020-06-14","Eastern","SG",0.599012433434636,1.29858520930922
"2020-06-14","Eastern","SH",0.0972494738697928,0.237951031234429
"2020-06-14","Eastern","TG",0.274534413735975,0.566072621798231
"2020-06-14","Espace Mittelland","BE",1.41837651094841,3.66772913620479
"2020-06-14","Espace Mittelland","FR",0.479001942569846,1.00176670398565
"2020-06-14","Espace Mittelland","JU",0.0829093323125884,0.149921725292825
"2020-06-14","Espace Mittelland","NE",0.220180439537927,0.405682546609648
"2020-06-14","Espace Mittelland","SO",0.245712691759297,0.629426531556977
"2020-06-14","Lake Geneva","GE",0.625296851557533,1.31037909701645
"2020-06-14","Lake Geneva","VD",1.28071028107608,2.73961475112858
"2020-06-14","Lake Geneva","VS",0.725468166922153,1.26449509584998
"2020-06-14","Northwestern","AG",0.782444027121002,1.93994158116948
"2020-06-14","Northwestern","BL",0.264789699839189,0.708992788394543
"2020-06-14","Northwestern","BS",0.304323847266126,0.958193896952011
"2020-06-14","Ticino","TI",0.984756412717128,1.21279912120242
"2020-06-14","Zurich","ZH",2.35461410727848,6.35911470388505
"2020-06-15","9999","9999",0.0117722809881502,0.0412956010498259
"2020-06-15","Central","LU",2.73942619485558,4.88198974781473
"2020-06-15","Central","NW",0.280226965710302,0.466997167427661
"2020-06-15","Central","OW",0.168429714994662,0.281625802715109
"2020-06-15","Central","SZ",1.01229942838188,1.56325092566724
"2020-06-15","Central","UR",0.206269231556803,0.319046754777544
"2020-06-15","Central","ZG",1.01758133851626,1.8514364411417
"2020-06-15","Eastern","AI",0.0677150438235889,0.0890829385609826
"2020-06-15","Eastern","AR",0.152834151788993,0.267622685322082
"2020-06-15","Eastern","GL",0.178873285993151,0.330160879504534
"2020-06-15","Eastern","GR",1.49525228413992,2.27037436586611
"2020-06-15","Eastern","SG",2.9648962199299,5.07864517799934
"2020-06-15","Eastern","SH",0.39269679310778,0.804805380459941
"2020-06-15","Eastern","TG",1.3012307307417,2.36995964247186
"2020-06-15","Espace Mittelland","BE",5.71699002358686,11.4095157300552
"2020-06-15","Espace Mittelland","FR",1.64160433571242,2.79256828728959
"2020-06-15","Espace Mittelland","JU",0.346392291042379,0.563829403963426
"2020-06-15","Espace Mittelland","NE",0.925432459072279,1.61586458033813
"2020-06-15","Espace Mittelland","SO",1.18042847125059,2.25909030039406
"2020-06-15","Lake Geneva","GE",3.94223290375374,6.2400542178953
"2020-06-15","Lake Geneva","VD",5.40255039589665,9.12938676542263
"2020-06-15","Lake Geneva","VS",2.35347599788421,3.56855171738718
"2020-06-15","Northwestern","AG",3.58163705414985,6.54917643316129
"2020-06-15","Northwestern","BL",1.39953321885993,2.52637310422602
"2020-06-15","Northwestern","BS",1.38197234547171,3.09438305051795
"2020-06-15","Ticino","TI",2.39921910694841,3.17157013692466
"2020-06-15","Zurich","ZH",10.5977320040733,22.2296089799409
"2020-06-16","9999","9999",0.0119696445525634,0.0430629847984605
"2020-06-16","Central","LU",2.77602441094256,4.87695950176093
"2020-06-16","Central","NW",0.295725485988736,0.452994050034634
"2020-06-16","Central","OW",0.175809289004133,0.280538181946719
"2020-06-16","Central","SZ",1.0522229262402,1.5475484008236
"2020-06-16","Central","UR",0.212363829704023,0.312758947210287
"2020-06-16","Central","ZG",1.07075479280787,1.90272455800112
"2020-06-16","Eastern","AI",0.0782161685891401,0.0952347935321912
"2020-06-16","Eastern","AR",0.168738775238528,0.274590255869583
"2020-06-16","Eastern","GL",0.185584861149843,0.333457729958718
"2020-06-16","Eastern","GR",1.44744587428873,2.13088700232003
"2020-06-16","Eastern","SG",3.08770137949335,5.04156410742702
"2020-06-16","Eastern","SH",0.422061980539512,0.827101606211946
"2020-06-16","Eastern","TG",1.35516876080678,2.38263722205341
"2020-06-16","Espace Mittelland","BE",5.87222561678189,11.4938743159035
"2020-06-16","Espace Mittelland","FR",1.6809978509775,2.74335344751992
"2020-06-16","Espace Mittelland","JU",0.352002563490289,0.554176769643961
"2020-06-16","Espace Mittelland","NE",1.00126701307192,1.68217545906093
"2020-06-16","Espace Mittelland","SO",1.22031379181593,2.27900735571521
"2020-06-16","Lake Geneva","GE",4.08093848487572,6.37743431620263
"2020-06-16","Lake Geneva","VD",5.60517252312437,9.17849964074527
"2020-06-16","Lake Geneva","VS",2.3208096552892,3.49704065186551
"2020-06-16","Northwestern","AG",3.75661936949494,6.64668843267729
"2020-06-16","Northwestern","BL",1.41745363000835,2.47420129549229
"2020-06-16","Northwestern","BS",1.38193537431332,3.09261566676931
"2020-06-16","Ticino","TI",2.30830699322678,3.05573852509107
"2020-06-16","Zurich","ZH",11.004088432113,22.6212204328595
"2020-06-17","9999","9999",0.0129242883425011,0.0425191744142652
"2020-06-17","Central","LU",3.0118223434062,5.04343345562269
"2020-06-17","Central","NW",0.323543801876539,0.48317552635747
"2020-06-17","Central","OW",0.187476828166902,0.286622060619903
"2020-06-17","Central","SZ",1.09709372978121,1.55845859665652
"2020-06-17","Central","UR",0.215967168577521,0.315444010982251
"2020-06-17","Central","ZG",1.13588745153889,1.92848757495237
"2020-06-17","Eastern","AI",0.0809359042175931,0.0959485446614474
"2020-06-17","Eastern","AR",0.181780869253924,0.276017758128096
"2020-06-17","Eastern","GL",0.198043624611955,0.332166180296254
"2020-06-17","Eastern","GR",1.53472838829712,2.22071768015928
"2020-06-17","Eastern","SG",3.19988605787385,5.17921611092644
"2020-06-17","Eastern","SH",0.425474663993319,0.810821282835101
"2020-06-17","Eastern","TG",1.43682388935357,2.40170457364926
"2020-06-17","Espace Mittelland","BE",6.35250937498469,11.6809450880667
"2020-06-17","Espace Mittelland","FR",1.77032996752988,2.85357701476649
"2020-06-17","Espace Mittelland","JU",0.38002713622719,0.571952571577342
"2020-06-17","Espace Mittelland","NE",1.08358143123981,1.74886020742288
"2020-06-17","Espace Mittelland","SO",1.28413807645661,2.29029142118726
"2020-06-17","Lake Geneva","GE",4.28380933820503,6.45686462044414
"2020-06-17","Lake Geneva","VD",5.95557904158955,9.51134558402176
"2020-06-17","Lake Geneva","VS",2.61786705457313,3.7095345594898
"2020-06-17","Northwestern","AG",4.05127915332578,6.71959301230847
"2020-06-17","Northwestern","BL",1.50133392025618,2.47277379323378
"2020-06-17","Northwestern","BS",1.36298636922615,2.97705596012782
"2020-06-17","Ticino","TI",2.51706704154688,3.21918753369075
"2020-06-17","Zurich","ZH",11.2443394135297,21.9956005739919
"2020-06-18","9999","9999",0.0133801210698334,0.0439126885237655
"2020-06-18","Central","LU",3.00208921701685,5.05872812267818
"2020-06-18","Central","NW",0.286424942907442,0.454863398230305
"2020-06-18","Central","OW",0.191382507391481,0.288763314007672
"2020-06-18","Central","SZ",1.08091622229385,1.56688765761154
"2020-06-18","Central","UR",0.213388433216936,0.32346521414913
"2020-06-18","Central","ZG",1.15825256659863,1.98694719125335
"2020-06-18","Eastern","AI",0.0844810353484492,0.107674456070657
"2020-06-18","Eastern","AR",0.179098359325253,0.282849376079549
"2020-06-18","Eastern","GL",0.193269935739694,0.341580897572634
"2020-06-18","Eastern","GR",1.49035777034224,2.22061571571225
"2020-06-18","Eastern","SG",3.32230617462949,5.30211725775457
"2020-06-18","Eastern","SH",0.45622686705789,0.864828451615491
"2020-06-18","Eastern","TG",1.48042660683278,2.46685985530565
"2020-06-18","Espace Mittelland","BE",6.53079571593677,12.0574318146749
"2020-06-18","Espace Mittelland","FR",1.78187788006978,2.86265185055275
"2020-06-18","Espace Mittelland","JU",0.396662540185184,0.58255687406915
"2020-06-18","Espace Mittelland","NE",1.10369241387192,1.78614520688926
"2020-06-18","Espace Mittelland","SO",1.390597907434,2.44650095404734
"2020-06-18","Lake Geneva","GE",4.63873075526578,6.87230176582029
"2020-06-18","Lake Geneva","VD",6.09758347917021,9.63142571448187
"2020-06-18","Lake Geneva","VS",2.41913214252891,3.61239642961292
"2020-06-18","Northwestern","AG",4.10112370352621,6.85065131489952
"2020-06-18","Northwestern","BL",1.50989813382664,2.5480575432958
"2020-06-18","Northwestern","BS",1.52352290441974,3.23818690898857
"2020-06-18","Ticino","TI",2.58246648707035,3.26364403259871
"2020-06-18","Zurich","ZH",12.0040606401089,23.3111118815092
"2020-06-19","9999","9999",0.0147038303001195,0.0410916721557527
"2020-06-19","Central","LU",4.1125361060603,6.11249669465251
"2020-06-19","Central","NW",0.411934734004655,0.565018989178853
"2020-06-19","Central","OW",0.245555107140643,0.340357324208195
"2020-06-19","Central","SZ",1.42938320191355,1.87539808619531
"2020-06-19","Central","UR",0.315632506560305,0.407993740742478
"2020-06-19","Central","ZG",1.51479424927709,2.26816513618032
"2020-06-19","Eastern","AI",0.118837607200157,0.12222138384788
"2020-06-19","Eastern","AR",0.222339827742911,0.319590565161739
"2020-06-19","Eastern","GL",0.262767834475037,0.408775468169759
"2020-06-19","Eastern","GR",2.03094123333537,2.63683458851568
"2020-06-19","Eastern","SG",4.13767531895809,5.99313031532165
"2020-06-19","Eastern","SH",0.542950247609448,0.951328290851546
"2020-06-19","Eastern","TG",1.85162658039807,2.78617851527529
"2020-06-19","Espace Mittelland","BE",8.42869176567247,13.7891280068466
"2020-06-19","Espace Mittelland","FR",2.37035002460847,3.39901883011432
"2020-06-19","Espace Mittelland","JU",0.469811349622445,0.666167720639168
"2020-06-19","Espace Mittelland","NE",1.35491944730198,1.98283462522288
"2020-06-19","Espace Mittelland","SO",1.68634575782117,2.69298301068384
"2020-06-19","Lake Geneva","GE",5.08548463332237,7.07184618867093
"2020-06-19","Lake Geneva","VD",7.66780846364779,11.0863903973962
"2020-06-19","Lake Geneva","VS",3.27716461736631,4.36387440427272
"2020-06-19","Northwestern","AG",5.13857665003218,7.81380748160731
"2020-06-19","Northwestern","BL",1.93991793201706,2.92593778401347
"2020-06-19","Northwestern","BS",1.83040822913998,3.53609303508053
"2020-06-19","Ticino","TI",3.00376480035338,3.64869577275795
"2020-06-19","Zurich","ZH",14.7827768067067,25.6832467655178
"2020-06-20","9999","9999",0.0133902909775058,0.033070468988873
"2020-06-20","Central","LU",4.64084196857505,6.41604485348049
"2020-06-20","Central","NW",0.475025923768213,0.619400027598377
"2020-06-20","Central","OW",0.289341090507099,0.401875873920282
"2020-06-20","Central","SZ",1.68854986307494,2.13710683358926
"2020-06-20","Central","UR",0.289066405099409,0.428386630149799
"2020-06-20","Central","ZG",1.60297851728988,2.20477723827256
"2020-06-20","Eastern","AI",0.140229857222211,0.157535070671558
"2020-06-20","Eastern","AR",0.250761406733114,0.341071075337451
"2020-06-20","Eastern","GL",0.31479789665946,0.4640401984636
"2020-06-20","Eastern","GR",2.50166122524393,2.94813204531844
"2020-06-20","Eastern","SG",4.93272862574116,6.51158554035379
"2020-06-20","Eastern","SH",0.654896514688838,1.04149885018092
"2020-06-20","Eastern","TG",2.19073585085554,3.11752897999526
"2020-06-20","Espace Mittelland","BE",9.20882324899008,13.9148161818937
"2020-06-20","Espace Mittelland","FR",2.37697283922327,3.31360661164665
"2020-06-20","Espace Mittelland","JU",0.524390777006674,0.673577137123828
"2020-06-20","Espace Mittelland","NE",1.50716458247456,2.09808843852326
"2020-06-20","Espace Mittelland","SO",2.03094729142053,2.95180276541176
"2020-06-20","Lake Geneva","GE",5.64102674996258,6.71058615282023
"2020-06-20","Lake Geneva","VD",8.66690773955702,11.4577789016526
"2020-06-20","Lake Geneva","VS",3.4543871201867,4.34997325132673
"2020-06-20","Northwestern","AG",6.37851686773564,8.66221965724991
"2020-06-20","Northwestern","BL",2.26532369635441,3.03721498387942
"2020-06-20","Northwestern","BS",2.21902597292211,3.65698888111693
"2020-06-20","Ticino","TI",3.41414646375217,4.10712792663454
"2020-06-20","Zurich","ZH",17.9160231759077,26.4753745663962
"2020-06-21","9999","9999",0.0145574337547115,0.038610537277862
"2020-06-21","Central","LU",0.73587489599096,1.79606974640083
"2020-06-21","Central","NW",0.164509029575936,0.236183647485795
"2020-06-21","Central","OW",0.1262728004621,0.184317732093174
"2020-06-21","Central","SZ",0.406391030005155,0.738460513588122
"2020-06-21","Central","UR",0.134469205635091,0.213343611349595
"2020-06-21","Central","ZG",0.218358851258138,0.578886153975832
"2020-06-21","Eastern","AI",0.046095829031078,0.0604309289436959
"2020-06-21","Eastern","AR",0.0737178935045567,0.102950103357961
"2020-06-21","Eastern","GL",0.0745069209158727,0.180273142360722
"2020-06-21","Eastern","GR",0.944716237000077,1.1074698474136
"2020-06-21","Eastern","SG",0.698169879101101,1.57541868301361
"2020-06-21","Eastern","SH",0.133798398994942,0.320406280738032
"2020-06-21","Eastern","TG",0.347227797712133,0.713785117405263
"2020-06-21","Espace Mittelland","BE",1.78626999964525,4.53286348116139
"2020-06-21","Espace Mittelland","FR",0.541209568248572,1.19978166013075
"2020-06-21","Espace Mittelland","JU",0.0900857078857045,0.178505758612087
"2020-06-21","Espace Mittelland","NE",0.262831473739413,0.489259405030654
"2020-06-21","Espace Mittelland","SO",0.306688407582268,0.765311151307762
"2020-06-21","Lake Geneva","GE",0.707145803585358,1.56331890196526
"2020-06-21","Lake Geneva","VD",1.47355956954106,3.14957980451376
"2020-06-21","Lake Geneva","VS",0.958603181312376,1.63921443870951
"2020-06-21","Northwestern","AG",0.885806794224356,2.19679002325469
"2020-06-21","Northwestern","BL",0.300549358675715,0.803785735989575
"2020-06-21","Northwestern","BS",0.343510087516539,1.07589485698127
"2020-06-21","Ticino","TI",1.24925550460546,1.61029052390013
"2020-06-21","Zurich","ZH",2.68492891385304,7.47939808347625
"2020-06-22","9999","9999",0.00770795198708659,0.0269526021666765
"2020-06-22","Central","LU",2.65639785856754,4.86866639340195
"2020-06-22","Central","NW",0.299007444814927,0.48626844791758
"2020-06-22","Central","OW",0.182656276266102,0.301101012099101
"2020-06-22","Central","SZ",1.02093393845315,1.5606338381933
"2020-06-22","Central","UR",0.201534240808384,0.332268144743291
"2020-06-22","Central","ZG",0.981426647101232,1.86571146372683
"2020-06-22","Eastern","AI",0.0656408564970146,0.0982937269432894
"2020-06-22","Eastern","AR",0.156104158917758,0.276425615916242
"2020-06-22","Eastern","GL",0.185976126515719,0.33950762048289
"2020-06-22","Eastern","GR",1.6081960049556,2.4118330420549
"2020-06-22","Eastern","SG",2.82077827425141,4.96750393072943
"2020-06-22","Eastern","SH",0.387101816639603,0.801780435197855
"2020-06-22","Eastern","TG",1.28211255352844,2.3597631977682
"2020-06-22","Espace Mittelland","BE",5.84814062426715,11.7761458934499
"2020-06-22","Espace Mittelland","FR",1.64092539157972,2.82291970435748
"2020-06-22","Espace Mittelland","JU",0.396440282472495,0.631193915305611
"2020-06-22","Espace Mittelland","NE",0.937164416787691,1.65739809843104
"2020-06-22","Espace Mittelland","SO",1.1141680257578,2.23981901990414
"2020-06-22","Lake Geneva","GE",4.07017764956845,6.38613528234975
"2020-06-22","Lake Geneva","VD",5.44371322055534,9.2590855420532
"2020-06-22","Lake Geneva","VS",2.35426582807992,3.56963933815557
"2020-06-22","Northwestern","AG",3.48370327903003,6.43133952053598
"2020-06-22","Northwestern","BL",1.37109069698708,2.49928454946329
"2020-06-22","Northwestern","BS",1.33455432662666,3.0797681464427
"2020-06-22","Ticino","TI",2.45844929145995,3.21612860027965
"2020-06-22","Zurich","ZH",10.5549494307117,22.5398867922733
"2020-06-23","9999","9999",0.0130852094114197,0.0432669136925337
"2020-06-23","Central","LU",2.71928879865888,4.90904431442844
"2020-06-23","Central","NW",0.303070677329988,0.491536611014471
"2020-06-23","Central","OW",0.186160586789497,0.321901759294569
"2020-06-23","Central","SZ",1.01654735221598,1.57117016438708
"2020-06-23","Central","UR",0.222886813701236,0.348208586630014
"2020-06-23","Central","ZG",1.05542766503968,1.92335536445152
"2020-06-23","Eastern","AI",0.083744521784606,0.112092915442244
"2020-06-23","Eastern","AR",0.171011034929396,0.293793560061478
"2020-06-23","Eastern","GL",0.185801162593927,0.34722293030866
"2020-06-23","Eastern","GR",1.50294998789891,2.34698365373961
"2020-06-23","Eastern","SG",2.93533949205764,5.05651889299239
"2020-06-23","Eastern","SH",0.4133080318144,0.835122809378826
"2020-06-23","Eastern","TG",1.35461701296638,2.4054432700406
"2020-06-23","Espace Mittelland","BE",6.06950962721955,12.0087267971404
"2020-06-23","Espace Mittelland","FR",1.71061886034166,2.85867523711832
"2020-06-23","Espace Mittelland","JU",0.0778733130802709,0.170144673955085
"2020-06-23","Espace Mittelland","NE",1.03729348219702,1.76028022549098
"2020-06-23","Espace Mittelland","SO",1.23081833918422,2.32128861308639
"2020-06-23","Lake Geneva","GE",4.19315052841403,6.60301366119661
"2020-06-23","Lake Geneva","VD",5.69072009474328,9.51596797228742
"2020-06-23","Lake Geneva","VS",2.37786589574407,3.55944289345191
"2020-06-23","Northwestern","AG",3.70542410909641,6.62853876110478
"2020-06-23","Northwestern","BL",1.47574326057508,2.57551996769766
"2020-06-23","Northwestern","BS",1.44098810431343,3.22197456190975
"2020-06-23","Ticino","TI",2.34623873600978,3.16470453082419
"2020-06-23","Zurich","ZH",11.0852578330248,23.3161081394139
"2020-06-24","9999","9999",0.0148553137573745,0.0444225107589486
"2020-06-24","Central","LU",2.92567959918518,5.2428759140263
"2020-06-24","Central","NW",0.335605539505241,0.524675056301369
"2020-06-24","Central","OW",0.209926580197963,0.339133750843756
"2020-06-24","Central","SZ",1.13845107888877,1.68703576436968
"2020-06-24","Central","UR",0.240992577976318,0.36003646248626
"2020-06-24","Central","ZG",1.12827045698173,2.04452311568002
"2020-06-24","Eastern","AI",0.0882650124588026,0.118788580797647
"2020-06-24","Eastern","AR",0.195085430690127,0.307184890772286
"2020-06-24","Eastern","GL",0.213127391227933,0.377438394780508
"2020-06-24","Eastern","GR",1.62899126925762,2.48837435363038
"2020-06-24","Eastern","SG",3.18642003104175,5.36057687405555
"2020-06-24","Eastern","SH",0.445062133299592,0.877132161557908
"2020-06-24","Eastern","TG",1.48965373626019,2.54846540108395
"2020-06-24","Espace Mittelland","BE",6.50000558620458,12.5991349336313
"2020-06-24","Espace Mittelland","FR",1.80126953264011,2.96757326655342
"2020-06-24","Espace Mittelland","JU",0.41993886252508,0.64737227423542
"2020-06-24","Espace Mittelland","NE",1.16955478403755,1.9048997995379
"2020-06-24","Espace Mittelland","SO",1.3331363626764,2.46499050710998
"2020-06-24","Lake Geneva","GE",4.46711267435728,6.8191103126162
"2020-06-24","Lake Geneva","VD",6.20766123228493,10.1161307075449
"2020-06-24","Lake Geneva","VS",2.52189701539525,3.68730631003582
"2020-06-24","Northwestern","AG",4.03343978032498,7.0397273878544
"2020-06-24","Northwestern","BL",1.52385487730504,2.66705005298752
"2020-06-24","Northwestern","BS",1.48684880758537,3.33739831595519
"2020-06-24","Ticino","TI",2.47334187007732,3.21752211438915
"2020-06-24","Zurich","ZH",11.9397517125711,24.4648395997284
"2020-06-25","9999","9999",0.0151739408416118,0.0487729938325105
"2020-06-25","Central","LU",3.33221150414552,5.66045431279022
"2020-06-25","Central","NW",0.361968513018169,0.555910165243583
"2020-06-25","Central","OW",0.24515036282898,0.364420933708834
"2020-06-25","Central","SZ",1.24843677025552,1.79780314200045
"2020-06-25","Central","UR",0.252760598333145,0.377336430333471
"2020-06-25","Central","ZG",1.23905890141493,2.15702388891041
"2020-06-25","Eastern","AI",0.102348854328964,0.127251629901686
"2020-06-25","Eastern","AR",0.220155333924493,0.336074817432658
"2020-06-25","Eastern","GL",0.235556192544305,0.400176466469671
"2020-06-25","Eastern","GR",1.87465296266974,2.67252214497849
"2020-06-25","Eastern","SG",3.8769634544779,6.05226969460289
"2020-06-25","Eastern","SH",0.516373345761428,0.958295861399047
"2020-06-25","Eastern","TG",1.76869067396401,2.8680899543947
"2020-06-25","Espace Mittelland","BE",7.48842730491843,13.6581716687026
"2020-06-25","Espace Mittelland","FR",2.09012357189698,3.26303224591649
"2020-06-25","Espace Mittelland","JU",0.479624527322017,0.693154310954856
"2020-06-25","Espace Mittelland","NE",1.34264775218392,2.05679283747343
"2020-06-25","Espace Mittelland","SO",1.59116826264186,2.77883707508866
"2020-06-25","Lake Geneva","GE",5.18172497979597,7.42311370871205
"2020-06-25","Lake Geneva","VD",6.92387655718292,10.7423623530947
"2020-06-25","Lake Geneva","VS",2.79512349755131,3.86146158557434
"2020-06-25","Northwestern","AG",4.70210324068122,7.70304010397655
"2020-06-25","Northwestern","BL",1.71233950142084,2.86496304468558
"2020-06-25","Northwestern","BS",1.65966337401971,3.58646347191661
"2020-06-25","Ticino","TI",3.30980294474395,3.57541732348765
"2020-06-25","Zurich","ZH",13.3415370549397,26.0716633324293
"2020-06-26","9999","9999",0.0176148714078223,0.0486030530874495
"2020-06-26","Central","LU",4.43444781201838,6.55471650145027
"2020-06-26","Central","NW",0.485672579638434,0.63163576124277
"2020-06-26","Central","OW",0.306067326582329,0.415267204631089
"2020-06-26","Central","SZ",1.64048363694946,2.08004073139778
"2020-06-26","Central","UR",0.347182649900983,0.455985007147708
"2020-06-26","Central","ZG",1.59425731042001,2.43810588124133
"2020-06-26","Eastern","AI",0.13897618995135,0.146658862987653
"2020-06-26","Eastern","AR",0.275970563689787,0.349670077037539
"2020-06-26","Eastern","GL",0.300481834718073,0.453775777461915
"2020-06-26","Eastern","GR",2.60950740221449,3.13071638181199
"2020-06-26","Eastern","SG",4.81740833417159,6.74386055070318
"2020-06-26","Eastern","SH",0.627330480650082,1.072360089484
"2020-06-26","Eastern","TG",2.17433348150123,3.12381678756251
"2020-06-26","Espace Mittelland","BE",9.60678853985881,15.5510396634901
"2020-06-26","Espace Mittelland","FR",2.85145971480861,3.91417720469227
"2020-06-26","Espace Mittelland","JU",0.571563394452338,0.7609606682342
"2020-06-26","Espace Mittelland","NE",1.64617929824481,2.29277255606515
"2020-06-26","Espace Mittelland","SO",1.99001182705046,3.07854457307826
"2020-06-26","Lake Geneva","GE",5.79905526531071,7.69692223715435
"2020-06-26","Lake Geneva","VD",8.85334557674825,12.489557141216
"2020-06-26","Lake Geneva","VS",3.67167651382238,4.63282262740628
"2020-06-26","Northwestern","AG",5.85267440591811,8.70273353087246
"2020-06-26","Northwestern","BL",2.12650939472927,3.1282352469341
"2020-06-26","Northwestern","BS",1.85762285116303,3.66793306509886
"2020-06-26","Ticino","TI",3.59997134177192,3.75436492803689
"2020-06-26","Zurich","ZH",16.1740569516474,27.9408755755043
"2020-06-27","9999","9999",0.016911471721252,0.0430629847984605
"2020-06-27","Central","LU",5.24170033227873,7.06042617060283
"2020-06-27","Central","NW",0.562322010706896,0.694038002829174
"2020-06-27","Central","OW",0.333449730543852,0.442695640883937
"2020-06-27","Central","SZ",1.9479188298198,2.34576008037517
"2020-06-27","Central","UR",0.335198316352009,0.464923890337917
"2020-06-27","Central","ZG",1.69892471572925,2.30538215934868
"2020-06-27","Eastern","AI",0.161830658881924,0.172693785131001
"2020-06-27","Eastern","AR",0.296959526160153,0.371898326491519
"2020-06-27","Eastern","GL",0.348646881644522,0.499149956393205
"2020-06-27","Eastern","GR",2.94440161208975,3.39555203891507
"2020-06-27","Eastern","SG",5.62438690523628,7.12225061365603
"2020-06-27","Eastern","SH",0.722124691315205,1.16208880287621
"2020-06-27","Eastern","TG",2.55956994832148,3.48242574779026
"2020-06-27","Espace Mittelland","BE",10.2958037046009,15.408527354682
"2020-06-27","Espace Mittelland","FR",2.8088422879031,3.71031628691708
"2020-06-27","Espace Mittelland","JU",0.613459153431275,0.786689697036437
"2020-06-27","Espace Mittelland","NE",1.80378313281613,2.41217292354502
"2020-06-27","Espace Mittelland","SO",2.29725601597521,3.29430134300772
"2020-06-27","Lake Geneva","GE",5.87796195379191,7.11205416895237
"2020-06-27","Lake Geneva","VD",10.0040869557729,12.7226478671417
"2020-06-27","Lake Geneva","VS",3.77302603080874,4.6334344140885
"2020-06-27","Northwestern","AG",7.19292473061796,9.58815880078934
"2020-06-27","Northwestern","BL",2.47813335335099,3.1992704783696
"2020-06-27","Northwestern","BS",2.34535133030792,3.78260907986603
"2020-06-27","Ticino","TI",3.62848516264707,4.05974844691153
"2020-06-27","Zurich","ZH",19.2262962625213,28.2559117286984
"2020-06-28","9999","9999",0.0130320376723455,0.0403099447284721
"2020-06-28","Central","LU",0.813954176134742,1.83668558447041
"2020-06-28","Central","NW",0.161433856261736,0.20185561698347
"2020-06-28","Central","OW",0.130376011640013,0.169736816166939
"2020-06-28","Central","SZ",0.371327933481771,0.631499808646721
"2020-06-28","Central","UR",0.13193803035486,0.201583711791373
"2020-06-28","Central","ZG",0.218357104712577,0.531982508338992
"2020-06-28","Eastern","AI",0.0446063037050767,0.0548908606547069
"2020-06-28","Eastern","AR",0.077215159105386,0.101182719609327
"2020-06-28","Eastern","GL",0.0758149112361099,0.163143115258572
"2020-06-28","Eastern","GR",1.21895230864286,1.36764912810201
"2020-06-28","Eastern","SG",0.773516958920195,1.64917296637009
"2020-06-28","Eastern","SH",0.14959289608962,0.349092278504331
"2020-06-28","Eastern","TG",0.370934005221318,0.720140901270545
"2020-06-28","Espace Mittelland","BE",1.87285716139111,4.59383822048928
"2020-06-28","Espace Mittelland","FR",0.559516459384668,1.18102020187601
"2020-06-28","Espace Mittelland","JU",0.0988948725130802,0.178097900823941
"2020-06-28","Espace Mittelland","NE",0.288010884597249,0.510162116673158
"2020-06-28","Espace Mittelland","SO",0.316942212097932,0.751885832447942
"2020-06-28","Lake Geneva","GE",0.840417536857212,1.69570274236779
"2020-06-28","Lake Geneva","VD",1.58751732844381,3.30313826175089
"2020-06-28","Lake Geneva","VS",1.00511510720126,1.6380588416431
"2020-06-28","Northwestern","AG",0.917902689976607,2.22982650409455
"2020-06-28","Northwestern","BL",0.298361904345091,0.759057331889517
"2020-06-28","Northwestern","BS",0.376620048768016,1.14274954608827
"2020-06-28","Ticino","TI",1.24354912515944,1.55074328683075
"2020-06-28","Zurich","ZH",3.01373840570317,7.96977909742431
"2020-06-29","9999","9999",0.0137608640861075,0.0443545344609242
"2020-06-29","Central","LU",3.31531579441055,5.28039883053577
"2020-06-29","Central","NW",0.330079015091787,0.518455225032136
"2020-06-29","Central","OW",0.194541260351215,0.292705939293087
"2020-06-29","Central","SZ",1.15532776067558,1.6798642649281
"2020-06-29","Central","UR",0.23849775903911,0.343076376129171
"2020-06-29","Central","ZG",1.07171018064188,1.95204136221782
"2020-06-29","Eastern","AI",0.0741028775720473,0.094690983147996
"2020-06-29","Eastern","AR",0.171317212981484,0.282815387930536
"2020-06-29","Eastern","GL",0.209455831344977,0.343144352427196
"2020-06-29","Eastern","GR",1.95609570187786,2.64053929675801
"2020-06-29","Eastern","SG",3.3888213455687,5.45319458011381
"2020-06-29","Eastern","SH",0.443180645555899,0.868091313920662
"2020-06-29","Eastern","TG",1.50625893986086,2.55825398799946
"2020-06-29","Espace Mittelland","BE",6.768626553029,12.653957817988
"2020-06-29","Espace Mittelland","FR",1.90315030101067,3.04931476492776
"2020-06-29","Espace Mittelland","JU",0.400300508436252,0.6111069192394
"2020-06-29","Espace Mittelland","NE",1.14977889535982,1.8647937837035
"2020-06-29","Espace Mittelland","SO",1.31506784759723,2.43433319670097
"2020-06-29","Lake Geneva","GE",4.51786399106956,6.73910220984147
"2020-06-29","Lake Geneva","VD",6.26495822190572,10.1147032052864
"2020-06-29","Lake Geneva","VS",2.7827862482344,3.80986757537382
"2020-06-29","Northwestern","AG",4.10568783825932,7.07320571463142
"2020-06-29","Northwestern","BL",1.54715930884681,2.53986639938386
"2020-06-29","Northwestern","BS",1.50956847531002,3.24943698631161
"2020-06-29","Ticino","TI",1.66404776728488,2.13238248087657
"2020-06-29","Zurich","ZH",11.8031159680759,23.6066048490212
"2020-06-30","9999","9999",0.0132066491522086,0.0467337048917783
"2020-06-30","Central","LU",2.97331119783941,5.25684504327031
"2020-06-30","Central","NW",0.29970592206255,0.509006519606743
"2020-06-30","Central","OW",0.20087085894488,0.324858728258631
"2020-06-30","Central","SZ",1.12473547617844,1.67496997147035
"2020-06-30","Central","UR",0.219460439836485,0.344503878387684
"2020-06-30","Central","ZG",1.08989363878227,2.03633197176808
"2020-06-30","Eastern","AI",0.0849847610179583,0.116987208900001
"2020-06-30","Eastern","AR",0.186548938635423,0.312589006465226
"2020-06-30","Eastern","GL",0.199662084943776,0.358574972078736
"2020-06-30","Eastern","GR",1.70659883329112,2.42430669274237
"2020-06-30","Eastern","SG",3.26175333038141,5.44632897401334
"2020-06-30","Eastern","SH",0.451071640217003,0.909013045331354
"2020-06-30","Eastern","TG",1.47467912090973,2.5837111116096
"2020-06-30","Espace Mittelland","BE",6.42024542434727,12.667960935381
"2020-06-30","Espace Mittelland","FR",1.86274804211949,3.02504722653305
"2020-06-30","Espace Mittelland","JU",0.385997177480557,0.600638569343641
"2020-06-30","Espace Mittelland","NE",1.14823864580815,1.89195031476425
"2020-06-30","Espace Mittelland","SO",1.31733187972706,2.4775661222445
"2020-06-30","Lake Geneva","GE",4.5955682690845,6.85571554910234
"2020-06-30","Lake Geneva","VD",6.18519141456003,10.177751221704
"2020-06-30","Lake Geneva","VS",2.53624862697925,3.68489315145595
"2020-06-30","Northwestern","AG",4.03264654710664,7.11419542234014
"2020-06-30","Northwestern","BL",1.46941227962584,2.50230949472538
"2020-06-30","Northwestern","BS",1.50075018635269,3.26320218666155
"2020-06-30","Ticino","TI",2.78129900986492,3.34147689383666
"2020-06-30","Zurich","ZH",11.8551405595784,24.444412722172
"2020-07-01","9999","9999",0.0156558425236515,0.0491468634716447
"2020-07-01","Central","LU",3.22108948125823,5.53242095546125
"2020-07-01","Central","NW",0.331480606156416,0.523961305172113
"2020-07-01","Central","OW",0.20906663363842,0.327543792030595
"2020-07-01","Central","SZ",1.16328173279343,1.69444518085434
"2020-07-01","Central","UR",0.242064326471314,0.345795428050147
"2020-07-01","Central","ZG",1.17816011974912,2.13731076248334
"2020-07-01","Eastern","AI",0.0901641183829414,0.117327090390123
"2020-07-01","Eastern","AR",0.206625315386087,0.320848126675191
"2020-07-01","Eastern","GL",0.209231529469097,0.353408773428881
"2020-07-01","Eastern","GR",1.76132088217609,2.4681174168191
"2020-07-01","Eastern","SG",3.38774167104631,5.64312035679399
"2020-07-01","Eastern","SH",0.477059184754747,0.933144631130018
"2020-07-01","Eastern","TG",1.49655029252151,2.64512769687465
"2020-07-01","Espace Mittelland","BE",6.8567180426619,13.2246868162009
"2020-07-01","Espace Mittelland","FR",1.9783321403892,3.15311457201103
"2020-07-01","Espace Mittelland","JU",0.425291178808879,0.661205450883386
"2020-07-01","Espace Mittelland","NE",1.22154806303261,1.98235879113671
"2020-07-01","Espace Mittelland","SO",1.41579859403631,2.59890381421806
"2020-07-01","Lake Geneva","GE",4.82682839814317,6.96107881104017
"2020-07-01","Lake Geneva","VD",6.71120433295867,10.8205350958228
"2020-07-01","Lake Geneva","VS",2.68385925651349,3.78186134058776
"2020-07-01","Northwestern","AG",4.25137019534176,7.4240993650334
"2020-07-01","Northwestern","BL",1.48117394036386,2.57378657209804
"2020-07-01","Northwestern","BS",1.57152663867513,3.32574038084401
"2020-07-01","Ticino","TI",2.81389267110205,3.28954300214601
"2020-07-01","Zurich","ZH",12.4315950373936,25.5043671372666
"2020-07-02","9999","9999",0.0133814564331435,0.0428250677553751
"2020-07-02","Central","LU",3.33646120976938,5.62575241264876
"2020-07-02","Central","NW",0.356224625918821,0.5339538209817
"2020-07-02","Central","OW",0.223072718986924,0.323397237851106
"2020-07-02","Central","SZ",1.22791119451784,1.73033666621123
"2020-07-02","Central","UR",0.260168301124599,0.364930755944017
"2020-07-02","Central","ZG",1.24484331933615,2.16242800460335
"2020-07-02","Eastern","AI",0.106535864449612,0.115083872555317
"2020-07-02","Eastern","AR",0.212220851845329,0.314832224300031
"2020-07-02","Eastern","GL",0.220512056065272,0.366562187096603
"2020-07-02","Eastern","GR",1.84307981270312,2.55971547840699
"2020-07-02","Eastern","SG",3.76011334172174,5.94690643266506
"2020-07-02","Eastern","SH",0.534843797364891,0.966487005310988
"2020-07-02","Eastern","TG",1.66773005315055,2.75633692044258
"2020-07-02","Espace Mittelland","BE",7.49044563411522,13.7183646806032
"2020-07-02","Espace Mittelland","FR",2.11421817041231,3.29409741411365
"2020-07-02","Espace Mittelland","JU",0.461513194464451,0.684929178893903
"2020-07-02","Espace Mittelland","NE",1.36525024471512,2.09744266369202
"2020-07-02","Espace Mittelland","SO",1.57760053281701,2.76547973252686
"2020-07-02","Lake Geneva","GE",5.1574183796281,7.43449973863113
"2020-07-02","Lake Geneva","VD",6.97906259586788,10.9627754994389
"2020-07-02","Lake Geneva","VS",2.82337532092824,3.88783638920781
"2020-07-02","Northwestern","AG",4.65604733157267,7.67469398770037
"2020-07-02","Northwestern","BL",1.6292752513002,2.64516168502367
"2020-07-02","Northwestern","BS",1.68009456580871,3.40792372515551
"2020-07-02","Ticino","TI",2.77341847098105,3.42427202483038
"2020-07-02","Zurich","ZH",12.968114234042,25.3527799926722
"2020-07-03","9999","9999",0.0159446843488375,0.0447623922490706
"2020-07-03","Central","LU",4.47401374579132,6.75252752870129
"2020-07-03","Central","NW",0.465547812610871,0.630276235282282
"2020-07-03","Central","OW",0.284711515139748,0.389946033616998
"2020-07-03","Central","SZ",1.5748109862744,2.06267278725254
"2020-07-03","Central","UR",0.347720170835495,0.467914847450991
"2020-07-03","Central","ZG",1.5919973744486,2.49724526052256
"2020-07-03","Eastern","AI",0.117407570155808,0.136700335327078
"2020-07-03","Eastern","AR",0.266214031240304,0.357453363161333
"2020-07-03","Eastern","GL",0.292159079113411,0.44769189878873
"2020-07-03","Eastern","GR",2.58898893405571,3.12014606746919
"2020-07-03","Eastern","SG",4.68255103514799,6.72125843161007
"2020-07-03","Eastern","SH",0.605362371843646,1.061211976608
"2020-07-03","Eastern","TG",2.00043128318894,3.09033846078549
"2020-07-03","Espace Mittelland","BE",9.55631233931658,15.5147743084941
"2020-07-03","Espace Mittelland","FR",2.63961214987474,3.80939174128765
"2020-07-03","Espace Mittelland","JU",0.54366335119714,0.767860262483677
"2020-07-03","Espace Mittelland","NE",1.53247288526198,2.27924527275829
"2020-07-03","Espace Mittelland","SO",1.85328383675427,2.99337027165368
"2020-07-03","Lake Geneva","GE",5.49435989334277,7.54764628669276
"2020-07-03","Lake Geneva","VD",8.61502895719674,12.3908215683356
"2020-07-03","Lake Geneva","VS",3.78067109149155,4.81231404233972
"2020-07-03","Northwestern","AG",5.65519394043301,8.57007778527783
"2020-07-03","Northwestern","BL",2.02029111961822,3.03133503410031
"2020-07-03","Northwestern","BS",1.90329701083779,3.65148280097696
"2020-07-03","Ticino","TI",3.28237968101476,3.66589377615813
"2020-07-03","Zurich","ZH",15.9427457929134,28.1289320039889
"2020-07-04","9999","9999",0.0172884475249035,0.0422472692221676
"2020-07-04","Central","LU",4.99154686437761,6.82794723135937
"2020-07-04","Central","NW",0.528080041222548,0.701379443015809
"2020-07-04","Central","OW",0.343276720051033,0.487729938325105
"2020-07-04","Central","SZ",1.85099170717063,2.35928736368203
"2020-07-04","Central","UR",0.351711685333956,0.498062335624814
"2020-07-04","Central","ZG",1.59859960645473,2.25834256111579
"2020-07-04","Eastern","AI",0.157176126709954,0.187478629951309
"2020-07-04","Eastern","AR",0.290105807257333,0.393378836667231
"2020-07-04","Eastern","GL",0.323732871307549,0.516144030899306
"2020-07-04","Eastern","GR",2.99882479413466,3.47923086178311
"2020-07-04","Eastern","SG",5.16833999111149,6.92345393008366
"2020-07-04","Eastern","SH",0.691676449834589,1.14081222159457
"2020-07-04","Eastern","TG",2.37384532828256,3.38855048021856
"2020-07-04","Espace Mittelland","BE",9.80171673054017,15.247117635023
"2020-07-04","Espace Mittelland","FR",2.59844131303619,3.60573475240653
"2020-07-04","Espace Mittelland","JU",0.591045538446036,0.782373202111888
"2020-07-04","Espace Mittelland","NE",1.68923342028089,2.32210432866268
"2020-07-04","Espace Mittelland","SO",2.0940502292484,3.1424422932212
"2020-07-04","Lake Geneva","GE",5.48967328895523,6.76986148469752
"2020-07-04","Lake Geneva","VD",9.26463463322232,12.2658811325667
"2020-07-04","Lake Geneva","VS",3.83634306927665,4.85269196336621
"2020-07-04","Northwestern","AG",6.56030509910986,9.12415259047475
"2020-07-04","Northwestern","BL",2.1409013100059,2.97256952445821
"2020-07-04","Northwestern","BS",2.06439277347272,3.52525081554564
"2020-07-04","Ticino","TI",3.5543957796849,4.15858598423902
"2020-07-04","Zurich","ZH",18.3261033565641,27.9005996189249
"2020-07-05","9999","9999",0.0153404226609713,0.0459859656135099
"2020-07-05","Central","LU",0.942564430212596,2.144720178968
"2020-07-05","Central","NW",0.182189541335088,0.285194558361391
"2020-07-05","Central","OW",0.196324683086077,0.275949781830072
"2020-07-05","Central","SZ",0.433663084398599,0.804125617479697
"2020-07-05","Central","UR",0.184176706833285,0.273094777313046
"2020-07-05","Central","ZG",0.246957896507832,0.643429648950004
"2020-07-05","Eastern","AI",0.0553255469486582,0.0793283397944805
"2020-07-05","Eastern","AR",0.0852556518008762,0.132655745594626
"2020-07-05","Eastern","GL",0.0979702724396085,0.236319600081843
"2020-07-05","Eastern","GR",1.42008569766489,1.71905260073917
"2020-07-05","Eastern","SG",0.850969037322531,1.90619134920036
"2020-07-05","Eastern","SH",0.148727776465758,0.37978357706235
"2020-07-05","Eastern","TG",0.406420588134963,0.873801322954712
"2020-07-05","Espace Mittelland","BE",2.2328287932619,5.60586934547662
"2020-07-05","Espace Mittelland","FR",0.602072138464158,1.32404233291936
"2020-07-05","Espace Mittelland","JU",0.104150271182331,0.200496091022982
"2020-07-05","Espace Mittelland","NE",0.309995092167813,0.577832521356453
"2020-07-05","Espace Mittelland","SO",0.339786037282239,0.842328296969413
"2020-07-05","Lake Geneva","GE",0.904312321631832,1.89986955348409
"2020-07-05","Lake Geneva","VD",1.74472293496314,3.71962903974642
"2020-07-05","Lake Geneva","VS",1.33141364610586,2.15389697920129
"2020-07-05","Northwestern","AG",0.940179808118631,2.40568118708369
"2020-07-05","Northwestern","BL",0.298980584823889,0.805689072334258
"2020-07-05","Northwestern","BS",0.393351896501966,1.19757243044495
"2020-07-05","Ticino","TI",1.33750548737399,1.70267031291529
"2020-07-05","Zurich","ZH",3.08076745655547,8.76194088645171
"2020-07-06","9999","9999",0.0121986025779318,0.0423492336692042
"2020-07-06","Central","LU",3.06842234778353,5.22336671649329
"2020-07-06","Central","NW",0.325515358113288,0.510196104822171
"2020-07-06","Central","OW",0.222916939654153,0.335429042601426
"2020-07-06","Central","SZ",1.12449340339727,1.68679784732659
"2020-07-06","Central","UR",0.228909333557883,0.361497952893785
"2020-07-06","Central","ZG",1.04742803602788,1.92648227416065
"2020-07-06","Eastern","AI",0.0799430870506855,0.106688799749303
"2020-07-06","Eastern","AR",0.173670933750288,0.280062347860548
"2020-07-06","Eastern","GL",0.211986885228543,0.37237416057769
"2020-07-06","Eastern","GR",2.15629308345597,2.9566630707205
"2020-07-06","Eastern","SG",3.26221518986573,5.32828813249396
"2020-07-06","Eastern","SH",0.430004979965301,0.857622964024904
"2020-07-06","Eastern","TG",1.41748261248301,2.49721127237355
"2020-07-06","Espace Mittelland","BE",6.83788069509396,12.876648170316
"2020-07-06","Espace Mittelland","FR",1.85376703463941,3.05835561256501
"2020-07-06","Espace Mittelland","JU",0.35711025374695,0.555842188945558
"2020-07-06","Espace Mittelland","NE",1.11573385476151,1.85486924419193
"2020-07-06","Espace Mittelland","SO",1.2636883775503,2.36322998896745
"2020-07-06","Lake Geneva","GE",4.33655777885802,6.69141683677735
"2020-07-06","Lake Geneva","VD",6.41693121708454,10.0668818796262
"2020-07-06","Lake Geneva","VS",2.99891592778554,4.23913789739794
"2020-07-06","Northwestern","AG",3.80786513090592,6.75388705466178
"2020-07-06","Northwestern","BL",1.39773916021085,2.47651248962512
"2020-07-06","Northwestern","BS",1.44347550630603,3.15807684176681
"2020-07-06","Ticino","TI",2.83092417671239,3.53738458474299
"2020-07-06","Zurich","ZH",11.4100187931044,24.1639085283743
"2020-07-07","9999","9999",0.014237067956956,0.0475834086170834
"2020-07-07","Central","LU",2.94975796970767,5.17585128417423
"2020-07-07","Central","NW",0.336895610111382,0.513390990829318
"2020-07-07","Central","OW",0.220838006109597,0.353102880087771
"2020-07-07","Central","SZ",1.10185695896022,1.65960732811683
"2020-07-07","Central","UR",0.245769039391757,0.358371043184662
"2020-07-07","Central","ZG",1.0528186431693,1.92546262969028
"2020-07-07","Eastern","AI",0.085872726710885,0.124192696490588
"2020-07-07","Eastern","AR",0.19526644486504,0.31235108942214
"2020-07-07","Eastern","GL",0.204227570704286,0.366868080437713
"2020-07-07","Eastern","GR",1.94225260525759,2.82111833245984
"2020-07-07","Eastern","SG",3.26304665911739,5.32335985088719
"2020-07-07","Eastern","SH",0.457470540642043,0.894873975342278
"2020-07-07","Eastern","TG",1.43960926141733,2.48436375204694
"2020-07-07","Espace Mittelland","BE",6.90891064323209,12.8419802583235
"2020-07-07","Espace Mittelland","FR",1.84796730507436,3.04268707587039
"2020-07-07","Espace Mittelland","JU",0.371120701543336,0.568485780378098
"2020-07-07","Espace Mittelland","NE",1.10327542416122,1.8544953745528
"2020-07-07","Espace Mittelland","SO",1.32339713120963,2.41067744498848
"2020-07-07","Lake Geneva","GE",4.35234140899321,6.687644152237
"2020-07-07","Lake Geneva","VD",6.19779262721794,9.99761403193934
"2020-07-07","Lake Geneva","VS",2.88749141573836,4.15919777092124
"2020-07-07","Northwestern","AG",3.92520529850075,6.82567002537555
"2020-07-07","Northwestern","BL",1.37128295797556,2.4369162960259
"2020-07-07","Northwestern","BS",1.4573823557553,3.13962127685319
"2020-07-07","Ticino","TI",2.71145806373565,3.49235028730182
"2020-07-07","Zurich","ZH",11.885630451863,24.7892904701989
"2020-07-08","9999","9999",0.0150945317589084,0.0475494204680712
"2020-07-08","Central","LU",2.9310686555821,5.22017183048615
"2020-07-08","Central","NW",0.339794691689616,0.518625165777197
"2020-07-08","Central","OW",0.234452199528795,0.376316785863105
"2020-07-08","Central","SZ",1.11533142873454,1.68125777903761
"2020-07-08","Central","UR",0.247652289345097,0.363605218132542
"2020-07-08","Central","ZG",1.07614099834119,1.98286861337189
"2020-07-08","Eastern","AI",0.0892973971063116,0.125960080239222
"2020-07-08","Eastern","AR",0.19928774070653,0.30925816786203
"2020-07-08","Eastern","GL",0.212157510198583,0.374141544326324
"2020-07-08","Eastern","GR",1.98263049083135,2.85116385618662
"2020-07-08","Eastern","SG",3.2048754999472,5.25579141065093
"2020-07-08","Eastern","SH",0.44910241401301,0.887090689218483
"2020-07-08","Eastern","TG",1.43546159556406,2.5043147955171
"2020-07-08","Espace Mittelland","BE",6.69836809635819,12.887898247639
"2020-07-08","Espace Mittelland","FR",1.86157090173955,3.07640331969049
"2020-07-08","Espace Mittelland","JU",0.379087757088814,0.590340160192944
"2020-07-08","Espace Mittelland","NE",1.13154686680554,1.86207473178252
"2020-07-08","Espace Mittelland","SO",1.31632559536243,2.41373637839958
"2020-07-08","Lake Geneva","GE",4.32404790740013,6.70028774366954
"2020-07-08","Lake Geneva","VD",6.07667625581531,9.77951207972804
"2020-07-08","Lake Geneva","VS",2.96410189022556,4.21694363609297
"2020-07-08","Northwestern","AG",3.90225712700923,6.84463541252436
"2020-07-08","Northwestern","BL",1.38583180781129,2.43266777739938
"2020-07-08","Northwestern","BS",1.4034063246182,3.12361285866844
"2020-07-08","Ticino","TI",2.67266328856821,3.45193837812632
"2020-07-08","Zurich","ZH",12.0366192607862,25.3815679548855
"2020-07-09","9999","9999",0.0152909515621552,0.0497586501538643
"2020-07-09","Central","LU",3.09020114436563,5.32876396658013
"2020-07-09","Central","NW",0.346804303489829,0.538780138141433
"2020-07-09","Central","OW",0.242756910106674,0.372408148726702
"2020-07-09","Central","SZ",1.13828248241784,1.6948870267915
"2020-07-09","Central","UR",0.253947047096036,0.372714042067812
"2020-07-09","Central","ZG",1.14162139585981,2.04707222685594
"2020-07-09","Eastern","AI",0.0945319194652804,0.124430613533673
"2020-07-09","Eastern","AR",0.200264306384473,0.312419065720165
"2020-07-09","Eastern","GL",0.218707780516256,0.384168048284924
"2020-07-09","Eastern","GR",2.11344678467756,2.92386450692373
"2020-07-09","Eastern","SG",3.33125694259203,5.4384097352935
"2020-07-09","Eastern","SH",0.459863120091568,0.905376313387048
"2020-07-09","Eastern","TG",1.52327310532828,2.58836748802428
"2020-07-09","Espace Mittelland","BE",7.03125959804617,13.3269911447277
"2020-07-09","Espace Mittelland","FR",1.90591755364324,3.12724959061274
"2020-07-09","Espace Mittelland","JU",0.402962788198178,0.613282160776181
"2020-07-09","Espace Mittelland","NE",1.20237277847873,1.96013054168273
"2020-07-09","Espace Mittelland","SO",1.41073608683499,2.554175410118
"2020-07-09","Lake Geneva","GE",4.56630817200405,7.06433480773924
"2020-07-09","Lake Geneva","VD",6.16807683447091,9.94493240097043
"2020-07-09","Lake Geneva","VS",2.97493513668522,4.24535772866717
"2020-07-09","Northwestern","AG",4.04653623263395,7.00383590249752
"2020-07-09","Northwestern","BL",1.429417627658,2.49371049302529
"2020-07-09","Northwestern","BS",1.42694919095722,3.18771450770545
"2020-07-09","Ticino","TI",2.91163196093321,3.67017628293367
"2020-07-09","Zurich","ZH",12.4469523067788,25.9088600986608
"2020-07-10","9999","9999",0.0170959789872869,0.0493847805147301
"2020-07-10","Central","LU",4.05280229769582,6.15267068678493
"2020-07-10","Central","NW",0.427549364318702,0.589626409063688
"2020-07-10","Central","OW",0.2931271587729,0.409625171895064
"2020-07-10","Central","SZ",1.43676433841557,1.96223780692148
"2020-07-10","Central","UR",0.341762484629763,0.451260654435012
"2020-07-10","Central","ZG",1.42340848493058,2.27333133483017
"2020-07-10","Eastern","AI",0.12459099065149,0.143973799215689
"2020-07-10","Eastern","AR",0.240881781981796,0.34413000874855
"2020-07-10","Eastern","GL",0.272030689766019,0.43317895916052
"2020-07-10","Eastern","GR",2.67607692753125,3.22078497669433
"2020-07-10","Eastern","SG",4.04174929194514,5.99935014659089
"2020-07-10","Eastern","SH",0.531188500718964,0.991910140772115
"2020-07-10","Eastern","TG",1.85709860162516,2.88083551027428
"2020-07-10","Espace Mittelland","BE",8.83552303089157,14.7398445110159
"2020-07-10","Espace Mittelland","FR",2.54936070029773,3.72924768591687
"2020-07-10","Espace Mittelland","JU",0.503170197532384,0.701073549674699
"2020-07-10","Espace Mittelland","NE",1.46297197902217,2.16100050234484
"2020-07-10","Espace Mittelland","SO",1.70825986077596,2.7920584650544
"2020-07-10","Lake Geneva","GE",5.06938675421491,7.27903794504932
"2020-07-10","Lake Geneva","VD",7.8984714738417,11.4424842345971
"2020-07-10","Lake Geneva","VS",3.93451325461062,5.09529937101531
"2020-07-10","Northwestern","AG",5.04943097134441,7.88100205220444
"2020-07-10","Northwestern","BL",1.82860520671782,2.85480058813093
"2020-07-10","Northwestern","BS",1.69832229457146,3.43623585328268
"2020-07-10","Ticino","TI",3.41480981037148,3.89123520410903
"2020-07-10","Zurich","ZH",14.9434789896071,27.8550894873975
"2020-07-11","9999","9999",0.0156147947869468,0.0360614261019468
"2020-07-11","Central","LU",4.92333725445865,6.56797187956503
"2020-07-11","Central","NW",0.561612298393769,0.656583062617726
"2020-07-11","Central","OW",0.341606478167748,0.420433403280944
"2020-07-11","Central","SZ",1.85397546879642,2.22686953513049
"2020-07-11","Central","UR",0.37162163508956,0.483583384145616
"2020-07-11","Central","ZG",1.60274010207274,2.15263941768784
"2020-07-11","Eastern","AI",0.136332722756408,0.14244433251014
"2020-07-11","Eastern","AR",0.276474152298546,0.33440939813106
"2020-07-11","Eastern","GL",0.340571692999098,0.489769227265837
"2020-07-11","Eastern","GR",3.57105542773161,3.80867799015839
"2020-07-11","Eastern","SG",5.27582315289483,6.61888612678531
"2020-07-11","Eastern","SH",0.658966279127656,1.08330427346593
"2020-07-11","Eastern","TG",2.28805910256921,3.14057294502553
"2020-07-11","Espace Mittelland","BE",10.016866860405,14.5846886107752
"2020-07-11","Espace Mittelland","FR",2.54174760609791,3.52779992672155
"2020-07-11","Espace Mittelland","JU",0.54544829334832,0.708924812096518
"2020-07-11","Espace Mittelland","NE",1.66459474541116,2.26565001315341
"2020-07-11","Espace Mittelland","SO",2.03459502622906,3.03558355272684
"2020-07-11","Lake Geneva","GE",5.37410747067359,6.70093351850077
"2020-07-11","Lake Geneva","VD",8.74294675686794,11.6326139401713
"2020-07-11","Lake Geneva","VS",4.29442558225277,5.18795106522258
"2020-07-11","Northwestern","AG",6.37621081277976,8.75001104614843
"2020-07-11","Northwestern","BL",2.14771468213985,2.94887978459671
"2020-07-11","Northwestern","BS",2.02972383625506,3.50502786688337
"2020-07-11","Ticino","TI",3.93401770559388,4.49099008157836
"2020-07-11","Zurich","ZH",18.4760708945086,27.1114287870105
"2020-07-12","9999","9999",0.0143874901724015,0.0426891151593262
"2020-07-12","Central","LU",0.9109444837898,2.03837126070882
"2020-07-12","Central","NW",0.185407011120252,0.278125023366852
"2020-07-12","Central","OW",0.194170980944221,0.292535998548026
"2020-07-12","Central","SZ",0.461049220328551,0.816395339273102
"2020-07-12","Central","UR",0.210071359426518,0.294337370445673
"2020-07-12","Central","ZG",0.246071595124016,0.611854658517668
"2020-07-12","Eastern","AI",0.0543446618990698,0.0858540644048233
"2020-07-12","Eastern","AR",0.0842152197293139,0.13364140191598
"2020-07-12","Eastern","GL",0.105912907675405,0.252667899756713
"2020-07-12","Eastern","GR",1.62729948142439,1.89429549704609
"2020-07-12","Eastern","SG",0.82201133933349,1.80528053478313
"2020-07-12","Eastern","SH",0.14696512822462,0.369111298272518
"2020-07-12","Eastern","TG",0.392358605496464,0.805213238248088
"2020-07-12","Espace Mittelland","BE",2.30751366993994,5.37787684190276
"2020-07-12","Espace Mittelland","FR",0.611828823638478,1.33352502649376
"2020-07-12","Espace Mittelland","JU",0.107790365833039,0.198592754678299
"2020-07-12","Espace Mittelland","NE",0.317410713154613,0.572190488620428
"2020-07-12","Espace Mittelland","SO",0.333434477640354,0.833219473034142
"2020-07-12","Lake Geneva","GE",0.905312504835063,1.89602889264571
"2020-07-12","Lake Geneva","VD",1.74092032933881,3.62707930998619
"2020-07-12","Lake Geneva","VS",1.5110947877414,2.38607002510365
"2020-07-12","Northwestern","AG",0.899976698497642,2.2817603957852
"2020-07-12","Northwestern","BL",0.304423228058159,0.815205754057675
"2020-07-12","Northwestern","BS",0.384204712652196,1.15933576280622
"2020-07-12","Ticino","TI",1.41409555938951,1.81687049359629
"2020-07-12","Zurich","ZH",3.05928664962464,8.52942795905924
"2020-07-13","9999","9999",0.0137367883863116,0.045170250037217
"2020-07-13","Central","LU",2.90346494158508,4.91121955596523
"2020-07-13","Central","NW",0.314677130474359,0.505675681003548
"2020-07-13","Central","OW",0.231546401973797,0.372782018365836
"2020-07-13","Central","SZ",1.04980983467039,1.6617485815046
"2020-07-13","Central","UR",0.253972967241928,0.382060783046167
"2020-07-13","Central","ZG",0.958638550817997,1.80677601333967
"2020-07-13","Eastern","AI",0.0886970044476253,0.127761452136869
"2020-07-13","Eastern","AR",0.16461135521609,0.27700341444945
"2020-07-13","Eastern","GL",0.202804774383574,0.38008947040346
"2020-07-13","Eastern","GR",2.3687681438329,3.22972385988454
"2020-07-13","Eastern","SG",2.95603312777132,5.0378933873337
"2020-07-13","Eastern","SH",0.403827191190117,0.828529108470459
"2020-07-13","Eastern","TG",1.35454260464305,2.41169708945885
"2020-07-13","Espace Mittelland","BE",6.41665288194487,12.4680086547423
"2020-07-13","Espace Mittelland","FR",1.72636848766271,2.99170485235208
"2020-07-13","Espace Mittelland","JU",0.348515303324232,0.576472995395965
"2020-07-13","Espace Mittelland","NE",1.03599913529547,1.77142833836698
"2020-07-13","Espace Mittelland","SO",1.1564305867167,2.26160542342096
"2020-07-13","Lake Geneva","GE",3.90476439106256,6.48667222712784
"2020-07-13","Lake Geneva","VD",5.71585582629801,9.50349432159994
"2020-07-13","Lake Geneva","VS",3.04393317094819,4.43861434395055
"2020-07-13","Northwestern","AG",3.48256311764053,6.34470372870388
"2020-07-13","Northwestern","BL",1.35385106658542,2.41261476948218
"2020-07-13","Northwestern","BS",1.32773056920386,3.04108963286681
"2020-07-13","Ticino","TI",2.82794148416045,3.74202722994546
"2020-07-13","Zurich","ZH",10.6725220220109,22.912396905447
"2020-07-14","9999","9999",0.0141909215603402,0.0444225107589486
"2020-07-14","Central","LU",2.76208596703234,4.8785569447645
"2020-07-14","Central","NW",0.331929202076132,0.495139354809765
"2020-07-14","Central","OW",0.244132608437561,0.375976904372983
"2020-07-14","Central","SZ",1.0498208151945,1.58999959893984
"2020-07-14","Central","UR",0.246569282288469,0.358982829866882
"2020-07-14","Central","ZG",0.994689777030629,1.82360014710071
"2020-07-14","Eastern","AI",0.0964420254936363,0.132145923359443
"2020-07-14","Eastern","AR",0.174560610744583,0.28040222935067
"2020-07-14","Eastern","GL",0.202942344216663,0.364590874453895
"2020-07-14","Eastern","GR",2.17907895935505,3.0098545239246
"2020-07-14","Eastern","SG",2.97054050694002,4.93868198036709
"2020-07-14","Eastern","SH",0.399915097522424,0.839439304303376
"2020-07-14","Eastern","TG",1.31651888234853,2.32601296579909
"2020-07-14","Espace Mittelland","BE",6.28894400984939,12.2262849389675
"2020-07-14","Espace Mittelland","FR",1.69543125650126,2.89358106615385
"2020-07-14","Espace Mittelland","JU",0.373114966788398,0.581163359959649
"2020-07-14","Espace Mittelland","NE",1.04448399852355,1.77798805112633
"2020-07-14","Espace Mittelland","SO",1.18495794136194,2.24495123040498
"2020-07-14","Lake Geneva","GE",4.16468442426009,6.64393539260731
"2020-07-14","Lake Geneva","VD",5.75941642696667,9.40526857095468
"2020-07-14","Lake Geneva","VS",2.99179248507419,4.30296764124285
"2020-07-14","Northwestern","AG",3.475311769837,6.28172368858426
"2020-07-14","Northwestern","BL",1.33445712705857,2.37747102340356
"2020-07-14","Northwestern","BS",1.37993336317785,3.07908838346245
"2020-07-14","Ticino","TI",2.74298398256772,3.63846533990528
"2020-07-14","Zurich","ZH",10.7888784967688,22.8223622987137
"2020-07-15","9999","9999",0.0120565175721261,0.0411256603047649
"2020-07-15","Central","LU",3.16401139723578,5.15702184962147
"2020-07-15","Central","NW",0.354849957501573,0.501189245333937
"2020-07-15","Central","OW",0.223657412315669,0.326184266070107
"2020-07-15","Central","SZ",1.15349509788716,1.64985272935033
"2020-07-15","Central","UR",0.267718453111852,0.365542542626237
"2020-07-15","Central","ZG",1.05247680974202,1.86136098065327
"2020-07-15","Eastern","AI",0.0861135502812081,0.110971306524841
"2020-07-15","Eastern","AR",0.18033675802853,0.273264718058108
"2020-07-15","Eastern","GL",0.214525555773804,0.356909552777138
"2020-07-15","Eastern","GR",2.49364966019879,3.17731413410772
"2020-07-15","Eastern","SG",3.38788483295801,5.19811352177723
"2020-07-15","Eastern","SH",0.432742545239358,0.85031551198728
"2020-07-15","Eastern","TG",1.43246574909611,2.38297710354354
"2020-07-15","Espace Mittelland","BE",7.17239528193508,12.6720055251135
"2020-07-15","Espace Mittelland","FR",1.90504607048454,3.02382365316861
"2020-07-15","Espace Mittelland","JU",0.376064380990164,0.565392858817987
"2020-07-15","Espace Mittelland","NE",1.16323569996144,1.83852094451707
"2020-07-15","Espace Mittelland","SO",1.27887904371947,2.30799924682262
"2020-07-15","Lake Geneva","GE",4.35411037377692,6.4626086176272
"2020-07-15","Lake Geneva","VD",6.16655043980308,9.56708614840178
"2020-07-15","Lake Geneva","VS",3.20494621546231,4.4443243529846
"2020-07-15","Northwestern","AG",3.86554830289675,6.5219179376535
"2020-07-15","Northwestern","BL",1.44216368611683,2.39154211709461
"2020-07-15","Northwestern","BS",1.39467615397525,3.01974507528715
"2020-07-15","Ticino","TI",2.9727255607495,3.86652581977716
"2020-07-15","Zurich","ZH",11.4588269603994,22.7109151581027
"2020-07-16","9999","9999",0.0129446594860174,0.0406158380695819
"2020-07-16","Central","LU",3.21202726332558,5.17313223225326
"2020-07-16","Central","NW",0.345121126987737,0.492828160676935
"2020-07-16","Central","OW",0.218954352806049,0.314560319107933
"2020-07-16","Central","SZ",1.17158133687936,1.61929738338836
"2020-07-16","Central","UR",0.272456608005592,0.357929197247504
"2020-07-16","Central","ZG",1.10080724200183,1.89946169569594
"2020-07-16","Eastern","AI",0.0917056680537358,0.108082313858804
"2020-07-16","Eastern","AR",0.172176360672655,0.254265342760286
"2020-07-16","Eastern","GL",0.225495765083231,0.362177715874029
"2020-07-16","Eastern","GR",2.47207681501612,3.11997612672413
"2020-07-16","Eastern","SG",3.50559810341129,5.22482820690082
"2020-07-16","Eastern","SH",0.458413722237234,0.845013360741377
"2020-07-16","Eastern","TG",1.4367985957711,2.33437405045609
"2020-07-16","Espace Mittelland","BE",7.24459006631379,12.6326812367064
"2020-07-16","Espace Mittelland","FR",1.87040882562836,3.01107809728904
"2020-07-16","Espace Mittelland","JU",0.393593060766154,0.584018364476674
"2020-07-16","Espace Mittelland","NE",1.17659620959592,1.83627772668226
"2020-07-16","Espace Mittelland","SO",1.40164354714835,2.39905349802631
"2020-07-16","Lake Geneva","GE",4.37874854347988,6.75850944292744
"2020-07-16","Lake Geneva","VD",6.08150216874945,9.49255013761801
"2020-07-16","Lake Geneva","VS",3.09611586398415,4.353508018824
"2020-07-16","Northwestern","AG",4.00318480625036,6.57558522494377
"2020-07-16","Northwestern","BL",1.43355093346066,2.38875508887561
"2020-07-16","Northwestern","BS",1.44750515893727,3.05159197091158
"2020-07-16","Ticino","TI",2.83110705099749,3.81516972661972
"2020-07-16","Zurich","ZH",11.651621385404,22.4370386533623
"2020-07-17","9999","9999",0.0150762752669682,0.0440826292688265
"2020-07-17","Central","LU",4.01199368500817,5.9676392035625
"2020-07-17","Central","NW",0.433204506540239,0.562877735791084
"2020-07-17","Central","OW",0.289121386040387,0.379001849635069
"2020-07-17","Central","SZ",1.44735594285643,1.89562103485757
"2020-07-17","Central","UR",0.360529664925587,0.458738047217696
"2020-07-17","Central","ZG",1.33390856685963,2.12670645999153
"2020-07-17","Eastern","AI",0.122271398009511,0.138637659820774
"2020-07-17","Eastern","AR",0.225477970681821,0.30263047880465
"2020-07-17","Eastern","GL",0.283950945456216,0.430527883537568
"2020-07-17","Eastern","GR",3.04321379781018,3.54013762481298
"2020-07-17","Eastern","SG",4.13202001617967,5.82077641168078
"2020-07-17","Eastern","SH",0.519235546249766,0.938412794226909
"2020-07-17","Eastern","TG",1.76586068275199,2.67602292432675
"2020-07-17","Espace Mittelland","BE",8.76269036578096,14.0627665945438
"2020-07-17","Espace Mittelland","FR",2.37817193281938,3.49333594362318
"2020-07-17","Espace Mittelland","JU",0.475169089595935,0.650057338007384
"2020-07-17","Espace Mittelland","NE",1.37460908169152,2.00988919183659
"2020-07-17","Espace Mittelland","SO",1.6348790740608,2.64988603773636
"2020-07-17","Lake Geneva","GE",4.58755628502507,6.90306104067634
"2020-07-17","Lake Geneva","VD",7.32327914539975,10.71534177463
"2020-07-17","Lake Geneva","VS",3.77327618625815,4.94745092281223
"2020-07-17","Northwestern","AG",4.81936181405338,7.36529986724229
"2020-07-17","Northwestern","BL",1.79120422581633,2.71973168395644
"2020-07-17","Northwestern","BS",1.67906901853464,3.25181615674247
"2020-07-17","Ticino","TI",3.31489769254977,4.12796266197902
"2020-07-17","Zurich","ZH",13.8406456255258,24.803599480933
"2020-07-18","9999","9999",0.0150346988673695,0.0379647624466301
"2020-07-18","Central","LU",4.1631721037733,5.88338258216125
"2020-07-18","Central","NW",0.501231817829252,0.63734577027682
"2020-07-18","Central","OW",0.375705160427709,0.50802086328539
"2020-07-18","Central","SZ",1.57543679782823,2.07626804685742
"2020-07-18","Central","UR",0.370608693488487,0.516993734624611
"2020-07-18","Central","ZG",1.33657366615699,1.91489231534748
"2020-07-18","Eastern","AI",0.148274782853968,0.183569992814905
"2020-07-18","Eastern","AR",0.256573910360084,0.340391312357207
"2020-07-18","Eastern","GL",0.314927943815368,0.507918898838353
"2020-07-18","Eastern","GR",3.49342498630088,3.91502690841757
"2020-07-18","Eastern","SG",4.24989855056964,5.86506296984367
"2020-07-18","Eastern","SH",0.579803584661018,0.989429005894225
"2020-07-18","Eastern","TG",2.01059622926217,2.93647411020725
"2020-07-18","Espace Mittelland","BE",8.79130121000324,13.6347538340331
"2020-07-18","Espace Mittelland","FR",2.2550880778423,3.27621964773323
"2020-07-18","Espace Mittelland","JU",0.465002925640036,0.6353404694851
"2020-07-18","Espace Mittelland","NE",1.41859127731209,1.99367684475777
"2020-07-18","Espace Mittelland","SO",1.77806986641985,2.76150311909243
"2020-07-18","Lake Geneva","GE",4.71352071054705,6.12690766983368
"2020-07-18","Lake Geneva","VD",7.76522179560258,10.6804019574455
"2020-07-18","Lake Geneva","VS",4.11646586098468,5.22856690329216
"2020-07-18","Northwestern","AG",5.33855993488628,7.74851624735487
"2020-07-18","Northwestern","BL",1.90148661846329,2.68176692150981
"2020-07-18","Northwestern","BS",1.77347975671654,3.15885856919409
"2020-07-18","Ticino","TI",3.71271841173909,4.41597823670842
"2020-07-18","Zurich","ZH",15.3602843692588,24.1933762535679
"2020-07-19","9999","9999",0.01573820820254,0.0421792929241432
"2020-07-19","Central","LU",0.917374731966444,2.00020256936811
"2020-07-19","Central","NW",0.195567853203018,0.276799485555377
"2020-07-19","Central","OW",0.200020209020229,0.294235405998636
"2020-07-19","Central","SZ",0.441790461861716,0.773604259666739
"2020-07-19","Central","UR",0.211449493522738,0.305519471470688
"2020-07-19","Central","ZG",0.226789054658993,0.588334859401224
"2020-07-19","Eastern","AI",0.0568399820870215,0.0838487636131034
"2020-07-19","Eastern","AR",0.0857155336943746,0.12623198543132
"2020-07-19","Eastern","GL",0.0971972811360779,0.23812097197949
"2020-07-19","Eastern","GR",1.87990439832529,2.1121255440653
"2020-07-19","Eastern","SG",0.805136223955261,1.73553685301009
"2020-07-19","Eastern","SH",0.154665847320112,0.374107556177312
"2020-07-19","Eastern","TG",0.412851024280637,0.818298675617786
"2020-07-19","Espace Mittelland","BE",2.4786966495386,5.50397287473804
"2020-07-19","Espace Mittelland","FR",0.616318550048264,1.31272427929829
"2020-07-19","Espace Mittelland","JU",0.105765712261623,0.189178037401919
"2020-07-19","Espace Mittelland","NE",0.311421224938789,0.56080445870134
"2020-07-19","Espace Mittelland","SO",0.328922159702896,0.831452089285508
"2020-07-19","Lake Geneva","GE",0.840724086931337,1.85507317308601
"2020-07-19","Lake Geneva","VD",1.76304500068231,3.56535683138003
"2020-07-19","Lake Geneva","VS",1.71000083775447,2.58163783451986
"2020-07-19","Northwestern","AG",0.853695441935492,2.19978098036777
"2020-07-19","Northwestern","BL",0.291642379664881,0.784174574009534
"2020-07-19","Northwestern","BS",0.383878825264214,1.15281003819588
"2020-07-19","Ticino","TI",1.5529697330664,1.91105165450911
"2020-07-19","Zurich","ZH",2.84749249922317,8.17717478269677
"2020-07-20","9999","9999",0.0118925498385293,0.0407857788146429
"2020-07-20","Central","LU",2.76408768055017,4.75402436678379
"2020-07-20","Central","NW",0.321695494582484,0.510705927057354
"2020-07-20","Central","OW",0.267803481685318,0.425973471569933
"2020-07-20","Central","SZ",1.00454437840496,1.61080034613531
"2020-07-20","Central","UR",0.259090134270468,0.41265011715715
"2020-07-20","Central","ZG",0.907080506277506,1.72816142467444
"2020-07-20","Eastern","AI",0.0899458980883538,0.134049259704126
"2020-07-20","Eastern","AR",0.164176426211189,0.26837042460035
"2020-07-20","Eastern","GL",0.194141618615485,0.373325828750031
"2020-07-20","Eastern","GR",2.62334821187823,3.5505040102617
"2020-07-20","Eastern","SG",2.80963160118398,4.73193206992586
"2020-07-20","Eastern","SH",0.395053239427505,0.814763908120517
"2020-07-20","Eastern","TG",1.30630379553681,2.33814673499644
"2020-07-20","Espace Mittelland","BE",6.36037869838316,12.1948798892802
"2020-07-20","Espace Mittelland","FR",1.67562219520594,2.88464218296364
"2020-07-20","Espace Mittelland","JU",0.345050666014017,0.549282476186203
"2020-07-20","Espace Mittelland","NE",0.976408371362046,1.65236785237723
"2020-07-20","Espace Mittelland","SO",1.09973065722036,2.16174824162311
"2020-07-20","Lake Geneva","GE",3.63676055788848,6.16840719977758
"2020-07-20","Lake Geneva","VD",5.49054003372799,9.12187538449093
"2020-07-20","Lake Geneva","VS",3.20275314947297,4.659911182169
"2020-07-20","Northwestern","AG",3.30099150490812,6.03116305406631
"2020-07-20","Northwestern","BL",1.27592411575952,2.31561259220135
"2020-07-20","Northwestern","BS",1.25595522988129,2.91458574224339
"2020-07-20","Ticino","TI",2.85369209765318,3.81581550145095
"2020-07-20","Zurich","ZH",9.72392142069091,21.3964574832048
"2020-07-21","9999","9999",0.0115513782188781,0.036605236486142
"2020-07-21","Central","LU",2.9452492114337,4.90075120606947
"2020-07-21","Central","NW",0.333885924423676,0.507375088454158
"2020-07-21","Central","OW",0.239622166274372,0.349806029633587
"2020-07-21","Central","SZ",1.10719623489263,1.61226183654283
"2020-07-21","Central","UR",0.263234021163049,0.380667268936667
"2020-07-21","Central","ZG",0.967917634101814,1.74247043540858
"2020-07-21","Eastern","AI",0.0981532642053472,0.130344551461796
"2020-07-21","Eastern","AR",0.167974594983231,0.262898332609386
"2020-07-21","Eastern","GL",0.214635310106624,0.357691280204418
"2020-07-21","Eastern","GR",2.59764251906741,3.4555071337726
"2020-07-21","Eastern","SG",3.04716714676372,4.81948554178129
"2020-07-21","Eastern","SH",0.435708199182024,0.833865247865374
"2020-07-21","Eastern","TG",1.30222464439461,2.24311587035832
"2020-07-21","Espace Mittelland","BE",6.72857275738939,12.2189774869299
"2020-07-21","Espace Mittelland","FR",1.73961659573388,2.88375849108933
"2020-07-21","Espace Mittelland","JU",0.357453959032471,0.531812567593931
"2020-07-21","Espace Mittelland","NE",1.03156642224179,1.6636859059983
"2020-07-21","Espace Mittelland","SO",1.18442567964422,2.14553589454429
"2020-07-21","Lake Geneva","GE",3.83060983767163,6.20331302881311
"2020-07-21","Lake Geneva","VD",5.62803573261479,9.03065119254218
"2020-07-21","Lake Geneva","VS",3.24417440021834,4.56080173964942
"2020-07-21","Northwestern","AG",3.54670166691757,6.12571808461826
"2020-07-21","Northwestern","BL",1.30265252456092,2.30565406454078
"2020-07-21","Northwestern","BS",1.33950212572804,2.97144791554081
"2020-07-21","Ticino","TI",2.77881821420047,3.75324331911949
"2020-07-21","Zurich","ZH",10.2563184291215,21.2989454836887
"2020-07-22","9999","9999",0.0140400607504937,0.0409217314106917
"2020-07-22","Central","LU",2.97787630374584,4.93140851647847
"2020-07-22","Central","NW",0.333058281124968,0.494833461468655
"2020-07-22","Central","OW",0.253775979615573,0.364115040367725
"2020-07-22","Central","SZ",1.08719989770412,1.59003358708885
"2020-07-22","Central","UR",0.27717748149673,0.373665710240153
"2020-07-22","Central","ZG",1.00146770917057,1.7762206673777
"2020-07-22","Eastern","AI",0.0932970843415114,0.127081689156625
"2020-07-22","Eastern","AR",0.180369233594309,0.259125648069031
"2020-07-22","Eastern","GL",0.208720328114664,0.347154954010636
"2020-07-22","Eastern","GR",2.56132424760491,3.39320685663323
"2020-07-22","Eastern","SG",3.13657620922131,4.85279392781325
"2020-07-22","Eastern","SH",0.429935729042206,0.825538151357385
"2020-07-22","Eastern","TG",1.37064635778267,2.27231169035981
"2020-07-22","Espace Mittelland","BE",6.8395127322721,12.2978639807872
"2020-07-22","Espace Mittelland","FR",1.78585644820137,2.90425334494368
"2020-07-22","Espace Mittelland","JU",0.366571381119319,0.539323948525628
"2020-07-22","Espace Mittelland","NE",1.0486602865775,1.65933542292473
"2020-07-22","Espace Mittelland","SO",1.2256126896513,2.18156333249723
"2020-07-22","Lake Geneva","GE",3.9426585987801,6.21680632397096
"2020-07-22","Lake Geneva","VD",5.85919083789454,9.15433406679759
"2020-07-22","Lake Geneva","VS",3.2864269087502,4.5133882717774
"2020-07-22","Northwestern","AG",3.64547762552369,6.25103239002625
"2020-07-22","Northwestern","BL",1.33732104668032,2.33005755553154
"2020-07-22","Northwestern","BS",1.35712733934848,3.00982053577559
"2020-07-22","Ticino","TI",2.78666849007068,3.75738987329898
"2020-07-22","Zurich","ZH",10.6022200230977,21.7099641696933
"2020-07-23","9999","9999",0.0138193733624006,0.0409897077087161
"2020-07-23","Central","LU",2.95059981250011,5.00050642342028
"2020-07-23","Central","NW",0.339257174671125,0.50710318326206
"2020-07-23","Central","OW",0.265800796994165,0.389708116573913
"2020-07-23","Central","SZ",1.10746738413296,1.61752999963973
"2020-07-23","Central","UR",0.277102916532545,0.394942291521792
"2020-07-23","Central","ZG",1.01479095786108,1.83886082600719
"2020-07-23","Eastern","AI",0.107386964716729,0.142410344361128
"2020-07-23","Eastern","AR",0.17893516304788,0.2626604155663
"2020-07-23","Eastern","GL",0.204689853118925,0.360546284721443
"2020-07-23","Eastern","GR",2.6610409912011,3.39531412187199
"2020-07-23","Eastern","SG",3.23586372553981,4.95129158365061
"2020-07-23","Eastern","SH",0.439881299594527,0.853306469100354
"2020-07-23","Eastern","TG",1.42659157204753,2.34419662552061
"2020-07-23","Espace Mittelland","BE",6.85736205196735,12.5001954318568
"2020-07-23","Espace Mittelland","FR",1.82777384319875,2.93960101991638
"2020-07-23","Espace Mittelland","JU",0.387672314390638,0.562299937257877
"2020-07-23","Espace Mittelland","NE",1.07602610227222,1.70066501212357
"2020-07-23","Espace Mittelland","SO",1.32805026536195,2.35099425532305
"2020-07-23","Lake Geneva","GE",4.17443173056306,6.57072491963502
"2020-07-23","Lake Geneva","VD",5.80667096366478,9.26238239250738
"2020-07-23","Lake Geneva","VS",3.24934758593354,4.53068823962461
"2020-07-23","Northwestern","AG",3.73221750427356,6.34055717452439
"2020-07-23","Northwestern","BL",1.39962885985149,2.39341146529028
"2020-07-23","Northwestern","BS",1.38767277256515,3.04999452790801
"2020-07-23","Ticino","TI",3.03955932744478,3.95115631081754
"2020-07-23","Zurich","ZH",10.9272665237964,22.1803941401712
"2020-07-24","9999","9999",0.015783790692069,0.0438787003747533
"2020-07-24","Central","LU",4.42875677554435,6.36988894712192
"2020-07-24","Central","NW",0.49105474775365,0.617632643849742
"2020-07-24","Central","OW",0.317769694839761,0.410916721557527
"2020-07-24","Central","SZ",1.61999207969,2.02402826182567
"2020-07-24","Central","UR",0.394856682563508,0.502650735741462
"2020-07-24","Central","ZG",1.45219201395018,2.17242052041294
"2020-07-24","Eastern","AI",0.138617274838567,0.153456492790094
"2020-07-24","Eastern","AR",0.250522689982324,0.302664466953663
"2020-07-24","Eastern","GL",0.307132296444217,0.453843753759939
"2020-07-24","Eastern","GR",3.79489153985352,4.16096515466987
"2020-07-24","Eastern","SG",4.58022829676599,6.15318050902011
"2020-07-24","Eastern","SH",0.602336865429334,1.01882875478978
"2020-07-24","Eastern","TG",2.027156888119,2.88899266603721
"2020-07-24","Espace Mittelland","BE",9.65071717997021,14.8299131058982
"2020-07-24","Espace Mittelland","FR",2.61763038981757,3.69403596354023
"2020-07-24","Espace Mittelland","JU",0.500451883419713,0.650329243199481
"2020-07-24","Espace Mittelland","NE",1.46031067043356,2.0199496839442
"2020-07-24","Espace Mittelland","SO",1.79991481635209,2.76639741255019
"2020-07-24","Lake Geneva","GE",4.76676153998749,6.89565162419168
"2020-07-24","Lake Geneva","VD",7.95677911419102,11.2163950673679
"2020-07-24","Lake Geneva","VS",4.52189686658644,5.48684284763589
"2020-07-24","Northwestern","AG",5.35959475788369,7.75510994826324
"2020-07-24","Northwestern","BL",1.99385484993205,2.88627361411623
"2020-07-24","Northwestern","BS",1.74070267686733,3.38736089500313
"2020-07-24","Ticino","TI",4.26036831583552,4.58112665275872
"2020-07-24","Zurich","ZH",14.428785750187,24.8946197439877
"2020-07-25","9999","9999",0.0160302533332616,0.0400720276853867
"2020-07-25","Central","LU",4.26892198356025,6.11657527253397
"2020-07-25","Central","NW",0.504529554305813,0.640506668134955
"2020-07-25","Central","OW",0.374323392263595,0.513289026382281
"2020-07-25","Central","SZ",1.64605098980242,2.12194811912982
"2020-07-25","Central","UR",0.347887200897856,0.534667572110956
"2020-07-25","Central","ZG",1.33436999166557,1.91281903825774
"2020-07-25","Eastern","AI",0.154436368463892,0.186628926226004
"2020-07-25","Eastern","AR",0.263807021251782,0.345557511007062
"2020-07-25","Eastern","GL",0.298114744652082,0.487424044983995
"2020-07-25","Eastern","GR",3.61803720178855,4.07354763541048
"2020-07-25","Eastern","SG",4.45251261862525,5.97929713867369
"2020-07-25","Eastern","SH",0.611277862918393,1.04007134792241
"2020-07-25","Eastern","TG",2.13599278859953,3.03184485633549
"2020-07-25","Espace Mittelland","BE",9.17431367818082,14.0953952175955
"2020-07-25","Espace Mittelland","FR",2.40648118465068,3.40099014275702
"2020-07-25","Espace Mittelland","JU",0.477033033563589,0.633131239799307
"2020-07-25","Espace Mittelland","NE",1.40470527676096,1.95567809416213
"2020-07-25","Espace Mittelland","SO",1.95731122709992,2.92362658988064
"2020-07-25","Lake Geneva","GE",4.7855899864387,6.18057495712395
"2020-07-25","Lake Geneva","VD",7.92456910949011,10.8930318176658
"2020-07-25","Lake Geneva","VS",4.22745078787747,5.28400157433106
"2020-07-25","Northwestern","AG",5.89200921218981,8.21979592155807
"2020-07-25","Northwestern","BL",2.09001173815678,2.87634907460467
"2020-07-25","Northwestern","BS",1.8628576123993,3.27880274705816
"2020-07-25","Ticino","TI",3.88538852789067,4.46838796248524
"2020-07-25","Zurich","ZH",15.4197755056908,24.402539322589
"2020-07-26","9999","9999",0.0148648101093597,0.0409557195597039
"2020-07-26","Central","LU",0.927419373945105,1.95611994009929
"2020-07-26","Central","NW",0.170918193893163,0.235877754144685
"2020-07-26","Central","OW",0.168387743076898,0.22731274059361
"2020-07-26","Central","SZ",0.425214170247317,0.687240373026733
"2020-07-26","Central","UR",0.185583067612025,0.270783583180217
"2020-07-26","Central","ZG",0.228390762251106,0.559920766827023
"2020-07-26","Eastern","AI",0.0532396115577723,0.0672625468951486
"2020-07-26","Eastern","AR",0.0757070718377724,0.10247426927179
"2020-07-26","Eastern","GL",0.0905251481473007,0.193426556028444
"2020-07-26","Eastern","GR",2.00930548901637,2.11990883018909
"2020-07-26","Eastern","SG",0.794271218561744,1.66032107924609
"2020-07-26","Eastern","SH",0.152947595014007,0.362891467003285
"2020-07-26","Eastern","TG",0.403395716116124,0.757833758525078
"2020-07-26","Espace Mittelland","BE",2.39696021263871,5.35109418048115
"2020-07-26","Espace Mittelland","FR",0.6291810827327,1.31279225559632
"2020-07-26","Espace Mittelland","JU",0.102030113680105,0.17762206673777
"2020-07-26","Espace Mittelland","NE",0.313816921541379,0.525388807430625
"2020-07-26","Espace Mittelland","SO",0.334840129619213,0.811127176176211
"2020-07-26","Lake Geneva","GE",0.843245190204431,1.87855898405344
"2020-07-26","Lake Geneva","VD",1.79761262259335,3.57647095610702
"2020-07-26","Lake Geneva","VS",1.76524493537325,2.56362411554339
"2020-07-26","Northwestern","AG",0.896582819778776,2.20861789911094
"2020-07-26","Northwestern","BL",0.309176475298518,0.802392221880075
"2020-07-26","Northwestern","BS",0.401628803327641,1.20562762176084
"2020-07-26","Ticino","TI",1.62098296234232,1.98504385490867
"2020-07-26","Zurich","ZH",2.91808065748684,7.94224869672443
"2020-07-27","9999","9999",0.0121099712647438,0.0392223239600816
"2020-07-27","Central","LU",2.99842961666336,5.14951046868978
"2020-07-27","Central","NW",0.332099083002099,0.548330808013862
"2020-07-27","Central","OW",0.291521793616765,0.447284041000584
"2020-07-27","Central","SZ",1.12554745147537,1.70722472488293
"2020-07-27","Central","UR",0.272956848416022,0.435626105889398
"2020-07-27","Central","ZG",0.958728043655901,1.79273890779763
"2020-07-27","Eastern","AI",0.0994462992397158,0.139895221334225
"2020-07-27","Eastern","AR",0.188935726289243,0.30123696469515
"2020-07-27","Eastern","GL",0.222747900672795,0.403201411731757
"2020-07-27","Eastern","GR",2.80331689521984,3.72843197034058
"2020-07-27","Eastern","SG",3.24013830181582,5.16704835358007
"2020-07-27","Eastern","SH",0.439372604493814,0.877947877134201
"2020-07-27","Eastern","TG",1.52601988500078,2.54231354611274
"2020-07-27","Espace Mittelland","BE",6.99982162522354,13.0835000452042
"2020-07-27","Espace Mittelland","FR",1.9496645921765,3.11967023338302
"2020-07-27","Espace Mittelland","JU",0.372316944275841,0.561178328340474
"2020-07-27","Espace Mittelland","NE",1.07067868101521,1.69301767859583
"2020-07-27","Espace Mittelland","SO",1.25880538468768,2.33389821636992
"2020-07-27","Lake Geneva","GE",4.02253761188803,6.31037569820155
"2020-07-27","Lake Geneva","VD",6.00414494030235,9.50464991866636
"2020-07-27","Lake Geneva","VS",3.48844091309292,4.93671066772438
"2020-07-27","Northwestern","AG",3.79427135170647,6.56878759514133
"2020-07-27","Northwestern","BL",1.45421300212553,2.50733974077919
"2020-07-27","Northwestern","BS",1.38611402764422,3.12459851498979
"2020-07-27","Ticino","TI",3.47264022085233,4.11011888374761
"2020-07-27","Zurich","ZH",10.7481273673598,22.2134306210111
"2020-07-28","9999","9999",0.0138691499108888,0.0413975654968626
"2020-07-28","Central","LU",3.10347694262438,5.19736578249896
"2020-07-28","Central","NW",0.366635012551651,0.534701560259969
"2020-07-28","Central","OW",0.276013099514638,0.413703749776528
"2020-07-28","Central","SZ",1.14637687914841,1.65576666727845
"2020-07-28","Central","UR",0.27718709924538,0.405206712523477
"2020-07-28","Central","ZG",1.03728209440669,1.79715736716922
"2020-07-28","Eastern","AI",0.0933147416821717,0.132757710041663
"2020-07-28","Eastern","AR",0.177055511918241,0.289782958478038
"2020-07-28","Eastern","GL",0.22071763544266,0.374753331008544
"2020-07-28","Eastern","GR",2.65764468846497,3.53673880991176
"2020-07-28","Eastern","SG",3.28134421445838,5.03517433541273
"2020-07-28","Eastern","SH",0.511612615004102,0.895043916087339
"2020-07-28","Eastern","TG",1.47323193952353,2.41468804657192
"2020-07-28","Espace Mittelland","BE",7.18773192955139,13.1137834859741
"2020-07-28","Espace Mittelland","FR",1.94982487884995,3.04907684788468
"2020-07-28","Espace Mittelland","JU",0.391327387823344,0.552817243683472
"2020-07-28","Espace Mittelland","NE",1.14147353863841,1.72996279657209
"2020-07-28","Espace Mittelland","SO",1.35017694562444,2.35510682135353
"2020-07-28","Lake Geneva","GE",3.90389655371982,6.12802927875109
"2020-07-28","Lake Geneva","VD",6.01263975022487,9.34344412790148
"2020-07-28","Lake Geneva","VS",3.52453072386478,4.84878332622981
"2020-07-28","Northwestern","AG",3.97899109714848,6.65083498685678
"2020-07-28","Northwestern","BL",1.52734834044905,2.52249845523863
"2020-07-28","Northwestern","BS",1.4159478923536,3.12201541566487
"2020-07-28","Ticino","TI",3.20210439786555,3.96128477922318
"2020-07-28","Zurich","ZH",10.6455931677362,21.6316894625182
"2020-07-29","9999","9999",0.0145471933586532,0.0440486411198143
"2020-07-29","Central","LU",3.50545939009995,5.57857686181982
"2020-07-29","Central","NW",0.401899384744865,0.566582444033414
"2020-07-29","Central","OW",0.284089228005206,0.410236958577283
"2020-07-29","Central","SZ",1.30660187525657,1.79097152404899
"2020-07-29","Central","UR",0.318865569942831,0.445176775761827
"2020-07-29","Central","ZG",1.12793029569561,1.92519072449818
"2020-07-29","Eastern","AI",0.107566150109631,0.14536731332519
"2020-07-29","Eastern","AR",0.2018303037771,0.289884922925075
"2020-07-29","Eastern","GL",0.253636956938531,0.404526949543233
"2020-07-29","Eastern","GR",3.06806597416866,3.8677493931416
"2020-07-29","Eastern","SG",3.77231674534195,5.54305924610207
"2020-07-29","Eastern","SH",0.480023049075616,0.91404329138516
"2020-07-29","Eastern","TG",1.59048137681769,2.56012333619514
"2020-07-29","Espace Mittelland","BE",7.82396777972749,13.7279493386246
"2020-07-29","Espace Mittelland","FR",2.10916024495607,3.20854924304993
"2020-07-29","Espace Mittelland","JU",0.382533194145922,0.553259089620631
"2020-07-29","Espace Mittelland","NE",1.10537539065691,1.71028365829403
"2020-07-29","Espace Mittelland","SO",1.39202339014542,2.47246789989267
"2020-07-29","Lake Geneva","GE",4.19615891398262,6.31367254865573
"2020-07-29","Lake Geneva","VD",6.23222271062406,9.61871414675131
"2020-07-29","Lake Geneva","VS",3.69224699457788,4.98395419485134
"2020-07-29","Northwestern","AG",4.22638072718772,6.9416715779542
"2020-07-29","Northwestern","BL",1.57052751671371,2.60107905575484
"2020-07-29","Northwestern","BS",1.49379104815278,3.22992778877861
"2020-07-29","Ticino","TI",3.2863527432202,4.02528446381316
"2020-07-29","Zurich","ZH",11.5207710417514,22.9072646949462
"2020-07-30","9999","9999",0.0162071282735154,0.0442185818648754
"2020-07-30","Central","LU",3.66530254670583,5.73352883316645
"2020-07-30","Central","NW",0.423612372586711,0.606076673185594
"2020-07-30","Central","OW",0.331064983137201,0.476105991362932
"2020-07-30","Central","SZ",1.37252595017199,1.88858548801204
"2020-07-30","Central","UR",0.324374088489718,0.470769851968016
"2020-07-30","Central","ZG",1.17345659031692,2.00526680357093
"2020-07-30","Eastern","AI",0.128924738011411,0.158146857353778
"2020-07-30","Eastern","AR",0.229481793235658,0.332200168445267
"2020-07-30","Eastern","GL",0.26760155595593,0.440316470453082
"2020-07-30","Eastern","GR",3.08298037285748,3.87277963919541
"2020-07-30","Eastern","SG",3.89424988525176,5.72238072029045
"2020-07-30","Eastern","SH",0.516444828816742,0.95170216049068
"2020-07-30","Eastern","TG",1.81233273962663,2.78057047068828
"2020-07-30","Espace Mittelland","BE",8.52919300192715,14.4785436214101
"2020-07-30","Espace Mittelland","FR",2.20128044737506,3.32414293784043
"2020-07-30","Espace Mittelland","JU",0.433110854887569,0.593501058051079
"2020-07-30","Espace Mittelland","NE",1.24263077505618,1.84385708391198
"2020-07-30","Espace Mittelland","SO",1.66090287312501,2.73682772290958
"2020-07-30","Lake Geneva","GE",4.36211852405136,6.60518890273339
"2020-07-30","Lake Geneva","VD",6.59921455104907,9.90248120285419
"2020-07-30","Lake Geneva","VS",3.89143883583544,5.14978237388187
"2020-07-30","Northwestern","AG",4.71479022204065,7.40210903262251
"2020-07-30","Northwestern","BL",1.76620671023823,2.77135968230597
"2020-07-30","Northwestern","BS",1.49920941205414,3.28461472053924
"2020-07-30","Ticino","TI",3.71246917263869,4.34072847479541
"2020-07-30","Zurich","ZH",12.1516582253757,23.6562955228771
"2020-07-31","9999","9999",0.0195884169834607,0.0526476428199016
"2020-07-31","Central","LU",4.33684889197564,6.45689860859316
"2020-07-31","Central","NW",0.623122464990445,0.781217605045473
"2020-07-31","Central","OW",0.453262689455306,0.611854658517668
"2020-07-31","Central","SZ",1.89012874652771,2.478959636354
"2020-07-31","Central","UR",0.42896024418618,0.581129371810637
"2020-07-31","Central","ZG",1.64279752786423,2.45190506974028
"2020-07-31","Eastern","AI",0.173580798684868,0.208653246785911
"2020-07-31","Eastern","AR",0.308456177979446,0.431275622815837
"2020-07-31","Eastern","GL",0.357297369083262,0.559342968293815
"2020-07-31","Eastern","GR",4.06749912223358,4.69202998298553
"2020-07-31","Eastern","SG",5.05985273793553,7.07823596068523
"2020-07-31","Eastern","SH",0.669934405113679,1.15525718492476
"2020-07-31","Eastern","TG",2.58442674950128,3.69767269548454
"2020-07-31","Espace Mittelland","BE",10.1004415090957,16.1526638891551
"2020-07-31","Espace Mittelland","FR",2.97443691694186,4.17466237872179
"2020-07-31","Espace Mittelland","JU",0.563025355569166,0.757425900736931
"2020-07-31","Espace Mittelland","NE",1.53620967431401,2.1661667009947
"2020-07-31","Espace Mittelland","SO",2.16754281054354,3.34310832498924
"2020-07-31","Lake Geneva","GE",5.00215352983691,7.06623814408392
"2020-07-31","Lake Geneva","VD",8.63103691270394,11.9861926543453
"2020-07-31","Lake Geneva","VS",4.70980223281126,5.96906670582101
"2020-07-31","Northwestern","AG",6.30606028949181,9.22084887441447
"2020-07-31","Northwestern","BL",2.37947027014678,3.49085480874529
"2020-07-31","Northwestern","BS",1.68317275837544,3.4897671879769
"2020-07-31","Ticino","TI",4.35496153278436,4.90003745494021
"2020-07-31","Zurich","ZH",15.8872432339638,27.8155612700963
"2020-08-01","9999","9999",0.0206265425183966,0.0544830028665605
"2020-08-01","Central","LU",1.20799819418154,2.47464314142945
"2020-08-01","Central","NW",0.214302808558435,0.3055534596197
"2020-08-01","Central","OW",0.244827060015147,0.339847501973012
"2020-08-01","Central","SZ",0.475220659682241,0.807490444231905
"2020-08-01","Central","UR",0.20102766819129,0.341410956827573
"2020-08-01","Central","ZG",0.313797431502686,0.714057022597361
"2020-08-01","Eastern","AI",0.0518547105765086,0.0826251902486641
"2020-08-01","Eastern","AR",0.0958064591304011,0.153558457237131
"2020-08-01","Eastern","GL",0.110828477920357,0.248725274471297
"2020-08-01","Eastern","GR",2.4058973058544,2.8622439927646
"2020-08-01","Eastern","SG",0.935203120527108,2.02868463824034
"2020-08-01","Eastern","SH",0.182277918106883,0.422778585562786
"2020-08-01","Eastern","TG",0.467930558930568,0.9308674251462
"2020-08-01","Espace Mittelland","BE",3.21069614106671,6.82621383575975
"2020-08-01","Espace Mittelland","FR",0.736136635031779,1.48504419479016
"2020-08-01","Espace Mittelland","JU",0.105680769840629,0.205526337076788
"2020-08-01","Espace Mittelland","NE",0.329601338796878,0.600400652300556
"2020-08-01","Espace Mittelland","SO",0.396158657874817,0.965059503052476
"2020-08-01","Lake Geneva","GE",1.01467246296841,2.10525993796483
"2020-08-01","Lake Geneva","VD",2.11939618849796,4.12327229741534
"2020-08-01","Lake Geneva","VS",2.25275982687692,3.23669143043204
"2020-08-01","Northwestern","AG",1.14515599680902,2.71419161566745
"2020-08-01","Northwestern","BL",0.383150476605067,0.957616098418803
"2020-08-01","Northwestern","BS",0.463100397113161,1.34304170821718
"2020-08-01","Ticino","TI",1.57978202304698,1.99986268787799
"2020-08-01","Zurich","ZH",3.83290863232376,9.82859096690166
"2020-08-02","9999","9999",0.0139446077279621,0.0407517906656307
"2020-08-02","Central","LU",0.884247602876987,1.79780314200045
"2020-08-02","Central","NW",0.192053584237108,0.186934819567113
"2020-08-02","Central","OW",0.161115135192984,0.180918917191954
"2020-08-02","Central","SZ",0.383164323656869,0.592515401729725
"2020-08-02","Central","UR",0.200407127602309,0.254741176846457
"2020-08-02","Central","ZG",0.218857493931821,0.528107859351601
"2020-08-02","Eastern","AI",0.0445933260100339,0.0546529436116215
"2020-08-02","Eastern","AR",0.074158203122912,0.0920399075250442
"2020-08-02","Eastern","GL",0.0760518540291888,0.166541930159792
"2020-08-02","Eastern","GR",2.04259215681918,2.02331451069641
"2020-08-02","Eastern","SG",0.773874526921604,1.57959922534211
"2020-08-02","Eastern","SH",0.149810697369914,0.339983454569061
"2020-08-02","Eastern","TG",0.360874580261732,0.682380067717988
"2020-08-02","Espace Mittelland","BE",2.31058507995754,4.84195170827836
"2020-08-02","Espace Mittelland","FR",0.561507928590425,1.18163198855823
"2020-08-02","Espace Mittelland","JU",0.0933532009287064,0.169362946527805
"2020-08-02","Espace Mittelland","NE",0.276391543826328,0.469002468219381
"2020-08-02","Espace Mittelland","SO",0.302907896150887,0.738970335823305
"2020-08-02","Lake Geneva","GE",0.808319596941771,1.69719822092433
"2020-08-02","Lake Geneva","VD",1.68049772021567,3.19947440726368
"2020-08-02","Lake Geneva","VS",1.78532091268973,2.47797398003264
"2020-08-02","Northwestern","AG",0.841579224616556,2.11001827882654
"2020-08-02","Northwestern","BL",0.284683394189808,0.765447103903811
"2020-08-02","Northwestern","BS",0.384061695633288,1.13411655623917
"2020-08-02","Ticino","TI",1.78465454290187,1.9912636861779
"2020-08-02","Zurich","ZH",2.89214466737132,7.68339495384749
"2020-08-03","9999","9999",0.0107449284281881,0.0368091653802152
"2020-08-03","Central","LU",3.89491260139162,5.69610788110402
"2020-08-03","Central","NW",0.413735285417284,0.555808200796546
"2020-08-03","Central","OW",0.235191301582808,0.333355765511681
"2020-08-03","Central","SZ",1.38947612784912,1.86598336891893
"2020-08-03","Central","UR",0.314190412085951,0.418224173595151
"2020-08-03","Central","ZG",1.157876142954,1.92121411106375
"2020-08-03","Eastern","AI",0.0911134050555531,0.110325531693609
"2020-08-03","Eastern","AR",0.205031482913085,0.296716540876527
"2020-08-03","Eastern","GL",0.238658445146743,0.384202036433936
"2020-08-03","Eastern","GR",3.15217357771286,3.73873037949128
"2020-08-03","Eastern","SG",3.99519147420103,5.87271030337142
"2020-08-03","Eastern","SH",0.508281302559738,0.919311454482051
"2020-08-03","Eastern","TG",1.66428283430369,2.63013892316027
"2020-08-03","Espace Mittelland","BE",8.47150665795895,14.071569525138
"2020-08-03","Espace Mittelland","FR",2.28820542079418,3.24879121148038
"2020-08-03","Espace Mittelland","JU",0.450758327173856,0.640846549625077
"2020-08-03","Espace Mittelland","NE",1.31404481049289,1.91971863250722
"2020-08-03","Espace Mittelland","SO",1.4561188710187,2.50805349190844
"2020-08-03","Lake Geneva","GE",4.48674553035201,6.39735137152378
"2020-08-03","Lake Geneva","VD",7.02239133282326,9.87311544210765
"2020-08-03","Lake Geneva","VS",4.31678531278303,5.24841598231529
"2020-08-03","Northwestern","AG",4.4992541956753,7.25867904379101
"2020-08-03","Northwestern","BL",1.71810799288288,2.69638182558506
"2020-08-03","Northwestern","BS",1.60708462240764,3.3404912375153
"2020-08-03","Ticino","TI",3.75994308877373,4.2649349024982
"2020-08-03","Zurich","ZH",12.3120592192353,22.9035599867038
"2020-08-04","9999","9999",0.0126319690902789,0.0409217314106917
"2020-08-04","Central","LU",3.41375387868707,5.38141160940003
"2020-08-04","Central","NW",0.373749338765095,0.51451259974672
"2020-08-04","Central","OW",0.238703209187791,0.325946349027021
"2020-08-04","Central","SZ",1.23895033363661,1.69835381799074
"2020-08-04","Central","UR",0.290596563063842,0.395418125607963
"2020-08-04","Central","ZG",1.10962672926171,1.81935162847418
"2020-08-04","Eastern","AI",0.0915367778811925,0.11018957909756
"2020-08-04","Eastern","AR",0.197103556253807,0.284038961294976
"2020-08-04","Eastern","GL",0.235827259548187,0.369859037550787
"2020-08-04","Eastern","GR",2.78359343815314,3.481711996661
"2020-08-04","Eastern","SG",3.74679900589603,5.59917368012121
"2020-08-04","Eastern","SH",0.486988570390468,0.905886135622231
"2020-08-04","Eastern","TG",1.54129603400191,2.48239243940423
"2020-08-04","Espace Mittelland","BE",7.88064262710653,13.5946138300497
"2020-08-04","Espace Mittelland","FR",1.98981772161589,3.00941267798744
"2020-08-04","Espace Mittelland","JU",0.391113623961151,0.562062020214792
"2020-08-04","Espace Mittelland","NE",1.15076408803299,1.75538593203322
"2020-08-04","Espace Mittelland","SO",1.37515725812037,2.40347195739789
"2020-08-04","Lake Geneva","GE",4.03669489482422,6.17588459256027
"2020-08-04","Lake Geneva","VD",6.37657539045955,9.52201786281159
"2020-08-04","Lake Geneva","VS",3.74893559110818,4.80575432958036
"2020-08-04","Northwestern","AG",4.35978999896449,7.09815301600638
"2020-08-04","Northwestern","BL",1.54626280231113,2.53633163188659
"2020-08-04","Northwestern","BS",1.57052299762497,3.33022681651362
"2020-08-04","Ticino","TI",3.16755764834877,3.902281352538
"2020-08-04","Zurich","ZH",11.3833848700682,21.962462128705
"2020-08-05","9999","9999",0.0136583935531604,0.0415335180929114
"2020-08-05","Central","LU",3.24946815631757,5.33012349254062
"2020-08-05","Central","NW",0.365188367660388,0.536095074369469
"2020-08-05","Central","OW",0.274356320913054,0.409149337808893
"2020-08-05","Central","SZ",1.15010370192589,1.70559329373034
"2020-08-05","Central","UR",0.268570642032929,0.397661343442768
"2020-08-05","Central","ZG",1.00170161313102,1.85296590784725
"2020-08-05","Eastern","AI",0.10685334805559,0.150023689739862
"2020-08-05","Eastern","AR",0.205719547459707,0.315444010982251
"2020-08-05","Eastern","GL",0.227004890096525,0.396131876737219
"2020-08-05","Eastern","GR",2.43340131402961,3.38426797344302
"2020-08-05","Eastern","SG",3.408716261718,5.4866049305928
"2020-08-05","Eastern","SH",0.484450757453901,0.932804749639896
"2020-08-05","Eastern","TG",1.47727641821193,2.49116138184938
"2020-08-05","Espace Mittelland","BE",7.42883676811424,13.6414155112395
"2020-08-05","Espace Mittelland","FR",1.83545185720195,2.9037435227085
"2020-08-05","Espace Mittelland","JU",0.370280534808071,0.547583068735593
"2020-08-05","Espace Mittelland","NE",1.04613961406677,1.67085740543987
"2020-08-05","Espace Mittelland","SO",1.33536308687,2.44843827854104
"2020-08-05","Lake Geneva","GE",3.784509888986,5.92542592248935
"2020-08-05","Lake Geneva","VD",5.97781523339153,9.22808835015407
"2020-08-05","Lake Geneva","VS",3.52922988693307,4.78600721500427
"2020-08-05","Northwestern","AG",4.14116127900503,7.03364350918122
"2020-08-05","Northwestern","BL",1.48808919562754,2.55189820413418
"2020-08-05","Northwestern","BS",1.5666383826797,3.38926423134781
"2020-08-05","Ticino","TI",2.93987522780329,3.59264931503683
"2020-08-05","Zurich","ZH",11.0413826779342,22.5097053159504
"2020-08-06","9999","9999",0.0147492130725552,0.0428930440533995
"2020-08-06","Central","LU",3.24998393941708,5.43174805808711
"2020-08-06","Central","NW",0.383265666375642,0.552885219981497
"2020-08-06","Central","OW",0.292113320402918,0.449901128474524
"2020-08-06","Central","SZ",1.16697660475201,1.74841836148572
"2020-08-06","Central","UR",0.274145012396303,0.426619246401165
"2020-08-06","Central","ZG",1.08321719816992,1.92196185034202
"2020-08-06","Eastern","AI",0.110466238105374,0.150635476422081
"2020-08-06","Eastern","AR",0.214950847449948,0.322887415615923
"2020-08-06","Eastern","GL",0.233731910041766,0.411324579345674
"2020-08-06","Eastern","GR",2.62093124736322,3.56573070101917
"2020-08-06","Eastern","SG",3.58143550435852,5.61134143746758
"2020-08-06","Eastern","SH",0.476534069776148,0.941879585426154
"2020-08-06","Eastern","TG",1.59184284432667,2.62388510374203
"2020-08-06","Espace Mittelland","BE",7.65471541436145,14.0557650358473
"2020-08-06","Espace Mittelland","FR",1.82854592598531,2.92695742848384
"2020-08-06","Espace Mittelland","JU",0.393755849777298,0.589082598679492
"2020-08-06","Espace Mittelland","NE",1.09282409944028,1.72969089137999
"2020-08-06","Espace Mittelland","SO",1.45594584161149,2.61678158059848
"2020-08-06","Lake Geneva","GE",3.95133853078402,6.18801836175762
"2020-08-06","Lake Geneva","VD",5.92696419127733,9.27873069218225
"2020-08-06","Lake Geneva","VS",3.64605551280718,4.91971659321828
"2020-08-06","Northwestern","AG",4.13534332036019,7.09104949286283
"2020-08-06","Northwestern","BL",1.56433975250047,2.62901731424287
"2020-08-06","Northwestern","BS",1.51722943503986,3.41291998306031
"2020-08-06","Ticino","TI",3.06639773728835,3.84198637619035
"2020-08-06","Zurich","ZH",11.0830575928842,22.8312332056059
"2020-08-07","9999","9999",0.0155975486285374,0.0461898945075831
"2020-08-07","Central","LU",4.0412654165883,6.22217645151489
"2020-08-07","Central","NW",0.471345286547565,0.633437133140417
"2020-08-07","Central","OW",0.36642942534222,0.509754258885012
"2020-08-07","Central","SZ",1.48549817179169,2.02630546780948
"2020-08-07","Central","UR",0.369227234690067,0.525796665218772
"2020-08-07","Central","ZG",1.33327427711938,2.1684099188295
"2020-08-07","Eastern","AI",0.135810243260236,0.172319915491866
"2020-08-07","Eastern","AR",0.274563870049225,0.374855295455581
"2020-08-07","Eastern","GL",0.291079776613063,0.49259024363385
"2020-08-07","Eastern","GR",3.26560015571981,4.04306026574654
"2020-08-07","Eastern","SG",4.20974171265796,6.32121791773644
"2020-08-07","Eastern","SH",0.556429338289064,1.05220511711976
"2020-08-07","Eastern","TG",1.96568442889274,3.00941267798744
"2020-08-07","Espace Mittelland","BE",9.4218901181067,15.7702972127679
"2020-08-07","Espace Mittelland","FR",2.28939044804129,3.41077872967254
"2020-08-07","Espace Mittelland","JU",0.461179302728652,0.655189548508226
"2020-08-07","Espace Mittelland","NE",1.27520100673706,1.90316640393827
"2020-08-07","Espace Mittelland","SO",1.70771947722978,2.88865278454708
"2020-08-07","Lake Geneva","GE",4.16087630487757,6.33675050183502
"2020-08-07","Lake Geneva","VD",7.01065455840148,10.4881309984834
"2020-08-07","Lake Geneva","VS",4.38209378129648,5.63020486016936
"2020-08-07","Northwestern","AG",5.04809461336488,8.09781245475328
"2020-08-07","Northwestern","BL",1.91906514919217,3.02402758206269
"2020-08-07","Northwestern","BS",1.76212366265469,3.65719281001101
"2020-08-07","Ticino","TI",3.39280964892958,3.92913199025764
"2020-08-07","Zurich","ZH",13.1812506203712,25.1355617323352
"2020-08-08","9999","9999",0.0156028665856491,0.0414315536458748
"2020-08-08","Central","LU",4.23733432081819,6.27621760844429
"2020-08-08","Central","NW",0.516735640400711,0.676432141640853
"2020-08-08","Central","OW",0.388241398457934,0.547753009480654
"2020-08-08","Central","SZ",1.67556352145675,2.19967901592073
"2020-08-08","Central","UR",0.378918659367135,0.563013688387133
"2020-08-08","Central","ZG",1.34420224038954,2.00842770142907
"2020-08-08","Eastern","AI",0.154178702085368,0.19335857973042
"2020-08-08","Eastern","AR",0.298114858216704,0.403201411731757
"2020-08-08","Eastern","GL",0.317767270822491,0.52715619117926
"2020-08-08","Eastern","GR",3.42405988376849,4.03656852928521
"2020-08-08","Eastern","SG",4.60591351661674,6.46719701774385
"2020-08-08","Eastern","SH",0.628395274291006,1.09533607821625
"2020-08-08","Eastern","TG",2.20456109433407,3.2761516714352
"2020-08-08","Espace Mittelland","BE",9.61606212896456,15.2461319787017
"2020-08-08","Espace Mittelland","FR",2.10171037052976,3.20270328141983
"2020-08-08","Espace Mittelland","JU",0.449054493658683,0.640574644432979
"2020-08-08","Espace Mittelland","NE",1.37125546750508,1.96770989891245
"2020-08-08","Espace Mittelland","SO",1.95469266580132,3.06828015207657
"2020-08-08","Lake Geneva","GE",4.1830152853634,5.70990706960297
"2020-08-08","Lake Geneva","VD",7.28524452873359,10.3918425723319
"2020-08-08","Lake Geneva","VS",4.09874286430895,5.32441348350657
"2020-08-08","Northwestern","AG",6.01126947166766,8.76364029390232
"2020-08-08","Northwestern","BL",2.17711390762991,3.08258916281071
"2020-08-08","Northwestern","BS",1.90042916736256,3.55142169028503
"2020-08-08","Ticino","TI",3.30615124692173,4.03299977363893
"2020-08-08","Zurich","ZH",14.9594268811775,24.6374993967104
"2020-08-09","9999","9999",0.0154373559396061,0.0457820367194367
"2020-08-09","Central","LU",1.00603000337361,2.19009435789929
"2020-08-09","Central","NW",0.220086689984721,0.291176472587538
"2020-08-09","Central","OW",0.208621440741332,0.307184890772286
"2020-08-09","Central","SZ",0.46534094486243,0.785602076268047
"2020-08-09","Central","UR",0.210978360899651,0.322649498572838
"2020-08-09","Central","ZG",0.252268107729139,0.632349512372026
"2020-08-09","Eastern","AI",0.0559941018764803,0.0794303042415171
"2020-08-09","Eastern","AR",0.0984164678381839,0.139759268738176
"2020-08-09","Eastern","GL",0.1105139939868,0.244918601781931
"2020-08-09","Eastern","GR",1.79730557910053,2.04921348024371
"2020-08-09","Eastern","SG",0.841805844777126,1.84841149587962
"2020-08-09","Eastern","SH",0.158434704671696,0.403201411731757
"2020-08-09","Eastern","TG",0.450736628499072,0.883216040231092
"2020-08-09","Espace Mittelland","BE",2.66103564583184,5.94483315557531
"2020-08-09","Espace Mittelland","FR",0.615521181511286,1.31167064667892
"2020-08-09","Espace Mittelland","JU",0.100312621082159,0.194412212349798
"2020-08-09","Espace Mittelland","NE",0.308856814384621,0.576982817631148
"2020-08-09","Espace Mittelland","SO",0.350666718509569,0.903303036297304
"2020-08-09","Lake Geneva","GE",0.867971478221769,1.88399708789539
"2020-08-09","Lake Geneva","VD",1.7789221610735,3.66147531678654
"2020-08-09","Lake Geneva","VS",1.79688490441366,2.68261662523511
"2020-08-09","Northwestern","AG",0.948559381278325,2.44575321476907
"2020-08-09","Northwestern","BL",0.336514514653178,0.901875534038791
"2020-08-09","Northwestern","BS",0.409172924641881,1.26391729731677
"2020-08-09","Ticino","TI",1.45011287677251,1.80086207541155
"2020-08-09","Zurich","ZH",3.06768437745971,8.86628450391917
"2020-08-10","9999","9999",0.0121629080425318,0.0416014943909358
"2020-08-10","Central","LU",2.84759120254349,5.18006581465175
"2020-08-10","Central","NW",0.329037337725407,0.53487150100503
"2020-08-10","Central","OW",0.236220682641875,0.387702815782193
"2020-08-10","Central","SZ",1.10600061480753,1.7428103168987
"2020-08-10","Central","UR",0.252407643404989,0.399598667936464
"2020-08-10","Central","ZG",0.993257088839767,1.94075729674577
"2020-08-10","Eastern","AI",0.0845724822810505,0.127557523242796
"2020-08-10","Eastern","AR",0.179602210307449,0.321018067420252
"2020-08-10","Eastern","GL",0.202920038558557,0.37978357706235
"2020-08-10","Eastern","GR",2.26504841179544,3.20671388300327
"2020-08-10","Eastern","SG",2.94279705755005,5.36999159133193
"2020-08-10","Eastern","SH",0.415716506394939,0.915912639580831
"2020-08-10","Eastern","TG",1.39800552798901,2.59397553261129
"2020-08-10","Espace Mittelland","BE",6.57053402514133,13.3270591210257
"2020-08-10","Espace Mittelland","FR",1.82827124057762,3.00397457414549
"2020-08-10","Espace Mittelland","JU",0.362512326999131,0.578784189528795
"2020-08-10","Espace Mittelland","NE",1.05837178478046,1.79161729888023
"2020-08-10","Espace Mittelland","SO",1.1780118395974,2.43130825143889
"2020-08-10","Lake Geneva","GE",3.75238376546428,6.07786277080907
"2020-08-10","Lake Geneva","VD",5.97461973248663,9.62116129348019
"2020-08-10","Lake Geneva","VS",3.41134362231677,4.7390016049204
"2020-08-10","Northwestern","AG",3.58218096211532,6.95417921679069
"2020-08-10","Northwestern","BL",1.42281843448451,2.69342485662099
"2020-08-10","Northwestern","BS",1.36870426569121,3.30765868556952
"2020-08-10","Ticino","TI",2.69315649055667,3.49496737477576
"2020-08-10","Zurich","ZH",10.6512084174474,23.5886251181938
"2020-08-11","9999","9999",0.0136447070582374,0.0452382263352414
"2020-08-11","Central","LU",2.99424344065528,5.31163393947798
"2020-08-11","Central","NW",0.340532994875255,0.531982508338992
"2020-08-11","Central","OW",0.239753145443382,0.383080427516534
"2020-08-11","Central","SZ",1.08813314043691,1.72027617410361
"2020-08-11","Central","UR",0.256626216658421,0.385357633500351
"2020-08-11","Central","ZG",1.07824134469096,1.92573453488238
"2020-08-11","Eastern","AI",0.0895482926837712,0.127965381030942
"2020-08-11","Eastern","AR",0.190616533598366,0.321154020016301
"2020-08-11","Eastern","GL",0.20334906220313,0.3754670821378
"2020-08-11","Eastern","GR",2.08156872936582,3.061108652635
"2020-08-11","Eastern","SG",2.97444173756424,5.39837169575712
"2020-08-11","Eastern","SH",0.435938081388451,0.921316755273771
"2020-08-11","Eastern","TG",1.41848863839022,2.55427737456504
"2020-08-11","Espace Mittelland","BE",6.60495176524789,13.4407494794715
"2020-08-11","Espace Mittelland","FR",1.71544061837707,2.88161723770156
"2020-08-11","Espace Mittelland","JU",0.357494294053274,0.575113469435477
"2020-08-11","Espace Mittelland","NE",1.01107249578937,1.77802203927535
"2020-08-11","Espace Mittelland","SO",1.22916107891199,2.47844981411881
"2020-08-11","Lake Geneva","GE",3.64636345306891,6.06188834077334
"2020-08-11","Lake Geneva","VD",5.50989115156042,9.17007057979024
"2020-08-11","Lake Geneva","VS",3.22611704580026,4.59366827974422
"2020-08-11","Northwestern","AG",3.70986242206075,7.03942149451329
"2020-08-11","Northwestern","BL",1.37338292055524,2.62412302078511
"2020-08-11","Northwestern","BS",1.36269487233843,3.36142793730682
"2020-08-11","Ticino","TI",2.48621240319355,3.33440735884212
"2020-08-11","Zurich","ZH",10.5830461678917,23.6410348439706
"2020-08-12","9999","9999",0.015225867285869,0.0468016811898027
"2020-08-12","Central","LU",3.01300148487309,5.30490428597357
"2020-08-12","Central","NW",0.348154763062552,0.535517275836261
"2020-08-12","Central","OW",0.249176119018888,0.387906744676266
"2020-08-12","Central","SZ",1.13855237853131,1.70606912781651
"2020-08-12","Central","UR",0.253518567778442,0.383080427516534
"2020-08-12","Central","ZG",1.05000372863981,1.98466998526954
"2020-08-12","Eastern","AI",0.0939529082836412,0.124192696490588
"2020-08-12","Eastern","AR",0.200702654076089,0.308714357477835
"2020-08-12","Eastern","GL",0.196449557177666,0.374141544326324
"2020-08-12","Eastern","GR",2.12706105250117,3.05787977847884
"2020-08-12","Eastern","SG",3.08432483700138,5.43558871892549
"2020-08-12","Eastern","SH",0.439359423165656,0.943001194343556
"2020-08-12","Eastern","TG",1.38720548939113,2.56794061046794
"2020-08-12","Espace Mittelland","BE",6.77453732138189,13.5713659361254
"2020-08-12","Espace Mittelland","FR",1.70063639695138,2.89086201423288
"2020-08-12","Espace Mittelland","JU",0.368738656191476,0.570796974510927
"2020-08-12","Espace Mittelland","NE",1.06000661408189,1.79664754493403
"2020-08-12","Espace Mittelland","SO",1.279295089669,2.52637310422602
"2020-08-12","Lake Geneva","GE",3.83730686480868,6.11994009928618
"2020-08-12","Lake Geneva","VD",5.65869634776999,9.34976592361775
"2020-08-12","Lake Geneva","VS",3.15341841043936,4.51651518148652
"2020-08-12","Northwestern","AG",3.83065929702238,7.1452945786863
"2020-08-12","Northwestern","BL",1.39031769652006,2.62718195419621
"2020-08-12","Northwestern","BS",1.37584306703864,3.37655266361725
"2020-08-12","Ticino","TI",2.3686633628473,3.27105344908337
"2020-08-12","Zurich","ZH",10.8184072250877,24.0296213516271
"2020-08-13","9999","9999",0.0132418698490147,0.044320546311912
"2020-08-13","Central","LU",3.56236096728815,5.83409976609356
"2020-08-13","Central","NW",0.390391795477698,0.558663205313571
"2020-08-13","Central","OW",0.25544137738034,0.370606776829055
"2020-08-13","Central","SZ",1.22884471528815,1.77309375766858
"2020-08-13","Central","UR",0.291514501984849,0.420331438833907
"2020-08-13","Central","ZG",1.2099714147274,2.08897961458799
"2020-08-13","Eastern","AI",0.106131143634078,0.123275016467258
"2020-08-13","Eastern","AR",0.201831658720517,0.307490784113395
"2020-08-13","Eastern","GL",0.212786795263433,0.365882424116359
"2020-08-13","Eastern","GR",2.44017743696765,3.16653989087085
"2020-08-13","Eastern","SG",3.39220014760503,5.66667414405945
"2020-08-13","Eastern","SH",0.458219820435771,0.956936335438559
"2020-08-13","Eastern","TG",1.50453233468103,2.54649408844124
"2020-08-13","Espace Mittelland","BE",7.20914248697366,13.7841657370908
"2020-08-13","Espace Mittelland","FR",1.92211336069878,3.0900665555934
"2020-08-13","Espace Mittelland","JU",0.424532046305215,0.621167411347012
"2020-08-13","Espace Mittelland","NE",1.15443367032512,1.87196528314507
"2020-08-13","Espace Mittelland","SO",1.44961016143653,2.69546414556173
"2020-08-13","Lake Geneva","GE",3.95427417233839,6.39432642626169
"2020-08-13","Lake Geneva","VD",5.98260818125722,9.5496162398095
"2020-08-13","Lake Geneva","VS",3.55157185830611,4.75517996385021
"2020-08-13","Northwestern","AG",4.14369546962176,7.36108533676478
"2020-08-13","Northwestern","BL",1.50987755121797,2.71476941420066
"2020-08-13","Northwestern","BS",1.43902349901473,3.47253519642771
"2020-08-13","Ticino","TI",2.97427433939587,3.7229258902006
"2020-08-13","Zurich","ZH",11.9086649794593,24.252039798763
"2020-08-14","9999","9999",0.015835008336446,0.0469036456368393
"2020-08-14","Central","LU",4.28117207007202,6.54591357085611
"2020-08-14","Central","NW",0.56998022922173,0.723879597661887
"2020-08-14","Central","OW",0.32879898124859,0.44429308388751
"2020-08-14","Central","SZ",1.71607888287907,2.23801764800649
"2020-08-14","Central","UR",0.345922250989272,0.481374154459823
"2020-08-14","Central","ZG",1.62495738732323,2.52684893831219
"2020-08-14","Eastern","AI",0.134755177016563,0.15308262315096
"2020-08-14","Eastern","AR",0.252790219119296,0.351437460786173
"2020-08-14","Eastern","GL",0.282709202470632,0.45000309292156
"2020-08-14","Eastern","GR",2.92592338326771,3.57966584211417
"2020-08-14","Eastern","SG",4.31354115922779,6.5333379557216
"2020-08-14","Eastern","SH",0.570875345569801,1.06243554997244
"2020-08-14","Eastern","TG",1.87048379785878,2.91468770669043
"2020-08-14","Espace Mittelland","BE",9.21043618381565,15.6325432448214
"2020-08-14","Espace Mittelland","FR",2.5619763004184,3.74233312328657
"2020-08-14","Espace Mittelland","JU",0.556623733509227,0.77839658867746
"2020-08-14","Espace Mittelland","NE",1.3853793624425,2.09316015691649
"2020-08-14","Espace Mittelland","SO",1.8790475297586,3.1095757531264
"2020-08-14","Lake Geneva","GE",4.32111983159917,6.69552940280783
"2020-08-14","Lake Geneva","VD",7.32917973992895,10.876819470587
"2020-08-14","Lake Geneva","VS",4.1183048089875,5.37746898411462
"2020-08-14","Northwestern","AG",5.38937696243827,8.57259290830473
"2020-08-14","Northwestern","BL",1.90903265079599,3.07035342916632
"2020-08-14","Northwestern","BS",1.7164670702521,3.66069358935926
"2020-08-14","Ticino","TI",3.23960748902603,4.02191963706095
"2020-08-14","Zurich","ZH",14.5886403729036,27.0287356204639
"2020-08-15","9999","9999",0.0174940738945491,0.0439466766727777
"2020-08-15","Central","LU",1.24628909095464,2.66011647058903
"2020-08-15","Central","NW",0.248596477357797,0.357691280204418
"2020-08-15","Central","OW",0.276386304189645,0.420909237367115
"2020-08-15","Central","SZ",0.902560211404381,1.36523596952215
"2020-08-15","Central","UR",0.245148498802776,0.421419059602298
"2020-08-15","Central","ZG",0.66481628649193,1.17785930401787
"2020-08-15","Eastern","AI",0.0620170329153781,0.0914281208428245
"2020-08-15","Eastern","AR",0.29621598333783,0.405512605864587
"2020-08-15","Eastern","GL",0.308769604587215,0.529739290504187
"2020-08-15","Eastern","GR",2.64489856343377,3.39629977819334
"2020-08-15","Eastern","SG",4.74870828564386,6.77577542262564
"2020-08-15","Eastern","SH",0.623971568086629,1.09557399525933
"2020-08-15","Eastern","TG",2.11796584208792,3.18587914765879
"2020-08-15","Espace Mittelland","BE",9.59863641705624,15.4650836346383
"2020-08-15","Espace Mittelland","FR",0.891458486431007,1.69492101494051
"2020-08-15","Espace Mittelland","JU",0.124699840383358,0.229657922875452
"2020-08-15","Espace Mittelland","NE",1.41187547676827,2.09183461910501
"2020-08-15","Espace Mittelland","SO",0.467666462444843,1.0517632711826
"2020-08-15","Lake Geneva","GE",4.42410317538548,6.03160490000347
"2020-08-15","Lake Geneva","VD",7.62129118847362,10.9459513656778
"2020-08-15","Lake Geneva","VS",1.9564552122259,2.96509213167553
"2020-08-15","Northwestern","AG",5.70636861822287,8.29803664058416
"2020-08-15","Northwestern","BL",2.18286783932425,3.16018410700557
"2020-08-15","Northwestern","BS",1.99655940706141,3.63112389971865
"2020-08-15","Ticino","TI",1.4646308840234,1.89840806307657
"2020-08-15","Zurich","ZH",16.5362388173455,26.9645999832778
"2020-08-16","9999","9999",0.0149252264880928,0.0457480485704245
"2020-08-16","Central","LU",1.02706649068014,2.2419262851429
"2020-08-16","Central","NW",0.192806760472167,0.286146226533732
"2020-08-16","Central","OW",0.188287750054073,0.25926160066508
"2020-08-16","Central","SZ",0.460003861902021,0.780911711704363
"2020-08-16","Central","UR",0.169026136807611,0.279246632284255
"2020-08-16","Central","ZG",0.268643264650481,0.692814429464734
"2020-08-16","Eastern","AI",0.0550758575058013,0.0792263753474439
"2020-08-16","Eastern","AR",0.0897938977162691,0.132995627084748
"2020-08-16","Eastern","GL",0.0888596054897404,0.217184272187974
"2020-08-16","Eastern","GR",1.47803331858338,1.72652999352186
"2020-08-16","Eastern","SG",0.814291110619198,1.78026525711015
"2020-08-16","Eastern","SH",0.153981808443527,0.392053298855755
"2020-08-16","Eastern","TG",0.410122117329978,0.850791346073451
"2020-08-16","Espace Mittelland","BE",2.31389187027566,5.43837574714449
"2020-08-16","Espace Mittelland","FR",0.625536606054004,1.34440123417767
"2020-08-16","Espace Mittelland","JU",0.103107156636084,0.201141865854214
"2020-08-16","Espace Mittelland","NE",0.304142018558754,0.550438073252618
"2020-08-16","Espace Mittelland","SO",0.344333846121982,0.889163966308228
"2020-08-16","Lake Geneva","GE",0.817093360735354,1.8065720844456
"2020-08-16","Lake Geneva","VD",1.71004703505936,3.47199138604351
"2020-08-16","Lake Geneva","VS",1.53703297474495,2.3683961876173
"2020-08-16","Northwestern","AG",0.931474919310085,2.3441626373716
"2020-08-16","Northwestern","BL",0.532433862108356,0.944632625496142
"2020-08-16","Northwestern","BS",0.414724762217906,1.2392079129849
"2020-08-16","Ticino","TI",1.34500620350662,1.61790386927886
"2020-08-16","Zurich","ZH",3.10888080941438,8.90105438035866
"2020-08-17","9999","9999",0.0106443689137023,0.0393242884071182
"2020-08-17","Central","LU",3.20521599017912,5.59237605031877
"2020-08-17","Central","NW",0.340016487311775,0.514138730107586
"2020-08-17","Central","OW",0.202295906977918,0.332234156594279
"2020-08-17","Central","SZ",1.11694796238381,1.70409781517381
"2020-08-17","Central","UR",0.245776734373881,0.378050181462728
"2020-08-17","Central","ZG",1.09074603916851,2.07959888546062
"2020-08-17","Eastern","AI",0.0738740840195792,0.103357961146108
"2020-08-17","Eastern","AR",0.156943663845399,0.274930137359705
"2020-08-17","Eastern","GL",0.181039629052206,0.34321232872522
"2020-08-17","Eastern","GR",2.02030585560688,2.87713080203195
"2020-08-17","Eastern","SG",2.80934862947493,5.09203650871014
"2020-08-17","Eastern","SH",0.383282524847929,0.850247535689256
"2020-08-17","Eastern","TG",1.23946238868371,2.36064688964252
"2020-08-17","Espace Mittelland","BE",6.08768799453208,12.5548823636175
"2020-08-17","Espace Mittelland","FR",1.85177628206557,3.12459851498979
"2020-08-17","Espace Mittelland","JU",0.366641759856588,0.601420296770922
"2020-08-17","Espace Mittelland","NE",0.956872374241543,1.75715331578185
"2020-08-17","Espace Mittelland","SO",1.23946937094994,2.44979780450153
"2020-08-17","Lake Geneva","GE",3.93448473814252,6.55954281861001
"2020-08-17","Lake Geneva","VD",5.77006778597864,9.66109736856953
"2020-08-17","Lake Geneva","VS",3.1815604677354,4.64420865732536
"2020-08-17","Northwestern","AG",3.47839994825839,6.62432423062727
"2020-08-17","Northwestern","BL",1.29058036639918,2.47012271761082
"2020-08-17","Northwestern","BS",1.33563835184886,3.23206904216638
"2020-08-17","Ticino","TI",2.81824891208911,3.67476468305031
"2020-08-17","Zurich","ZH",10.5021386704936,23.759211638086
"2020-08-18","9999","9999",0.0122313209370396,0.0420433403280944
"2020-08-18","Central","LU",2.91584909700677,5.24073466063853
"2020-08-18","Central","NW",0.299747427973763,0.483141538208457
"2020-08-18","Central","OW",0.207705111305136,0.320916102973215
"2020-08-18","Central","SZ",1.04706157474179,1.61559267514603
"2020-08-18","Central","UR",0.229514527258852,0.354496394197271
"2020-08-18","Central","ZG",1.05319222769838,1.99520631146332
"2020-08-18","Eastern","AI",0.0860318542419854,0.111956962846195
"2020-08-18","Eastern","AR",0.176072845078899,0.28641813172583
"2020-08-18","Eastern","GL",0.183761530240514,0.339133750843756
"2020-08-18","Eastern","GR",1.81900769606686,2.66823963820295
"2020-08-18","Eastern","SG",2.85471994363185,5.04669631792787
"2020-08-18","Eastern","SH",0.432982448544643,0.858676596644282
"2020-08-18","Eastern","TG",1.29285766600964,2.32196837606663
"2020-08-18","Espace Mittelland","BE",6.19612648149308,12.6239462824102
"2020-08-18","Espace Mittelland","FR",1.73517095197741,2.95061318019633
"2020-08-18","Espace Mittelland","JU",0.33932964064782,0.558731181611596
"2020-08-18","Espace Mittelland","NE",0.950904948890497,1.7227573089815
"2020-08-18","Espace Mittelland","SO",1.21230210145811,2.38144763683799
"2020-08-18","Lake Geneva","GE",3.81494740056788,6.40907728293299
"2020-08-18","Lake Geneva","VD",5.57115405664753,9.52799977703774
"2020-08-18","Lake Geneva","VS",2.86902185307176,4.28923642904192
"2020-08-18","Northwestern","AG",3.5449732642839,6.67826342310963
"2020-08-18","Northwestern","BL",1.29514798639137,2.48059106750658
"2020-08-18","Northwestern","BS",1.33459743810666,3.22703879611257
"2020-08-18","Ticino","TI",2.30475189190534,3.2650035585592
"2020-08-18","Zurich","ZH",10.7012858299465,23.9487975332761
"2020-08-19","9999","9999",0.0122109967857805,0.0405478617715575
"2020-08-19","Central","LU",2.9348885543571,5.37328844178612
"2020-08-19","Central","NW",0.320576440548527,0.511793547825744
"2020-08-19","Central","OW",0.218712742115417,0.362993431450322
"2020-08-19","Central","SZ",1.07022112915447,1.6606269725872
"2020-08-19","Central","UR",0.24069680870921,0.378526015548898
"2020-08-19","Central","ZG",1.06568114452556,2.06335255023278
"2020-08-19","Eastern","AI",0.0879312812798821,0.127081689156625
"2020-08-19","Eastern","AR",0.186905981889959,0.307762689305493
"2020-08-19","Eastern","GL",0.195414580123966,0.359730569145151
"2020-08-19","Eastern","GR",1.84804787721543,2.75572513376036
"2020-08-19","Eastern","SG",2.92194980806345,5.19437482538588
"2020-08-19","Eastern","SH",0.429162757318783,0.884405625446519
"2020-08-19","Eastern","TG",1.31649887931103,2.40921595458096
"2020-08-19","Espace Mittelland","BE",6.35423789118298,12.9443865512973
"2020-08-19","Espace Mittelland","FR",1.70728856997889,2.94085858142983
"2020-08-19","Espace Mittelland","JU",0.344612514123474,0.567296195162671
"2020-08-19","Espace Mittelland","NE",1.01584564033465,1.79001985587665
"2020-08-19","Espace Mittelland","SO",1.20407643577294,2.41003167015725
"2020-08-19","Lake Geneva","GE",3.9708778839349,6.48578853525353
"2020-08-19","Lake Geneva","VD",5.71373871546046,9.61694676300268
"2020-08-19","Lake Geneva","VS",2.95672521798798,4.43283635861848
"2020-08-19","Northwestern","AG",3.70964476567325,6.83573051748316
"2020-08-19","Northwestern","BL",1.34559106522429,2.53541395186326
"2020-08-19","Northwestern","BS",1.41762360491883,3.31588381763047
"2020-08-19","Ticino","TI",2.27400758353999,3.25759414207454
"2020-08-19","Zurich","ZH",11.0443604284671,24.5074607385897
"2020-08-20","9999","9999",0.0141704681803737,0.0469376337858515
"2020-08-20","Central","LU",2.87264555917275,5.37145308173946
"2020-08-20","Central","NW",0.327723144427213,0.525966605963832
"2020-08-20","Central","OW",0.235851683773891,0.381958818599131
"2020-08-20","Central","SZ",1.07478331370891,1.67554777000356
"2020-08-20","Central","UR",0.243150842283149,0.396063900439195
"2020-08-20","Central","ZG",1.06166347883594,2.08197805589147
"2020-08-20","Eastern","AI",0.0924675104442348,0.128067345477979
"2020-08-20","Eastern","AR",0.187021798223964,0.312996864253372
"2020-08-20","Eastern","GL",0.196429244774472,0.369281239017579
"2020-08-20","Eastern","GR",1.9414163232156,2.8678180492026
"2020-08-20","Eastern","SG",2.96866813569423,5.24335174811247
"2020-08-20","Eastern","SH",0.42185966320798,0.892392840464387
"2020-08-20","Eastern","TG",1.3789633529198,2.47943547044017
"2020-08-20","Espace Mittelland","BE",6.45246572818456,13.3058845041911
"2020-08-20","Espace Mittelland","FR",1.72249464569242,2.97008838958032
"2020-08-20","Espace Mittelland","JU",0.344529608033627,0.566174586245268
"2020-08-20","Espace Mittelland","NE",1.05358236133406,1.8391667193483
"2020-08-20","Espace Mittelland","SO",1.2986234045086,2.53170924362093
"2020-08-20","Lake Geneva","GE",4.14434089652698,6.75035228716451
"2020-08-20","Lake Geneva","VD",5.78550247902367,9.74314476028498
"2020-08-20","Lake Geneva","VS",2.87489021091249,4.33702376655308
"2020-08-20","Northwestern","AG",3.65522045581416,6.87794379855632
"2020-08-20","Northwestern","BL",1.36299852455669,2.57766122108543
"2020-08-20","Northwestern","BS",1.38470771777376,3.35102756370909
"2020-08-20","Ticino","TI",2.51037601767069,3.47617192837202
"2020-08-20","Zurich","ZH",11.0548567600224,24.9402658281111
"2020-08-21","9999","9999",0.0167972570400148,0.0512541287104013
"2020-08-21","Central","LU",3.77535499840604,6.29565882967927
"2020-08-21","Central","NW",0.43232288088602,0.605770779844484
"2020-08-21","Central","OW",0.294207220981407,0.442559688287888
"2020-08-21","Central","SZ",1.3619615033398,1.93936378263627
"2020-08-21","Central","UR",0.308082409397352,0.48766196202708
"2020-08-21","Central","ZG",1.36729494831629,2.34773139301788
"2020-08-21","Eastern","AI",0.132081944142677,0.154238220217375
"2020-08-21","Eastern","AR",0.233105491504609,0.369994990146836
"2020-08-21","Eastern","GL",0.24863098142268,0.439466766727777
"2020-08-21","Eastern","GR",2.45838787257973,3.30847440114581
"2020-08-21","Eastern","SG",3.66076118363737,5.98510911215477
"2020-08-21","Eastern","SH",0.503250006049274,0.993201690434579
"2020-08-21","Eastern","TG",1.69933496205103,2.8452499182585
"2020-08-21","Espace Mittelland","BE",8.1461193615787,14.9443172154733
"2020-08-21","Espace Mittelland","FR",2.19868681546893,3.45445350115322
"2020-08-21","Espace Mittelland","JU",0.441740857618172,0.661443367926471
"2020-08-21","Espace Mittelland","NE",1.22689975275298,1.96974918785318
"2020-08-21","Espace Mittelland","SO",1.59135764143856,2.82387137252983
"2020-08-21","Lake Geneva","GE",4.4933918175993,6.96386583925917
"2020-08-21","Lake Geneva","VD",7.01109742518184,11.0036972308495
"2020-08-21","Lake Geneva","VS",3.67750879335761,5.11514845003844
"2020-08-21","Northwestern","AG",4.63967960726002,7.9062552469205
"2020-08-21","Northwestern","BL",1.7715559524452,2.98290192175792
"2020-08-21","Northwestern","BS",1.58948657814393,3.56447313950572
"2020-08-21","Ticino","TI",2.8527725923236,3.6917247694074
"2020-08-21","Zurich","ZH",13.5656692065342,27.4029451410882
"2020-08-22","9999","9999",0.0138490293927445,0.0342940423533123
"2020-08-22","Central","LU",4.73428546512605,6.65042712906864
"2020-08-22","Central","NW",0.5336087938522,0.63442278946177
"2020-08-22","Central","OW",0.309191720369973,0.412208271219991
"2020-08-22","Central","SZ",1.76943016762017,2.21612928004263
"2020-08-22","Central","UR",0.357778514973164,0.503908297254913
"2020-08-22","Central","ZG",1.59499963144364,2.23084614856492
"2020-08-22","Eastern","AI",0.149082595420118,0.161001861870803
"2020-08-22","Eastern","AR",0.256221730804173,0.337944165628329
"2020-08-22","Eastern","GL",0.304762445583113,0.458806023515721
"2020-08-22","Eastern","GR",2.91736002730595,3.44459693793968
"2020-08-22","Eastern","SG",4.79414674782036,6.44007447483212
"2020-08-22","Eastern","SH",0.627047818306724,1.05733732762061
"2020-08-22","Eastern","TG",2.15705906508113,3.0494167293748
"2020-08-22","Espace Mittelland","BE",9.53970456680585,14.6938585454024
"2020-08-22","Espace Mittelland","FR",2.31727215648412,3.33617474259075
"2020-08-22","Espace Mittelland","JU",0.487182519184188,0.657840624131178
"2020-08-22","Espace Mittelland","NE",1.46297140728304,2.07681185724162
"2020-08-22","Espace Mittelland","SO",1.96988802336417,2.9566630707205
"2020-08-22","Lake Geneva","GE",5.0677553984245,6.69818047843078
"2020-08-22","Lake Geneva","VD",8.47544971560814,11.4875865083363
"2020-08-22","Lake Geneva","VS",3.9328755392014,5.00662429024248
"2020-08-22","Northwestern","AG",6.24200520629568,8.73556608281824
"2020-08-22","Northwestern","BL",2.19671823149245,2.97963905945275
"2020-08-22","Northwestern","BS",1.98160206136549,3.52225985843256
"2020-08-22","Ticino","TI",3.15481104164694,3.99795799200735
"2020-08-22","Zurich","ZH",17.2592990931744,26.4332972379191
"2020-08-23","9999","9999",0.0129644628064253,0.0390183950660084
"2020-08-23","Central","LU",0.901418299553295,1.9188349406329
"2020-08-23","Central","NW",0.182411611078749,0.222418447135853
"2020-08-23","Central","OW",0.145824340271687,0.197912991698055
"2020-08-23","Central","SZ",0.408835919669039,0.689313650116477
"2020-08-23","Central","UR",0.1649013522676,0.259363565112117
"2020-08-23","Central","ZG",0.243835139617149,0.604513218331032
"2020-08-23","Eastern","AI",0.0465461284201195,0.070695349945381
"2020-08-23","Eastern","AR",0.0749450023180301,0.107708444219669
"2020-08-23","Eastern","GL",0.0782553092234049,0.175548789648026
"2020-08-23","Eastern","GR",1.40019750924041,1.53198182857601
"2020-08-23","Eastern","SG",0.776693584601768,1.67089139358888
"2020-08-23","Eastern","SH",0.154466690217881,0.372510113173739
"2020-08-23","Eastern","TG",0.410419139723946,0.74352474779094
"2020-08-23","Espace Mittelland","BE",2.19416157074471,4.9501359865842
"2020-08-23","Espace Mittelland","FR",0.575399235350605,1.23917392483589
"2020-08-23","Espace Mittelland","JU",0.0962719409345547,0.175684742244074
"2020-08-23","Espace Mittelland","NE",0.269832239247199,0.509516341841927
"2020-08-23","Espace Mittelland","SO",0.338899931699495,0.803819724138587
"2020-08-23","Lake Geneva","GE",0.874327161434228,1.92321941185547
"2020-08-23","Lake Geneva","VD",1.66360154447416,3.47953675512422
"2020-08-23","Lake Geneva","VS",1.42761762057235,2.15430483698944
"2020-08-23","Northwestern","AG",0.925641688181647,2.23451686865824
"2020-08-23","Northwestern","BL",0.314939554818929,0.810889259133125
"2020-08-23","Northwestern","BS",0.389454229457248,1.20049541126
"2020-08-23","Ticino","TI",1.32474954096103,1.67639747372886
"2020-08-23","Zurich","ZH",3.05374636822787,8.24868584821844
"2020-08-24","9999","9999",0.0128926782174601,0.0420093521790822
"2020-08-24","Central","LU",2.65160175047255,4.99785534779733
"2020-08-24","Central","NW",0.278995044106482,0.475256287637627
"2020-08-24","Central","OW",0.178917094524969,0.310923587163628
"2020-08-24","Central","SZ",0.971785390574795,1.56811123097598
"2020-08-24","Central","UR",0.206798524930276,0.365406590030188
"2020-08-24","Central","ZG",0.935758831381196,1.95129362293955
"2020-08-24","Eastern","AI",0.0722712290331856,0.106077013067084
"2020-08-24","Eastern","AR",0.154969401637838,0.274828172912669
"2020-08-24","Eastern","GL",0.173471584763007,0.329073258736144
"2020-08-24","Eastern","GR",1.87830663416677,2.69002604171977
"2020-08-24","Eastern","SG",2.68833479126159,4.93881793296313
"2020-08-24","Eastern","SH",0.38646636384099,0.82468844763208
"2020-08-24","Eastern","TG",1.21441590717356,2.29008749229319
"2020-08-24","Espace Mittelland","BE",5.81309255743404,12.3601302697775
"2020-08-24","Espace Mittelland","FR",1.64127611045964,2.89997083816815
"2020-08-24","Espace Mittelland","JU",0.298353629791794,0.512303370060927
"2020-08-24","Espace Mittelland","NE",0.898322265592899,1.643360992889
"2020-08-24","Espace Mittelland","SO",1.05250047817559,2.23499270274441
"2020-08-24","Lake Geneva","GE",3.97210844276326,6.73968000837468
"2020-08-24","Lake Geneva","VD",5.48636254345545,9.65446967951215
"2020-08-24","Lake Geneva","VS",2.58938718560383,3.95985727696467
"2020-08-24","Northwestern","AG",3.26101332764247,6.41825408316628
"2020-08-24","Northwestern","BL",1.28598572977509,2.47807594447968
"2020-08-24","Northwestern","BS",1.24983155919092,3.08490035694354
"2020-08-24","Ticino","TI",2.51076300674115,3.4117983741429
"2020-08-24","Zurich","ZH",10.2232159357229,23.6401851402453
"2020-08-25","9999","9999",0.0144894790347118,0.0474814441700468
"2020-08-25","Central","LU",2.99476613161661,5.34626786332142
"2020-08-25","Central","NW",0.334883593541144,0.49799435932679
"2020-08-25","Central","OW",0.223344620103373,0.353612702322954
"2020-08-25","Central","SZ",1.0924273516444,1.66042304369312
"2020-08-25","Central","UR",0.225761247840544,0.373223864302995
"2020-08-25","Central","ZG",1.07332779511307,2.03959483407326
"2020-08-25","Eastern","AI",0.0836216409479283,0.118176794115428
"2020-08-25","Eastern","AR",0.19369749479225,0.313234781296458
"2020-08-25","Eastern","GL",0.198480366734781,0.370776717574116
"2020-08-25","Eastern","GR",1.90555992690151,2.73009806940516
"2020-08-25","Eastern","SG",3.17027691797067,5.44826629850704
"2020-08-25","Eastern","SH",0.458160422222612,0.925327356857211
"2020-08-25","Eastern","TG",1.47054718571458,2.53425835479685
"2020-08-25","Espace Mittelland","BE",6.5581654985612,13.2660843816978
"2020-08-25","Espace Mittelland","FR",1.89802798832996,3.11419814139206
"2020-08-25","Espace Mittelland","JU",0.366789014010691,0.574433706455233
"2020-08-25","Espace Mittelland","NE",1.06775073052695,1.81517108614568
"2020-08-25","Espace Mittelland","SO",1.32579216992062,2.51774011437692
"2020-08-25","Lake Geneva","GE",4.171467282755,6.82223722232532
"2020-08-25","Lake Geneva","VD",6.06328438276514,10.1941335095279
"2020-08-25","Lake Geneva","VS",2.73958307067435,4.09183325957905
"2020-08-25","Northwestern","AG",3.9194996630988,7.10454278802067
"2020-08-25","Northwestern","BL",1.47004041338039,2.66286951065902
"2020-08-25","Northwestern","BS",1.40868888872816,3.28780960654639
"2020-08-25","Ticino","TI",2.82096114070446,3.4095551563081
"2020-08-25","Zurich","ZH",11.8263988536677,25.1951429575536
"2020-08-26","9999","9999",0.0166627808638616,0.0486710293854739
"2020-08-26","Central","LU",3.06618579437613,5.58581633755942
"2020-08-26","Central","NW",0.322289903560414,0.517469568710782
"2020-08-26","Central","OW",0.21568834001915,0.357147469820223
"2020-08-26","Central","SZ",1.13752552722209,1.71674140660634
"2020-08-26","Central","UR",0.242185445098345,0.387159005397998
"2020-08-26","Central","ZG",1.13354579994816,2.13561135503273
"2020-08-26","Eastern","AI",0.0914980210170286,0.121405668271587
"2020-08-26","Eastern","AR",0.193341540191673,0.322275628933703
"2020-08-26","Eastern","GL",0.207393920745608,0.386955076503925
"2020-08-26","Eastern","GR",1.92488844929025,2.80327455422843
"2020-08-26","Eastern","SG",3.29377211183952,5.66130401651552
"2020-08-26","Eastern","SH",0.45363675565503,0.951532219745619
"2020-08-26","Eastern","TG",1.50007908992696,2.61426645757157
"2020-08-26","Espace Mittelland","BE",6.70291782013241,13.4910179518605
"2020-08-26","Espace Mittelland","FR",1.98527116981903,3.23876470752178
"2020-08-26","Espace Mittelland","JU",0.378571276937484,0.585989677119382
"2020-08-26","Espace Mittelland","NE",1.12288327635907,1.83998243492459
"2020-08-26","Espace Mittelland","SO",1.34241289271424,2.58721189095786
"2020-08-26","Lake Geneva","GE",4.31623225699148,7.07911965255955
"2020-08-26","Lake Geneva","VD",6.38241727599536,10.5440075154595
"2020-08-26","Lake Geneva","VS",2.88433338724259,4.24950428284666
"2020-08-26","Northwestern","AG",4.03253328010259,7.33005415671664
"2020-08-26","Northwestern","BL",1.47859449620339,2.6903659232099
"2020-08-26","Northwestern","BS",1.4335580645357,3.29848188533622
"2020-08-26","Ticino","TI",2.64433353636469,3.39833906713407
"2020-08-26","Zurich","ZH",12.2822244969172,25.9934905897012
"2020-08-27","9999","9999",0.0162380374307192,0.0487050175344861
"2020-08-27","Central","LU",3.11693514132963,5.65124352440791
"2020-08-27","Central","NW",0.322236038685546,0.520494513972868
"2020-08-27","Central","OW",0.234703467128291,0.367581831566969
"2020-08-27","Central","SZ",1.1444922820837,1.72707380390605
"2020-08-27","Central","UR",0.245880908376153,0.400856229449915
"2020-08-27","Central","ZG",1.13060405723239,2.14896869759452
"2020-08-27","Eastern","AI",0.102589055251879,0.130378539610809
"2020-08-27","Eastern","AR",0.187893007261161,0.322241640784691
"2020-08-27","Eastern","GL",0.211092352367666,0.392223239600816
"2020-08-27","Eastern","GR",2.04990520937249,2.79535531550859
"2020-08-27","Eastern","SG",3.4333314404591,5.78009259731317
"2020-08-27","Eastern","SH",0.481414442820423,0.95741216952473
"2020-08-27","Eastern","TG",1.55167702697783,2.63387761955161
"2020-08-27","Espace Mittelland","BE",6.89266494997946,13.7866128838197
"2020-08-27","Espace Mittelland","FR",2.04139552248453,3.25688039094529
"2020-08-27","Espace Mittelland","JU",0.393581026832277,0.60539691020535
"2020-08-27","Espace Mittelland","NE",1.19041317852115,1.89150846882709
"2020-08-27","Espace Mittelland","SO",1.42713324396476,2.67381369464095
"2020-08-27","Lake Geneva","GE",4.79043165744311,7.38905758340182
"2020-08-27","Lake Geneva","VD",6.30289440154101,10.3366798064851
"2020-08-27","Lake Geneva","VS",2.91098994488266,4.17724547804672
"2020-08-27","Northwestern","AG",4.1439832071289,7.36740713248105
"2020-08-27","Northwestern","BL",1.53411503752349,2.72367430924185
"2020-08-27","Northwestern","BS",1.48267466551117,3.42121309141928
"2020-08-27","Ticino","TI",2.92072916460137,3.63853331620331
"2020-08-27","Zurich","ZH",11.8380567437537,25.1363774479115
"2020-08-28","9999","9999",0.0156122219608626,0.0465637641467173
"2020-08-28","Central","LU",4.27680705719694,6.71245550101591
"2020-08-28","Central","NW",0.457326759998955,0.607776080636204
"2020-08-28","Central","OW",0.281063670682616,0.397967236783878
"2020-08-28","Central","SZ",1.52688214984502,2.03990072741437
"2020-08-28","Central","UR",0.337531904854604,0.470769851968016
"2020-08-28","Central","ZG",1.53889399344459,2.49547787677393
"2020-08-28","Eastern","AI",0.127260374076303,0.140540996165457
"2020-08-28","Eastern","AR",0.25187236635076,0.358167114290589
"2020-08-28","Eastern","GL",0.282941575266694,0.451260654435012
"2020-08-28","Eastern","GR",2.63477411293822,3.17194400656379
"2020-08-28","Eastern","SG",4.39192497269466,6.58221291400115
"2020-08-28","Eastern","SH",0.561838260662738,1.05043773337113
"2020-08-28","Eastern","TG",1.93003887900487,2.97304535854438
"2020-08-28","Espace Mittelland","BE",9.22976174177616,15.3925529246462
"2020-08-28","Espace Mittelland","FR",2.44631117966516,3.60145224563099
"2020-08-28","Espace Mittelland","JU",0.508619917017391,0.700631703737541
"2020-08-28","Espace Mittelland","NE",1.43378693640859,2.08993128276033
"2020-08-28","Espace Mittelland","SO",1.80418084786931,2.93732381393256
"2020-08-28","Lake Geneva","GE",5.04288115528522,7.32794689147788
"2020-08-28","Lake Geneva","VD",7.70498394437085,11.3618643451401
"2020-08-28","Lake Geneva","VS",3.87491996875939,4.88732588720965
"2020-08-28","Northwestern","AG",5.43603172129306,8.47321156059305
"2020-08-28","Northwestern","BL",1.97588298617797,3.06977563063311
"2020-08-28","Northwestern","BS",1.65906524873744,3.46879650003637
"2020-08-28","Ticino","TI",3.30543956484982,3.69910019774305
"2020-08-28","Zurich","ZH",14.5432631298902,27.1702282848017
"2020-08-29","9999","9999",0.014291723868155,0.0382706557877399
"2020-08-29","Central","LU",5.13895117832243,6.88803827881294
"2020-08-29","Central","NW",0.518757051506377,0.632927310905234
"2020-08-29","Central","OW",0.283330013265092,0.367921713057091
"2020-08-29","Central","SZ",1.84596288558572,2.26969460288587
"2020-08-29","Central","UR",0.31557232905888,0.454795421932281
"2020-08-29","Central","ZG",1.69547183431539,2.32608094209711
"2020-08-29","Eastern","AI",0.140536462120636,0.145469277772226
"2020-08-29","Eastern","AR",0.282487845442873,0.348888349610258
"2020-08-29","Eastern","GL",0.327848370960732,0.458398165727574
"2020-08-29","Eastern","GR",2.76075087001171,3.04931476492776
"2020-08-29","Eastern","SG",5.48878416020394,6.91940934035121
"2020-08-29","Eastern","SH",0.690594323882784,1.10366317472424
"2020-08-29","Eastern","TG",2.32455366940078,3.23822089713759
"2020-08-29","Espace Mittelland","BE",10.1298211348985,14.996489024207
"2020-08-29","Espace Mittelland","FR",2.50782301448697,3.50298857794264
"2020-08-29","Espace Mittelland","JU",0.5317270124069,0.704302423830859
"2020-08-29","Espace Mittelland","NE",1.66146340460149,2.22795715589888
"2020-08-29","Espace Mittelland","SO",2.16191155213675,3.17925145860141
"2020-08-29","Lake Geneva","GE",6.13613846068097,7.47902421383712
"2020-08-29","Lake Geneva","VD",9.53144039879791,12.383650068894
"2020-08-29","Lake Geneva","VS",4.22544717900526,4.79851485384076
"2020-08-29","Northwestern","AG",7.01528539081171,9.42250056250387
"2020-08-29","Northwestern","BL",2.41857132518287,3.21816788922039
"2020-08-29","Northwestern","BS",2.13573539242649,3.64947750018524
"2020-08-29","Ticino","TI",3.26806543610732,3.80650274862161
"2020-08-29","Zurich","ZH",18.0379504652815,26.5977998791381
"2020-08-30","9999","9999",0.0137541128651498,0.0388144661719352
"2020-08-30","Central","LU",0.797463339940144,1.6756837225996
"2020-08-30","Central","NW",0.129695822212501,0.14074492505953
"2020-08-30","Central","OW",0.123870955705854,0.118448699307525
"2020-08-30","Central","SZ",0.333498328369887,0.498538169710985
"2020-08-30","Central","UR",0.121046818945886,0.182108502407381
"2020-08-30","Central","ZG",0.220464327595995,0.508836578861682
"2020-08-30","Eastern","AI",0.0335703561437836,0.0296376659386405
"2020-08-30","Eastern","AR",0.0647149798005544,0.0849023962324817
"2020-08-30","Eastern","GL",0.0593051449938853,0.130344551461796
"2020-08-30","Eastern","GR",1.07716956095177,1.08554749130073
"2020-08-30","Eastern","SG",0.741503652060054,1.45829552151756
"2020-08-30","Eastern","SH",0.127525778513187,0.296376659386405
"2020-08-30","Eastern","TG",0.330274569454296,0.608659772510521
"2020-08-30","Espace Mittelland","BE",1.80386509122879,4.0551940349439
"2020-08-30","Espace Mittelland","FR",0.510967505296625,1.09720542641192
"2020-08-30","Espace Mittelland","JU",0.0880483742368756,0.155801675071936
"2020-08-30","Espace Mittelland","NE",0.240466726785689,0.436747714806801
"2020-08-30","Espace Mittelland","SO",0.297366627916721,0.680748636565402
"2020-08-30","Lake Geneva","GE",1.68623518895589,2.87390192787579
"2020-08-30","Lake Geneva","VD",1.41915801176652,2.96067367230394
"2020-08-30","Lake Geneva","VS",1.17134697082839,1.55526371064937
"2020-08-30","Northwestern","AG",0.926915448558502,2.08745014788244
"2020-08-30","Northwestern","BL",0.299345334808613,0.732648540107036
"2020-08-30","Northwestern","BS",0.364004918569917,1.08677106466517
"2020-08-30","Ticino","TI",1.21168744664935,1.43484369869914
"2020-08-30","Zurich","ZH",2.84775099971426,6.99564475858558
"2020-08-31","9999","9999",0.0126970298704364,0.0435048307356191
"2020-08-31","Central","LU",2.88893972885475,5.28655068550698
"2020-08-31","Central","NW",0.296016626518505,0.464685973294832
"2020-08-31","Central","OW",0.175000881202724,0.30062517801293
"2020-08-31","Central","SZ",1.05127250000536,1.62527929761451
"2020-08-31","Central","UR",0.208059961587667,0.351267520041112
"2020-08-31","Central","ZG",0.981630194063494,1.98008158515289
"2020-08-31","Eastern","AI",0.067991221235447,0.0931615164424469
"2020-08-31","Eastern","AR",0.164617879307804,0.280232288605609
"2020-08-31","Eastern","GL",0.184985396588238,0.340663217549305
"2020-08-31","Eastern","GR",1.68665762976842,2.45326459570077
"2020-08-31","Eastern","SG",3.10589841448007,5.34416059808266
"2020-08-31","Eastern","SH",0.4041600569283,0.87036851990448
"2020-08-31","Eastern","TG",1.36648165332013,2.43841177458244
"2020-08-31","Espace Mittelland","BE",6.19612176268724,12.5255845791689
"2020-08-31","Espace Mittelland","FR",1.67099698620249,2.86893965812001
"2020-08-31","Espace Mittelland","JU",0.330408434731105,0.534293702471822
"2020-08-31","Espace Mittelland","NE",0.971948633844426,1.70498150704812
"2020-08-31","Espace Mittelland","SO",1.20465586205285,2.35677224065513
"2020-08-31","Lake Geneva","GE",4.36095575938612,6.8759384977646
"2020-08-31","Lake Geneva","VD",5.79771019026746,9.76530503344094
"2020-08-31","Lake Geneva","VS",2.41009801813405,3.66123739974346
"2020-08-31","Northwestern","AG",3.79419332889536,6.94524033360048
"2020-08-31","Northwestern","BL",1.4146850106843,2.56294435256315
"2020-08-31","Northwestern","BS",1.36575362969076,3.16915697834479
"2020-08-31","Ticino","TI",2.74329238491999,3.49102474949035
"2020-08-31","Zurich","ZH",10.9443841857944,23.6891620629719
"2020-09-01","9999","9999",0.013398291409302,0.0459179893154855
"2020-09-01","Central","LU",2.98623039143802,5.24437139258283
"2020-09-01","Central","NW",0.296734304019236,0.469308361560491
"2020-09-01","Central","OW",0.181519733280406,0.306607092239078
"2020-09-01","Central","SZ",1.05792469261297,1.60828522310841
"2020-09-01","Central","UR",0.21163998838555,0.341852802764732
"2020-09-01","Central","ZG",1.0737399681174,2.01988170764618
"2020-09-01","Eastern","AI",0.0742946138136552,0.0940112201677519
"2020-09-01","Eastern","AR",0.174313208258245,0.278804786347096
"2020-09-01","Eastern","GL",0.199824854374813,0.349670077037539
"2020-09-01","Eastern","GR",1.69903786916868,2.42508842016966
"2020-09-01","Eastern","SG",3.12165544699765,5.32213627752275
"2020-09-01","Eastern","SH",0.419835264177959,0.857520999577867
"2020-09-01","Eastern","TG",1.35145802504536,2.40826428640862
"2020-09-01","Espace Mittelland","BE",6.1721943626232,12.7145926758258
"2020-09-01","Espace Mittelland","FR",1.68751511315048,2.86411334096027
"2020-09-01","Espace Mittelland","JU",0.345972740253662,0.547345151692508
"2020-09-01","Espace Mittelland","NE",0.954619886542912,1.70341805219356
"2020-09-01","Espace Mittelland","SO",1.24030388295024,2.3998692136026
"2020-09-01","Lake Geneva","GE",4.27221328209757,6.82988455585306
"2020-09-01","Lake Geneva","VD",5.70177685987454,9.62625951583202
"2020-09-01","Lake Geneva","VS",2.44367331238087,3.66042168416716
"2020-09-01","Northwestern","AG",3.80369546484422,6.93701520153953
"2020-09-01","Northwestern","BL",1.40382593023121,2.54795557884877
"2020-09-01","Northwestern","BS",1.38987594972184,3.21133627126893
"2020-09-01","Ticino","TI",2.45554734335402,3.34708493842367
"2020-09-01","Zurich","ZH",10.9799579315131,23.7311034388529
"2020-09-02","9999","9999",0.0138945492259304,0.0455781078253635
"2020-09-02","Central","LU",2.99480756703944,5.48422576016195
"2020-09-02","Central","NW",0.318507410622185,0.49428965108446
"2020-09-02","Central","OW",0.188229992653896,0.319658541459764
"2020-09-02","Central","SZ",1.11231429869008,1.69301767859583
"2020-09-02","Central","UR",0.226219770874604,0.360886166211565
"2020-09-02","Central","ZG",1.12970091304037,2.11392691596294
"2020-09-02","Eastern","AI",0.0898424211378974,0.113248512508658
"2020-09-02","Eastern","AR",0.178843449825821,0.299265652052442
"2020-09-02","Eastern","GL",0.202865809493695,0.36574647152031
"2020-09-02","Eastern","GR",1.71491448131687,2.57014984015374
"2020-09-02","Eastern","SG",3.26636284788696,5.61270096342807
"2020-09-02","Eastern","SH",0.444979090148995,0.918393774458722
"2020-09-02","Eastern","TG",1.38507805592108,2.48011523342041
"2020-09-02","Espace Mittelland","BE",6.50762783997854,13.1010039419455
"2020-09-02","Espace Mittelland","FR",1.72610940368443,2.95962003968456
"2020-09-02","Espace Mittelland","JU",0.361476018498142,0.575453350925599
"2020-09-02","Espace Mittelland","NE",1.04708391172807,1.79063164255887
"2020-09-02","Espace Mittelland","SO",1.33673252348261,2.54846540108395
"2020-09-02","Lake Geneva","GE",4.4022348898815,7.06430081959022
"2020-09-02","Lake Geneva","VD",6.05735515820321,10.169220196302
"2020-09-02","Lake Geneva","VS",2.65276874444094,3.90853517195624
"2020-09-02","Northwestern","AG",3.93864021254253,7.2413790759438
"2020-09-02","Northwestern","BL",1.44958980987313,2.63285797508125
"2020-09-02","Northwestern","BS",1.45905940759986,3.31000386785136
"2020-09-02","Ticino","TI",2.72856425570685,3.56607058250929
"2020-09-02","Zurich","ZH",11.3221323933462,24.4063799834274
"2020-09-03","9999","9999",0.0148944191474463,0.0482631715973274
"2020-09-03","Central","LU",3.02336673935886,5.54571032172502
"2020-09-03","Central","NW",0.321838433280963,0.509278424798841
"2020-09-03","Central","OW",0.21968740069092,0.367139985629811
"2020-09-03","Central","SZ",1.10522680897154,1.70600115151849
"2020-09-03","Central","UR",0.236168830602025,0.379375719274203
"2020-09-03","Central","ZG",1.117527987815,2.1505661405981
"2020-09-03","Eastern","AI",0.0968387850375885,0.130310563312784
"2020-09-03","Eastern","AR",0.194321602876759,0.314220437617811
"2020-09-03","Eastern","GL",0.205901333090843,0.386921088354912
"2020-09-03","Eastern","GR",1.68936058916104,2.58075414264554
"2020-09-03","Eastern","SG",3.33306224022264,5.64777673320866
"2020-09-03","Eastern","SH",0.462547325657521,0.942423395810349
"2020-09-03","Eastern","TG",1.44084681425997,2.54758170920963
"2020-09-03","Espace Mittelland","BE",6.80976438563887,13.6820993256071
"2020-09-03","Espace Mittelland","FR",1.7565060868268,2.99020937379555
"2020-09-03","Espace Mittelland","JU",0.367977479524622,0.592515401729725
"2020-09-03","Espace Mittelland","NE",1.08639110221659,1.86509967704461
"2020-09-03","Espace Mittelland","SO",1.3276954307435,2.52236250264258
"2020-09-03","Lake Geneva","GE",4.3839456991623,7.33705571541315
"2020-09-03","Lake Geneva","VD",5.93219241275781,10.0818706533406
"2020-09-03","Lake Geneva","VS",2.72847859665393,3.97270479729128
"2020-09-03","Northwestern","AG",4.13223687761482,7.3828717402816
"2020-09-03","Northwestern","BL",1.46908481799725,2.67965965627105
"2020-09-03","Northwestern","BS",1.44840565981482,3.31629167541862
"2020-09-03","Ticino","TI",2.79836426766403,3.65291030323547
"2020-09-03","Zurich","ZH",11.4896309176033,24.7364728866339
"2020-09-04","9999","9999",0.017960785329434,0.0509822235183036
"2020-09-04","Central","LU",3.91225213733219,6.53544522096036
"2020-09-04","Central","NW",0.417046324618668,0.630004330090184
"2020-09-04","Central","OW",0.286914003076669,0.445414692804913
"2020-09-04","Central","SZ",1.3950618781708,2.03639994806611
"2020-09-04","Central","UR",0.324566012700355,0.499183944542217
"2020-09-04","Central","ZG",1.43795560388483,2.4302206306705
"2020-09-04","Eastern","AI",0.1343727187829,0.163041150811535
"2020-09-04","Eastern","AR",0.244023147806348,0.379715600764325
"2020-09-04","Eastern","GL",0.273281255547901,0.469104432666418
"2020-09-04","Eastern","GR",2.23752952273876,3.15365838239523
"2020-09-04","Eastern","SG",4.04885527703293,6.41835604761332
"2020-09-04","Eastern","SH",0.545071274468433,1.05166130673557
"2020-09-04","Eastern","TG",1.80231352437516,2.94388352669191
"2020-09-04","Espace Mittelland","BE",8.40777794382144,15.4868360500061
"2020-09-04","Espace Mittelland","FR",2.29763548628451,3.6167809008355
"2020-09-04","Espace Mittelland","JU",0.467357276888291,0.702704980827285
"2020-09-04","Espace Mittelland","NE",1.35471232501214,2.09751063999005
"2020-09-04","Espace Mittelland","SO",1.60373867579116,2.774214686823
"2020-09-04","Lake Geneva","GE",4.9951093199873,7.61925931666147
"2020-09-04","Lake Geneva","VD",7.55789725109275,11.6500158724656
"2020-09-04","Lake Geneva","VS",3.60714765077267,4.88786969759384
"2020-09-04","Northwestern","AG",4.93961348484645,8.3106802320167
"2020-09-04","Northwestern","BL",1.86145444709405,3.06481336087733
"2020-09-04","Northwestern","BS",1.69414944478433,3.65036119205955
"2020-09-04","Ticino","TI",3.25705815773896,3.94928696262187
"2020-09-04","Zurich","ZH",13.9367774316332,27.4109663442551
"2020-09-05","9999","9999",0.0177395731944683,0.0449663211431438
"2020-09-05","Central","LU",4.39355674358335,6.6274851284854
"2020-09-05","Central","NW",0.502414092113291,0.676466129789865
"2020-09-05","Central","OW",0.348125439894031,0.526000594112845
"2020-09-05","Central","SZ",1.69433417526358,2.31952122933775
"2020-09-05","Central","UR",0.334778910456085,0.530283100888382
"2020-09-05","Central","ZG",1.43598783835683,2.18856489119374
"2020-09-05","Eastern","AI",0.170947755938992,0.212222002432192
"2020-09-05","Eastern","AR",0.271601231443066,0.390319903256133
"2020-09-05","Eastern","GL",0.325502634959638,0.54228091748969
"2020-09-05","Eastern","GR",2.69216189160001,3.5006433956608
"2020-09-05","Eastern","SG",4.62951212752091,6.629150547787
"2020-09-05","Eastern","SH",0.626737085921704,1.09475827968304
"2020-09-05","Eastern","TG",2.15069665805987,3.18730664991731
"2020-09-05","Espace Mittelland","BE",9.10010029048381,15.0025049265822
"2020-09-05","Espace Mittelland","FR",2.27546192341337,3.42824863826481
"2020-09-05","Espace Mittelland","JU",0.482306011253071,0.675412497170487
"2020-09-05","Espace Mittelland","NE",1.49715345380736,2.14359857005059
"2020-09-05","Espace Mittelland","SO",1.76595479257917,2.86214202831757
"2020-09-05","Lake Geneva","GE",5.3421677184441,6.86859705757796
"2020-09-05","Lake Geneva","VD",8.53596336048163,11.8819170131758
"2020-09-05","Lake Geneva","VS",3.797824459773,4.95064580881938
"2020-09-05","Northwestern","AG",5.96418271690803,8.82515884361441
"2020-09-05","Northwestern","BL",2.12206638253921,3.04594993817556
"2020-09-05","Northwestern","BS",1.97060267378033,3.55305312143762
"2020-09-05","Ticino","TI",3.56051477072965,4.32359844769326
"2020-09-05","Zurich","ZH",16.0734961879509,26.143412314994
"2020-09-06","9999","9999",0.0145471541984388,0.0433688781395703
"2020-09-06","Central","LU",0.862094493385814,1.84994096258517
"2020-09-06","Central","NW",0.16727549900422,0.170178662104098
"2020-09-06","Central","OW",0.135764766503286,0.157331141777485
"2020-09-06","Central","SZ",0.38699140049916,0.579735857701137
"2020-09-06","Central","UR",0.164491196014311,0.234756145227282
"2020-09-06","Central","ZG",0.243320002661172,0.57361799087894
"2020-09-06","Eastern","AI",0.0379024391945939,0.0452722144842536
"2020-09-06","Eastern","AR",0.0896074559356443,0.0919039549289953
"2020-09-06","Eastern","GL",0.076281571762716,0.160627992231669
"2020-09-06","Eastern","GR",1.48727140112275,1.51842055712014
"2020-09-06","Eastern","SG",0.814659992006539,1.6093728438768
"2020-09-06","Eastern","SH",0.146988483376471,0.358710924674784
"2020-09-06","Eastern","TG",0.371566035417195,0.69583937472682
"2020-09-06","Espace Mittelland","BE",2.15114039419698,4.86095108357618
"2020-09-06","Espace Mittelland","FR",0.579272031743176,1.22710813193656
"2020-09-06","Espace Mittelland","JU",0.0941534242453113,0.176568434118392
"2020-09-06","Espace Mittelland","NE",0.281372284500038,0.506457408430828
"2020-09-06","Espace Mittelland","SO",0.33323806566915,0.761674419363456
"2020-09-06","Lake Geneva","GE",0.8436234661272,1.8199634151564
"2020-09-06","Lake Geneva","VD",1.65544839567396,3.43168144131504
"2020-09-06","Lake Geneva","VS",1.32531758728265,1.98830671721384
"2020-09-06","Northwestern","AG",0.953419719956927,2.27455490819461
"2020-09-06","Northwestern","BL",0.329995447194317,0.817992782276676
"2020-09-06","Northwestern","BS",0.403240927536776,1.19376575775559
"2020-09-06","Ticino","TI",1.45130167123225,1.76004230844789
"2020-09-06","Zurich","ZH",2.94506246028738,7.5923407026438
"2020-09-07","9999","9999",0.0126264866602668,0.0454081670803024
"2020-09-07","Central","LU",2.7452280390722,5.28277800096662
"2020-09-07","Central","NW",0.294262479959907,0.489803215414849
"2020-09-07","Central","OW",0.186534445440084,0.318502944393349
"2020-09-07","Central","SZ",1.0170949764858,1.63357240597349
"2020-09-07","Central","UR",0.213879095038931,0.36605236486142
"2020-09-07","Central","ZG",0.992132427063112,2.02406224997468
"2020-09-07","Eastern","AI",0.0716881177771016,0.101590577397473
"2020-09-07","Eastern","AR",0.157883798775912,0.279246632284255
"2020-09-07","Eastern","GL",0.192530140549886,0.356501694988991
"2020-09-07","Eastern","GR",1.81184827295055,2.62334129335783
"2020-09-07","Eastern","SG",3.05560437942305,5.45941441138304
"2020-09-07","Eastern","SH",0.395143515469696,0.873291500719529
"2020-09-07","Eastern","TG",1.30122715541413,2.45717323283717
"2020-09-07","Espace Mittelland","BE",6.07576998272216,12.7855599309633
"2020-09-07","Espace Mittelland","FR",1.61603928289549,2.88154926140353
"2020-09-07","Espace Mittelland","JU",0.318041388407074,0.549350452484228
"2020-09-07","Espace Mittelland","NE",0.918740937861367,1.71837283775893
"2020-09-07","Espace Mittelland","SO",1.07133037747075,2.25236064688964
"2020-09-07","Lake Geneva","GE",4.0826251113927,6.83586647007921
"2020-09-07","Lake Geneva","VD",5.55702567786556,9.72744223544135
"2020-09-07","Lake Geneva","VS",2.51285385282292,3.83705809458358
"2020-09-07","Northwestern","AG",3.5256998246527,6.84079475168598
"2020-09-07","Northwestern","BL",1.34759824159203,2.58846945247131
"2020-09-07","Northwestern","BS",1.3163561873219,3.1677974523843
"2020-09-07","Ticino","TI",2.77732985193284,3.57735464798134
"2020-09-07","Zurich","ZH",10.5272790699458,23.736847436036
"2020-09-08","9999","9999",0.012495848185122,0.045340190782278
"2020-09-08","Central","LU",2.75334502733044,5.18594576443086
"2020-09-08","Central","NW",0.292185798127677,0.477499505472432
"2020-09-08","Central","OW",0.195807819164646,0.336924521157963
"2020-09-08","Central","SZ",1.01979898145614,1.6160685092322
"2020-09-08","Central","UR",0.220039078996087,0.356059849051833
"2020-09-08","Central","ZG",1.01410735366287,1.96366530917999
"2020-09-08","Eastern","AI",0.0882201935934539,0.123207040169234
"2020-09-08","Eastern","AR",0.183311485392866,0.306912985580188
"2020-09-08","Eastern","GL",0.183270010809825,0.35092763855099
"2020-09-08","Eastern","GR",1.5614347264017,2.50689789484203
"2020-09-08","Eastern","SG",3.09962159993935,5.46685781601671
"2020-09-08","Eastern","SH",0.407455236242863,0.873359477017554
"2020-09-08","Eastern","TG",1.2813104231094,2.37709715376443
"2020-09-08","Espace Mittelland","BE",6.01851324588573,12.7850161205791
"2020-09-08","Espace Mittelland","FR",1.57995197446134,2.81251933075975
"2020-09-08","Espace Mittelland","JU",0.333600567857569,0.54105734412525
"2020-09-08","Espace Mittelland","NE",0.925100153325162,1.69995126099432
"2020-09-08","Espace Mittelland","SO",1.14173578284599,2.29328237830033
"2020-09-08","Lake Geneva","GE",4.04148920546537,6.89561763604266
"2020-09-08","Lake Geneva","VD",5.30864997013231,9.49458942655875
"2020-09-08","Lake Geneva","VS",2.55006556066029,3.81241668654973
"2020-09-08","Northwestern","AG",3.57972272273436,6.8338951574365
"2020-09-08","Northwestern","BL",1.31796811572996,2.54058015051312
"2020-09-08","Northwestern","BS",1.34459019280128,3.17741609855476
"2020-09-08","Ticino","TI",2.41056383280003,3.30925612857309
"2020-09-08","Zurich","ZH",10.6105771809507,23.6160875425956
"2020-09-09","9999","9999",0.0143443003719707,0.0489769227265837
"2020-09-09","Central","LU",2.80267702514905,5.40873808120585
"2020-09-09","Central","NW",0.305156679293238,0.498572157859997
"2020-09-09","Central","OW",0.204394483286003,0.354530382346283
"2020-09-09","Central","SZ",1.0837218323564,1.69821786539469
"2020-09-09","Central","UR",0.224643114071625,0.367241950076847
"2020-09-09","Central","ZG",1.07523808127841,2.07881715803334
"2020-09-09","Eastern","AI",0.101675451366603,0.138467719075713
"2020-09-09","Eastern","AR",0.186893086431367,0.319250683671617
"2020-09-09","Eastern","GL",0.204486913139986,0.385391621649363
"2020-09-09","Eastern","GR",1.62601275118453,2.6168495568965
"2020-09-09","Eastern","SG",3.02301526077079,5.4838179023738
"2020-09-09","Eastern","SH",0.421177198572013,0.901739581442743
"2020-09-09","Eastern","TG",1.33990268772881,2.45673138690002
"2020-09-09","Espace Mittelland","BE",6.15188874197761,13.1880815797148
"2020-09-09","Espace Mittelland","FR",1.65509386258917,2.93973697251242
"2020-09-09","Espace Mittelland","JU",0.351094144417396,0.566106609947244
"2020-09-09","Espace Mittelland","NE",1.06590607688089,1.77849787336152
"2020-09-09","Espace Mittelland","SO",1.16769378100199,2.38019007532454
"2020-09-09","Lake Geneva","GE",4.62806415509838,7.52198523418854
"2020-09-09","Lake Geneva","VD",5.76812692743393,10.0081503581331
"2020-09-09","Lake Geneva","VS",2.63128099832012,3.98704779617443
"2020-09-09","Northwestern","AG",3.74082949330556,7.10899523554127
"2020-09-09","Northwestern","BL",1.3498536780548,2.60838650779246
"2020-09-09","Northwestern","BS",1.360997934937,3.26371200889674
"2020-09-09","Ticino","TI",2.56520914450372,3.43436650508701
"2020-09-09","Zurich","ZH",10.9151734540801,24.2947968902203
"2020-09-10","9999","9999",0.0150425191621796,0.0508462709222548
"2020-09-10","Central","LU",2.9668883352792,5.50883318004678
"2020-09-10","Central","NW",0.31116605306592,0.51080789150439
"2020-09-10","Central","OW",0.22323826487716,0.358574972078736
"2020-09-10","Central","SZ",1.0650773958365,1.68299117463723
"2020-09-10","Central","UR",0.238936897767056,0.38889240099762
"2020-09-10","Central","ZG",1.09474311441741,2.12476913549783
"2020-09-10","Eastern","AI",0.0894653630977957,0.123478945361331
"2020-09-10","Eastern","AR",0.198415971678268,0.314730259852994
"2020-09-10","Eastern","GL",0.204312877315274,0.378831908890008
"2020-09-10","Eastern","GR",1.77448716497932,2.64706502136835
"2020-09-10","Eastern","SG",3.24547757774823,5.64502369313868
"2020-09-10","Eastern","SH",0.452264280209786,0.910270606844805
"2020-09-10","Eastern","TG",1.38164815763703,2.51763814992988
"2020-09-10","Espace Mittelland","BE",6.76542624716579,13.6155845179903
"2020-09-10","Espace Mittelland","FR",1.78843499167691,3.09798579431324
"2020-09-10","Espace Mittelland","JU",0.382339821007354,0.614641686736669
"2020-09-10","Espace Mittelland","NE",1.08219642452597,1.8918143621682
"2020-09-10","Espace Mittelland","SO",1.31280564816544,2.53521002296919
"2020-09-10","Lake Geneva","GE",0.909959020911151,1.95860107497718
"2020-09-10","Lake Geneva","VD",6.61539917394739,10.873998454219
"2020-09-10","Lake Geneva","VS",2.7737647216805,4.04496360209122
"2020-09-10","Northwestern","AG",3.89255573997362,7.2143584974791
"2020-09-10","Northwestern","BL",1.44426877476857,2.69638182558506
"2020-09-10","Northwestern","BS",1.45922757722446,3.33597081369668
"2020-09-10","Ticino","TI",2.81491284951074,3.62714728628422
"2020-09-10","Zurich","ZH",11.256943817745,24.7055436710328
"2020-09-11","9999","9999",0.0146818379237283,0.0498266264518887
"2020-09-11","Central","LU",3.92860175396172,6.55254125991349
"2020-09-11","Central","NW",0.414696515955279,0.590204207596895
"2020-09-11","Central","OW",0.271290557798368,0.408061717040502
"2020-09-11","Central","SZ",1.46158198721304,2.03092785607514
"2020-09-11","Central","UR",0.331760484208532,0.483617372294628
"2020-09-11","Central","ZG",1.46549613287596,2.46519443600405
"2020-09-11","Eastern","AI",0.13173053995901,0.1598802529534
"2020-09-11","Eastern","AR",0.24381884896797,0.363061407748346
"2020-09-11","Eastern","GL",0.27303373558092,0.4554072086145
"2020-09-11","Eastern","GR",2.37179702194167,3.15202695124264
"2020-09-11","Eastern","SG",4.08237526530898,6.44428900530963
"2020-09-11","Eastern","SH",0.531534445968747,1.03374955220614
"2020-09-11","Eastern","TG",1.81098698319565,2.94170828515513
"2020-09-11","Espace Mittelland","BE",8.45015715131088,15.4011519263463
"2020-09-11","Espace Mittelland","FR",2.25564449358025,3.58394834888971
"2020-09-11","Espace Mittelland","JU",0.472472979324813,0.69706294809126
"2020-09-11","Espace Mittelland","NE",1.29555794684359,2.06420225395809
"2020-09-11","Espace Mittelland","SO",1.58232229916104,2.75790037529714
"2020-09-11","Lake Geneva","GE",4.94595024584332,7.12289638848726
"2020-09-11","Lake Geneva","VD",7.38413126375412,11.6589547556558
"2020-09-11","Lake Geneva","VS",3.49222509775241,4.74022517828484
"2020-09-11","Northwestern","AG",4.9193408449334,8.28981150852321
"2020-09-11","Northwestern","BL",1.84542354761726,3.05753989698872
"2020-09-11","Northwestern","BS",1.64506045175999,3.63353705829851
"2020-09-11","Ticino","TI",3.13421853327085,3.95078244117841
"2020-09-11","Zurich","ZH",13.8596849653955,27.3947879853253
"2020-09-12","9999","9999",0.0165862500569145,0.0434368544375947
"2020-09-12","Central","LU",4.46214957927617,6.61864820974223
"2020-09-12","Central","NW",0.494442470486816,0.658554375260434
"2020-09-12","Central","OW",0.316927460445178,0.48395725378475
"2020-09-12","Central","SZ",1.64951418210072,2.258920359649
"2020-09-12","Central","UR",0.334298019107577,0.52083439546299
"2020-09-12","Central","ZG",1.50406753034859,2.25592940253592
"2020-09-12","Eastern","AI",0.162992072519767,0.207769554911593
"2020-09-12","Eastern","AR",0.271002879031548,0.378899885188033
"2020-09-12","Eastern","GL",0.309220229006036,0.517231651667696
"2020-09-12","Eastern","GR",2.75963400111772,3.50825674103953
"2020-09-12","Eastern","SG",4.69653723885566,6.64288175998793
"2020-09-12","Eastern","SH",0.605537915336611,1.08092510303507
"2020-09-12","Eastern","TG",2.07365876549688,3.14349592584058
"2020-09-12","Espace Mittelland","BE",9.08190693264122,14.9116885924216
"2020-09-12","Espace Mittelland","FR",2.24608591209839,3.40751586736737
"2020-09-12","Espace Mittelland","JU",0.478036388744184,0.677349821664182
"2020-09-12","Espace Mittelland","NE",1.46286558071972,2.13068307342596
"2020-09-12","Espace Mittelland","SO",1.80365961758398,2.87315418859752
"2020-09-12","Lake Geneva","GE",4.92358255404148,6.35469624451346
"2020-09-12","Lake Geneva","VD",8.31311423848673,11.8195487597385
"2020-09-12","Lake Geneva","VS",3.63555465041506,4.72877117206772
"2020-09-12","Northwestern","AG",6.0532851940473,8.84415821891223
"2020-09-12","Northwestern","BL",2.09948388129745,3.04326487440359
"2020-09-12","Northwestern","BS",2.07611357444306,3.59251336244078
"2020-09-12","Ticino","TI",3.46264691399869,4.21014600629053
"2020-09-12","Zurich","ZH",16.1986710613147,26.357809558963
"2020-09-13","9999","9999",0.0148300045108259,0.0447284041000584
"2020-09-13","Central","LU",1.0053519325137,2.22489822248778
"2020-09-13","Central","NW",0.226775329003856,0.302902383996748
"2020-09-13","Central","OW",0.197032229839349,0.313030852402384
"2020-09-13","Central","SZ",0.515575828415636,0.878661628263457
"2020-09-13","Central","UR",0.201562334346174,0.312249124975104
"2020-09-13","Central","ZG",0.270004411045707,0.654203892186872
"2020-09-13","Eastern","AI",0.076089126721228,0.109713745011389
"2020-09-13","Eastern","AR",0.105488410951613,0.157127212883412
"2020-09-13","Eastern","GL",0.115202603377317,0.270035843901948
"2020-09-13","Eastern","GR",1.43055726430063,1.75834290099728
"2020-09-13","Eastern","SG",0.906450214795146,1.97545919688723
"2020-09-13","Eastern","SH",0.166650920997138,0.401671945026208
"2020-09-13","Eastern","TG",0.428231762382304,0.844707467400267
"2020-09-13","Espace Mittelland","BE",2.43630281570909,5.75521327223624
"2020-09-13","Espace Mittelland","FR",0.614065275229324,1.31211249261607
"2020-09-13","Espace Mittelland","JU",0.107989675660106,0.196791382780652
"2020-09-13","Espace Mittelland","NE",0.303843641221368,0.567806017397854
"2020-09-13","Espace Mittelland","SO",0.364313743852497,0.89089736190785
"2020-09-13","Lake Geneva","GE",0.809892564852555,1.81778817361962
"2020-09-13","Lake Geneva","VD",1.72458151309641,3.68237802842905
"2020-09-13","Lake Geneva","VS",1.38478859144848,2.12582276811721
"2020-09-13","Northwestern","AG",0.992842519230318,2.43062848845864
"2020-09-13","Northwestern","BL",0.335921640755652,0.873529417762615
"2020-09-13","Northwestern","BS",0.421707255569666,1.24705917540672
"2020-09-13","Ticino","TI",1.39195112388582,1.75586176611939
"2020-09-13","Zurich","ZH",3.2161441766625,8.71174039036069
"2020-09-14","9999","9999",0.0127903251651561,0.0450682855901804
"2020-09-14","Central","LU",2.5822069527496,5.19991489367487
"2020-09-14","Central","NW",0.29111834942422,0.49568316519396
"2020-09-14","Central","OW",0.213238927350507,0.36234765661909
"2020-09-14","Central","SZ",0.993462691713284,1.65821381400733
"2020-09-14","Central","UR",0.220913792872471,0.386241325374668
"2020-09-14","Central","ZG",0.966381296655553,2.00414519465353
"2020-09-14","Eastern","AI",0.0767090289987144,0.122085431251831
"2020-09-14","Eastern","AR",0.168948243225204,0.302834407698724
"2020-09-14","Eastern","GL",0.184515665900825,0.380565304489631
"2020-09-14","Eastern","GR",1.73677198992986,2.77135968230597
"2020-09-14","Eastern","SG",2.85310902555731,5.34137356986366
"2020-09-14","Eastern","SH",0.393091958831008,0.868431195410784
"2020-09-14","Eastern","TG",1.25235096291071,2.44551529772599
"2020-09-14","Espace Mittelland","BE",5.69557318878223,12.8340950077527
"2020-09-14","Espace Mittelland","FR",1.52421744998184,2.88107342731736
"2020-09-14","Espace Mittelland","JU",0.29032511620588,0.53133673350776
"2020-09-14","Espace Mittelland","NE",0.862215345723388,1.66045703184214
"2020-09-14","Espace Mittelland","SO",1.06041409177651,2.28607689070975
"2020-09-14","Lake Geneva","GE",3.74240706645755,6.8606098425601
"2020-09-14","Lake Geneva","VD",5.20598749731052,9.59594208691314
"2020-09-14","Lake Geneva","VS",2.3585856304875,3.75997297262391
"2020-09-14","Northwestern","AG",3.46464443345757,6.87852159708953
"2020-09-14","Northwestern","BL",1.30985918272781,2.59101856364723
"2020-09-14","Northwestern","BS",1.23482210691375,3.18237836831054
"2020-09-14","Ticino","TI",2.40053113860277,3.40319937244282
"2020-09-14","Zurich","ZH",9.98298863448791,23.160238488044
"2020-09-15","9999","9999",0.0121978507018159,0.0412616129008137
"2020-09-15","Central","LU",2.56562849557535,5.0779994031681
"2020-09-15","Central","NW",0.280998817451594,0.482155881887104
"2020-09-15","Central","OW",0.20739542449784,0.34181881461572
"2020-09-15","Central","SZ",1.00069829711064,1.61936535968638
"2020-09-15","Central","UR",0.205376034059236,0.349738053335563
"2020-09-15","Central","ZG",0.963109445080691,1.98137313481535
"2020-09-15","Eastern","AI",0.0888001328721738,0.121745549761709
"2020-09-15","Eastern","AR",0.176352014331135,0.288525396964586
"2020-09-15","Eastern","GL",0.182328434783423,0.346271262136318
"2020-09-15","Eastern","GR",1.59929729658204,2.53680746597276
"2020-09-15","Eastern","SG",2.74538810253242,5.11994077904916
"2020-09-15","Eastern","SH",0.386686217116517,0.856093497319355
"2020-09-15","Eastern","TG",1.22221858380319,2.35123217236614
"2020-09-15","Espace Mittelland","BE",5.65262657328266,12.7814133767838
"2020-09-15","Espace Mittelland","FR",1.49108750135695,2.83518942615089
"2020-09-15","Espace Mittelland","JU",0.310882219832153,0.53595912177342
"2020-09-15","Espace Mittelland","NE",0.903728846185754,1.70817639305527
"2020-09-15","Espace Mittelland","SO",1.06294599152071,2.27125805774043
"2020-09-15","Lake Geneva","GE",3.81608500087936,6.84942774153508
"2020-09-15","Lake Geneva","VD",5.12623501868727,9.5011491393181
"2020-09-15","Lake Geneva","VS",2.3286279999206,3.66382049906838
"2020-09-15","Northwestern","AG",3.35514259395153,6.67523847784754
"2020-09-15","Northwestern","BL",1.29016982637579,2.52861632206082
"2020-09-15","Northwestern","BS",1.22947037803317,3.17150216062663
"2020-09-15","Ticino","TI",2.28196455141424,3.26007527695243
"2020-09-15","Zurich","ZH",9.98246157324665,23.8970335823305
"2020-09-16","9999","9999",0.0139716831001788,0.0467676930407905
"2020-09-16","Central","LU",2.72490107219375,5.29073122783548
"2020-09-16","Central","NW",0.328613694694289,0.496906738558399
"2020-09-16","Central","OW",0.20591816415098,0.333933564044889
"2020-09-16","Central","SZ",1.03170626728334,1.65624250136462
"2020-09-16","Central","UR",0.216631611682834,0.363333312940444
"2020-09-16","Central","ZG",1.02453719117418,2.06403231321303
"2020-09-16","Eastern","AI",0.08899369006375,0.119706260820977
"2020-09-16","Eastern","AR",0.180408902891468,0.301950715824406
"2020-09-16","Eastern","GL",0.198772956192482,0.371184575362263
"2020-09-16","Eastern","GR",1.69330056098534,2.61549003093601
"2020-09-16","Eastern","SG",2.974750594175,5.43066043731872
"2020-09-16","Eastern","SH",0.403675680320712,0.868193278367699
"2020-09-16","Eastern","TG",1.30354726888696,2.44357797323229
"2020-09-16","Espace Mittelland","BE",6.06628481489419,13.0214036969589
"2020-09-16","Espace Mittelland","FR",1.5871176906241,2.9137700266671
"2020-09-16","Espace Mittelland","JU",0.331399000185686,0.553123137024582
"2020-09-16","Espace Mittelland","NE",0.95166219778785,1.71966438742139
"2020-09-16","Espace Mittelland","SO",1.15349787434636,2.348071274508
"2020-09-16","Lake Geneva","GE",3.96528269208554,6.94700771734911
"2020-09-16","Lake Geneva","VD",5.52355884566449,9.82933870617993
"2020-09-16","Lake Geneva","VS",2.47861214962803,3.80548310415124
"2020-09-16","Northwestern","AG",3.5984954598646,6.88110469641445
"2020-09-16","Northwestern","BL",1.31205641144795,2.55543297163145
"2020-09-16","Northwestern","BS",1.3075679538291,3.20803942081475
"2020-09-16","Ticino","TI",2.33968560699646,3.35816507500165
"2020-09-16","Zurich","ZH",10.5865912794424,24.3976450291312
"2020-09-17","9999","9999",0.0144832799727768,0.0490448990246081
"2020-09-17","Central","LU",2.87789149673421,5.42994668618946
"2020-09-17","Central","NW",0.311168077649003,0.493779828849277
"2020-09-17","Central","OW",0.232891167651351,0.352898951193698
"2020-09-17","Central","SZ",1.05852996463437,1.64883308487996
"2020-09-17","Central","UR",0.225596175788902,0.361565929191809
"2020-09-17","Central","ZG",1.11099926344728,2.12782806890893
"2020-09-17","Eastern","AI",0.105422222357281,0.123139063871209
"2020-09-17","Eastern","AR",0.199806421661908,0.30585935296081
"2020-09-17","Eastern","GL",0.204050942473383,0.380055482254448
"2020-09-17","Eastern","GR",1.85999461304259,2.64958014439525
"2020-09-17","Eastern","SG",3.1483066475204,5.50254537247952
"2020-09-17","Eastern","SH",0.427954429744122,0.882298360207763
"2020-09-17","Eastern","TG",1.37394475606685,2.48014922156942
"2020-09-17","Espace Mittelland","BE",6.36573982179917,13.3333469285929
"2020-09-17","Espace Mittelland","FR",1.62929270109172,2.94435936077808
"2020-09-17","Espace Mittelland","JU",0.353028890052635,0.569947270785622
"2020-09-17","Espace Mittelland","NE",0.9921268898088,1.78964598623752
"2020-09-17","Espace Mittelland","SO",1.25263039062036,2.47885767190696
"2020-09-17","Lake Geneva","GE",4.25813964537927,7.20677914024938
"2020-09-17","Lake Geneva","VD",5.63138272480899,9.8345388929788
"2020-09-17","Lake Geneva","VS",2.44128305121603,3.751883793159
"2020-09-17","Northwestern","AG",3.67724356122567,6.99428523262509
"2020-09-17","Northwestern","BL",1.38696599335208,2.62850749200769
"2020-09-17","Northwestern","BS",1.37538734395991,3.30850838929482
"2020-09-17","Ticino","TI",2.53224292473512,3.51981271170368
"2020-09-17","Zurich","ZH",10.9808637660119,24.806522461748
"2020-09-18","9999","9999",0.0156327810734079,0.048195195299303
"2020-09-18","Central","LU",3.76192860171089,6.30741872923749
"2020-09-18","Central","NW",0.399367947091198,0.584052352625686
"2020-09-18","Central","OW",0.275116260117134,0.401977838367318
"2020-09-18","Central","SZ",1.36054264262063,1.95635785714237
"2020-09-18","Central","UR",0.295680052308021,0.462850613248173
"2020-09-18","Central","ZG",1.37225610496679,2.39161009339264
"2020-09-18","Eastern","AI",0.137242414536268,0.153966315025277
"2020-09-18","Eastern","AR",0.241980989619109,0.346713108073477
"2020-09-18","Eastern","GL",0.252325861213295,0.438481110406424
"2020-09-18","Eastern","GR",2.26563776127367,3.09054238967957
"2020-09-18","Eastern","SG",3.9305609668989,6.33464323659626
"2020-09-18","Eastern","SH",0.493663174388772,0.9737604691996
"2020-09-18","Eastern","TG",1.69975657658304,2.77584611797558
"2020-09-18","Espace Mittelland","BE",7.84070614372111,14.7876318485271
"2020-09-18","Espace Mittelland","FR",2.11676643129407,3.44949123139744
"2020-09-18","Espace Mittelland","JU",0.431543804085176,0.65247049658725
"2020-09-18","Espace Mittelland","NE",1.24977773347626,2.01022907332671
"2020-09-18","Espace Mittelland","SO",1.54934335232276,2.70555862581835
"2020-09-18","Lake Geneva","GE",4.71502166673963,7.50689449602713
"2020-09-18","Lake Geneva","VD",7.02093249735726,11.2190461429909
"2020-09-18","Lake Geneva","VS",3.27231214597477,4.54037486209309
"2020-09-18","Northwestern","AG",4.70383669106652,7.95547008669017
"2020-09-18","Northwestern","BL",1.73916132691363,2.96794713619255
"2020-09-18","Northwestern","BS",1.61863803695766,3.54968829468541
"2020-09-18","Ticino","TI",2.85863004796065,3.74318282701188
"2020-09-18","Zurich","ZH",13.4998169005437,27.0108918422324
"2020-09-19","9999","9999",0.0145145102437384,0.0400040513873623
"2020-09-19","Central","LU",4.4012423664162,6.39996845899772
"2020-09-19","Central","NW",0.486715866489624,0.631431832348697
"2020-09-19","Central","OW",0.328581442341732,0.463768293271502
"2020-09-19","Central","SZ",1.62957190558815,2.18071362877192
"2020-09-19","Central","UR",0.319222824662525,0.484127194529811
"2020-09-19","Central","ZG",1.5072838762356,2.17636314569836
"2020-09-19","Eastern","AI",0.165418607791174,0.197097276121762
"2020-09-19","Eastern","AR",0.262153880634114,0.373325828750031
"2020-09-19","Eastern","GL",0.300507578643001,0.510162116673158
"2020-09-19","Eastern","GR",2.69033695512189,3.39150744918262
"2020-09-19","Eastern","SG",4.5446509718036,6.5327941453374
"2020-09-19","Eastern","SH",0.604885553157432,1.04435385469794
"2020-09-19","Eastern","TG",1.98460084093349,2.97372512152463
"2020-09-19","Espace Mittelland","BE",8.93191517018812,14.0702099991775
"2020-09-19","Espace Mittelland","FR",2.18959792551427,3.24804347220211
"2020-09-19","Espace Mittelland","JU",0.45847932342835,0.632247547924989
"2020-09-19","Espace Mittelland","NE",1.44703738626058,2.06794095034943
"2020-09-19","Espace Mittelland","SO",1.74816183618047,2.78556672859307
"2020-09-19","Lake Geneva","GE",5.67091901821568,6.96570119930583
"2020-09-19","Lake Geneva","VD",8.33634305557057,11.4080202514987
"2020-09-19","Lake Geneva","VS",3.74763213162475,4.69787594461563
"2020-09-19","Northwestern","AG",5.90756133496967,8.58312923449852
"2020-09-19","Northwestern","BL",2.04626661064198,2.95805658483
"2020-09-19","Northwestern","BS",1.9681269219515,3.49904595265723
"2020-09-19","Ticino","TI",3.46388288085266,4.10651613995232
"2020-09-19","Zurich","ZH",16.150321283909,25.6957204162053
"2020-09-20","9999","9999",0.0124814098140831,0.0379987505956423
"2020-09-20","Central","LU",0.950031593873552,2.03408875393328
"2020-09-20","Central","NW",0.183263001131452,0.235673825250612
"2020-09-20","Central","OW",0.149585780678669,0.204608657053459
"2020-09-20","Central","SZ",0.462018439550278,0.763101921621969
"2020-09-20","Central","UR",0.167407418018375,0.241179905390588
"2020-09-20","Central","ZG",0.249652264149415,0.615117520822839
"2020-09-20","Eastern","AI",0.0531820891188814,0.0805519131589198
"2020-09-20","Eastern","AR",0.0894862354920559,0.12854317956415
"2020-09-20","Eastern","GL",0.0850918994484585,0.185541305457613
"2020-09-20","Eastern","GR",1.36732680515068,1.57446701484127
"2020-09-20","Eastern","SG",0.865138922015711,1.81863787734493
"2020-09-20","Eastern","SH",0.151770673931273,0.36666415154364
"2020-09-20","Eastern","TG",0.31091531804534,0.538508232949335
"2020-09-20","Espace Mittelland","BE",2.02200059220426,4.83804307114195
"2020-09-20","Espace Mittelland","FR",0.542829262127146,1.18030645074675
"2020-09-20","Espace Mittelland","JU",0.0971836925416908,0.175990635585184
"2020-09-20","Espace Mittelland","NE",0.267168816007013,0.501461150526035
"2020-09-20","Espace Mittelland","SO",0.328068839051625,0.790768274917902
"2020-09-20","Lake Geneva","GE",0.788263477770001,1.70511745964417
"2020-09-20","Lake Geneva","VD",1.45332505209669,3.0519318524017
"2020-09-20","Lake Geneva","VS",1.31014311386212,1.92525870079621
"2020-09-20","Northwestern","AG",0.946334223493304,2.30714954309731
"2020-09-20","Northwestern","BL",0.318281091995266,0.833729295269326
"2020-09-20","Northwestern","BS",0.415480382050341,1.25494442597755
"2020-09-20","Ticino","TI",1.35680412268712,1.60505634895225
"2020-09-20","Zurich","ZH",3.06229573616106,8.20701637752948
"2020-09-21","9999","9999",0.0123958251655732,0.0418733995830334
"2020-09-21","Central","LU",2.53555442211101,4.97097072192868
"2020-09-21","Central","NW",0.287447560997487,0.460709359860404
"2020-09-21","Central","OW",0.175827349695001,0.299911426883674
"2020-09-21","Central","SZ",0.936256636026292,1.55152501425803
"2020-09-21","Central","UR",0.212378456044091,0.343178340576208
"2020-09-21","Central","ZG",0.937488769095269,1.92481685485905
"2020-09-21","Eastern","AI",0.079574252655602,0.120114118609123
"2020-09-21","Eastern","AR",0.158672411088956,0.276731509257352
"2020-09-21","Eastern","GL",0.172068533022381,0.342668518341025
"2020-09-21","Eastern","GR",1.66640083799413,2.50937902971992
"2020-09-21","Eastern","SG",2.66242877829017,5.01919990537699
"2020-09-21","Eastern","SH",0.371607482588086,0.817347007445444
"2020-09-21","Eastern","TG",1.17485464913022,2.28791225075641
"2020-09-21","Espace Mittelland","BE",5.88007985174977,12.0061097096664
"2020-09-21","Espace Mittelland","FR",1.88235930125599,3.25008276114284
"2020-09-21","Espace Mittelland","JU",0.305853069301436,0.523621423681991
"2020-09-21","Espace Mittelland","NE",0.200263311715028,0.441675996413571
"2020-09-21","Espace Mittelland","SO",1.01995675404382,2.17296433079714
"2020-09-21","Lake Geneva","GE",3.90778237479969,6.98939093916733
"2020-09-21","Lake Geneva","VD",1.12558438738957,2.76823277259685
"2020-09-21","Lake Geneva","VS",2.69853974340982,4.00254639212399
"2020-09-21","Northwestern","AG",3.22569545084836,6.45292199515873
"2020-09-21","Northwestern","BL",1.23723806892728,2.46784551162701
"2020-09-21","Northwestern","BS",1.21194723942751,3.06692062611609
"2020-09-21","Ticino","TI",2.36054801148602,3.23618160819685
"2020-09-21","Zurich","ZH",9.82980848654085,23.4071284024686
"2020-09-22","9999","9999",0.0119819056156832,0.0424511981162408
"2020-09-22","Central","LU",2.59810945763154,4.98096323773827
"2020-09-22","Central","NW",0.294908349375544,0.456596793829927
"2020-09-22","Central","OW",0.173074120335196,0.296546600131466
"2020-09-22","Central","SZ",0.965988578445724,1.52083371570001
"2020-09-22","Central","UR",0.197630312045388,0.331520405465022
"2020-09-22","Central","ZG",1.0043503669549,1.98463599712052
"2020-09-22","Eastern","AI",0.0304695015609986,0.0465977522957295
"2020-09-22","Eastern","AR",0.193339676165469,0.290326768862233
"2020-09-22","Eastern","GL",0.175366559284529,0.335598983346487
"2020-09-22","Eastern","GR",1.52427268546421,2.35979718591721
"2020-09-22","Eastern","SG",2.83629757293959,5.0827237558808
"2020-09-22","Eastern","SH",0.383564803421187,0.817414983743468
"2020-09-22","Eastern","TG",1.20987591079659,2.25062725129002
"2020-09-22","Espace Mittelland","BE",5.62617613151491,11.5472696980017
"2020-09-22","Espace Mittelland","FR",1.49366306474017,2.71045291927611
"2020-09-22","Espace Mittelland","JU",0.307035394493753,0.511895512272781
"2020-09-22","Espace Mittelland","NE",0.99813448570775,1.75446825200989
"2020-09-22","Espace Mittelland","SO",1.09631924647352,2.19505662765507
"2020-09-22","Lake Geneva","GE",3.73400664831575,6.78746734588584
"2020-09-22","Lake Geneva","VD",5.62968693480185,9.84024890201285
"2020-09-22","Lake Geneva","VS",2.25025000174557,3.43698359256095
"2020-09-22","Northwestern","AG",3.37837595362024,6.47015398670791
"2020-09-22","Northwestern","BL",1.26704931078081,2.44826833779598
"2020-09-22","Northwestern","BS",1.26951210449471,3.08571607251983
"2020-09-22","Ticino","TI",2.28362130260368,3.19495398344505
"2020-09-22","Zurich","ZH",10.1554514756248,23.5880473196606
"2020-09-23","9999","9999",0.0132666817608408,0.0442185818648754
"2020-09-23","Central","LU",2.87474256515624,5.24392954664568
"2020-09-23","Central","NW",0.308673685558132,0.472367294971589
"2020-09-23","Central","OW",0.182922749776839,0.298823806115284
"2020-09-23","Central","SZ",1.05375552780202,1.58163851428284
"2020-09-23","Central","UR",0.216845814139427,0.328937306140095
"2020-09-23","Central","ZG",1.09497457478048,2.0647800524913
"2020-09-23","Eastern","AI",0.0922150602062646,0.113826311041866
"2020-09-23","Eastern","AR",0.174322602793673,0.276357639618218
"2020-09-23","Eastern","GL",0.202802225053619,0.361939798830944
"2020-09-23","Eastern","GR",1.67377876727459,2.41941239928462
"2020-09-23","Eastern","SG",3.0640409385267,5.30218523405259
"2020-09-23","Eastern","SH",0.423841322780037,0.852728670567147
"2020-09-23","Eastern","TG",1.30587463091547,2.35554866729069
"2020-09-23","Espace Mittelland","BE",5.84952925721685,11.7631964086762
"2020-09-23","Espace Mittelland","FR",1.60287955551214,2.79368989620699
"2020-09-23","Espace Mittelland","JU",0.324074450193429,0.52824381194765
"2020-09-23","Espace Mittelland","NE",0.985697679377836,1.67687330781503
"2020-09-23","Espace Mittelland","SO",1.1716885927905,2.27220972591277
"2020-09-23","Lake Geneva","GE",4.01135489184327,6.96192851476547
"2020-09-23","Lake Geneva","VD",5.62205964502433,9.72088252268199
"2020-09-23","Lake Geneva","VS",2.40181546440547,3.58969234607277
"2020-09-23","Northwestern","AG",3.75373420154087,6.81030738202204
"2020-09-23","Northwestern","BL",1.39157311425251,2.53809901563523
"2020-09-23","Northwestern","BS",1.38451806877158,3.16636995012579
"2020-09-23","Ticino","TI",2.26736135894904,3.17289567473613
"2020-09-23","Zurich","ZH",11.016423316153,24.1847772518678
"2020-09-24","9999","9999",0.0128991435688529,0.0442185818648754
"2020-09-24","Central","LU",3.10835948906055,5.44089087017139
"2020-09-24","Central","NW",0.318500886530471,0.479334865519091
"2020-09-24","Central","OW",0.226844160912657,0.350179899272722
"2020-09-24","Central","SZ",1.09868608983016,1.60692569714792
"2020-09-24","Central","UR",0.211365702412046,0.341478933125598
"2020-09-24","Central","ZG",1.14611519884791,2.12062258131835
"2020-09-24","Eastern","AI",0.0942475654006615,0.109135946478182
"2020-09-24","Eastern","AR",0.181229090085359,0.279892407115487
"2020-09-24","Eastern","GL",0.205740811456111,0.361056106956626
"2020-09-24","Eastern","GR",1.70281635210095,2.42865717581594
"2020-09-24","Eastern","SG",3.33816499629229,5.50611412812581
"2020-09-24","Eastern","SH",0.426836327303374,0.860885826330075
"2020-09-24","Eastern","TG",1.4502412752834,2.42213145120559
"2020-09-24","Espace Mittelland","BE",6.31985592001623,12.0585534235923
"2020-09-24","Espace Mittelland","FR",1.6388806057421,2.82210398878119
"2020-09-24","Espace Mittelland","JU",0.350792657758989,0.545917649433995
"2020-09-24","Espace Mittelland","NE",1.0922082894052,1.79413242190713
"2020-09-24","Espace Mittelland","SO",1.33067783742588,2.40547725818961
"2020-09-24","Lake Geneva","GE",4.34836414098073,7.20640527061024
"2020-09-24","Lake Geneva","VD",5.6808768106709,9.55940482672502
"2020-09-24","Lake Geneva","VS",2.43161729214347,3.53432565133189
"2020-09-24","Northwestern","AG",3.98055525401103,6.95506290866501
"2020-09-24","Northwestern","BL",1.46713340577477,2.55213612117727
"2020-09-24","Northwestern","BS",1.40277028441637,3.24610614770842
"2020-09-24","Ticino","TI",2.62157823676099,3.36788568561914
"2020-09-24","Zurich","ZH",11.561456338924,24.4652474575165
"2020-09-25","9999","9999",0.0165982291664909,0.0493507923657179
"2020-09-25","Central","LU",4.65345435755814,7.01274079753872
"2020-09-25","Central","NW",0.550773448107431,0.668240997728912
"2020-09-25","Central","OW",0.0834335348581927,0.128339250670076
"2020-09-25","Central","SZ",1.62368827917984,2.05621503894022
"2020-09-25","Central","UR",0.332511021045142,0.448133744725889
"2020-09-25","Central","ZG",1.64456330109047,2.5714413898162
"2020-09-25","Eastern","AI",0.12594307537311,0.132145923359443
"2020-09-25","Eastern","AR",0.280067141127386,0.34722293030866
"2020-09-25","Eastern","GL",0.303260287171955,0.455679113806598
"2020-09-25","Eastern","GR",2.13170604524492,2.71626489275719
"2020-09-25","Eastern","SG",4.84937215426883,6.85082125564458
"2020-09-25","Eastern","SH",0.615619442321188,1.061211976608
"2020-09-25","Eastern","TG",2.12165618320968,3.06800824688448
"2020-09-25","Espace Mittelland","BE",9.04752596789199,14.6834581718047
"2020-09-25","Espace Mittelland","FR",2.612002275976,3.76214821416069
"2020-09-25","Espace Mittelland","JU",0.55433335438717,0.74984654350721
"2020-09-25","Espace Mittelland","NE",1.53224666061957,2.21765874674818
"2020-09-25","Espace Mittelland","SO",1.90257229624654,2.93963500806539
"2020-09-25","Lake Geneva","GE",5.53073232338174,7.94252060191652
"2020-09-25","Lake Geneva","VD",8.37143556141495,12.0486968603787
"2020-09-25","Lake Geneva","VS",3.59614164511129,4.60590401338861
"2020-09-25","Northwestern","AG",5.96713552630038,8.87573320934457
"2020-09-25","Northwestern","BL",2.16375762729859,3.25113639376222
"2020-09-25","Northwestern","BS",1.87839481513749,3.79103814082106
"2020-09-25","Ticino","TI",3.7992381395958,3.79909333213695
"2020-09-25","Zurich","ZH",16.1442334722269,28.5487536205876
"2020-09-26","9999","9999",0.0159289850188958,0.0398680987913134
"2020-09-26","Central","LU",5.4595294711491,7.02800147644519
"2020-09-26","Central","NW",0.563879404600425,0.637379758425832
"2020-09-26","Central","OW",0.31137686816397,0.396573722674378
"2020-09-26","Central","SZ",1.95714487059325,2.29739494433081
"2020-09-26","Central","UR",0.327972461848034,0.448439638066999
"2020-09-26","Central","ZG",1.82463961628128,2.45285673791262
"2020-09-26","Eastern","AI",0.157440129211164,0.149106009716532
"2020-09-26","Eastern","AR",0.300490344232656,0.351981271170368
"2020-09-26","Eastern","GL",0.363355716620038,0.51821730798905
"2020-09-26","Eastern","GR",2.66077698086785,3.09740799578003
"2020-09-26","Eastern","SG",5.86118065845527,7.24589949976242
"2020-09-26","Eastern","SH",0.716639296874905,1.11334979719271
"2020-09-26","Eastern","TG",2.52875121205269,3.3789318340481
"2020-09-26","Espace Mittelland","BE",9.88710603223668,14.3031307843581
"2020-09-26","Espace Mittelland","FR",2.65987316703617,3.587551092685
"2020-09-26","Espace Mittelland","JU",0.593267763131,0.739616110654537
"2020-09-26","Espace Mittelland","NE",1.79561935984978,2.35887950589388
"2020-09-26","Espace Mittelland","SO",2.14557711400631,3.08649779994711
"2020-09-26","Lake Geneva","GE",6.6095304754128,7.76707377671553
"2020-09-26","Lake Geneva","VD",10.2518110806153,13.0143681501134
"2020-09-26","Lake Geneva","VS",3.90568409610924,4.62208237231842
"2020-09-26","Northwestern","AG",7.39650925927409,9.73434182969082
"2020-09-26","Northwestern","BL",2.56208291018601,3.24141578314473
"2020-09-26","Northwestern","BS",2.40432936219912,3.7549427265701
"2020-09-26","Ticino","TI",4.0400444598445,4.55213476165131
"2020-09-26","Zurich","ZH",20.0521690535333,28.2921091073964
"2020-09-27","9999","9999",0.0136453688658603,0.0404798854735331
"2020-09-27","Central","LU",0.822367121629124,1.86261854216672
"2020-09-27","Central","NW",0.164533195344225,0.168751159845585
"2020-09-27","Central","OW",0.10988329132219,0.131704077422284
"2020-09-27","Central","SZ",0.410305649506675,0.622934795095646
"2020-09-27","Central","UR",0.144340297375697,0.197743050952994
"2020-09-27","Central","ZG",0.249299673411253,0.615253473418888
"2020-09-27","Eastern","AI",0.0409005452069098,0.0507782946242304
"2020-09-27","Eastern","AR",0.0767416102970718,0.102984091506973
"2020-09-27","Eastern","GL",0.0723971917787344,0.162939186364498
"2020-09-27","Eastern","GR",1.08919908930415,1.24688923466166
"2020-09-27","Eastern","SG",1.07005572032499,1.94789480803833
"2020-09-27","Eastern","SH",0.138571872486024,0.321935747443581
"2020-09-27","Eastern","TG",0.35876710283692,0.696281220663979
"2020-09-27","Espace Mittelland","BE",1.68497999443667,4.20763088326362
"2020-09-27","Espace Mittelland","FR",0.534214277338755,1.11651069505085
"2020-09-27","Espace Mittelland","JU",0.0862607378629465,0.159064537377107
"2020-09-27","Espace Mittelland","NE",0.242136674967366,0.445414692804913
"2020-09-27","Espace Mittelland","SO",0.372551568784229,0.761300549724322
"2020-09-27","Lake Geneva","GE",0.804526495501468,1.7249665386673
"2020-09-27","Lake Geneva","VD",1.39480408647958,2.8956543432436
"2020-09-27","Lake Geneva","VS",0.978156753537088,1.44147138775652
"2020-09-27","Northwestern","AG",0.985594409976516,2.26551406055736
"2020-09-27","Northwestern","BL",0.304027020673229,0.766160855033067
"2020-09-27","Northwestern","BS",0.36543949036709,1.14465288243295
"2020-09-27","Ticino","TI",1.51654203230086,1.76979690721439
"2020-09-27","Zurich","ZH",3.64216608898758,8.38776535397638
"2020-09-28","9999","9999",0.0124450769671888,0.0421113166261188
"2020-09-28","Central","LU",3.04339507044251,5.15950298449936
"2020-09-28","Central","NW",0.297766398881158,0.457888343492391
"2020-09-28","Central","OW",0.177416345881528,0.292196117057904
"2020-09-28","Central","SZ",1.05648977620591,1.5965593116992
"2020-09-28","Central","UR",0.188771782051775,0.330058915057498
"2020-09-28","Central","ZG",1.02934613598744,2.0561470626422
"2020-09-28","Eastern","AI",0.0770338199006939,0.103867783381291
"2020-09-28","Eastern","AR",0.171335825831375,0.271497334309473
"2020-09-28","Eastern","GL",0.19589834583221,0.359560628400089
"2020-09-28","Eastern","GR",1.75157639149253,2.64601138874897
"2020-09-28","Eastern","SG",3.18145402244069,5.32315592199312
"2020-09-28","Eastern","SH",0.402938927879561,0.818638557107908
"2020-09-28","Eastern","TG",1.37820336672346,2.45006970969362
"2020-09-28","Espace Mittelland","BE",6.36877710368995,12.2075574688618
"2020-09-28","Espace Mittelland","FR",1.75960901298493,2.90969144878564
"2020-09-28","Espace Mittelland","JU",0.335688108817245,0.550642002146691
"2020-09-28","Espace Mittelland","NE",1.01675799109306,1.72873922320765
"2020-09-28","Espace Mittelland","SO",1.18804642523301,2.1881910215546
"2020-09-28","Lake Geneva","GE",4.12150282397816,6.95598058868834
"2020-09-28","Lake Geneva","VD",5.70733576978528,9.73994987427784
"2020-09-28","Lake Geneva","VS",2.4763996131801,3.66069358935926
"2020-09-28","Northwestern","AG",3.97390050815743,6.78083965682846
"2020-09-28","Northwestern","BL",1.43928897002398,2.45051155563078
"2020-09-28","Northwestern","BS",1.42245396253731,3.10865807310307
"2020-09-28","Ticino","TI",3.06466093870472,3.77050929881769
"2020-09-28","Zurich","ZH",11.2588262923261,24.6088813752421
"2020-09-29","9999","9999",0.0129177250905724,0.0440826292688265
"2020-09-29","Central","LU",3.11503267545909,5.16242596531441
"2020-09-29","Central","NW",0.314150370766756,0.460097573178184
"2020-09-29","Central","OW",0.187254253256476,0.278328952260926
"2020-09-29","Central","SZ",1.13137781607612,1.5773560075073
"2020-09-29","Central","UR",0.21924040250795,0.333015884021559
"2020-09-29","Central","ZG",1.13151387824095,2.0815022218053
"2020-09-29","Eastern","AI",0.0802701061688628,0.0965603313436671
"2020-09-29","Eastern","AR",0.18945143498435,0.279042703390182
"2020-09-29","Eastern","GL",0.195958441097185,0.3526270460016
"2020-09-29","Eastern","GR",1.75300089128256,2.5817397989669
"2020-09-29","Eastern","SG",3.32489500157731,5.34640381591747
"2020-09-29","Eastern","SH",0.434122069523188,0.839133410962266
"2020-09-29","Eastern","TG",1.43397518739112,2.46407282708665
"2020-09-29","Espace Mittelland","BE",6.53273880661369,12.2733585253494
"2020-09-29","Espace Mittelland","FR",1.78657849989805,2.93253148492184
"2020-09-29","Espace Mittelland","JU",0.355003892388248,0.559478920889864
"2020-09-29","Espace Mittelland","NE",1.04466143737089,1.74736472886634
"2020-09-29","Espace Mittelland","SO",1.22178785277327,2.19121596681669
"2020-09-29","Lake Geneva","GE",4.41694749598566,7.24362229377861
"2020-09-29","Lake Geneva","VD",5.73367174233039,9.81295641835605
"2020-09-29","Lake Geneva","VS",2.53467546326739,3.70348466896563
"2020-09-29","Northwestern","AG",4.13118336211563,6.76292790229903
"2020-09-29","Northwestern","BL",1.44314639211639,2.45771704322137
"2020-09-29","Northwestern","BS",1.41983314952638,3.06525520681449
"2020-09-29","Ticino","TI",2.91547794041097,3.70963652393683
"2020-09-29","Zurich","ZH",11.5428114089854,24.388570193345
"2020-09-30","9999","9999",0.0141002460839619,0.0463598352526441
"2020-09-30","Central","LU",3.032134942402,5.1654509105765
"2020-09-30","Central","NW",0.309439804244041,0.469920148242711
"2020-09-30","Central","OW",0.207890605408573,0.326864029050351
"2020-09-30","Central","SZ",1.09000373772498,1.61419916103653
"2020-09-30","Central","UR",0.228708766687934,0.352559069703576
"2020-09-30","Central","ZG",1.15510523667343,2.15257144138982
"2020-09-30","Eastern","AI",0.102306702274214,0.126164009133295
"2020-09-30","Eastern","AR",0.188678612069741,0.292875880038148
"2020-09-30","Eastern","GL",0.220273413718889,0.388654483954535
"2020-09-30","Eastern","GR",1.81734720507696,2.67194434644528
"2020-09-30","Eastern","SG",3.19666330537577,5.3412036291186
"2020-09-30","Eastern","SH",0.426352459778573,0.861803506353405
"2020-09-30","Eastern","TG",1.43911646927967,2.50010026503959
"2020-09-30","Espace Mittelland","BE",6.34004089978941,12.2962325496346
"2020-09-30","Espace Mittelland","FR",1.8098040666841,3.01145196692817
"2020-09-30","Espace Mittelland","JU",0.363922740860058,0.588810693487395
"2020-09-30","Espace Mittelland","NE",1.08067438447397,1.83240307769487
"2020-09-30","Espace Mittelland","SO",1.17768679415402,2.19315329131039
"2020-09-30","Lake Geneva","GE",4.7113846735779,7.44333665737431
"2020-09-30","Lake Geneva","VD",6.22360600670226,10.3471141682318
"2020-09-30","Lake Geneva","VS",2.65306463902073,3.87291559179145
"2020-09-30","Northwestern","AG",3.82608761219994,6.65355403877776
"2020-09-30","Northwestern","BL",1.35842663610113,2.39181402228671
"2020-09-30","Northwestern","BS",1.44360064277106,3.17728014595871
"2020-09-30","Ticino","TI",2.95023384463272,3.71884731231914
"2020-09-30","Zurich","ZH",12.2341394699728,25.6119396288902
"2020-10-01","9999","9999",0.0130162091136964,0.0440486411198143
"2020-10-01","Central","LU",3.1613683608032,5.23713191684323
"2020-10-01","Central","NW",0.331862692368043,0.478893019581932
"2020-10-01","Central","OW",0.206458167843083,0.317109430283849
"2020-10-01","Central","SZ",1.14174549849518,1.62425965314414
"2020-10-01","Central","UR",0.230597831933108,0.36805766565314
"2020-10-01","Central","ZG",1.20523525308857,2.21470177778412
"2020-10-01","Eastern","AI",0.105192156097846,0.12330900461627
"2020-10-01","Eastern","AR",0.199470810792698,0.282611459036463
"2020-10-01","Eastern","GL",0.214521420455166,0.377574347376557
"2020-10-01","Eastern","GR",1.92578574294624,2.72282460551655
"2020-10-01","Eastern","SG",3.41510050839083,5.50794948817246
"2020-10-01","Eastern","SH",0.446439112169488,0.871388164374846
"2020-10-01","Eastern","TG",1.53294290181896,2.55522904273738
"2020-10-01","Espace Mittelland","BE",6.97377118154947,12.829268690593
"2020-10-01","Espace Mittelland","FR",1.88967309002134,3.12616196984435
"2020-10-01","Espace Mittelland","JU",0.397428858588186,0.607980009530277
"2020-10-01","Espace Mittelland","NE",1.15323518762835,1.86992599420434
"2020-10-01","Espace Mittelland","SO",1.37187675213813,2.34375477958345
"2020-10-01","Lake Geneva","GE",5.04369326372689,7.53500269526022
"2020-10-01","Lake Geneva","VD",6.10038054447399,10.1521241573488
"2020-10-01","Lake Geneva","VS",2.66921106504595,3.81330037842405
"2020-10-01","Northwestern","AG",4.14242414501024,6.85663322912567
"2020-10-01","Northwestern","BL",1.5441169596243,2.46499050710998
"2020-10-01","Northwestern","BS",1.4390073258462,3.10842015605999
"2020-10-01","Ticino","TI",3.40137556596936,3.97661343442768
"2020-10-01","Zurich","ZH",12.5575815571086,25.6677481695682
"2020-10-02","9999","9999",0.0148688357793971,0.0476173967660956
"2020-10-02","Central","LU",3.64358932781872,5.43586062411758
"2020-10-02","Central","NW",0.479992030269812,0.610461144408168
"2020-10-02","Central","OW",0.26228577615214,0.359900509890211
"2020-10-02","Central","SZ",1.48701691846965,1.95887298016927
"2020-10-02","Central","UR",0.329467191566525,0.446264396530218
"2020-10-02","Central","ZG",1.63307986192751,2.61042579673319
"2020-10-02","Eastern","AI",0.133561679415085,0.141866533976933
"2020-10-02","Eastern","AR",0.263115306973181,0.337944165628329
"2020-10-02","Eastern","GL",0.284763519904434,0.457208580512147
"2020-10-02","Eastern","GR",2.59958950618566,3.20865120749697
"2020-10-02","Eastern","SG",4.3227323004182,6.38831052388653
"2020-10-02","Eastern","SH",0.555193841357672,0.998061995743324
"2020-10-02","Eastern","TG",1.93896848870359,2.96335873607591
"2020-10-02","Espace Mittelland","BE",8.91705275276786,14.7312455093158
"2020-10-02","Espace Mittelland","FR",2.50016187070412,3.72435339245912
"2020-10-02","Espace Mittelland","JU",0.50500913378714,0.716470181177227
"2020-10-02","Espace Mittelland","NE",1.42972052408413,2.16501110392828
"2020-10-02","Espace Mittelland","SO",1.65201817236014,2.69264312919371
"2020-10-02","Lake Geneva","GE",5.32460312091949,7.85031075364642
"2020-10-02","Lake Geneva","VD",8.28873874766974,12.1882861883718
"2020-10-02","Lake Geneva","VS",3.61653643748103,4.67014161502167
"2020-10-02","Northwestern","AG",5.28250410084786,8.05736655742876
"2020-10-02","Northwestern","BL",1.95271315220901,2.92692344033482
"2020-10-02","Northwestern","BS",1.74475667931987,3.45112266255002
"2020-10-02","Ticino","TI",3.42854337587215,3.7797200872
"2020-10-02","Zurich","ZH",15.437355739889,28.7638306275368
"2020-10-03","9999","9999",0.0145969072507984,0.0375229165094715
"2020-10-03","Central","LU",4.91963664552867,6.61174861549275
"2020-10-03","Central","NW",0.498316132320124,0.574195789412148
"2020-10-03","Central","OW",0.296897077366294,0.358710924674784
"2020-10-03","Central","SZ",1.77060195088278,2.1305131326809
"2020-10-03","Central","UR",0.278359524735504,0.360580272870456
"2020-10-03","Central","ZG",1.74682384913603,2.34253120621902
"2020-10-03","Eastern","AI",0.147213356991481,0.147644519309007
"2020-10-03","Eastern","AR",0.267320064502982,0.324926704556655
"2020-10-03","Eastern","GL",0.330813292607389,0.477601469919469
"2020-10-03","Eastern","GR",3.02585581349262,3.38882238541066
"2020-10-03","Eastern","SG",5.30421416342169,6.76938565061135
"2020-10-03","Eastern","SH",0.716271531553674,1.16966816010593
"2020-10-03","Eastern","TG",2.34285437322301,3.30660505295014
"2020-10-03","Espace Mittelland","BE",9.64241979626844,14.3036745947423
"2020-10-03","Espace Mittelland","FR",2.68896183636218,3.64791404533067
"2020-10-03","Espace Mittelland","JU",0.554149657737573,0.715144643365751
"2020-10-03","Espace Mittelland","NE",1.70935339409821,2.30674168530917
"2020-10-03","Espace Mittelland","SO",1.89661778593419,2.81394683301826
"2020-10-03","Lake Geneva","GE",6.7556377638974,7.96943921593419
"2020-10-03","Lake Geneva","VD",10.0572097641593,13.015931604968
"2020-10-03","Lake Geneva","VS",4.0638169616806,4.75048959928652
"2020-10-03","Northwestern","AG",6.70744664801625,9.17544070733417
"2020-10-03","Northwestern","BL",2.36693185480863,3.06365776381091
"2020-10-03","Northwestern","BS",2.20406352073424,3.67031223552972
"2020-10-03","Ticino","TI",3.8043022132057,4.19247216880418
"2020-10-03","Zurich","ZH",19.0090391721465,27.9497124942475
"2020-10-04","9999","9999",0.0142344559706574,0.0400380395363745
"2020-10-04","Central","LU",0.863276806830068,1.97263818051922
"2020-10-04","Central","NW",0.166456592349339,0.206851874888264
"2020-10-04","Central","OW",0.134543261516489,0.171334259170512
"2020-10-04","Central","SZ",0.433865221593144,0.706545641665664
"2020-10-04","Central","UR",0.12769829100556,0.179185521592331
"2020-10-04","Central","ZG",0.24175181229654,0.618108477935913
"2020-10-04","Eastern","AI",0.0579944604508993,0.0707293380943932
"2020-10-04","Eastern","AR",0.085888473033084,0.113690358445817
"2020-10-04","Eastern","GL",0.0745136721368304,0.171810093256683
"2020-10-04","Eastern","GR",1.24497690265942,1.38936755532081
"2020-10-04","Eastern","SG",0.822261659255798,1.78944205734345
"2020-10-04","Eastern","SH",0.147314182795424,0.365100696689078
"2020-10-04","Eastern","TG",0.348111271728471,0.72608882734768
"2020-10-04","Espace Mittelland","BE",1.89209134290741,4.77319368282667
"2020-10-04","Espace Mittelland","FR",0.558115694600563,1.18917735763894
"2020-10-04","Espace Mittelland","JU",0.105102428298656,0.169057053186695
"2020-10-04","Espace Mittelland","NE",0.245065847254323,0.455271256018451
"2020-10-04","Espace Mittelland","SO",0.304561741652414,0.724117514704973
"2020-10-04","Lake Geneva","GE",0.817889824671379,1.76208159738862
"2020-10-04","Lake Geneva","VD",1.43589948116515,2.96893279251391
"2020-10-04","Lake Geneva","VS",0.997667002816642,1.48422847921387
"2020-10-04","Northwestern","AG",0.96803386161807,2.33352434673078
"2020-10-04","Northwestern","BL",0.297140877112909,0.774182058199947
"2020-10-04","Northwestern","BS",0.398727262487945,1.24773893838696
"2020-10-04","Ticino","TI",1.29983926259249,1.42050069981599
"2020-10-04","Zurich","ZH",3.53072046175281,8.5605271154054
"2020-10-05","9999","9999",0.0115625349639527,0.038610537277862
"2020-10-05","Central","LU",3.19257483018653,5.27948115051244
"2020-10-05","Central","NW",0.29340810981489,0.466011511106307
"2020-10-05","Central","OW",0.185717939306343,0.301270952844162
"2020-10-05","Central","SZ",1.05932793623865,1.59944830436523
"2020-10-05","Central","UR",0.213060779703286,0.325436526791838
"2020-10-05","Central","ZG",0.98808919366953,1.87298492761544
"2020-10-05","Eastern","AI",0.0778268338218328,0.107946361262755
"2020-10-05","Eastern","AR",0.162090389003746,0.266195183063569
"2020-10-05","Eastern","GL",0.190530455531155,0.349636088888526
"2020-10-05","Eastern","GR",2.18917841388577,3.03153896299438
"2020-10-05","Eastern","SG",3.32541891042131,5.3467776855566
"2020-10-05","Eastern","SH",0.396176624581171,0.803513830797478
"2020-10-05","Eastern","TG",1.30906885128136,2.31051436984952
"2020-10-05","Espace Mittelland","BE",6.41561863327116,12.4688583584676
"2020-10-05","Espace Mittelland","FR",1.6856822741411,2.92281087430435
"2020-10-05","Espace Mittelland","JU",0.326031180373016,0.551967539958167
"2020-10-05","Espace Mittelland","NE",0.957977651712084,1.64213741952456
"2020-10-05","Espace Mittelland","SO",1.15727686636143,2.13187265864138
"2020-10-05","Lake Geneva","GE",4.07166312181227,6.93630145041027
"2020-10-05","Lake Geneva","VD",5.56358427364481,9.59454857280364
"2020-10-05","Lake Geneva","VS",2.63115643359422,3.81476186883158
"2020-10-05","Northwestern","AG",3.91934299874519,6.72741028658127
"2020-10-05","Northwestern","BL",1.41479628051741,2.45815888915853
"2020-10-05","Northwestern","BS",1.32116270811789,2.97624024455153
"2020-10-05","Ticino","TI",2.98040687204275,3.57300416490778
"2020-10-05","Zurich","ZH",10.7979704568842,22.6179235824053
"2020-10-06","9999","9999",0.0113963429301796,0.042145304775131
"2020-10-06","Central","LU",3.11250226771906,5.27618430005826
"2020-10-06","Central","NW",0.334079133089345,0.459927632433123
"2020-10-06","Central","OW",0.182017631910017,0.287233847302123
"2020-10-06","Central","SZ",1.06715909409219,1.55461793581814
"2020-10-06","Central","UR",0.224262801817709,0.324212953427399
"2020-10-06","Central","ZG",1.01760235188729,1.87804916181826
"2020-10-06","Eastern","AI",0.0798740945850051,0.101046767013278
"2020-10-06","Eastern","AR",0.182851055256367,0.272211085438729
"2020-10-06","Eastern","GL",0.198591663980048,0.353306808981844
"2020-10-06","Eastern","GR",1.98581732166479,2.87464966715406
"2020-10-06","Eastern","SG",3.32073673505402,5.30150547107235
"2020-10-06","Eastern","SH",0.417793329203941,0.807694373125978
"2020-10-06","Eastern","TG",1.34688309384115,2.28057081056977
"2020-10-06","Espace Mittelland","BE",6.60672517863196,12.6030775589168
"2020-10-06","Espace Mittelland","FR",1.67738205915583,2.90809400578206
"2020-10-06","Espace Mittelland","JU",0.344398969558482,0.553293077769643
"2020-10-06","Espace Mittelland","NE",1.00659254768511,1.66460358602163
"2020-10-06","Espace Mittelland","SO",1.20300792974369,2.17374605822442
"2020-10-06","Lake Geneva","GE",4.21206249185443,7.00669090701454
"2020-10-06","Lake Geneva","VD",5.49893686087813,9.56834370991523
"2020-10-06","Lake Geneva","VS",2.6080240172101,3.75976904372983
"2020-10-06","Northwestern","AG",3.9581628129537,6.71612622110922
"2020-10-06","Northwestern","BL",1.41480941876933,2.4257681831499
"2020-10-06","Northwestern","BS",1.35876474930804,3.04064778692965
"2020-10-06","Ticino","TI",2.74737578102943,3.59098389573523
"2020-10-06","Zurich","ZH",10.8106341379161,22.5387311952069
"2020-10-07","9999","9999",0.0132094412754933,0.0439126885237655
"2020-10-07","Central","LU",3.15494293324894,5.36421360599986
"2020-10-07","Central","NW",0.319598222309537,0.473658844634053
"2020-10-07","Central","OW",0.216593622358872,0.302460538059589
"2020-10-07","Central","SZ",1.10330763343754,1.5756905882057
"2020-10-07","Central","UR",0.228235793534772,0.329209211332193
"2020-10-07","Central","ZG",1.09280447625686,1.93039091129705
"2020-10-07","Eastern","AI",0.0884432893347309,0.100197063287973
"2020-10-07","Eastern","AR",0.183559212908983,0.270613642435156
"2020-10-07","Eastern","GL",0.211381538802738,0.3540205601111
"2020-10-07","Eastern","GR",2.22301950025559,3.05964716222747
"2020-10-07","Eastern","SG",3.3801532203694,5.36390771265875
"2020-10-07","Eastern","SH",0.427224091746085,0.807694373125978
"2020-10-07","Eastern","TG",1.35404422042678,2.31802575078122
"2020-10-07","Espace Mittelland","BE",6.81738131362367,12.9113500704574
"2020-10-07","Espace Mittelland","FR",1.79385632783854,3.0455080922384
"2020-10-07","Espace Mittelland","JU",0.368826042209847,0.588980634232456
"2020-10-07","Espace Mittelland","NE",1.02218153197476,1.69216797487052
"2020-10-07","Espace Mittelland","SO",1.23504434504633,2.22408250691149
"2020-10-07","Lake Geneva","GE",4.48155618321634,7.34874763867335
"2020-10-07","Lake Geneva","VD",6.15671799919406,10.342117910327
"2020-10-07","Lake Geneva","VS",2.77248426490699,4.01304873016876
"2020-10-07","Northwestern","AG",4.04975186972108,6.82210126972927
"2020-10-07","Northwestern","BL",1.43559487343765,2.48596119505051
"2020-10-07","Northwestern","BS",1.39209869132163,3.11079932649084
"2020-10-07","Ticino","TI",2.80771940400018,3.74671759450915
"2020-10-07","Zurich","ZH",11.088069955431,22.5806045947899
"2020-10-08","9999","9999",0.0129613534854042,0.044490487056973
"2020-10-08","Central","LU",3.12677483049433,5.42610602535108
"2020-10-08","Central","NW",0.327749041076978,0.495853105939021
"2020-10-08","Central","OW",0.237748397008932,0.351131567445063
"2020-10-08","Central","SZ",1.09091173778358,1.66993972541654
"2020-10-08","Central","UR",0.242553441464841,0.341784826466708
"2020-10-08","Central","ZG",1.11641901362022,1.97365782498958
"2020-10-08","Eastern","AI",0.112015611987,0.138909565012871
"2020-10-08","Eastern","AR",0.190398258479478,0.284888665020281
"2020-10-08","Eastern","GL",0.215475692223068,0.376622679204215
"2020-10-08","Eastern","GR",2.18796742733255,3.07776284565098
"2020-10-08","Eastern","SG",3.41089590750188,5.48276426975442
"2020-10-08","Eastern","SH",0.427311971183157,0.848480151940621
"2020-10-08","Eastern","TG",1.35328894128821,2.31782182188714
"2020-10-08","Espace Mittelland","BE",7.08070338261272,13.3953073242422
"2020-10-08","Espace Mittelland","FR",1.76809841096583,3.06314794157573
"2020-10-08","Espace Mittelland","JU",0.361100280157264,0.592617366176761
"2020-10-08","Espace Mittelland","NE",1.02824353707556,1.72296123787558
"2020-10-08","Espace Mittelland","SO",1.28898763041218,2.35082431457799
"2020-10-08","Lake Geneva","GE",4.45017110017924,7.56324684708936
"2020-10-08","Lake Geneva","VD",5.83185316272987,10.2210521235456
"2020-10-08","Lake Geneva","VS",2.61716674071145,3.89358038639087
"2020-10-08","Northwestern","AG",3.98147491598147,6.85517173871814
"2020-10-08","Northwestern","BL",1.40549811837715,2.4784158259698
"2020-10-08","Northwestern","BS",1.47964086104743,3.1468947407418
"2020-10-08","Ticino","TI",3.13777637972332,4.00927604562841
"2020-10-08","Zurich","ZH",11.2020975134999,23.185423706462
"2020-10-09","9999","9999",0.0156237859721666,0.0466997167427661
"2020-10-09","Central","LU",4.02793020836833,6.2896089391551
"2020-10-09","Central","NW",0.411651304121095,0.575283410180538
"2020-10-09","Central","OW",0.308665442333007,0.416286849101455
"2020-10-09","Central","SZ",1.41147202082766,1.94452998128613
"2020-10-09","Central","UR",0.308513469373072,0.425361684887713
"2020-10-09","Central","ZG",1.40478100478351,2.24804415196509
"2020-10-09","Eastern","AI",0.135793157658706,0.168819136143609
"2020-10-09","Eastern","AR",0.229597456844827,0.328019626116766
"2020-10-09","Eastern","GL",0.260101607363502,0.439466766727777
"2020-10-09","Eastern","GR",2.79747549135466,3.47331692385499
"2020-10-09","Eastern","SG",3.97415988583732,6.08635980806213
"2020-10-09","Eastern","SH",0.51361427761366,0.941165834296897
"2020-10-09","Eastern","TG",1.6630561053443,2.64961413254426
"2020-10-09","Espace Mittelland","BE",8.79893187930726,15.046655532149
"2020-10-09","Espace Mittelland","FR",2.36424544452261,3.68037272763733
"2020-10-09","Espace Mittelland","JU",0.471515703968469,0.684521321105757
"2020-10-09","Espace Mittelland","NE",1.22282529692048,1.91207129897947
"2020-10-09","Espace Mittelland","SO",1.53102200715154,2.6199084903076
"2020-10-09","Lake Geneva","GE",5.21505311043376,7.9290952830567
"2020-10-09","Lake Geneva","VD",7.51633151873646,11.8700551491706
"2020-10-09","Lake Geneva","VS",3.46590273338179,4.72272128154355
"2020-10-09","Northwestern","AG",4.90347670139746,7.78399987492361
"2020-10-09","Northwestern","BL",1.84972858662402,2.88416634887747
"2020-10-09","Northwestern","BS",1.66845841747379,3.39490626408384
"2020-10-09","Ticino","TI",3.65811806496834,4.25844316603687
"2020-10-09","Zurich","ZH",13.3726807113392,25.1789645986238
"2020-10-10","9999","9999",0.0148462207555974,0.0378627979995935
"2020-10-10","Central","LU",4.85410880149432,6.43929274740483
"2020-10-10","Central","NW",0.508831460495428,0.60016273525747
"2020-10-10","Central","OW",0.318345040625335,0.385595550543437
"2020-10-10","Central","SZ",1.72795475829832,2.07018416818424
"2020-10-10","Central","UR",0.316084810952322,0.432805089521386
"2020-10-10","Central","ZG",1.42778007672167,1.99816328042738
"2020-10-10","Eastern","AI",0.140891770577675,0.140778913208542
"2020-10-10","Eastern","AR",0.252833968910792,0.321425925208398
"2020-10-10","Eastern","GL",0.301085348445845,0.45000309292156
"2020-10-10","Eastern","GR",3.2210935852487,3.55335901477873
"2020-10-10","Eastern","SG",4.94208888814937,6.36988894712192
"2020-10-10","Eastern","SH",0.612081512753755,0.981101909386235
"2020-10-10","Eastern","TG",2.07594577292448,2.9443933489271
"2020-10-10","Espace Mittelland","BE",10.0564704428081,14.7200973964398
"2020-10-10","Espace Mittelland","FR",2.67216559357171,3.75235962724517
"2020-10-10","Espace Mittelland","JU",0.524448765452116,0.688667875285246
"2020-10-10","Espace Mittelland","NE",1.53033276779849,2.11936501980489
"2020-10-10","Espace Mittelland","SO",1.89566644726634,2.83729669138965
"2020-10-10","Lake Geneva","GE",6.35917427116585,7.6212986056022
"2020-10-10","Lake Geneva","VD",9.68727371000899,12.6822019698172
"2020-10-10","Lake Geneva","VS",4.16370118959764,4.91060776928301
"2020-10-10","Northwestern","AG",6.55779667199816,9.02157635675593
"2020-10-10","Northwestern","BL",2.27013608726653,3.052747567978
"2020-10-10","Northwestern","BS",2.04637143078778,3.43443448138503
"2020-10-10","Ticino","TI",4.01334861667737,4.53639824865866
"2020-10-10","Zurich","ZH",16.4680590044337,24.5181670055285
"2020-10-11","9999","9999",0.0121786582807522,0.0373869639134227
"2020-10-11","Central","LU",0.826202253727511,1.83281093548302
"2020-10-11","Central","NW",0.164875945120515,0.173033666621123
"2020-10-11","Central","OW",0.14467940133603,0.141526652486811
"2020-10-11","Central","SZ",0.362301547145274,0.593603022498115
"2020-10-11","Central","UR",0.124630589460262,0.178097900823941
"2020-10-11","Central","ZG",0.225921691154848,0.553802900004826
"2020-10-11","Eastern","AI",0.0354560614425643,0.0502344842400352
"2020-10-11","Eastern","AR",0.0705982341868303,0.092515741611215
"2020-10-11","Eastern","GL",0.0682142347402738,0.149445891206654
"2020-10-11","Eastern","GR",1.284498745947,1.32621757445614
"2020-10-11","Eastern","SG",0.778284902989008,1.58530923437616
"2020-10-11","Eastern","SH",0.142808204896674,0.316871513240763
"2020-10-11","Eastern","TG",0.313663307768462,0.637753628064966
"2020-10-11","Espace Mittelland","BE",1.71863993740287,4.27893801989122
"2020-10-11","Espace Mittelland","FR",0.556924205918082,1.15729647386549
"2020-10-11","Espace Mittelland","JU",0.0913838807401987,0.160729956678705
"2020-10-11","Espace Mittelland","NE",0.230391947106048,0.439160873386668
"2020-10-11","Espace Mittelland","SO",0.289491508806523,0.700495751141492
"2020-10-11","Lake Geneva","GE",0.867425447772674,1.73339559962232
"2020-10-11","Lake Geneva","VD",1.37242847648239,2.97066618811353
"2020-10-11","Lake Geneva","VS",1.01007516344974,1.52375669651506
"2020-10-11","Northwestern","AG",0.904162878421746,2.18989042900521
"2020-10-11","Northwestern","BL",0.295215161823105,0.757086019246809
"2020-10-11","Northwestern","BS",0.354271091212727,1.11001895858952
"2020-10-11","Ticino","TI",1.56906588129238,1.74162073168328
"2020-10-11","Zurich","ZH",2.74863153162369,7.32335849136123
"2020-10-12","9999","9999",0.0117623342936997,0.0407857788146429
"2020-10-12","Central","LU",2.84939185185666,5.31404709805785
"2020-10-12","Central","NW",0.27586425153981,0.4640401984636
"2020-10-12","Central","OW",0.193503553830572,0.31235108942214
"2020-10-12","Central","SZ",1.05040422406821,1.62922192289992
"2020-10-12","Central","UR",0.187376405713167,0.308578404881786
"2020-10-12","Central","ZG",0.944007444951987,1.79416641005614
"2020-10-12","Eastern","AI",0.0709414499696718,0.094860923893057
"2020-10-12","Eastern","AR",0.172157826143192,0.268200483855289
"2020-10-12","Eastern","GL",0.191964851107363,0.352661034150612
"2020-10-12","Eastern","GR",1.93555642006515,2.73026801015022
"2020-10-12","Eastern","SG",3.22959872955179,5.29606736723039
"2020-10-12","Eastern","SH",0.383037233097146,0.794608935756281
"2020-10-12","Eastern","TG",1.28205287727776,2.29216076938293
"2020-10-12","Espace Mittelland","BE",5.75267445565158,12.1958995337506
"2020-10-12","Espace Mittelland","FR",1.57011645977549,2.88314670440711
"2020-10-12","Espace Mittelland","JU",0.317554019959108,0.526748333391113
"2020-10-12","Espace Mittelland","NE",0.9004017552125,1.5935003782881
"2020-10-12","Espace Mittelland","SO",1.11565510357041,2.1684099188295
"2020-10-12","Lake Geneva","GE",3.92891239627825,6.93524781779089
"2020-10-12","Lake Geneva","VD",5.59765745477317,9.51797327307914
"2020-10-12","Lake Geneva","VS",2.47002476104271,3.80412357819076
"2020-10-12","Northwestern","AG",3.66247669472847,6.86421258635539
"2020-10-12","Northwestern","BL",1.37900062952786,2.5887073695144
"2020-10-12","Northwestern","BS",1.3234678388927,3.10240425368483
"2020-10-12","Ticino","TI",2.74755477453728,3.74933468198309
"2020-10-12","Zurich","ZH",10.4186448993936,22.0642906231455
"2020-10-13","9999","9999",0.0118045333407069,0.041805423285009
"2020-10-13","Central","LU",2.87329640193562,5.30888089940799
"2020-10-13","Central","NW",0.287872378835037,0.466725262235564
"2020-10-13","Central","OW",0.212438935079167,0.320814138526179
"2020-10-13","Central","SZ",1.04951683011442,1.59938032806721
"2020-10-13","Central","UR",0.19889782636805,0.309632037501164
"2020-10-13","Central","ZG",0.954237232508177,1.779857399322
"2020-10-13","Eastern","AI",0.0880647941147618,0.110121602799536
"2020-10-13","Eastern","AR",0.174038131248411,0.277751153727718
"2020-10-13","Eastern","GL",0.188524900396288,0.342872447235098
"2020-10-13","Eastern","GR",1.7378246752325,2.56919817198139
"2020-10-13","Eastern","SG",3.13745763907446,5.27978704385355
"2020-10-13","Eastern","SH",0.422522500744504,0.835632631614009
"2020-10-13","Eastern","TG",1.26448357269538,2.24478128965992
"2020-10-13","Espace Mittelland","BE",5.93900746878098,12.3220295547349
"2020-10-13","Espace Mittelland","FR",1.61016756510837,2.88824492675894
"2020-10-13","Espace Mittelland","JU",0.320279253681658,0.520154632482746
"2020-10-13","Espace Mittelland","NE",0.936987976525817,1.62830424287659
"2020-10-13","Espace Mittelland","SO",1.16057633371946,2.20317979526899
"2020-10-13","Lake Geneva","GE",4.09237191252891,7.0040738195406
"2020-10-13","Lake Geneva","VD",5.49905399691136,9.23638145851305
"2020-10-13","Lake Geneva","VS",2.52952396056289,3.72686851548602
"2020-10-13","Northwestern","AG",3.76570828294572,6.89262667892959
"2020-10-13","Northwestern","BL",1.36633049097663,2.56566340448412
"2020-10-13","Northwestern","BS",1.36536314361315,3.18220842756548
"2020-10-13","Ticino","TI",2.59776768294459,3.56566272472114
"2020-10-13","Zurich","ZH",10.5523855096602,22.2319201740737
"2020-10-14","9999","9999",0.0121302758358956,0.0430969729474727
"2020-10-14","Central","LU",3.04395799852411,5.49530589673993
"2020-10-14","Central","NW",0.323100829363607,0.479232901072054
"2020-10-14","Central","OW",0.202200532275815,0.317789193264093
"2020-10-14","Central","SZ",1.11323217887076,1.65070243307564
"2020-10-14","Central","UR",0.214573906890489,0.322615510423825
"2020-10-14","Central","ZG",1.02139944375343,1.85147042929071
"2020-10-14","Eastern","AI",0.0940005153562532,0.129222942544394
"2020-10-14","Eastern","AR",0.191113836992718,0.293861536359502
"2020-10-14","Eastern","GL",0.188817239228618,0.349262219249392
"2020-10-14","Eastern","GR",1.85651096736432,2.63017291130928
"2020-10-14","Eastern","SG",3.14600731245732,5.32682664208644
"2020-10-14","Eastern","SH",0.42720304313086,0.838011802044863
"2020-10-14","Eastern","TG",1.30036505112677,2.27295746519104
"2020-10-14","Espace Mittelland","BE",6.25046593116761,12.6332930233886
"2020-10-14","Espace Mittelland","FR",1.729953703189,3.02137650643973
"2020-10-14","Espace Mittelland","JU",0.333460957777312,0.532016496488005
"2020-10-14","Espace Mittelland","NE",0.969701385782478,1.65029457528749
"2020-10-14","Espace Mittelland","SO",1.2198927960153,2.29069927897541
"2020-10-14","Lake Geneva","GE",4.15034223853969,7.10355713169932
"2020-10-14","Lake Geneva","VD",5.82197647891066,9.5223237561527
"2020-10-14","Lake Geneva","VS",2.65777417171379,3.83760190496778
"2020-10-14","Northwestern","AG",3.93096253140116,7.09774515821823
"2020-10-14","Northwestern","BL",1.40570814635489,2.60906627077271
"2020-10-14","Northwestern","BS",1.40689017392958,3.23777905120043
"2020-10-14","Ticino","TI",2.83130061993713,3.64529695785673
"2020-10-14","Zurich","ZH",10.9056701276608,22.567111299632
"2020-10-15","9999","9999",0.0120785138645388,0.0430289966494483
"2020-10-15","Central","LU",3.272127869754,5.74168598892938
"2020-10-15","Central","NW",0.341122222956824,0.490245061352008
"2020-10-15","Central","OW",0.218059784700979,0.315511987280275
"2020-10-15","Central","SZ",1.2328452523,1.67983027677909
"2020-10-15","Central","UR",0.246482742130728,0.338657916757585
"2020-10-15","Central","ZG",1.12747880583605,1.98171301630547
"2020-10-15","Eastern","AI",0.0985376373734936,0.106246953812145
"2020-10-15","Eastern","AR",0.220324161440694,0.289748970329026
"2020-10-15","Eastern","GL",0.221448885873692,0.362075751426992
"2020-10-15","Eastern","GR",2.06007176884656,2.69220128325655
"2020-10-15","Eastern","SG",3.72533661601401,5.67245212939152
"2020-10-15","Eastern","SH",0.486503794348693,0.890149622629582
"2020-10-15","Eastern","TG",1.48844428087136,2.42767151949458
"2020-10-15","Espace Mittelland","BE",6.6917776711567,12.8415724005354
"2020-10-15","Espace Mittelland","FR",1.78483611706785,3.04255112327434
"2020-10-15","Espace Mittelland","JU",0.382482849774326,0.572598346408574
"2020-10-15","Espace Mittelland","NE",1.09026174479737,1.74219853021648
"2020-10-15","Espace Mittelland","SO",1.3972502605985,2.45136125935609
"2020-10-15","Lake Geneva","GE",4.42318455116072,7.34534882377213
"2020-10-15","Lake Geneva","VD",5.98480289589159,9.56372132164957
"2020-10-15","Lake Geneva","VS",2.67064154460072,3.7780546678984
"2020-10-15","Northwestern","AG",4.25714584137496,7.27390573454848
"2020-10-15","Northwestern","BL",1.49566048629851,2.65294497114746
"2020-10-15","Northwestern","BS",1.3734314126487,3.1914532040968
"2020-10-15","Ticino","TI",3.05227125386076,3.79708803134523
"2020-10-15","Zurich","ZH",11.6302686127941,22.8914262175065
"2020-10-16","9999","9999",0.0129798762668021,0.0436067951826557
"2020-10-16","Central","LU",4.25877052426485,6.58081939989165
"2020-10-16","Central","NW",0.467703962266126,0.606858400612874
"2020-10-16","Central","OW",0.281530041423636,0.39229121589884
"2020-10-16","Central","SZ",1.46768372818336,1.91023593893281
"2020-10-16","Central","UR",0.342387826261025,0.418020244701078
"2020-10-16","Central","ZG",1.47103754600292,2.30358078745103
"2020-10-16","Eastern","AI",0.126056569506402,0.125110376513917
"2020-10-16","Eastern","AR",0.241310500176697,0.327101946093436
"2020-10-16","Eastern","GL",0.286558103300393,0.425599601930799
"2020-10-16","Eastern","GR",2.60127904230657,3.05349530725627
"2020-10-16","Eastern","SG",4.49004006743906,6.40506668134955
"2020-10-16","Eastern","SH",0.555031189407278,0.960437114786816
"2020-10-16","Eastern","TG",1.85043394823733,2.76034752202602
"2020-10-16","Espace Mittelland","BE",8.55045541625845,14.7367515894558
"2020-10-16","Espace Mittelland","FR",2.37015685510302,3.626535499602
"2020-10-16","Espace Mittelland","JU",0.452371704509851,0.645536914188761
"2020-10-16","Espace Mittelland","NE",1.28590854107654,1.95234725555893
"2020-10-16","Espace Mittelland","SO",1.69219494282094,2.69192937806446
"2020-10-16","Lake Geneva","GE",5.08001740530552,7.79769709897553
"2020-10-16","Lake Geneva","VD",7.43421916727472,11.0236482743197
"2020-10-16","Lake Geneva","VS",3.49455450002809,4.57871349417885
"2020-10-16","Northwestern","AG",5.39136954771014,8.41808278289526
"2020-10-16","Northwestern","BL",1.99163358075631,3.11688320516402
"2020-10-16","Northwestern","BS",1.71507375765679,3.56256980316103
"2020-10-16","Ticino","TI",3.21118973598877,3.9432370720977
"2020-10-16","Zurich","ZH",14.0697327112128,24.9476752445957
"2020-10-17","9999","9999",0.0134248576987319,0.0363333312940444
"2020-10-17","Central","LU",4.74874893394638,6.42807665823081
"2020-10-17","Central","NW",0.507409482623197,0.599516960426239
"2020-10-17","Central","OW",0.348319780289894,0.423662277437103
"2020-10-17","Central","SZ",1.60944576012104,2.02209093733197
"2020-10-17","Central","UR",0.311724700936086,0.414621429799857
"2020-10-17","Central","ZG",1.48583250603791,2.13143081270423
"2020-10-17","Eastern","AI",0.143541910673147,0.151791073488496
"2020-10-17","Eastern","AR",0.257469841240614,0.33641469892278
"2020-10-17","Eastern","GL",0.305704084265858,0.457616438300293
"2020-10-17","Eastern","GR",2.55514858781394,3.00125552222451
"2020-10-17","Eastern","SG",5.01317933490268,6.55712966003014
"2020-10-17","Eastern","SH",0.601229853161297,1.00570932927107
"2020-10-17","Eastern","TG",2.10290090370301,3.04346880329767
"2020-10-17","Espace Mittelland","BE",9.16995504450466,14.1230955590405
"2020-10-17","Espace Mittelland","FR",2.36782413595718,3.36486074035705
"2020-10-17","Espace Mittelland","JU",0.46925689972726,0.640574644432979
"2020-10-17","Espace Mittelland","NE",1.41380085528023,2.01661884534101
"2020-10-17","Espace Mittelland","SO",1.9445234825929,2.93701792059145
"2020-10-17","Lake Geneva","GE",5.64345884990045,7.11076261928991
"2020-10-17","Lake Geneva","VD",8.29221106038197,11.2491596430157
"2020-10-17","Lake Geneva","VS",3.77017480692849,4.72442068899416
"2020-10-17","Northwestern","AG",6.5321162179455,9.13788380267568
"2020-10-17","Northwestern","BL",2.32744012964193,3.14604503701649
"2020-10-17","Northwestern","BS",2.10565812348866,3.59132377722536
"2020-10-17","Ticino","TI",3.68950610460162,4.22690216375354
"2020-10-17","Zurich","ZH",17.1831583807027,25.5929742417414
"2020-10-18","9999","9999",0.0111195741990844,0.0343960068003489
"2020-10-18","Central","LU",0.800727265487617,1.75212306972805
"2020-10-18","Central","NW",0.135309348874226,0.178063912674928
"2020-10-18","Central","OW",0.157924208201122,0.178335817867026
"2020-10-18","Central","SZ",0.362560568467216,0.577560616164356
"2020-10-18","Central","UR",0.135270619422212,0.172421879938903
"2020-10-18","Central","ZG",0.208140819598303,0.545849673135971
"2020-10-18","Eastern","AI",0.0399354378076918,0.0583576518539516
"2020-10-18","Eastern","AR",0.0733563233292392,0.097715928410082
"2020-10-18","Eastern","GL",0.0780583215970497,0.163720913791779
"2020-10-18","Eastern","GR",1.11936695931395,1.22975920755951
"2020-10-18","Eastern","SG",0.749733178942361,1.55740496403714
"2020-10-18","Eastern","SH",0.126997812670982,0.301610834334284
"2020-10-18","Eastern","TG",0.302860884313533,0.640370715538906
"2020-10-18","Espace Mittelland","BE",1.7310303114666,4.34946342909154
"2020-10-18","Espace Mittelland","FR",0.534564213014383,1.12867845239722
"2020-10-18","Espace Mittelland","JU",0.095053670581465,0.158826620334022
"2020-10-18","Espace Mittelland","NE",0.222382860902484,0.433654793246691
"2020-10-18","Espace Mittelland","SO",0.287849082423507,0.701141525972724
"2020-10-18","Lake Geneva","GE",0.725730462038016,1.60498837265422
"2020-10-18","Lake Geneva","VD",1.30983932066708,2.85656797187957
"2020-10-18","Lake Geneva","VS",1.12008726446507,1.71228895908575
"2020-10-18","Northwestern","AG",0.886028617258665,2.1383304069537
"2020-10-18","Northwestern","BL",0.283125358068763,0.737304916521707
"2020-10-18","Northwestern","BS",0.350565226981981,1.07256401837807
"2020-10-18","Ticino","TI",1.26081810222576,1.4561882562788
"2020-10-18","Zurich","ZH",2.66686281104307,7.16184680725525
"2020-10-19","9999","9999",0.0124062731107676,0.0418394114340212
"2020-10-19","Central","LU",2.55451125532504,4.94184287822522
"2020-10-19","Central","NW",0.2596792096272,0.447148088404535
"2020-10-19","Central","OW",0.178223187274362,0.304907684788468
"2020-10-19","Central","SZ",0.925977635828702,1.52171740757433
"2020-10-19","Central","UR",0.173451060894654,0.303650123275016
"2020-10-19","Central","ZG",0.892394262829661,1.84491071653136
"2020-10-19","Eastern","AI",0.0731238996248988,0.106382906408194
"2020-10-19","Eastern","AR",0.160879888037188,0.282271577546341
"2020-10-19","Eastern","GL",0.174432666492187,0.336754580412902
"2020-10-19","Eastern","GR",1.46241496804897,2.25871643075492
"2020-10-19","Eastern","SG",2.70036845884863,5.01835020165169
"2020-10-19","Eastern","SH",0.353540569161683,0.783936656966449
"2020-10-19","Eastern","TG",1.20963901891179,2.2798230712915
"2020-10-19","Espace Mittelland","BE",5.39106081249605,11.8231175153847
"2020-10-19","Espace Mittelland","FR",1.56574657145372,2.76755300961661
"2020-10-19","Espace Mittelland","JU",0.292908817081648,0.50509788247034
"2020-10-19","Espace Mittelland","NE",0.814809270743725,1.57120415253609
"2020-10-19","Espace Mittelland","SO",1.05121424918648,2.20287390192788
"2020-10-19","Lake Geneva","GE",3.71879217273624,6.23019765468177
"2020-10-19","Lake Geneva","VD",5.24641210885207,9.00998639794276
"2020-10-19","Lake Geneva","VS",2.47118882582706,3.79562654093771
"2020-10-19","Northwestern","AG",3.26561269482045,6.45934575532203
"2020-10-19","Northwestern","BL",1.27874070634618,2.4700547413128
"2020-10-19","Northwestern","BS",1.25487316658583,3.00237713114191
"2020-10-19","Ticino","TI",2.26052653876567,3.14454955845996
"2020-10-19","Zurich","ZH",9.98921852334374,22.5354683329017
"2020-10-20","9999","9999",0.0112812158159475,0.0393242884071182
"2020-10-20","Central","LU",2.63585345068276,4.98480389857664
"2020-10-20","Central","NW",0.285178285314954,0.457378521257208
"2020-10-20","Central","OW",0.177135719869318,0.300897083205028
"2020-10-20","Central","SZ",0.967247172071552,1.51723097190472
"2020-10-20","Central","UR",0.211794647736191,0.311127516057701
"2020-10-20","Central","ZG",1.01001044336345,1.88127803597442
"2020-10-20","Eastern","AI",0.0856203352132364,0.108966005733121
"2020-10-20","Eastern","AR",0.165803247248779,0.283597115357817
"2020-10-20","Eastern","GL",0.177818317650013,0.337604284138207
"2020-10-20","Eastern","GR",1.41567934726752,2.17561540642009
"2020-10-20","Eastern","SG",2.83549064147826,5.04669631792787
"2020-10-20","Eastern","SH",0.413466983124536,0.817109090402359
"2020-10-20","Eastern","TG",1.25198674942092,2.27326335853215
"2020-10-20","Espace Mittelland","BE",5.63740656828088,11.8950364386946
"2020-10-20","Espace Mittelland","FR",1.58537697601903,2.73322497911428
"2020-10-20","Espace Mittelland","JU",0.308176824674203,0.507137171411072
"2020-10-20","Espace Mittelland","NE",0.887126336807832,1.60998463055902
"2020-10-20","Espace Mittelland","SO",1.14527778899174,2.28631480775283
"2020-10-20","Lake Geneva","GE",3.68981285439284,6.1464508555157
"2020-10-20","Lake Geneva","VD",5.31269085391303,8.96573382792888
"2020-10-20","Lake Geneva","VS",2.55340296251799,3.69413792798727
"2020-10-20","Northwestern","AG",3.45865255255265,6.53099277343976
"2020-10-20","Northwestern","BL",1.31327811615184,2.49214703817073
"2020-10-20","Northwestern","BS",1.28093738290729,3.00526612380795
"2020-10-20","Ticino","TI",2.23110322582775,3.08071981461504
"2020-10-20","Zurich","ZH",10.3215688974415,22.5045391173006
"2020-10-21","9999","9999",0.0123531953562079,0.0417034588379724
"2020-10-21","Central","LU",2.85761943639233,5.15661399183333
"2020-10-21","Central","NW",0.321787478010022,0.484806957510055
"2020-10-21","Central","OW",0.186994064960146,0.30895227452092
"2020-10-21","Central","SZ",1.01920416521198,1.57399118075509
"2020-10-21","Central","UR",0.214910915779353,0.315919845068422
"2020-10-21","Central","ZG",1.05327105720991,1.93960169967936
"2020-10-21","Eastern","AI",0.0847738401873296,0.113214524359646
"2020-10-21","Eastern","AR",0.180304603576509,0.296648564578503
"2020-10-21","Eastern","GL",0.199688122570312,0.36666415154364
"2020-10-21","Eastern","GR",1.44505825643837,2.21748880600312
"2020-10-21","Eastern","SG",3.01926275672472,5.21493765553827
"2020-10-21","Eastern","SH",0.409605237744461,0.824110649098872
"2020-10-21","Eastern","TG",1.31772674783266,2.35062038568392
"2020-10-21","Espace Mittelland","BE",5.96819444199312,12.1811146889303
"2020-10-21","Espace Mittelland","FR",1.63827629706198,2.77214140973325
"2020-10-21","Espace Mittelland","JU",0.318363833612212,0.516619864985477
"2020-10-21","Espace Mittelland","NE",0.934339939333857,1.65369339018871
"2020-10-21","Espace Mittelland","SO",1.20524140124223,2.34100173951347
"2020-10-21","Lake Geneva","GE",3.76481674584124,6.14713061849594
"2020-10-21","Lake Geneva","VD",5.55162378475037,9.14264214353739
"2020-10-21","Lake Geneva","VS",2.70860273978096,3.83199386038076
"2020-10-21","Northwestern","AG",3.71893557744127,6.79610033573494
"2020-10-21","Northwestern","BL",1.38547065273424,2.56277441181809
"2020-10-21","Northwestern","BS",1.30891502995931,3.03986605950237
"2020-10-21","Ticino","TI",2.23655267510728,3.10848813235801
"2020-10-21","Zurich","ZH",10.9023974223932,22.9562416176727
"2020-10-22","9999","9999",0.0113240335943418,0.0406498262185941
"2020-10-22","Central","LU",2.92353183373182,5.28237014317848
"2020-10-22","Central","NW",0.319800586633326,0.476411884704041
"2020-10-22","Central","OW",0.193356146951634,0.30524756627859
"2020-10-22","Central","SZ",1.07597780989585,1.57558862375867
"2020-10-22","Central","UR",0.219131568440168,0.324790751960606
"2020-10-22","Central","ZG",1.13687012229426,2.008257760684
"2020-10-22","Eastern","AI",0.0878751294484941,0.108864041286084
"2020-10-22","Eastern","AR",0.182336693672634,0.293657607465429
"2020-10-22","Eastern","GL",0.204295035921606,0.369791061252762
"2020-10-22","Eastern","GR",1.52283896344369,2.23618228795983
"2020-10-22","Eastern","SG",3.13180380088806,5.29610135537941
"2020-10-22","Eastern","SH",0.436569465440792,0.836244418296228
"2020-10-22","Eastern","TG",1.40246134556917,2.41149316056477
"2020-10-22","Espace Mittelland","BE",6.39341766216598,12.3928268691273
"2020-10-22","Espace Mittelland","FR",1.78285195907411,2.8541548132997
"2020-10-22","Espace Mittelland","JU",0.376351018095281,0.554414686687046
"2020-10-22","Espace Mittelland","NE",1.01444355976734,1.72360701270681
"2020-10-22","Espace Mittelland","SO",1.33441987394664,2.42447663348744
"2020-10-22","Lake Geneva","GE",3.97718065778172,6.33535698772552
"2020-10-22","Lake Geneva","VD",5.96285865915183,9.33385946988004
"2020-10-22","Lake Geneva","VS",2.59942339247232,3.6059386813006
"2020-10-22","Northwestern","AG",3.91766276317519,6.89395221674107
"2020-10-22","Northwestern","BL",1.47237583458102,2.57181525945533
"2020-10-22","Northwestern","BS",1.31292160939224,3.00737338904671
"2020-10-22","Ticino","TI",2.35781529816252,3.23091344509996
"2020-10-22","Zurich","ZH",11.3376710920045,23.472181719678
"2020-10-23","9999","9999",0.0146857852733369,0.0450682855901804
"2020-10-23","Central","LU",4.28602209003413,6.42960612493636
"2020-10-23","Central","NW",0.44481523598002,0.578138414697563
"2020-10-23","Central","OW",0.25875968080149,0.357113481671211
"2020-10-23","Central","SZ",1.56534907178172,1.97858610659635
"2020-10-23","Central","UR",0.361850198262487,0.418122209148114
"2020-10-23","Central","ZG",1.58776870177588,2.42498645572262
"2020-10-23","Eastern","AI",0.117644035194271,0.126197997282308
"2020-10-23","Eastern","AR",0.258927411831688,0.353578714173942
"2020-10-23","Eastern","GL",0.287214228776173,0.434368544375947
"2020-10-23","Eastern","GR",2.06485485225425,2.69237122400162
"2020-10-23","Eastern","SG",4.67017494673046,6.62422226618023
"2020-10-23","Eastern","SH",0.582431164556989,0.960471102935828
"2020-10-23","Eastern","TG",2.00530056214449,2.94796210457338
"2020-10-23","Espace Mittelland","BE",9.09352836848361,14.5871357575041
"2020-10-23","Espace Mittelland","FR",2.48490751827831,3.42121309141928
"2020-10-23","Espace Mittelland","JU",0.52633164338342,0.67592231940567
"2020-10-23","Espace Mittelland","NE",1.44067924770268,2.05036907731012
"2020-10-23","Espace Mittelland","SO",1.82150965391115,2.8023568742051
"2020-10-23","Lake Geneva","GE",4.64451334048898,6.43847703182854
"2020-10-23","Lake Geneva","VD",7.74638675457127,10.7742432368682
"2020-10-23","Lake Geneva","VS",3.38703607447172,4.2317964572113
"2020-10-23","Northwestern","AG",5.60015731754599,8.31740988552112
"2020-10-23","Northwestern","BL",2.1272847238976,3.13639240269703
"2020-10-23","Northwestern","BS",1.69889795755477,3.33467926403422
"2020-10-23","Ticino","TI",3.1569519579788,3.43151150056998
"2020-10-23","Zurich","ZH",15.0869082050153,26.1329439650982
"2020-10-24","9999","9999",0.014294868433369,0.0368771416782396
"2020-10-24","Central","LU",4.94707882364141,6.80282998923935
"2020-10-24","Central","NW",0.533704955674612,0.633471121289429
"2020-10-24","Central","OW",0.297410142746931,0.396233841184256
"2020-10-24","Central","SZ",1.79610751150203,2.19954306332468
"2020-10-24","Central","UR",0.305013423397023,0.404560937692245
"2020-10-24","Central","ZG",1.72400159731382,2.34460448330876
"2020-10-24","Eastern","AI",0.14190313402211,0.150295594931959
"2020-10-24","Eastern","AR",0.283583278035521,0.365304625583152
"2020-10-24","Eastern","GL",0.316747597580568,0.464108174761624
"2020-10-24","Eastern","GR",2.36816024807714,2.87220252042518
"2020-10-24","Eastern","SG",5.36884281452966,6.99000272584955
"2020-10-24","Eastern","SH",0.676198140142792,1.07701646589867
"2020-10-24","Eastern","TG",2.35595056707456,3.28638210428788
"2020-10-24","Espace Mittelland","BE",9.99107758403266,14.7387229020985
"2020-10-24","Espace Mittelland","FR",2.41332535629324,3.30786261446359
"2020-10-24","Espace Mittelland","JU",0.532975725910642,0.680680660267378
"2020-10-24","Espace Mittelland","NE",1.6860451366035,2.22207720611977
"2020-10-24","Espace Mittelland","SO",2.1990920727794,3.21636651732274
"2020-10-24","Lake Geneva","GE",5.58449871814325,6.89072334258491
"2020-10-24","Lake Geneva","VD",9.25224393804483,12.1640186499771
"2020-10-24","Lake Geneva","VS",3.40942958851892,4.2273440096907
"2020-10-24","Northwestern","AG",7.00254774396693,9.52052238425506
"2020-10-24","Northwestern","BL",2.48910649576047,3.30867833003988
"2020-10-24","Northwestern","BS",2.21672348546177,3.66653955098936
"2020-10-24","Ticino","TI",3.3490981012986,3.89993617025616
"2020-10-24","Zurich","ZH",19.377492134994,28.4345874280556
"2020-10-25","9999","9999",0.0140926724985024,0.0424511981162408
"2020-10-25","Central","LU",0.75868357879889,1.84868340107171
"2020-10-25","Central","NW",0.165808608282126,0.267010898639862
"2020-10-25","Central","OW",0.151328198753063,0.244680684738845
"2020-10-25","Central","SZ",0.43412542555356,0.793555303136902
"2020-10-25","Central","UR",0.105598177032497,0.161477695956974
"2020-10-25","Central","ZG",0.224629576385517,0.60478512352313
"2020-10-25","Eastern","AI",0.0494439255433216,0.0912241919487513
"2020-10-25","Eastern","AR",0.079293231125226,0.128067345477979
"2020-10-25","Eastern","GL",0.0910466133939203,0.217524153678096
"2020-10-25","Eastern","GR",0.841779454708661,1.16766285931421
"2020-10-25","Eastern","SG",1.0810922200453,2.01005913258165
"2020-10-25","Eastern","SH",0.119166208390995,0.29923166390343
"2020-10-25","Eastern","TG",0.33605569400149,0.691182998312148
"2020-10-25","Espace Mittelland","BE",1.65742605698813,4.52851299808783
"2020-10-25","Espace Mittelland","FR",0.517554370834628,1.1662353570557
"2020-10-25","Espace Mittelland","JU",0.080212603310079,0.16820734946139
"2020-10-25","Espace Mittelland","NE",0.21426720800755,0.43348485250163
"2020-10-25","Espace Mittelland","SO",0.422275799226004,0.935353860815811
"2020-10-25","Lake Geneva","GE",0.740079637856676,1.62867811251573
"2020-10-25","Lake Geneva","VD",1.33659485966501,3.03605938681301
"2020-10-25","Lake Geneva","VS",0.776422572422186,1.38362355813775
"2020-10-25","Northwestern","AG",1.06675799559649,2.50985486380609
"2020-10-25","Northwestern","BL",0.520265546040219,0.906905780092597
"2020-10-25","Northwestern","BS",0.303067971359175,1.02127590151866
"2020-10-25","Ticino","TI",0.928096829989653,1.12956214427154
"2020-10-25","Zurich","ZH",2.92423002119386,7.80133383091983
"2020-10-26","9999","9999",0.0122934642812264,0.0401060158343989
"2020-10-26","Central","LU",2.82938787842635,4.98653729417627
"2020-10-26","Central","NW",0.275252655143792,0.445312728357876
"2020-10-26","Central","OW",0.165803627102858,0.277513236684633
"2020-10-26","Central","SZ",1.07014055309738,1.54564506447892
"2020-10-26","Central","UR",0.183020145146003,0.292366057802965
"2020-10-26","Central","ZG",0.978812193709118,1.82798461832328
"2020-10-26","Eastern","AI",0.0656907622742102,0.0815375694802736
"2020-10-26","Eastern","AR",0.158690835969818,0.269186140176643
"2020-10-26","Eastern","GL",0.193082338732745,0.336278746326731
"2020-10-26","Eastern","GR",1.31568099082172,2.04897556320062
"2020-10-26","Eastern","SG",3.14683409814733,5.19019428305738
"2020-10-26","Eastern","SH",0.411773025815428,0.799095371425891
"2020-10-26","Eastern","TG",1.39996331157836,2.39963129655952
"2020-10-26","Espace Mittelland","BE",5.9754542014107,11.7437891755903
"2020-10-26","Espace Mittelland","FR",1.87350848190859,2.902350008599
"2020-10-26","Espace Mittelland","JU",0.343149923192918,0.547005270202386
"2020-10-26","Espace Mittelland","NE",0.95050479807198,1.60400271633287
"2020-10-26","Espace Mittelland","SO",1.22144186836328,2.30150751036129
"2020-10-26","Lake Geneva","GE",3.93623374688099,6.40153191385228
"2020-10-26","Lake Geneva","VD",5.84082771269061,9.5261984051401
"2020-10-26","Lake Geneva","VS",2.39935257670706,3.32893526685115
"2020-10-26","Northwestern","AG",3.89708531973358,6.78383061394153
"2020-10-26","Northwestern","BL",1.49846372716809,2.57793312627753
"2020-10-26","Northwestern","BS",1.32582209224042,2.95662908257149
"2020-10-26","Ticino","TI",2.29927940075568,2.80300264903633
"2020-10-26","Zurich","ZH",10.7432551435561,22.1161225503891
"2020-10-27","9999","9999",0.0109966698662781,0.0381686913407033
"2020-10-27","Central","LU",3.05004472938426,5.33552760823356
"2020-10-27","Central","NW",0.292589410709145,0.483481419698579
"2020-10-27","Central","OW",0.188451055980047,0.301984703973419
"2020-10-27","Central","SZ",1.09856509259979,1.61695220110652
"2020-10-27","Central","UR",0.217484760029163,0.327339863136522
"2020-10-27","Central","ZG",1.0977020680474,2.01383181712201
"2020-10-27","Eastern","AI",0.0758128435767911,0.095200805383179
"2020-10-27","Eastern","AR",0.182685615098709,0.298959758711333
"2020-10-27","Eastern","GL",0.211861427649759,0.36697004488475
"2020-10-27","Eastern","GR",1.34814995418823,2.15688793631437
"2020-10-27","Eastern","SG",3.30985547817153,5.49024166253711
"2020-10-27","Eastern","SH",0.481256497927796,0.867411550940418
"2020-10-27","Eastern","TG",1.46676571485795,2.51328766685632
"2020-10-27","Espace Mittelland","BE",6.16482909384004,12.2323348294917
"2020-10-27","Espace Mittelland","FR",1.80253448196873,2.87356204638567
"2020-10-27","Espace Mittelland","JU",0.355172159913383,0.56450916694367
"2020-10-27","Espace Mittelland","NE",0.99962820509271,1.66837627056198
"2020-10-27","Espace Mittelland","SO",1.34771049826255,2.44565125032204
"2020-10-27","Lake Geneva","GE",4.11199556587326,6.62530988694862
"2020-10-27","Lake Geneva","VD",5.86791901136655,9.80123050694684
"2020-10-27","Lake Geneva","VS",2.31148063098399,3.37237212128875
"2020-10-27","Northwestern","AG",4.09287055128657,7.1575303123307
"2020-10-27","Northwestern","BL",1.52526083081755,2.67554709024057
"2020-10-27","Northwestern","BS",1.42285295421348,3.13523680563061
"2020-10-27","Ticino","TI",2.49786150181137,3.11001759906356
"2020-10-27","Zurich","ZH",11.8147178433912,23.8964217956483
"2020-10-28","9999","9999",0.0125759973958771,0.0436067951826557
"2020-10-28","Central","LU",3.07530177928311,5.39368133119344
"2020-10-28","Central","NW",0.306237661766783,0.481000284820689
"2020-10-28","Central","OW",0.186100244815171,0.306709056686115
"2020-10-28","Central","SZ",1.15679500775562,1.65654839470573
"2020-10-28","Central","UR",0.227241523523911,0.32638819496418
"2020-10-28","Central","ZG",1.17242875608632,2.0533600344232
"2020-10-28","Eastern","AI",0.0690242794386432,0.0943171135088617
"2020-10-28","Eastern","AR",0.187496040168073,0.299129699456394
"2020-10-28","Eastern","GL",0.225288670205547,0.367717784163018
"2020-10-28","Eastern","GR",1.40982152744048,2.2090597450481
"2020-10-28","Eastern","SG",3.38691505374522,5.52168070037339
"2020-10-28","Eastern","SH",0.454452302363518,0.864182676784259
"2020-10-28","Eastern","TG",1.51143573614783,2.52895620355095
"2020-10-28","Espace Mittelland","BE",6.39814202483222,12.3055113143149
"2020-10-28","Espace Mittelland","FR",1.86343703867921,2.90292780713221
"2020-10-28","Espace Mittelland","JU",0.368584180893843,0.580789490320515
"2020-10-28","Espace Mittelland","NE",1.0569296159017,1.71310467466204
"2020-10-28","Espace Mittelland","SO",1.35137947748737,2.49520597158183
"2020-10-28","Lake Geneva","GE",4.51596795922225,6.76639469349827
"2020-10-28","Lake Geneva","VD",6.21081713829708,10.0809529733173
"2020-10-28","Lake Geneva","VS",2.39180608619985,3.38746285945017
"2020-10-28","Northwestern","AG",4.24167450220133,7.2798196724766
"2020-10-28","Northwestern","BL",1.57228233291197,2.69842111452579
"2020-10-28","Northwestern","BS",1.40734799991183,3.11722308665415
"2020-10-28","Ticino","TI",2.47735500884616,3.14363187843663
"2020-10-28","Zurich","ZH",11.9867227528133,23.7639020026497
"2020-10-29","9999","9999",0.0117385836236832,0.0405478617715575
"2020-10-29","Central","LU",3.12059275626024,5.42104179114826
"2020-10-29","Central","NW",0.309251780390755,0.483243502655494
"2020-10-29","Central","OW",0.194083058430913,0.30463577959637
"2020-10-29","Central","SZ",1.16388568903163,1.6391804505605
"2020-10-29","Central","UR",0.234362330752833,0.328665400947997
"2020-10-29","Central","ZG",1.15984809079289,2.04955336173383
"2020-10-29","Eastern","AI",0.0727810284519438,0.0893548437530802
"2020-10-29","Eastern","AR",0.191499122593859,0.295696896406161
"2020-10-29","Eastern","GL",0.222520148782029,0.368431535292274
"2020-10-29","Eastern","GR",1.4260761883822,2.20854992281291
"2020-10-29","Eastern","SG",3.51881749138124,5.55339164340178
"2020-10-29","Eastern","SH",0.470612763409567,0.871524116970894
"2020-10-29","Eastern","TG",1.56849714966701,2.58445885088787
"2020-10-29","Espace Mittelland","BE",6.73592697124403,12.4650516857782
"2020-10-29","Espace Mittelland","FR",1.94264253917618,3.02158043533381
"2020-10-29","Espace Mittelland","JU",0.414808565076662,0.625415929973537
"2020-10-29","Espace Mittelland","NE",1.16113154332281,1.80511059403807
"2020-10-29","Espace Mittelland","SO",1.46118354769589,2.59363565112117
"2020-10-29","Lake Geneva","GE",5.02668458852152,7.16799866222645
"2020-10-29","Lake Geneva","VD",6.29847310760584,10.0446876183212
"2020-10-29","Lake Geneva","VS",2.535858571664,3.47579805873288
"2020-10-29","Northwestern","AG",4.3345793774158,7.20117109566236
"2020-10-29","Northwestern","BL",1.61511481596675,2.7371676043997
"2020-10-29","Northwestern","BS",1.45746876668433,3.17459508218674
"2020-10-29","Ticino","TI",2.57880232846791,3.34439987465171
"2020-10-29","Zurich","ZH",11.7393189154483,23.1114315060625
"2020-10-30","9999","9999",0.0138671801521059,0.0440486411198143
"2020-10-30","Central","LU",4.33444839824679,6.52538472885274
"2020-10-30","Central","NW",0.426646721377428,0.595506358842799
"2020-10-30","Central","OW",0.261234817814954,0.391645441067609
"2020-10-30","Central","SZ",1.54609644972048,2.03939090517918
"2020-10-30","Central","UR",0.315741814466682,0.421487035900322
"2020-10-30","Central","ZG",1.56966133193201,2.45064750822683
"2020-10-30","Eastern","AI",0.11472168853268,0.137244145711273
"2020-10-30","Eastern","AR",0.249629621713465,0.35493824013443
"2020-10-30","Eastern","GL",0.31525846385671,0.461287158393611
"2020-10-30","Eastern","GR",1.98885629527682,2.75460352484296
"2020-10-30","Eastern","SG",4.45638512523223,6.61113682881053
"2020-10-30","Eastern","SH",0.58202277834539,1.01240499462647
"2020-10-30","Eastern","TG",2.00042928210199,3.0301794370339
"2020-10-30","Espace Mittelland","BE",8.61684476151287,14.6493340701964
"2020-10-30","Espace Mittelland","FR",2.44947239580237,3.50570762986362
"2020-10-30","Espace Mittelland","JU",0.55748566549164,0.755488576243236
"2020-10-30","Espace Mittelland","NE",1.40175208359851,2.0628427279976
"2020-10-30","Espace Mittelland","SO",1.81359905956275,2.96322278347986
"2020-10-30","Lake Geneva","GE",5.57813589993973,7.65419913384601
"2020-10-30","Lake Geneva","VD",8.17994622104264,12.0246332508781
"2020-10-30","Lake Geneva","VS",3.27231215772284,4.28964428683007
"2020-10-30","Northwestern","AG",5.52717438686079,8.53445820511304
"2020-10-30","Northwestern","BL",2.11780842585818,3.2204450952042
"2020-10-30","Northwestern","BS",1.75258009519903,3.4931320147291
"2020-10-30","Ticino","TI",3.17104192842251,3.64835589126783
"2020-10-30","Zurich","ZH",15.413740344917,27.2488088853179
"2020-10-31","9999","9999",0.0149472032003983,0.0406158380695819
"2020-10-31","Central","LU",4.74611217098014,6.77635322115885
"2020-10-31","Central","NW",0.507439855285464,0.675514461617523
"2020-10-31","Central","OW",0.324044230255999,0.485418744192275
"2020-10-31","Central","SZ",1.80321977005616,2.3670026735078
"2020-10-31","Central","UR",0.331461221850302,0.435626105889398
"2020-10-31","Central","ZG",1.64461021111127,2.30568805268979
"2020-10-31","Eastern","AI",0.146311924100832,0.18764857069637
"2020-10-31","Eastern","AR",0.274590342354141,0.396199853035244
"2020-10-31","Eastern","GL",0.342453082842255,0.526170534857906
"2020-10-31","Eastern","GR",2.54210640373005,3.1608298818368
"2020-10-31","Eastern","SG",5.18016545167076,7.05328865931027
"2020-10-31","Eastern","SH",0.684350728951922,1.1127380105105
"2020-10-31","Eastern","TG",2.33949072618964,3.36601633742347
"2020-10-31","Espace Mittelland","BE",9.25360745754905,14.4997182382447
"2020-10-31","Espace Mittelland","FR",2.4616042302148,3.4524482003615
"2020-10-31","Espace Mittelland","JU",0.578557040633151,0.756610185160638
"2020-10-31","Espace Mittelland","NE",1.6279977197947,2.19203168239298
"2020-10-31","Espace Mittelland","SO",2.1425717751024,3.22431974419159
"2020-10-31","Lake Geneva","GE",6.4497081050487,7.52653964615618
"2020-10-31","Lake Geneva","VD",9.75648176833368,12.832225659557
"2020-10-31","Lake Geneva","VS",3.50339525911642,4.5334412796946
"2020-10-31","Northwestern","AG",6.90072658135867,9.51882297680445
"2020-10-31","Northwestern","BL",2.39735541360613,3.2909025281065
"2020-10-31","Northwestern","BS",2.06365464259203,3.51648187310049
"2020-10-31","Ticino","TI",3.2856615771846,3.98402285091234
"2020-10-31","Zurich","ZH",18.8527927715821,27.6667951418699
"2020-11-01","9999","9999",0.0112375639249871,0.0387125017248986
"2020-11-01","Central","LU",0.618992589622566,1.53558457237131
"2020-11-01","Central","NW",0.127935457011861,0.194820070137944
"2020-11-01","Central","OW",0.087414515258987,0.150023689739862
"2020-11-01","Central","SZ",0.300863071153048,0.562367913555901
"2020-11-01","Central","UR",0.0985207279929278,0.145809159262348
"2020-11-01","Central","ZG",0.179996976596489,0.502752700188498
"2020-11-01","Eastern","AI",0.0274936933747461,0.0478213256601688
"2020-11-01","Eastern","AR",0.0541152456991932,0.0924817534622028
"2020-11-01","Eastern","GL",0.0646110094313969,0.152980658703923
"2020-11-01","Eastern","GR",0.691702577529618,0.983854949456224
"2020-11-01","Eastern","SG",0.575699237836887,1.36785305699609
"2020-11-01","Eastern","SH",0.098197573987909,0.253653556078067
"2020-11-01","Eastern","TG",0.255248043401986,0.591461769110347
"2020-11-01","Espace Mittelland","BE",1.26962591974176,3.75749183774601
"2020-11-01","Espace Mittelland","FR",0.423004504243101,0.98966692293731
"2020-11-01","Espace Mittelland","JU",0.0724913916744061,0.142920166596311
"2020-11-01","Espace Mittelland","NE",0.166586439788153,0.368329570845238
"2020-11-01","Espace Mittelland","SO",0.242495378614991,0.653218235865518
"2020-11-01","Lake Geneva","GE",0.656594854025935,1.46244207569705
"2020-11-01","Lake Geneva","VD",1.14110805244165,2.65913081426768
"2020-11-01","Lake Geneva","VS",0.693782129805561,1.25039001400991
"2020-11-01","Northwestern","AG",0.74012820435454,1.92230173183214
"2020-11-01","Northwestern","BL",0.24228376856459,0.662021166459679
"2020-11-01","Northwestern","BS",0.254616377396102,0.852660694269122
"2020-11-01","Ticino","TI",0.877716556308549,1.08874237730788
"2020-11-01","Zurich","ZH",2.25916993887134,6.3475587332209
"2020-11-02","9999","9999",0.0113980973077834,0.0395622054502036
"2020-11-02","Central","LU",2.47249273565296,4.88008641147005
"2020-11-02","Central","NW",0.248712814522653,0.451770476670195
"2020-11-02","Central","OW",0.16180081096653,0.305689412215749
"2020-11-02","Central","SZ",0.912114481346633,1.53242367451317
"2020-11-02","Central","UR",0.170887476621009,0.291686294822721
"2020-11-02","Central","ZG",0.897640486260684,1.83964255343447
"2020-11-02","Eastern","AI",0.0622675094785439,0.0947929475950326
"2020-11-02","Eastern","AR",0.153716932669537,0.273468646952181
"2020-11-02","Eastern","GL",0.175695892771376,0.333933564044889
"2020-11-02","Eastern","GR",1.323049752696,2.17714487312564
"2020-11-02","Eastern","SG",2.73214792440467,4.96131808760921
"2020-11-02","Eastern","SH",0.373673414941471,0.800149004045269
"2020-11-02","Eastern","TG",1.2027241278381,2.33930233206286
"2020-11-02","Espace Mittelland","BE",5.39451184946381,11.5042067132032
"2020-11-02","Espace Mittelland","FR",1.70090899903567,2.83845228845606
"2020-11-02","Espace Mittelland","JU",0.296093615499961,0.506661337324901
"2020-11-02","Espace Mittelland","NE",0.941548994105867,1.61651035516936
"2020-11-02","Espace Mittelland","SO",1.07867761689121,2.23339525974083
"2020-11-02","Lake Geneva","GE",7.07923573609848,8.61191719671185
"2020-11-02","Lake Geneva","VD",6.15659106527519,9.8387194353073
"2020-11-02","Lake Geneva","VS",2.25727512099067,3.41659070315362
"2020-11-02","Northwestern","AG",3.39994596751941,6.5391839173517
"2020-11-02","Northwestern","BL",1.36009807237095,2.53007781246835
"2020-11-02","Northwestern","BS",1.21938729638808,2.90544293015911
"2020-11-02","Ticino","TI",2.25791548839619,2.83780651362483
"2020-11-02","Zurich","ZH",10.0884400155408,22.2623055792906
"2020-11-03","9999","9999",0.0108788720254259,0.0402419684304477
"2020-11-03","Central","LU",2.63909312039345,4.92712600970294
"2020-11-03","Central","NW",0.284019761700932,0.458704059068684
"2020-11-03","Central","OW",0.181050131821701,0.285194558361391
"2020-11-03","Central","SZ",1.02267490368359,1.54092071176622
"2020-11-03","Central","UR",0.191529851614077,0.30123696469515
"2020-11-03","Central","ZG",1.02063570992458,1.89667466747694
"2020-11-03","Eastern","AI",0.0702274339489853,0.0924137771641784
"2020-11-03","Eastern","AR",0.16717492774167,0.280776098989804
"2020-11-03","Eastern","GL",0.195259885529133,0.337672260436231
"2020-11-03","Eastern","GR",1.24603644883162,2.08602264562392
"2020-11-03","Eastern","SG",2.94160348946019,5.08296167292388
"2020-11-03","Eastern","SH",0.39958786693909,0.800182992194282
"2020-11-03","Eastern","TG",1.33443529523906,2.37801483378776
"2020-11-03","Espace Mittelland","BE",5.68712575880307,11.4529525844928
"2020-11-03","Espace Mittelland","FR",1.836892800366,2.88345259774822
"2020-11-03","Espace Mittelland","JU",0.33644767991531,0.531608638699858
"2020-11-03","Espace Mittelland","NE",1.06797383018424,1.67898057305379
"2020-11-03","Espace Mittelland","SO",1.17981300190937,2.28692659443505
"2020-11-03","Lake Geneva","GE",2.67133297300976,4.9261743415306
"2020-11-03","Lake Geneva","VD",6.62946334955789,9.94843318031869
"2020-11-03","Lake Geneva","VS",2.34879831810952,3.4248838115126
"2020-11-03","Northwestern","AG",3.77453496393699,6.75575640285745
"2020-11-03","Northwestern","BL",1.43665891911848,2.54632414769618
"2020-11-03","Northwestern","BS",1.26404200603414,2.85928702380054
"2020-11-03","Ticino","TI",2.27588878933014,2.82642048370574
"2020-11-03","Zurich","ZH",10.5286262518086,21.792691324389
"2020-11-04","9999","9999",0.0119123766550658,0.0410916721557527
"2020-11-04","Central","LU",3.01785717131823,5.21096104210384
"2020-11-04","Central","NW",0.327185972018609,0.477125635833298
"2020-11-04","Central","OW",0.199108116719228,0.298313983880101
"2020-11-04","Central","SZ",1.09995219046908,1.61348540990727
"2020-11-04","Central","UR",0.204773358360052,0.308986262669932
"2020-11-04","Central","ZG",1.09137449795284,1.97783836731808
"2020-11-04","Eastern","AI",0.0733855016049677,0.0901365711803608
"2020-11-04","Eastern","AR",0.172677893370159,0.288151527325452
"2020-11-04","Eastern","GL",0.203684614332019,0.347868705139892
"2020-11-04","Eastern","GR",1.37958049048615,2.15505257626771
"2020-11-04","Eastern","SG",3.1938312034282,5.32223824196979
"2020-11-04","Eastern","SH",0.411364435970714,0.822547194244311
"2020-11-04","Eastern","TG",1.38493394633219,2.44480154659673
"2020-11-04","Espace Mittelland","BE",6.02878575331978,11.7853906699812
"2020-11-04","Espace Mittelland","FR",1.84043669403408,2.90051464855234
"2020-11-04","Espace Mittelland","JU",0.344360169618083,0.540887403380189
"2020-11-04","Espace Mittelland","NE",1.08343870400649,1.69159017633731
"2020-11-04","Espace Mittelland","SO",1.24445561363376,2.35245574573058
"2020-11-04","Lake Geneva","GE",2.7418759677982,4.97284007012435
"2020-11-04","Lake Geneva","VD",6.44993766222535,10.0263340178547
"2020-11-04","Lake Geneva","VS",2.59087544605491,3.60984731843701
"2020-11-04","Northwestern","AG",3.97378743303843,7.02099991774868
"2020-11-04","Northwestern","BL",1.49776136914322,2.61542205463799
"2020-11-04","Northwestern","BS",1.34026142662063,2.98038679873102
"2020-11-04","Ticino","TI",2.36630829888315,2.846643432368
"2020-11-04","Zurich","ZH",11.0887163809217,22.5045731054496
"2020-11-05","9999","9999",0.0116110936297739,0.0402079802814355
"2020-11-05","Central","LU",2.99676611033695,5.33389617708097
"2020-11-05","Central","NW",0.334889365756743,0.490007144308922
"2020-11-05","Central","OW",0.211199741423538,0.326116289772082
"2020-11-05","Central","SZ",1.15474459067917,1.64461855440245
"2020-11-05","Central","UR",0.218644791311439,0.30864638117981
"2020-11-05","Central","ZG",1.12170554074388,2.03847322515585
"2020-11-05","Eastern","AI",0.0764987347315156,0.0933994334855323
"2020-11-05","Eastern","AR",0.197688171262122,0.289375100689891
"2020-11-05","Eastern","GL",0.217977379861876,0.365202661136115
"2020-11-05","Eastern","GR",1.4907010996897,2.25147695501533
"2020-11-05","Eastern","SG",3.42207271043825,5.51348955646145
"2020-11-05","Eastern","SH",0.440949120320021,0.859832193710697
"2020-11-05","Eastern","TG",1.46965509253506,2.53741925265498
"2020-11-05","Espace Mittelland","BE",6.36941898267974,12.2620064835793
"2020-11-05","Espace Mittelland","FR",1.68317001716044,2.74546071275868
"2020-11-05","Espace Mittelland","JU",0.366535870636926,0.563965356559475
"2020-11-05","Espace Mittelland","NE",1.01136449392783,1.67211496695332
"2020-11-05","Espace Mittelland","SO",1.41309091583786,2.55213612117727
"2020-11-05","Lake Geneva","GE",2.86154681037567,5.14471813967906
"2020-11-05","Lake Geneva","VD",5.6802035095251,9.18363185124611
"2020-11-05","Lake Geneva","VS",2.53006405823951,3.5688915988773
"2020-11-05","Northwestern","AG",4.07706828872138,7.15933168422834
"2020-11-05","Northwestern","BL",1.52299652848224,2.6772804858402
"2020-11-05","Northwestern","BS",1.39855582690147,3.0867357169902
"2020-11-05","Ticino","TI",2.54656833030366,3.08360880728108
"2020-11-05","Zurich","ZH",11.5296463401488,23.1086444778435
"2020-11-06","9999","9999",0.0114517898777088,0.0362313668470078
"2020-11-06","Central","LU",4.01670384426465,6.40061423382895
"2020-11-06","Central","NW",0.432291842500108,0.594860584011567
"2020-11-06","Central","OW",0.268954709751403,0.395554078204012
"2020-11-06","Central","SZ",1.49449589676728,2.03272922797279
"2020-11-06","Central","UR",0.314431231740253,0.407178025166185
"2020-11-06","Central","ZG",1.5373960682526,2.41394030729365
"2020-11-06","Eastern","AI",0.120135780054651,0.13873962426781
"2020-11-06","Eastern","AR",0.237324742229749,0.362279680321066
"2020-11-06","Eastern","GL",0.294530187017397,0.432465208031264
"2020-11-06","Eastern","GR",2.02110829930764,2.83345603055127
"2020-11-06","Eastern","SG",4.37629490934013,6.45808819380858
"2020-11-06","Eastern","SH",0.539941114080765,0.979436490084637
"2020-11-06","Eastern","TG",1.90110416022962,2.94191221404921
"2020-11-06","Espace Mittelland","BE",8.54612141827316,14.542441341553
"2020-11-06","Espace Mittelland","FR",2.27191957265774,3.35293090005377
"2020-11-06","Espace Mittelland","JU",0.455941064065339,0.671537848183096
"2020-11-06","Espace Mittelland","NE",1.25718253449583,1.92114613476573
"2020-11-06","Espace Mittelland","SO",1.75598440228298,2.85262534659415
"2020-11-06","Lake Geneva","GE",3.47950875014823,5.71731648608763
"2020-11-06","Lake Geneva","VD",7.44640053152629,10.9975453758783
"2020-11-06","Lake Geneva","VS",3.47459215782168,4.50859594276668
"2020-11-06","Northwestern","AG",5.32906942560506,8.37824867225296
"2020-11-06","Northwestern","BL",2.02741715081973,3.14380181918169
"2020-11-06","Northwestern","BS",1.72014043150491,3.46702911628773
"2020-11-06","Ticino","TI",2.76267994133189,3.30432784696632
"2020-11-06","Zurich","ZH",14.7093281945003,26.3520655617799
"2020-11-07","9999","9999",0.013254538178364,0.0377948217015691
"2020-11-07","Central","LU",4.6653954503984,6.69298029163191
"2020-11-07","Central","NW",0.536523700073062,0.701787300803956
"2020-11-07","Central","OW",0.34822437425962,0.503942285403925
"2020-11-07","Central","SZ",1.82772518271637,2.38525430952735
"2020-11-07","Central","UR",0.318931006661047,0.425837518973884
"2020-11-07","Central","ZG",1.6401320330487,2.32026896861602
"2020-11-07","Eastern","AI",0.161040139466441,0.20525443188469
"2020-11-07","Eastern","AR",0.275476142487213,0.408673503722722
"2020-11-07","Eastern","GL",0.328123929641203,0.507239135858109
"2020-11-07","Eastern","GR",2.60910009290878,3.37152241756344
"2020-11-07","Eastern","SG",5.29609466107768,7.10981095111756
"2020-11-07","Eastern","SH",0.664704245202591,1.09122351218577
"2020-11-07","Eastern","TG",2.29120507755099,3.3226474592839
"2020-11-07","Espace Mittelland","BE",9.68494850962431,14.8053056860134
"2020-11-07","Espace Mittelland","FR",2.33383942950115,3.22231444339988
"2020-11-07","Espace Mittelland","JU",0.510122694159936,0.684827214446867
"2020-11-07","Espace Mittelland","NE",1.48415624522967,2.04812585947532
"2020-11-07","Espace Mittelland","SO",2.12021463306231,3.19726517757788
"2020-11-07","Lake Geneva","GE",3.43798780141309,4.93922579075128
"2020-11-07","Lake Geneva","VD",9.18610623241195,11.7964708065592
"2020-11-07","Lake Geneva","VS",3.61952198872862,4.56946871764753
"2020-11-07","Northwestern","AG",6.75870008482925,9.48034839212264
"2020-11-07","Northwestern","BL",2.42449328944105,3.28182769232024
"2020-11-07","Northwestern","BS",2.31478764451534,3.70746128240005
"2020-11-07","Ticino","TI",3.0752796380979,3.81061531465209
"2020-11-07","Zurich","ZH",18.5714045410427,27.6265871615885
"2020-11-08","9999","9999",0.010926373365459,0.036775177231203
"2020-11-08","Central","LU",0.663358390871077,1.57738999565631
"2020-11-08","Central","NW",0.151660841278024,0.234382275588148
"2020-11-08","Central","OW",0.10750413207813,0.194004354561651
"2020-11-08","Central","SZ",0.330220226824812,0.644041435632224
"2020-11-08","Central","UR",0.11896025699157,0.147542554861971
"2020-11-08","Central","ZG",0.185790742060882,0.526986250434199
"2020-11-08","Eastern","AI",0.0442700427763077,0.0802460198178099
"2020-11-08","Eastern","AR",0.0741239849275938,0.123105075722197
"2020-11-08","Eastern","GL",0.065505561872381,0.1584867388439
"2020-11-08","Eastern","GR",0.736950090584821,1.10478478364164
"2020-11-08","Eastern","SG",0.678847500949997,1.47828055313673
"2020-11-08","Eastern","SH",0.0944148578364584,0.253415639034981
"2020-11-08","Eastern","TG",0.243067015928264,0.597443683336494
"2020-11-08","Espace Mittelland","BE",1.38742118776791,3.92865615617147
"2020-11-08","Espace Mittelland","FR",0.301334689362794,0.822921063883445
"2020-11-08","Espace Mittelland","JU",0.0488618676970043,0.134355153045236
"2020-11-08","Espace Mittelland","NE",0.131843035506837,0.342192684254854
"2020-11-08","Espace Mittelland","SO",0.27336702816544,0.711779816613543
"2020-11-08","Lake Geneva","GE",0.342954024220522,1.04462575989004
"2020-11-08","Lake Geneva","VD",0.811092794094884,2.17734880201971
"2020-11-08","Lake Geneva","VS",0.544485406333257,1.12439594562168
"2020-11-08","Northwestern","AG",0.764612427422759,1.98558766529287
"2020-11-08","Northwestern","BL",0.258707237442403,0.720616735356716
"2020-11-08","Northwestern","BS",0.267829922662062,0.924579617578942
"2020-11-08","Ticino","TI",0.694958240271858,0.971823144705904
"2020-11-08","Zurich","ZH",2.36336820872842,6.8277433024653
"2020-11-09","9999","9999",0.0117850354699711,0.0402079802814355
"2020-11-09","Central","LU",2.44305796443631,4.89055476136581
"2020-11-09","Central","NW",0.244459764616488,0.450750832199829
"2020-11-09","Central","OW",0.163822265148431,0.30925816786203
"2020-11-09","Central","SZ",0.94649075078617,1.55713305884504
"2020-11-09","Central","UR",0.17847803020143,0.28842343251755
"2020-11-09","Central","ZG",0.910564684534692,1.86238062512363
"2020-11-09","Eastern","AI",0.0634118610109851,0.1027801626129
"2020-11-09","Eastern","AR",0.167946814727156,0.294031477104563
"2020-11-09","Eastern","GL",0.165841291397041,0.330330820249595
"2020-11-09","Eastern","GR",1.34308642098929,2.24984552386274
"2020-11-09","Eastern","SG",2.74689170987151,5.06039354197978
"2020-11-09","Eastern","SH",0.360424629398598,0.787233507420633
"2020-11-09","Eastern","TG",1.1894862797431,2.33097523555487
"2020-11-09","Espace Mittelland","BE",5.29722533786327,11.5081153503396
"2020-11-09","Espace Mittelland","FR",1.4562313626505,2.63850000781727
"2020-11-09","Espace Mittelland","JU",0.295423877933664,0.516619864985477
"2020-11-09","Espace Mittelland","NE",0.824674872222276,1.51203078510585
"2020-11-09","Espace Mittelland","SO",1.06231507739094,2.23261353231355
"2020-11-09","Lake Geneva","GE",2.58886241523512,4.95397664742258
"2020-11-09","Lake Geneva","VD",5.01706616240006,8.83280617714215
"2020-11-09","Lake Geneva","VS",2.11902875212253,3.42080523363114
"2020-11-09","Northwestern","AG",3.40641568527612,6.58003767246436
"2020-11-09","Northwestern","BL",1.30523793282204,2.50917510082584
"2020-11-09","Northwestern","BS",1.1939488642083,2.92104349055571
"2020-11-09","Ticino","TI",2.0274071884612,2.83835032400902
"2020-11-09","Zurich","ZH",9.85622324160524,22.0257820503147
"2020-11-10","9999","9999",0.0110991638953538,0.0400720276853867
"2020-11-10","Central","LU",2.58164520730648,4.98748896234861
"2020-11-10","Central","NW",0.273986785550133,0.457752390896342
"2020-11-10","Central","OW",0.173869151007375,0.299639521691577
"2020-11-10","Central","SZ",1.01898445682925,1.57575856450373
"2020-11-10","Central","UR",0.203788189183011,0.302834407698724
"2020-11-10","Central","ZG",1.00834448560762,1.91217326342651
"2020-11-10","Eastern","AI",0.0752737718977898,0.103663854487217
"2020-11-10","Eastern","AR",0.169760398659128,0.299265652052442
"2020-11-10","Eastern","GL",0.183477086107402,0.346985013265575
"2020-11-10","Eastern","GR",1.26749230678988,2.16946355144888
"2020-11-10","Eastern","SG",2.90170102063697,5.13611913797897
"2020-11-10","Eastern","SH",0.394483865574622,0.815953493335944
"2020-11-10","Eastern","TG",1.27276500252581,2.35126616051515
"2020-11-10","Espace Mittelland","BE",5.72364894000329,11.7784570875827
"2020-11-10","Espace Mittelland","FR",1.5505111412435,2.69271110549174
"2020-11-10","Espace Mittelland","JU",0.336025642452981,0.541567166360433
"2020-11-10","Espace Mittelland","NE",0.886740408979176,1.57868154531878
"2020-11-10","Espace Mittelland","SO",1.16818032708546,2.33036344887265
"2020-11-10","Lake Geneva","GE",2.68261688304845,5.03112974568028
"2020-11-10","Lake Geneva","VD",5.37788219814131,9.1061728596473
"2020-11-10","Lake Geneva","VS",2.28102302629612,3.51291311745421
"2020-11-10","Northwestern","AG",3.73145169495335,6.81543959252288
"2020-11-10","Northwestern","BL",1.36607925470531,2.5817397989669
"2020-11-10","Northwestern","BS",1.28829364484114,2.9508171090904
"2020-11-10","Ticino","TI",2.11785956518213,2.8488526620538
"2020-11-10","Zurich","ZH",10.3458573742621,22.2334156526302
"2020-11-11","9999","9999",0.0118311348743298,0.0408197669636551
"2020-11-11","Central","LU",2.83927694862137,5.22384255057946
"2020-11-11","Central","NW",0.312738699862947,0.490618930991142
"2020-11-11","Central","OW",0.192762450689605,0.32747581573257
"2020-11-11","Central","SZ",1.0403974226047,1.59638937095414
"2020-11-11","Central","UR",0.213747775176056,0.31867288513841
"2020-11-11","Central","ZG",1.09272959409494,1.99676976631788
"2020-11-11","Eastern","AI",0.0846613916317606,0.113690358445817
"2020-11-11","Eastern","AR",0.183279620726432,0.305961317407846
"2020-11-11","Eastern","GL",0.206111999380078,0.356807588330101
"2020-11-11","Eastern","GR",1.37152470572695,2.24141646290771
"2020-11-11","Eastern","SG",3.14102141438338,5.3824312538704
"2020-11-11","Eastern","SH",0.410960842969353,0.844537526655206
"2020-11-11","Eastern","TG",1.35553680416553,2.43195402627012
"2020-11-11","Espace Mittelland","BE",6.08338932689219,12.1334293158661
"2020-11-11","Espace Mittelland","FR",1.56353782963057,2.72642734931184
"2020-11-11","Espace Mittelland","JU",0.341630593027758,0.566174586245268
"2020-11-11","Espace Mittelland","NE",0.923538463556116,1.60543021859138
"2020-11-11","Espace Mittelland","SO",1.26869521067485,2.42406877569929
"2020-11-11","Lake Geneva","GE",2.75666723894099,5.14210105220512
"2020-11-11","Lake Geneva","VD",5.54941963642036,9.28783951611752
"2020-11-11","Lake Geneva","VS",2.27995029487974,3.50145911123709
"2020-11-11","Northwestern","AG",3.95491936819834,7.09808503970835
"2020-11-11","Northwestern","BL",1.4692302551174,2.65508622453523
"2020-11-11","Northwestern","BS",1.36263575216279,3.08490035694354
"2020-11-11","Ticino","TI",2.05523918301188,2.90772013614293
"2020-11-11","Zurich","ZH",11.1343474447805,22.9646027023297
"2020-11-12","9999","9999",0.0130516373596387,0.0420433403280944
"2020-11-12","Central","LU",2.85387681638438,5.3267246776394
"2020-11-12","Central","NW",0.312210745768806,0.485928566427458
"2020-11-12","Central","OW",0.199452491644414,0.321018067420252
"2020-11-12","Central","SZ",1.10784612606228,1.65682029989783
"2020-11-12","Central","UR",0.206212288689085,0.317415323624958
"2020-11-12","Central","ZG",1.11066094660725,2.03765750957956
"2020-11-12","Eastern","AI",0.0884623721071943,0.111685057654097
"2020-11-12","Eastern","AR",0.194467909353675,0.303514170678968
"2020-11-12","Eastern","GL",0.21013455226445,0.362449621066127
"2020-11-12","Eastern","GR",1.449797488238,2.29141303010466
"2020-11-12","Eastern","SG",3.27074207200383,5.49241690407389
"2020-11-12","Eastern","SH",0.412711766642309,0.853850279484549
"2020-11-12","Eastern","TG",1.36505169459621,2.4472147051766
"2020-11-12","Espace Mittelland","BE",6.16966267042814,12.3950360988131
"2020-11-12","Espace Mittelland","FR",1.55166194637927,2.73475444581983
"2020-11-12","Espace Mittelland","JU",0.367821210689171,0.588334859401224
"2020-11-12","Espace Mittelland","NE",0.94677298236717,1.64339498103801
"2020-11-12","Espace Mittelland","SO",1.3545650277818,2.54292533279496
"2020-11-12","Lake Geneva","GE",2.89834607500324,5.28818211665956
"2020-11-12","Lake Geneva","VD",5.37376265323798,9.13750993303655
"2020-11-12","Lake Geneva","VS",2.19392572443763,3.44425705644956
"2020-11-12","Northwestern","AG",3.98299678372852,7.07810000808918
"2020-11-12","Northwestern","BL",1.48582798694917,2.64009745082085
"2020-11-12","Northwestern","BS",1.37335725103472,3.08122963685022
"2020-11-12","Ticino","TI",2.14840628676985,3.08054987386998
"2020-11-12","Zurich","ZH",11.2503780204024,23.1288334383567
"2020-11-13","9999","9999",0.0126620637150237,0.0417374469869846
"2020-11-13","Central","LU",4.00554493363023,6.53496938687418
"2020-11-13","Central","NW",0.423983302053264,0.593704986945152
"2020-11-13","Central","OW",0.266698008413705,0.39382068260439
"2020-11-13","Central","SZ",1.46824465909402,2.01087484815794
"2020-11-13","Central","UR",0.323103680227213,0.414689406097882
"2020-11-13","Central","ZG",1.55574306336424,2.46604413972936
"2020-11-13","Eastern","AI",0.134378725959784,0.157806975863656
"2020-11-13","Eastern","AR",0.247588043097398,0.365848435967347
"2020-11-13","Eastern","GL",0.276125755619343,0.446468325424291
"2020-11-13","Eastern","GR",2.0302062509359,2.85612612594241
"2020-11-13","Eastern","SG",4.24223213190592,6.47654375872221
"2020-11-13","Eastern","SH",0.539409424102173,0.99027870961953
"2020-11-13","Eastern","TG",1.82311128318283,2.91686294822721
"2020-11-13","Espace Mittelland","BE",8.61766755286101,14.8023487170493
"2020-11-13","Espace Mittelland","FR",2.21679080187028,3.42277654627385
"2020-11-13","Espace Mittelland","JU",0.460840034295419,0.687410313771794
"2020-11-13","Espace Mittelland","NE",1.23249319414075,1.97066686787651
"2020-11-13","Espace Mittelland","SO",1.70088807964915,2.87597520496553
"2020-11-13","Lake Geneva","GE",3.4358698799591,5.84086340774699
"2020-11-13","Lake Geneva","VD",7.35094779094822,11.1684717772607
"2020-11-13","Lake Geneva","VS",3.19850628688067,4.503939566352
"2020-11-13","Northwestern","AG",5.22132656502808,8.35377720496417
"2020-11-13","Northwestern","BL",1.98407180993346,3.15559570688892
"2020-11-13","Northwestern","BS",1.73423950669847,3.5510478206459
"2020-11-13","Ticino","TI",2.44969226082597,3.37342575390813
"2020-11-13","Zurich","ZH",14.5578134599821,26.8336776332828
"2020-11-14","9999","9999",0.0143221983469792,0.0378288098505813
"2020-11-14","Central","LU",4.59095437346698,6.89170899890626
"2020-11-14","Central","NW",0.515964246833927,0.706579629814676
"2020-11-14","Central","OW",0.30599049032571,0.464753949592856
"2020-11-14","Central","SZ",1.77025172150554,2.38651187104081
"2020-11-14","Central","UR",0.311079634304844,0.421826917390444
"2020-11-14","Central","ZG",1.64240612152158,2.33352434673078
"2020-11-14","Eastern","AI",0.159523879462088,0.206070147460983
"2020-11-14","Eastern","AR",0.289190202285103,0.40632832144088
"2020-11-14","Eastern","GL",0.316559037232345,0.496362928174204
"2020-11-14","Eastern","GR",2.55413032433974,3.33151836617608
"2020-11-14","Eastern","SG",5.21608160647198,7.14074016671867
"2020-11-14","Eastern","SH",0.64570822044602,1.0963217345376
"2020-11-14","Eastern","TG",2.23186040815274,3.27965245078346
"2020-11-14","Espace Mittelland","BE",9.55404392124275,15.063105796271
"2020-11-14","Espace Mittelland","FR",2.20611656546107,3.25450122051443
"2020-11-14","Espace Mittelland","JU",0.492465882162521,0.693766097637076
"2020-11-14","Espace Mittelland","NE",1.43244104291687,2.0530881292311
"2020-11-14","Espace Mittelland","SO",2.04799424181942,3.14743855112599
"2020-11-14","Lake Geneva","GE",3.26469960001796,5.01196042963739
"2020-11-14","Lake Geneva","VD",8.92255619223494,11.9062525278686
"2020-11-14","Lake Geneva","VS",3.58925504337646,4.65515284130729
"2020-11-14","Northwestern","AG",6.57839518755113,9.4242679462525
"2020-11-14","Northwestern","BL",2.31469446278524,3.23791500379648
"2020-11-14","Northwestern","BS",2.13338712667554,3.73760877057388
"2020-11-14","Ticino","TI",3.17827742417127,3.92583513980345
"2020-11-14","Zurich","ZH",18.3118926943397,27.9589572707788
"2020-11-15","9999","9999",0.0115964829537917,0.0380327387446545
"2020-11-15","Central","LU",0.703365812984828,1.76269338407084
"2020-11-15","Central","NW",0.178291408283819,0.255658856869787
"2020-11-15","Central","OW",0.102801146972917,0.18673089067304
"2020-11-15","Central","SZ",0.375410025556073,0.732546575659999
"2020-11-15","Central","UR",0.11619570641379,0.142784214000262
"2020-11-15","Central","ZG",0.201437851856729,0.569845306338586
"2020-11-15","Eastern","AI",0.0507188176503717,0.0913601445448001
"2020-11-15","Eastern","AR",0.0831934827440927,0.126707819517491
"2020-11-15","Eastern","GL",0.0683059244662043,0.168411278355463
"2020-11-15","Eastern","GR",0.74490379641322,1.07110252797055
"2020-11-15","Eastern","SG",0.693051592090431,1.54442149111448
"2020-11-15","Eastern","SH",0.0968642509249946,0.259669458453227
"2020-11-15","Eastern","TG",0.269092408813199,0.627353254467232
"2020-11-15","Espace Mittelland","BE",1.47526263551603,4.12459783522681
"2020-11-15","Espace Mittelland","FR",0.327270377944667,0.882026455015665
"2020-11-15","Espace Mittelland","JU",0.0527079215791801,0.137787956095469
"2020-11-15","Espace Mittelland","NE",0.133193217042038,0.352864963044686
"2020-11-15","Espace Mittelland","SO",0.274547681216604,0.731221037848523
"2020-11-15","Lake Geneva","GE",0.354056191704318,1.07093258722549
"2020-11-15","Lake Geneva","VD",0.860068680672054,2.30759138903447
"2020-11-15","Lake Geneva","VS",0.609438922747615,1.16970214825495
"2020-11-15","Northwestern","AG",0.784913172621667,2.05471956038369
"2020-11-15","Northwestern","BL",0.258558181918439,0.739718075101574
"2020-11-15","Northwestern","BS",0.287227041998316,0.957684074716828
"2020-11-15","Ticino","TI",0.609991958959061,0.87917145049864
"2020-11-15","Zurich","ZH",2.52008723783612,7.09726932413206
"2020-11-16","9999","9999",0.0102671424846789,0.0368091653802152
"2020-11-16","Central","LU",2.5253509345548,4.99568010626055
"2020-11-16","Central","NW",0.251126054901281,0.454693457485244
"2020-11-16","Central","OW",0.159235307842381,0.282271577546341
"2020-11-16","Central","SZ",0.978033512426439,1.57263165479461
"2020-11-16","Central","UR",0.210894906566803,0.295017133425917
"2020-11-16","Central","ZG",0.935566578224759,1.89752437120225
"2020-11-16","Eastern","AI",0.0562494303902068,0.0822853087585421
"2020-11-16","Eastern","AR",0.148678798785643,0.270341737243058
"2020-11-16","Eastern","GL",0.169276993224856,0.331554393614035
"2020-11-16","Eastern","GR",1.35212385833828,2.24216420218598
"2020-11-16","Eastern","SG",2.8344646595258,5.08554477224881
"2020-11-16","Eastern","SH",0.373136089808031,0.78179540357868
"2020-11-16","Eastern","TG",1.22750077980714,2.35578658433377
"2020-11-16","Espace Mittelland","BE",5.51255190015796,11.6718022759824
"2020-11-16","Espace Mittelland","FR",1.48067588117737,2.68200483855289
"2020-11-16","Espace Mittelland","JU",0.286084644560572,0.490143096904971
"2020-11-16","Espace Mittelland","NE",0.812951063747476,1.51481781332485
"2020-11-16","Espace Mittelland","SO",1.07975028956727,2.25429797138334
"2020-11-16","Lake Geneva","GE",2.52856205646921,5.11079796696488
"2020-11-16","Lake Geneva","VD",5.15101142003094,8.8418470247794
"2020-11-16","Lake Geneva","VS",2.1028365282266,3.41421153272277
"2020-11-16","Northwestern","AG",3.44828713359398,6.63244739824118
"2020-11-16","Northwestern","BL",1.34296081851772,2.51988136776469
"2020-11-16","Northwestern","BS",1.2031534491003,2.87298424785246
"2020-11-16","Ticino","TI",1.93411974144844,2.8630597083409
"2020-11-16","Zurich","ZH",10.15258371047,22.2637330815491
"2020-11-17","9999","9999",0.0106941689583191,0.0381007150426789
"2020-11-17","Central","LU",2.50265336493912,4.96369725804007
"2020-11-17","Central","NW",0.267308484827592,0.459043940558806
"2020-11-17","Central","OW",0.169685422512691,0.296240706790356
"2020-11-17","Central","SZ",0.995065194257748,1.55937627667985
"2020-11-17","Central","UR",0.209110504826581,0.304771732192419
"2020-11-17","Central","ZG",0.988550403094296,1.90911433001541
"2020-11-17","Eastern","AI",0.067817013105792,0.0967302720887281
"2020-11-17","Eastern","AR",0.169543243522371,0.292230105206916
"2020-11-17","Eastern","GL",0.177069887632937,0.335293090005377
"2020-11-17","Eastern","GR",1.26697602243962,2.13401391202915
"2020-11-17","Eastern","SG",2.85259729945601,5.13469163572046
"2020-11-17","Eastern","SH",0.388092550483106,0.8080342546161
"2020-11-17","Eastern","TG",1.23993740600007,2.34062786987433
"2020-11-17","Espace Mittelland","BE",5.49657579756914,11.6714284063433
"2020-11-17","Espace Mittelland","FR",1.47896533560145,2.64291846718886
"2020-11-17","Espace Mittelland","JU",0.307360373364762,0.526204523006918
"2020-11-17","Espace Mittelland","NE",0.834446238560963,1.54601893411805
"2020-11-17","Espace Mittelland","SO",1.1270980314916,2.2876063574153
"2020-11-17","Lake Geneva","GE",2.63292666325286,5.14488808042412
"2020-11-17","Lake Geneva","VD",5.09182967278857,8.84752304566444
"2020-11-17","Lake Geneva","VS",2.08782458144378,3.34905625106638
"2020-11-17","Northwestern","AG",3.56246352397357,6.693218208675
"2020-11-17","Northwestern","BL",1.35761405773689,2.53585579780042
"2020-11-17","Northwestern","BS",1.29397668871542,2.94887978459671
"2020-11-17","Ticino","TI",1.91650095401918,2.82580869702352
"2020-11-17","Zurich","ZH",10.3794413816566,22.4993049423527
"2020-11-18","9999","9999",0.0124542678695019,0.039460241003167
"2020-11-18","Central","LU",2.74079200131632,5.16619864985477
"2020-11-18","Central","NW",0.295944853677604,0.488613630199422
"2020-11-18","Central","OW",0.179970465131359,0.322887415615923
"2020-11-18","Central","SZ",1.05528853663006,1.6361215171494
"2020-11-18","Central","UR",0.199404610450302,0.313710615382628
"2020-11-18","Central","ZG",1.0328985939944,1.97059889157848
"2020-11-18","Eastern","AI",0.0863400372970497,0.115083872555317
"2020-11-18","Eastern","AR",0.176774925066244,0.308306499689688
"2020-11-18","Eastern","GL",0.199307434378338,0.354598358644308
"2020-11-18","Eastern","GR",1.30327354682054,2.20018883815591
"2020-11-18","Eastern","SG",3.00668170374517,5.34776334187795
"2020-11-18","Eastern","SH",0.400383731723835,0.822309277201225
"2020-11-18","Eastern","TG",1.30017359292269,2.40744857083232
"2020-11-18","Espace Mittelland","BE",5.82249072301375,12.0881910895309
"2020-11-18","Espace Mittelland","FR",1.53846052903171,2.72598550337468
"2020-11-18","Espace Mittelland","JU",0.324591744877218,0.537862458118103
"2020-11-18","Espace Mittelland","NE",0.876130681191107,1.59683121689129
"2020-11-18","Espace Mittelland","SO",1.18141526949255,2.39548474238003
"2020-11-18","Lake Geneva","GE",2.80965003781291,5.18149331691026
"2020-11-18","Lake Geneva","VD",5.40548175723959,9.2526957700389
"2020-11-18","Lake Geneva","VS",2.19083005075121,3.51111174555656
"2020-11-18","Northwestern","AG",3.80621072149731,6.93759300007274
"2020-11-18","Northwestern","BL",1.38517929682329,2.56688697784856
"2020-11-18","Northwestern","BS",1.34316075490821,3.04187136029409
"2020-11-18","Ticino","TI",1.91599934691727,2.92274289800632
"2020-11-18","Zurich","ZH",10.8658292030305,23.0565746335568
"2020-11-19","9999","9999",0.0113539950743577,0.0384066083837887
"2020-11-19","Central","LU",3.00701613197591,5.29338230345843
"2020-11-19","Central","NW",0.306640608624606,0.47284312905776
"2020-11-19","Central","OW",0.202726054520644,0.307218878921298
"2020-11-19","Central","SZ",1.126462946799,1.62273018643859
"2020-11-19","Central","UR",0.232673499515786,0.319556577012727
"2020-11-19","Central","ZG",1.12882884639448,2.01665283349002
"2020-11-19","Eastern","AI",0.0799064370060548,0.0951328290851546
"2020-11-19","Eastern","AR",0.186333439975734,0.290190816266184
"2020-11-19","Eastern","GL",0.219643717471788,0.358201102439601
"2020-11-19","Eastern","GR",1.46283357507652,2.25208874169755
"2020-11-19","Eastern","SG",3.38495757952156,5.47837979853185
"2020-11-19","Eastern","SH",0.42412680465883,0.848888009728768
"2020-11-19","Eastern","TG",1.43475901432597,2.47416730734328
"2020-11-19","Espace Mittelland","BE",6.53644648787838,12.4122001140642
"2020-11-19","Espace Mittelland","FR",1.65070756222156,2.78043451809223
"2020-11-19","Espace Mittelland","JU",0.366520852694714,0.574603647200294
"2020-11-19","Espace Mittelland","NE",0.961957210597097,1.65328553240056
"2020-11-19","Espace Mittelland","SO",1.35755421701331,2.50686390669301
"2020-11-19","Lake Geneva","GE",2.8118712991566,5.30272904443679
"2020-11-19","Lake Geneva","VD",5.53858843020786,9.09186384891316
"2020-11-19","Lake Geneva","VS",2.27646046580362,3.45965368795208
"2020-11-19","Northwestern","AG",4.07746012974241,7.09383652108183
"2020-11-19","Northwestern","BL",1.53968996787793,2.64662317543119
"2020-11-19","Northwestern","BS",1.35756513488107,3.01522465146853
"2020-11-19","Ticino","TI",2.17669423152851,3.15376034684226
"2020-11-19","Zurich","ZH",11.6375172076345,23.2117985100955
"2020-11-20","9999","9999",0.0127724955195526,0.0412276247518015
"2020-11-20","Central","LU",4.23911189301702,6.57905201614301
"2020-11-20","Central","NW",0.420507817363668,0.58874271718937
"2020-11-20","Central","OW",0.253669189710981,0.359016818015894
"2020-11-20","Central","SZ",1.52175826683971,2.01876009872878
"2020-11-20","Central","UR",0.31346128805456,0.401841885771269
"2020-11-20","Central","ZG",1.58915339912403,2.50091598061588
"2020-11-20","Eastern","AI",0.114812101635622,0.124974423917868
"2020-11-20","Eastern","AR",0.251527404022358,0.348174598481002
"2020-11-20","Eastern","GL",0.287809366134091,0.43749545408507
"2020-11-20","Eastern","GR",1.96870328198663,2.75433161965086
"2020-11-20","Eastern","SG",4.43729791983252,6.5336098609137
"2020-11-20","Eastern","SH",0.554520810417347,0.995139014928275
"2020-11-20","Eastern","TG",1.86921144333362,2.92077158536362
"2020-11-20","Espace Mittelland","BE",8.83576325922663,14.8771906211742
"2020-11-20","Espace Mittelland","FR",2.26130697834198,3.45961969980307
"2020-11-20","Espace Mittelland","JU",0.461655655408315,0.680816612863427
"2020-11-20","Espace Mittelland","NE",1.25444158969527,1.9619998898784
"2020-11-20","Espace Mittelland","SO",1.73312547300399,2.85765559264796
"2020-11-20","Lake Geneva","GE",3.52463913500224,5.97219361553014
"2020-11-20","Lake Geneva","VD",7.54019422221034,11.2224109697431
"2020-11-20","Lake Geneva","VS",3.1846710614635,4.44728132194866
"2020-11-20","Northwestern","AG",5.36672412161945,8.41971421404785
"2020-11-20","Northwestern","BL",2.07388186123815,3.1541342164814
"2020-11-20","Northwestern","BS",1.76822008958392,3.52389128958515
"2020-11-20","Ticino","TI",2.57294523702086,3.453841714471
"2020-11-20","Zurich","ZH",15.2170789544757,27.1254998807016
"2020-11-21","9999","9999",0.0128439394146528,0.0337162438201048
"2020-11-21","Central","LU",4.91945743663964,7.05964444317555
"2020-11-21","Central","NW",0.519431488298397,0.676670058683938
"2020-11-21","Central","OW",0.332888897533724,0.455849054551659
"2020-11-21","Central","SZ",1.82362002919183,2.36074885408956
"2020-11-21","Central","UR",0.335498824005056,0.430663836133617
"2020-11-21","Central","ZG",1.74970082868927,2.42583615944792
"2020-11-21","Eastern","AI",0.149085493275982,0.175956647436172
"2020-11-21","Eastern","AR",0.293075952876587,0.378560003697911
"2020-11-21","Eastern","GL",0.323234115069243,0.472877117206772
"2020-11-21","Eastern","GR",2.68895297048964,3.29032472957329
"2020-11-21","Eastern","SG",5.43270394110003,7.26037845124162
"2020-11-21","Eastern","SH",0.670691724499418,1.09839501162735
"2020-11-21","Eastern","TG",2.31105901645198,3.30946005746716
"2020-11-21","Espace Mittelland","BE",9.98223307339579,15.2350178539747
"2020-11-21","Espace Mittelland","FR",2.31347585173829,3.30395397732719
"2020-11-21","Espace Mittelland","JU",0.499336616178486,0.680612683969354
"2020-11-21","Espace Mittelland","NE",1.54549991042688,2.1157622760096
"2020-11-21","Espace Mittelland","SO",2.12499858191074,3.18890409292088
"2020-11-21","Lake Geneva","GE",3.58579937375533,5.31496477808118
"2020-11-21","Lake Geneva","VD",9.19722976179269,12.0422731002154
"2020-11-21","Lake Geneva","VS",3.77242475312921,4.68482449539495
"2020-11-21","Northwestern","AG",6.85537665259482,9.54360033743434
"2020-11-21","Northwestern","BL",2.4943671693106,3.3051095743936
"2020-11-21","Northwestern","BS",2.27154647371531,3.77839454938852
"2020-11-21","Ticino","TI",3.33700157765147,4.07541698360616
"2020-11-21","Zurich","ZH",19.29488724202,28.4599085990697
"2020-11-22","9999","9999",0.0105249145957822,0.0333763623299828
"2020-11-22","Central","LU",0.674435241276282,1.55573954473554
"2020-11-22","Central","NW",0.1424404317434,0.196111619800408
"2020-11-22","Central","OW",0.102464674578991,0.183060170579722
"2020-11-22","Central","SZ",0.337135897186768,0.607606139891143
"2020-11-22","Central","UR",0.115712958871119,0.138229802032627
"2020-11-22","Central","ZG",0.183709795681307,0.51774147390288
"2020-11-22","Eastern","AI",0.037633322369387,0.0636258149508429
"2020-11-22","Eastern","AR",0.0743099058773674,0.109951662054475
"2020-11-22","Eastern","GL",0.0510653855475634,0.124634542427746
"2020-11-22","Eastern","GR",0.699281755067764,1.01937256517398
"2020-11-22","Eastern","SG",0.606639962089466,1.35561732335169
"2020-11-22","Eastern","SH",0.0951446280113867,0.242607407649101
"2020-11-22","Eastern","TG",0.264281529485349,0.574637635349306
"2020-11-22","Espace Mittelland","BE",1.37617550201447,3.75684606291478
"2020-11-22","Espace Mittelland","FR",0.311355807800681,0.838453647982022
"2020-11-22","Espace Mittelland","JU",0.0458740569050468,0.124634542427746
"2020-11-22","Espace Mittelland","NE",0.138056375256075,0.331554393614035
"2020-11-22","Espace Mittelland","SO",0.2573757979858,0.674596781594194
"2020-11-22","Lake Geneva","GE",0.356278819739491,1.08282843937976
"2020-11-22","Lake Geneva","VD",0.866700803669807,2.2519527891015
"2020-11-22","Lake Geneva","VS",0.647372380748013,1.18530270865155
"2020-11-22","Northwestern","AG",0.754855158761246,1.90469587064382
"2020-11-22","Northwestern","BL",0.247626040253403,0.676228212746779
"2020-11-22","Northwestern","BS",0.28567535374802,0.906090064516304
"2020-11-22","Ticino","TI",0.717404518791904,0.928114385076212
"2020-11-22","Zurich","ZH",2.43370340767134,6.64315366518003
"2020-11-23","9999","9999",0.0111807150417833,0.0368091653802152
"2020-11-23","Central","LU",2.53811531999395,5.02164705210587
"2020-11-23","Central","NW",0.265189353322983,0.463258471036319
"2020-11-23","Central","OW",0.160510650291896,0.289613017732977
"2020-11-23","Central","SZ",0.995259742202748,1.58276012320024
"2020-11-23","Central","UR",0.181005692810432,0.291312425183587
"2020-11-23","Central","ZG",0.96520380774971,1.91655773464908
"2020-11-23","Eastern","AI",0.0584653032884003,0.0899326422862876
"2020-11-23","Eastern","AR",0.150225004605927,0.274488291422547
"2020-11-23","Eastern","GL",0.177766622251021,0.333355765511681
"2020-11-23","Eastern","GR",1.40585756215283,2.26945668584278
"2020-11-23","Eastern","SG",2.81761161484439,5.10869070172612
"2020-11-23","Eastern","SH",0.376219161737469,0.791074168259012
"2020-11-23","Eastern","TG",1.25296529660571,2.3527956272207
"2020-11-23","Espace Mittelland","BE",5.67984595327175,11.8554742332444
"2020-11-23","Espace Mittelland","FR",1.50713042693558,2.6778582843734
"2020-11-23","Espace Mittelland","JU",0.289712783597832,0.515600220515111
"2020-11-23","Espace Mittelland","NE",0.832546212371787,1.52232919425655
"2020-11-23","Espace Mittelland","SO",1.12447649793273,2.29005350414417
"2020-11-23","Lake Geneva","GE",2.64916987766392,5.16847585583859
"2020-11-23","Lake Geneva","VD",5.12476685134219,8.91403785328132
"2020-11-23","Lake Geneva","VS",2.14128573799834,3.41774630022004
"2020-11-23","Northwestern","AG",3.52861137092717,6.67911312683493
"2020-11-23","Northwestern","BL",1.42144504660627,2.5658673333782
"2020-11-23","Northwestern","BS",1.18602350645909,2.75613299154851
"2020-11-23","Ticino","TI",1.94077221209359,2.89579029583965
"2020-11-23","Zurich","ZH",10.5423657814099,22.4344555540374
"2020-11-24","9999","9999",0.0121850218155876,0.0369111298272518
"2020-11-24","Central","LU",2.8828742424109,5.1128032677566
"2020-11-24","Central","NW",0.297568788607395,0.477975339558603
"2020-11-24","Central","OW",0.187921202615509,0.298687853519235
"2020-11-24","Central","SZ",1.07326219392195,1.61402922029147
"2020-11-24","Central","UR",0.204385214063262,0.305519471470688
"2020-11-24","Central","ZG",1.10091307639719,1.98830671721384
"2020-11-24","Eastern","AI",0.0719390211866041,0.0997552173508141
"2020-11-24","Eastern","AR",0.177512687840926,0.293487666720368
"2020-11-24","Eastern","GL",0.195390108906005,0.350995614849014
"2020-11-24","Eastern","GR",1.39215307311133,2.20576289459391
"2020-11-24","Eastern","SG",3.16066609284682,5.28152043945317
"2020-11-24","Eastern","SH",0.43503258366755,0.842090379926327
"2020-11-24","Eastern","TG",1.3689713148571,2.41312459171736
"2020-11-24","Espace Mittelland","BE",6.05169628401324,12.0738141024987
"2020-11-24","Espace Mittelland","FR",1.5820492858945,2.72550966928851
"2020-11-24","Espace Mittelland","JU",0.320285820849609,0.533274058001456
"2020-11-24","Espace Mittelland","NE",0.982801554395788,1.64186551433246
"2020-11-24","Espace Mittelland","SO",1.22923113261948,2.36781838908409
"2020-11-24","Lake Geneva","GE",2.87455568869724,5.27360120073333
"2020-11-24","Lake Geneva","VD",5.5376626435799,9.13434903517842
"2020-11-24","Lake Geneva","VS",2.25363616981822,3.44272758974401
"2020-11-24","Northwestern","AG",3.90438249673599,6.97192103057506
"2020-11-24","Northwestern","BL",1.55433000618884,2.68214079114894
"2020-11-24","Northwestern","BS",1.31392662496592,2.85921904750252
"2020-11-24","Ticino","TI",2.03780066571346,2.92447629360595
"2020-11-24","Zurich","ZH",11.3942657901728,23.0520881978872
"2020-11-25","9999","9999",0.0125342330272494,0.0382706557877399
"2020-11-25","Central","LU",3.53908971228,5.8851839540589
"2020-11-25","Central","NW",0.351023851832598,0.535755192879347
"2020-11-25","Central","OW",0.213293916123528,0.327407839434546
"2020-11-25","Central","SZ",1.34321351546504,1.87325683280754
"2020-11-25","Central","UR",0.244273091790599,0.335055172962292
"2020-11-25","Central","ZG",1.27250472416099,2.18975447640917
"2020-11-25","Eastern","AI",0.092001390328587,0.116545362962842
"2020-11-25","Eastern","AR",0.21272065757738,0.326558135709241
"2020-11-25","Eastern","GL",0.240698539590685,0.397627355293756
"2020-11-25","Eastern","GR",1.67000641291587,2.49231697891579
"2020-11-25","Eastern","SG",4.01560775769642,6.1514811015695
"2020-11-25","Eastern","SH",0.513765866803494,0.940350118720605
"2020-11-25","Eastern","TG",1.72019058399146,2.75477346558802
"2020-11-25","Espace Mittelland","BE",7.3472540233077,13.4535630116491
"2020-11-25","Espace Mittelland","FR",2.03424456972258,3.12582208835423
"2020-11-25","Espace Mittelland","JU",0.42268578317435,0.630004330090184
"2020-11-25","Espace Mittelland","NE",1.20767867032839,1.83097557543636
"2020-11-25","Espace Mittelland","SO",1.57578651029064,2.7474660135504
"2020-11-25","Lake Geneva","GE",3.2411855516807,5.49479607450474
"2020-11-25","Lake Geneva","VD",7.15541858887679,10.5150836006501
"2020-11-25","Lake Geneva","VS",2.82448850876208,3.87036648061554
"2020-11-25","Northwestern","AG",4.95187626709971,7.99724152182617
"2020-11-25","Northwestern","BL",1.86383142511417,2.95744479814778
"2020-11-25","Northwestern","BS",1.55423853967613,3.13377531522309
"2020-11-25","Ticino","TI",2.90382996569131,3.25259788416975
"2020-11-25","Zurich","ZH",13.5090400865375,25.2999284209582
"2020-11-26","9999","9999",0.0140768282757675,0.0424172099672286
"2020-11-26","Central","LU",3.82925762763732,6.16575612415463
"2020-11-26","Central","NW",0.372787556068077,0.54707324650041
"2020-11-26","Central","OW",0.2255045095591,0.33719642635006
"2020-11-26","Central","SZ",1.48652320215094,1.94395218275292
"2020-11-26","Central","UR",0.247991064359628,0.348820373312233
"2020-11-26","Central","ZG",1.41377925058996,2.29545761983712
"2020-11-26","Eastern","AI",0.0999888679258605,0.123139063871209
"2020-11-26","Eastern","AR",0.220652018587458,0.329515104673303
"2020-11-26","Eastern","GL",0.243815810135335,0.400584324257818
"2020-11-26","Eastern","GR",1.85408028894223,2.60281245135446
"2020-11-26","Eastern","SG",4.59274858092488,6.5291574133931
"2020-11-26","Eastern","SH",0.562169579572453,0.980422146405991
"2020-11-26","Eastern","TG",1.86092020778551,2.86136030089029
"2020-11-26","Espace Mittelland","BE",8.05847984739202,14.199670858765
"2020-11-26","Espace Mittelland","FR",2.28110408793987,3.27625363588224
"2020-11-26","Espace Mittelland","JU",0.481722480982694,0.674120947508023
"2020-11-26","Espace Mittelland","NE",1.34601237430663,1.96016452983174
"2020-11-26","Espace Mittelland","SO",1.80012656346324,2.95241455209398
"2020-11-26","Lake Geneva","GE",3.46620410647557,5.78019456176021
"2020-11-26","Lake Geneva","VD",7.67545857991427,10.7698587656456
"2020-11-26","Lake Geneva","VS",2.98542223034597,3.94316909579968
"2020-11-26","Northwestern","AG",5.34888102056625,8.20684643678442
"2020-11-26","Northwestern","BL",2.00275703573264,3.04486231740717
"2020-11-26","Northwestern","BS",1.75198025078334,3.3095620219142
"2020-11-26","Ticino","TI",3.38282454222483,3.72693649178404
"2020-11-26","Zurich","ZH",14.5583362762561,25.9370362741919
"2020-11-27","9999","9999",0.0146428500142995,0.0423492336692042
"2020-11-27","Central","LU",5.86381935985213,8.03422062795144
"2020-11-27","Central","NW",0.545145361678003,0.688361981944136
"2020-11-27","Central","OW",0.310122186643558,0.420467391429956
"2020-11-27","Central","SZ",2.14176139754221,2.51366153649545
"2020-11-27","Central","UR",0.439761042492212,0.487458033133007
"2020-11-27","Central","ZG",2.09208282399437,2.88596772077512
"2020-11-27","Eastern","AI",0.150192658268855,0.1598802529534
"2020-11-27","Eastern","AR",0.30365228483384,0.390625796597243
"2020-11-27","Eastern","GL",0.354932080387133,0.503024605380596
"2020-11-27","Eastern","GR",2.92070829220711,3.48371729745272
"2020-11-27","Eastern","SG",6.58548371109933,8.28287792612472
"2020-11-27","Eastern","SH",0.791318859511858,1.23954779447502
"2020-11-27","Eastern","TG",2.67908113470496,3.52307557400886
"2020-11-27","Espace Mittelland","BE",12.0486661762737,17.6635730653436
"2020-11-27","Espace Mittelland","FR",3.38536278592375,4.26170602834204
"2020-11-27","Espace Mittelland","JU",0.726866257063617,0.888620155924032
"2020-11-27","Espace Mittelland","NE",2.01569751682379,2.56450780741771
"2020-11-27","Espace Mittelland","SO",2.41050329894065,3.46713108073477
"2020-11-27","Lake Geneva","GE",4.41274343550767,6.50516178019048
"2020-11-27","Lake Geneva","VD",11.3998793168346,14.183084642047
"2020-11-27","Lake Geneva","VS",4.95149948318111,5.59353164738519
"2020-11-27","Northwestern","AG",7.80532698902355,10.5399629257271
"2020-11-27","Northwestern","BL",2.89642645695881,3.70521806456525
"2020-11-27","Northwestern","BS",2.61416974684922,4.17829911066609
"2020-11-27","Ticino","TI",4.45908069900842,4.38280580327252
"2020-11-27","Zurich","ZH",21.0474545670731,31.6217921135259
"2020-11-28","9999","9999",0.0155708022021214,0.039630181748228
"2020-11-28","Central","LU",5.98648487800714,7.95492627630598
"2020-11-28","Central","NW",0.616222121936394,0.762762040131847
"2020-11-28","Central","OW",0.359628760697831,0.498470193412961
"2020-11-28","Central","SZ",2.25072261462476,2.70406314726181
"2020-11-28","Central","UR",0.371494650262416,0.47223134237554
"2020-11-28","Central","ZG",2.0775781899567,2.6630734395531
"2020-11-28","Eastern","AI",0.174386300798371,0.200020256936811
"2020-11-28","Eastern","AR",0.351709981864631,0.43688366740285
"2020-11-28","Eastern","GL",0.40144101051962,0.545713720539922
"2020-11-28","Eastern","GR",3.40445142458731,3.89874658504073
"2020-11-28","Eastern","SG",6.89529402971165,8.29824056947823
"2020-11-28","Eastern","SH",0.829111685350403,1.25603204674594
"2020-11-28","Eastern","TG",2.90887663650193,3.79916130843498
"2020-11-28","Espace Mittelland","BE",12.0049084156738,17.015690968873
"2020-11-28","Espace Mittelland","FR",2.98803030845518,3.76796018764177
"2020-11-28","Espace Mittelland","JU",0.704825545219735,0.835462690868948
"2020-11-28","Espace Mittelland","NE",1.93199341229643,2.43416325595591
"2020-11-28","Espace Mittelland","SO",2.64947900448015,3.69050119604296
"2020-11-28","Lake Geneva","GE",7.66014701049925,7.84898521583494
"2020-11-28","Lake Geneva","VD",11.1951202597848,13.4370447712292
"2020-11-28","Lake Geneva","VS",4.70282623222304,5.30514220301665
"2020-11-28","Northwestern","AG",8.41135262133404,10.899183672637
"2020-11-28","Northwestern","BL",3.07672085929948,3.80082672773657
"2020-11-28","Northwestern","BS",2.54121036711695,3.75728790885194
"2020-11-28","Ticino","TI",4.17313043663948,4.53921926502667
"2020-11-28","Zurich","ZH",22.7966758789374,31.1830390979273
"2020-11-29","9999","9999",0.0131275729313273,0.0379647624466301
"2020-11-29","Central","LU",0.737715136280855,1.65111029086378
"2020-11-29","Central","NW",0.153784002368692,0.205900206715922
"2020-11-29","Central","OW",0.12698581789732,0.206579969696166
"2020-11-29","Central","SZ",0.4461235082538,0.686798527089574
"2020-11-29","Central","UR",0.148918682510822,0.151213274955289
"2020-11-29","Central","ZG",0.198584446752539,0.516313971644367
"2020-11-29","Eastern","AI",0.062672257706228,0.0773230390027605
"2020-11-29","Eastern","AR",0.0926518767334979,0.121881502357758
"2020-11-29","Eastern","GL",0.0735019170902526,0.160933885572778
"2020-11-29","Eastern","GR",0.99157978245381,1.25660984527915
"2020-11-29","Eastern","SG",1.15818757239084,1.85758829611291
"2020-11-29","Eastern","SH",0.107577087557505,0.257460228767433
"2020-11-29","Eastern","TG",0.316116804847464,0.635408445783124
"2020-11-29","Espace Mittelland","BE",1.62884693253949,4.00475562180979
"2020-11-29","Espace Mittelland","FR",0.328427248997642,0.853272480951342
"2020-11-29","Espace Mittelland","JU",0.0467266100161169,0.127863416583906
"2020-11-29","Espace Mittelland","NE",0.148291175319704,0.360138426933297
"2020-11-29","Espace Mittelland","SO",0.276958278280762,0.680884589161451
"2020-11-29","Lake Geneva","GE",0.438649753928765,1.10488674808868
"2020-11-29","Lake Geneva","VD",0.962550186311181,2.28390164917297
"2020-11-29","Lake Geneva","VS",0.797608170076978,1.3018820597634
"2020-11-29","Northwestern","AG",0.890308989246398,2.09751063999005
"2020-11-29","Northwestern","BL",0.275844154517794,0.700257834098407
"2020-11-29","Northwestern","BS",0.196912720697129,0.726972519221998
"2020-11-29","Ticino","TI",0.822279124711408,0.988409361423859
"2020-11-29","Zurich","ZH",4.54514627802702,8.80490190680314
"2020-11-30","9999","9999",0.0125883955197472,0.0381007150426789
"2020-11-30","Central","LU",3.22121926995672,5.6411830323003
"2020-11-30","Central","NW",0.324392646515309,0.527462084520369
"2020-11-30","Central","OW",0.19664141873196,0.32237759338074
"2020-11-30","Central","SZ",1.25822066003077,1.84932917590295
"2020-11-30","Central","UR",0.199267635852472,0.329922962461449
"2020-11-30","Central","ZG",1.19816476281909,2.12728425852474
"2020-11-30","Eastern","AI",0.0733204956491103,0.107334574580535
"2020-11-30","Eastern","AR",0.191477686292512,0.310617693822518
"2020-11-30","Eastern","GL",0.226232012357617,0.388076685421327
"2020-11-30","Eastern","GR",1.75022176135697,2.5655954281861
"2020-11-30","Eastern","SG",3.63765341469218,5.86706827063539
"2020-11-30","Eastern","SH",0.459883694868199,0.911256263166159
"2020-11-30","Eastern","TG",1.60164738719897,2.69277908178976
"2020-11-30","Espace Mittelland","BE",6.78907819819797,13.0718760982421
"2020-11-30","Espace Mittelland","FR",1.92909543112022,3.10923587163628
"2020-11-30","Espace Mittelland","JU",0.383423576024076,0.602371964943264
"2020-11-30","Espace Mittelland","NE",1.12382990405313,1.81442334686741
"2020-11-30","Espace Mittelland","SO",1.37493042649464,2.57123746092213
"2020-11-30","Lake Geneva","GE",4.94512775602883,6.95642243462549
"2020-11-30","Lake Geneva","VD",6.47104921183078,10.1238120292217
"2020-11-30","Lake Geneva","VS",2.8089750371138,3.92114477523977
"2020-11-30","Northwestern","AG",4.38237532757373,7.52929268622617
"2020-11-30","Northwestern","BL",1.71656033813467,2.87352805823665
"2020-11-30","Northwestern","BS",1.49474198738644,3.13795585755159
"2020-11-30","Ticino","TI",2.60207749949751,3.18917599811298
"2020-11-30","Zurich","ZH",12.5489235783208,24.5598704643665
"2020-12-01","9999","9999",0.0129875829969905,0.0367072009331786
"2020-12-01","Central","LU",3.00431671658269,5.30592393044393
"2020-12-01","Central","NW",0.296695927009151,0.480592427032542
"2020-12-01","Central","OW",0.198564619936002,0.301440893589223
"2020-12-01","Central","SZ",1.13926037562705,1.62684275246907
"2020-12-01","Central","UR",0.213487633871983,0.312317101273128
"2020-12-01","Central","ZG",1.15974129697228,2.02283867661024
"2020-12-01","Eastern","AI",0.0752278957066531,0.095540686873301
"2020-12-01","Eastern","AR",0.192000251941155,0.291346413332599
"2020-12-01","Eastern","GL",0.224156787285361,0.356875564628125
"2020-12-01","Eastern","GR",1.5692117491749,2.31805973893023
"2020-12-01","Eastern","SG",3.5168975052308,5.58863735392743
"2020-12-01","Eastern","SH",0.462108445386991,0.894160224213021
"2020-12-01","Eastern","TG",1.57798561870106,2.59132445698834
"2020-12-01","Espace Mittelland","BE",6.59103042260329,12.4093111213982
"2020-12-01","Espace Mittelland","FR",1.85015369816318,2.97491470674005
"2020-12-01","Espace Mittelland","JU",0.385078424027091,0.590782006130103
"2020-12-01","Espace Mittelland","NE",1.05422173407013,1.7333276233243
"2020-12-01","Espace Mittelland","SO",1.38497317703494,2.51760416178087
"2020-12-01","Lake Geneva","GE",4.80997769132656,6.86037192551701
"2020-12-01","Lake Geneva","VD",6.20406897966812,9.74345065362609
"2020-12-01","Lake Geneva","VS",2.54806581298522,3.61885417792524
"2020-12-01","Northwestern","AG",4.33606737940946,7.27713460870464
"2020-12-01","Northwestern","BL",1.61208514682165,2.72663127820591
"2020-12-01","Northwestern","BS",1.43247339708598,2.99275848497146
"2020-12-01","Ticino","TI",2.48781416560996,3.14349592584058
"2020-12-01","Zurich","ZH",12.0269651362133,23.4244963466139
"2020-12-02","9999","9999",0.0125452605436165,0.0391883358110694
"2020-12-02","Central","LU",3.3815783153947,5.74141408373728
"2020-12-02","Central","NW",0.338104634737858,0.512949144892159
"2020-12-02","Central","OW",0.196603386331762,0.317483299922983
"2020-12-02","Central","SZ",1.29970936424539,1.81585084912593
"2020-12-02","Central","UR",0.24190734100394,0.332234156594279
"2020-12-02","Central","ZG",1.30605349519461,2.22377661357038
"2020-12-02","Eastern","AI",0.0883448131436498,0.10478546340462
"2020-12-02","Eastern","AR",0.198034253572656,0.302562502506626
"2020-12-02","Eastern","GL",0.248229409088382,0.388042697272315
"2020-12-02","Eastern","GR",1.6958063682787,2.45962037956605
"2020-12-02","Eastern","SG",3.79421137392214,5.94663452747296
"2020-12-02","Eastern","SH",0.50451447762328,0.936339517137165
"2020-12-02","Eastern","TG",1.63610336333884,2.6602864113341
"2020-12-02","Espace Mittelland","BE",7.01149534386813,13.0952939329115
"2020-12-02","Espace Mittelland","FR",1.97122222361589,3.12541423056609
"2020-12-02","Espace Mittelland","JU",0.425971250755748,0.626299621847854
"2020-12-02","Espace Mittelland","NE",1.1704695705613,1.87040182829051
"2020-12-02","Espace Mittelland","SO",1.49394844871843,2.65637777419769
"2020-12-02","Lake Geneva","GE",4.93519921625373,7.02409283930879
"2020-12-02","Lake Geneva","VD",6.84767636034567,10.4525114183187
"2020-12-02","Lake Geneva","VS",2.88929098814563,3.9905825636717
"2020-12-02","Northwestern","AG",4.62384999911713,7.76241740030086
"2020-12-02","Northwestern","BL",1.82629515350407,2.93225957972974
"2020-12-02","Northwestern","BS",1.55667013836326,3.10607497377814
"2020-12-02","Ticino","TI",2.51881133931156,3.15817880621385
"2020-12-02","Zurich","ZH",13.0419695211587,24.9378866576802
"2020-12-03","9999","9999",0.0131724896972119,0.0404458973245209
"2020-12-03","Central","LU",3.47247981278222,5.87342405450068
"2020-12-03","Central","NW",0.35134984886918,0.518625165777197
"2020-12-03","Central","OW",0.226365204078738,0.350179899272722
"2020-12-03","Central","SZ",1.31156559298509,1.81534102689074
"2020-12-03","Central","UR",0.264508940682249,0.349432159994453
"2020-12-03","Central","ZG",1.35855331939462,2.27554056451596
"2020-12-03","Eastern","AI",0.092686192829352,0.106043024918072
"2020-12-03","Eastern","AR",0.218828832570922,0.320338304440008
"2020-12-03","Eastern","GL",0.247542730813348,0.400958193896952
"2020-12-03","Eastern","GR",1.82435194926252,2.5842549219938
"2020-12-03","Eastern","SG",4.06956476480138,6.15280663938098
"2020-12-03","Eastern","SH",0.523814377811334,0.952925733855119
"2020-12-03","Eastern","TG",1.67117720934107,2.70443701690095
"2020-12-03","Espace Mittelland","BE",7.46449272287107,13.5528423949137
"2020-12-03","Espace Mittelland","FR",2.04048805500484,3.21371544169979
"2020-12-03","Espace Mittelland","JU",0.446573200659519,0.650873053583676
"2020-12-03","Espace Mittelland","NE",1.24269163394534,1.94266063309045
"2020-12-03","Espace Mittelland","SO",1.63115454215587,2.79450561178328
"2020-12-03","Lake Geneva","GE",5.36380413631879,7.44085552249642
"2020-12-03","Lake Geneva","VD",6.79121946305574,10.4576096406705
"2020-12-03","Lake Geneva","VS",2.97342046266955,4.04608521100863
"2020-12-03","Northwestern","AG",4.79093692602507,7.84895122768593
"2020-12-03","Northwestern","BL",1.85001981722228,2.96261099679764
"2020-12-03","Northwestern","BS",1.59412223509257,3.18601510025484
"2020-12-03","Ticino","TI",3.10309751930733,3.76493524237969
"2020-12-03","Zurich","ZH",13.4914005559427,25.4205183736535
"2020-12-04","9999","9999",0.0148138979146548,0.0436747714806801
"2020-12-04","Central","LU",4.6370459183706,7.0695349945381
"2020-12-04","Central","NW",0.471744634581687,0.62160925728417
"2020-12-04","Central","OW",0.277090577148996,0.383964119390851
"2020-12-04","Central","SZ",1.69279613043198,2.19009435789929
"2020-12-04","Central","UR",0.32587007525109,0.407042072570136
"2020-12-04","Central","ZG",1.80003898164379,2.67075476122985
"2020-12-04","Eastern","AI",0.129408535047826,0.138569683522749
"2020-12-04","Eastern","AR",0.279094342662065,0.372612077620775
"2020-12-04","Eastern","GL",0.32424423321886,0.478009327707615
"2020-12-04","Eastern","GR",2.35923062271433,2.9708701170076
"2020-12-04","Eastern","SG",5.05967909762899,7.14352719493767
"2020-12-04","Eastern","SH",0.625179014556466,1.08218266454853
"2020-12-04","Eastern","TG",2.13465950078081,3.1312941803452
"2020-12-04","Espace Mittelland","BE",9.65312969980089,15.6918525648477
"2020-12-04","Espace Mittelland","FR",2.62178857410442,3.77921026496481
"2020-12-04","Espace Mittelland","JU",0.529878979234345,0.737916703203927
"2020-12-04","Espace Mittelland","NE",1.40757950726715,2.0575405767517
"2020-12-04","Espace Mittelland","SO",1.99584052342608,3.11226081689836
"2020-12-04","Lake Geneva","GE",5.51843232717676,7.23403763575716
"2020-12-04","Lake Geneva","VD",7.98141347752114,11.3371209726593
"2020-12-04","Lake Geneva","VS",3.95489368692976,4.9518014058858
"2020-12-04","Northwestern","AG",6.04397123076054,9.12656574905462
"2020-12-04","Northwestern","BL",2.39871535778278,3.45010301807966
"2020-12-04","Northwestern","BS",1.86388682115343,3.43718752145502
"2020-12-04","Ticino","TI",1.8841389881064,2.43871766792355
"2020-12-04","Zurich","ZH",16.9993224108107,28.7947598431379
"2020-12-05","9999","9999",0.0152191121488899,0.0347698764394831
"2020-12-05","Central","LU",5.61281549265173,7.63367029184264
"2020-12-05","Central","NW",0.586853970076435,0.707701238732079
"2020-12-05","Central","OW",0.351023890992813,0.472129377928504
"2020-12-05","Central","SZ",2.10101133720709,2.50971891121004
"2020-12-05","Central","UR",0.386721727598909,0.441811949009619
"2020-12-05","Central","ZG",2.01394594700729,2.61110555971344
"2020-12-05","Eastern","AI",0.168323058234798,0.17252384438594
"2020-12-05","Eastern","AR",0.333221410829977,0.404560937692245
"2020-12-05","Eastern","GL",0.375987905007517,0.52515089038754
"2020-12-05","Eastern","GR",2.83320547066472,3.15909648623718
"2020-12-05","Eastern","SG",6.44486148027717,7.98847257938102
"2020-12-05","Eastern","SH",0.813378313434338,1.21507632718624
"2020-12-05","Eastern","TG",2.68512133931442,3.61980584609758
"2020-12-05","Espace Mittelland","BE",11.4391040124155,16.3431674643685
"2020-12-05","Espace Mittelland","FR",2.88823088198236,3.74172133660435
"2020-12-05","Espace Mittelland","JU",0.671226934981282,0.823532850565665
"2020-12-05","Espace Mittelland","NE",1.90259121846212,2.43406129150888
"2020-12-05","Espace Mittelland","SO",2.50064560508419,3.53089284828166
"2020-12-05","Lake Geneva","GE",7.35445124386292,8.05141863135162
"2020-12-05","Lake Geneva","VD",10.8858010455049,13.3510207660793
"2020-12-05","Lake Geneva","VS",4.82139048937882,5.42450858234751
"2020-12-05","Northwestern","AG",7.88366351653157,10.5460468044002
"2020-12-05","Northwestern","BL",2.90580544186551,3.70096954593872
"2020-12-05","Northwestern","BS",2.39567881602005,3.73193274968884
"2020-12-05","Ticino","TI",3.38477060516202,3.81822866003082
"2020-12-05","Zurich","ZH",21.7191745957257,30.5423624890473
"2020-12-06","9999","9999",0.0130459591285547,0.0349058290355319
"2020-12-06","Central","LU",0.641632472326446,1.46166034826977
"2020-12-06","Central","NW",0.124281190279572,0.149819760845788
"2020-12-06","Central","OW",0.147823680680532,0.210726523875655
"2020-12-06","Central","SZ",0.331257678804061,0.523111601446808
"2020-12-06","Central","UR",0.110584173006976,0.106348918259181
"2020-12-06","Central","ZG",0.173770232305871,0.479436829966127
"2020-12-06","Eastern","AI",0.0435319197276539,0.0445924515040096
"2020-12-06","Eastern","AR",0.0685659952818912,0.0896947252432022
"2020-12-06","Eastern","GL",0.055911665709206,0.121541620867636
"2020-12-06","Eastern","GR",0.729456889297328,0.773094437431556
"2020-12-06","Eastern","SG",0.665810266717205,1.34358551860137
"2020-12-06","Eastern","SH",0.137400132299651,0.313540674637567
"2020-12-06","Eastern","TG",0.249249881198679,0.55108384808385
"2020-12-06","Espace Mittelland","BE",1.4341732205952,3.576402979809
"2020-12-06","Espace Mittelland","FR",0.319248439358746,0.81867254525692
"2020-12-06","Espace Mittelland","JU",0.0473911040297086,0.125144364662929
"2020-12-06","Espace Mittelland","NE",0.142301757592266,0.331520405465022
"2020-12-06","Espace Mittelland","SO",0.257319720558819,0.652096626948116
"2020-12-06","Lake Geneva","GE",0.46682667947968,1.18927932208598
"2020-12-06","Lake Geneva","VD",0.95851139368591,2.29277255606515
"2020-12-06","Lake Geneva","VS",0.858847582951486,1.34963540912555
"2020-12-06","Northwestern","AG",0.804147138756783,1.94935629844586
"2020-12-06","Northwestern","BL",0.33006687150931,0.772210745557239
"2020-12-06","Northwestern","BS",0.184212025430628,0.693800085786088
"2020-12-06","Ticino","TI",0.598413258658616,0.79861953733972
"2020-12-06","Zurich","ZH",4.37872557601415,8.39378125635154
"2020-12-07","9999","9999",0.0126842049002296,0.0405478617715575
"2020-12-07","Central","LU",3.40811254827314,5.81931492127325
"2020-12-07","Central","NW",0.40058284574983,0.583202648900381
"2020-12-07","Central","OW",0.253954209499244,0.388008709123303
"2020-12-07","Central","SZ",1.35216223926439,1.91907285767599
"2020-12-07","Central","UR",0.270214486015705,0.359016818015894
"2020-12-07","Central","ZG",1.29044992764113,2.24376164518956
"2020-12-07","Eastern","AI",0.069694103157411,0.0957786039163864
"2020-12-07","Eastern","AR",0.170783232130351,0.280232288605609
"2020-12-07","Eastern","GL",0.203769388364091,0.355821932008747
"2020-12-07","Eastern","GR",1.71627638350423,2.4143481650818
"2020-12-07","Eastern","SG",3.37874937759245,5.5604271902473
"2020-12-07","Eastern","SH",0.420195158296101,0.835530667166972
"2020-12-07","Eastern","TG",1.41435274409739,2.4889861403126
"2020-12-07","Espace Mittelland","BE",6.31901472336733,12.3802172658437
"2020-12-07","Espace Mittelland","FR",2.23229261160672,3.48018252995545
"2020-12-07","Espace Mittelland","JU",0.368269982829852,0.591563733557383
"2020-12-07","Espace Mittelland","NE",1.02378802494507,1.74461168879635
"2020-12-07","Espace Mittelland","SO",1.22356632174102,2.39093033041239
"2020-12-07","Lake Geneva","GE",4.55292305017484,6.87797778670533
"2020-12-07","Lake Geneva","VD",6.40285944047643,10.1930458887595
"2020-12-07","Lake Geneva","VS",3.17324262282162,4.25800132009971
"2020-12-07","Northwestern","AG",3.93913045143421,7.13689950588029
"2020-12-07","Northwestern","BL",1.55102139492075,2.66351528549026
"2020-12-07","Northwestern","BS",1.41855272408104,2.96753927840441
"2020-12-07","Ticino","TI",3.28631505151387,3.78396860582652
"2020-12-07","Zurich","ZH",11.5101657390676,23.4078421535979
"2020-12-08","9999","9999",0.0114155196871575,0.0354496394197271
"2020-12-08","Central","LU",2.75039457929902,4.24430409604779
"2020-12-08","Central","NW",0.229023744040192,0.342090719807817
"2020-12-08","Central","OW",0.14731858440352,0.226836906507439
"2020-12-08","Central","SZ",0.789149728245538,1.14750788694998
"2020-12-08","Central","UR",0.171485116316625,0.209740867554301
"2020-12-08","Central","ZG",0.283322169474153,0.614879603779754
"2020-12-08","Eastern","AI",0.0176408698741438,0.0236557517124929
"2020-12-08","Eastern","AR",0.210933119103987,0.321357948910374
"2020-12-08","Eastern","GL",0.246881949188079,0.404764866586319
"2020-12-08","Eastern","GR",1.85498207819083,2.45489602685336
"2020-12-08","Eastern","SG",4.04350327794686,6.17727810666977
"2020-12-08","Eastern","SH",0.484244481024697,0.89198498267624
"2020-12-08","Eastern","TG",1.54290857722533,2.56783864602091
"2020-12-08","Espace Mittelland","BE",7.44069281671696,13.4062854963731
"2020-12-08","Espace Mittelland","FR",0.484953551110308,1.0523070815668
"2020-12-08","Espace Mittelland","JU",0.407274919119766,0.610529120706192
"2020-12-08","Espace Mittelland","NE",1.11523934349044,1.82761074868415
"2020-12-08","Espace Mittelland","SO",1.42216485442267,2.57045573349485
"2020-12-08","Lake Geneva","GE",4.89043869570844,7.03211404247567
"2020-12-08","Lake Geneva","VD",7.14857394731166,10.9656644921049
"2020-12-08","Lake Geneva","VS",1.13462466777013,1.80392100882264
"2020-12-08","Northwestern","AG",4.44903577116019,7.47446980186948
"2020-12-08","Northwestern","BL",1.69564688438965,2.84912456724589
"2020-12-08","Northwestern","BS",1.55177153232317,3.13972324130022
"2020-12-08","Ticino","TI",1.86026941593092,2.29858452954624
"2020-12-08","Zurich","ZH",13.3644948363478,25.1555807521034
"2020-12-09","9999","9999",0.0133297571181296,0.0402419684304477
"2020-12-09","Central","LU",3.26438224955671,5.66898533819228
"2020-12-09","Central","NW",0.370789566686628,0.523179577744832
"2020-12-09","Central","OW",0.234608918706712,0.351029602998027
"2020-12-09","Central","SZ",1.32050265487261,1.82557145974342
"2020-12-09","Central","UR",0.279013656956373,0.363163372195383
"2020-12-09","Central","ZG",1.40356988508556,2.28828612039554
"2020-12-09","Eastern","AI",0.101410771393684,0.110087614650524
"2020-12-09","Eastern","AR",0.182695166274995,0.278872762645121
"2020-12-09","Eastern","GL",0.228984008170669,0.369689096805726
"2020-12-09","Eastern","GR",1.6836186757365,2.32353183092119
"2020-12-09","Eastern","SG",3.57065162718112,5.67619082578287
"2020-12-09","Eastern","SH",0.487172376688665,0.894126236064009
"2020-12-09","Eastern","TG",1.56557712129011,2.55805005910539
"2020-12-09","Espace Mittelland","BE",6.84671621062959,12.6938599049284
"2020-12-09","Espace Mittelland","FR",2.16813596639461,3.36431692997286
"2020-12-09","Espace Mittelland","JU",0.416054173175404,0.624770155142305
"2020-12-09","Espace Mittelland","NE",1.13637446754493,1.83481623627474
"2020-12-09","Espace Mittelland","SO",1.41104785304967,2.57157734241225
"2020-12-09","Lake Geneva","GE",4.98781180620705,7.09427836701899
"2020-12-09","Lake Geneva","VD",6.58337244688178,10.4220920249527
"2020-12-09","Lake Geneva","VS",3.30232193011517,4.39973190148059
"2020-12-09","Northwestern","AG",4.41296014030196,7.47079908177617
"2020-12-09","Northwestern","BL",1.69326827338859,2.77098581266684
"2020-12-09","Northwestern","BS",1.47788557884262,3.02419752280775
"2020-12-09","Ticino","TI",2.91621313035957,3.42736494639049
"2020-12-09","Zurich","ZH",12.4969351982686,23.8430264135501
"2020-12-10","9999","9999",0.0136646317753099,0.0405138736225453
"2020-12-10","Central","LU",3.49281740382683,5.91070905396706
"2020-12-10","Central","NW",0.383046048061402,0.532356377978127
"2020-12-10","Central","OW",0.277368751731787,0.413975654968626
"2020-12-10","Central","SZ",1.39707970611685,1.85323781303935
"2020-12-10","Central","UR",0.284064991748532,0.359118782462931
"2020-12-10","Central","ZG",1.43751861896867,2.32125462493738
"2020-12-10","Eastern","AI",0.110985533876117,0.12191549050677
"2020-12-10","Eastern","AR",0.213893047823311,0.310447753077457
"2020-12-10","Eastern","GL",0.239066862686514,0.390421867703169
"2020-12-10","Eastern","GR",1.92514734921552,2.57874884185382
"2020-12-10","Eastern","SG",4.00124121432269,6.09839161281244
"2020-12-10","Eastern","SH",0.518813058444971,0.935285884517786
"2020-12-10","Eastern","TG",1.66524986446944,2.64390412351021
"2020-12-10","Espace Mittelland","BE",7.58573277397875,13.4763690596363
"2020-12-10","Espace Mittelland","FR",2.14594844682307,3.32084608738625
"2020-12-10","Espace Mittelland","JU",0.477831075656254,0.678947264667756
"2020-12-10","Espace Mittelland","NE",1.27526766133794,1.97641086505957
"2020-12-10","Espace Mittelland","SO",1.58601531492545,2.75185048477297
"2020-12-10","Lake Geneva","GE",5.79066054889612,7.89116450875909
"2020-12-10","Lake Geneva","VD",7.25503980113002,10.9573713837459
"2020-12-10","Lake Geneva","VS",3.29775957325579,4.31775248606316
"2020-12-10","Northwestern","AG",4.68643292845836,7.68760948432501
"2020-12-10","Northwestern","BL",1.79378791886005,2.87896616207861
"2020-12-10","Northwestern","BS",1.59755296748919,3.1906374885205
"2020-12-10","Ticino","TI",3.00062097135134,3.52606653112193
"2020-12-10","Zurich","ZH",13.4999123339861,25.0396131876737
"2020-12-11","9999","9999",0.0155574368209563,0.0423492336692042
"2020-12-11","Central","LU",4.64514019370451,7.02742367791199
"2020-12-11","Central","NW",0.503367232150996,0.633505109438441
"2020-12-11","Central","OW",0.318124713511214,0.422914538158835
"2020-12-11","Central","SZ",1.74230886830399,2.17690695608255
"2020-12-11","Central","UR",0.367578628825222,0.449289341792304
"2020-12-11","Central","ZG",1.81792684282202,2.67660072285995
"2020-12-11","Eastern","AI",0.142039615201239,0.14475552664297
"2020-12-11","Eastern","AR",0.294181719849808,0.369145286421531
"2020-12-11","Eastern","GL",0.327150833558253,0.474780453551456
"2020-12-11","Eastern","GR",2.57173384711743,3.13832972719072
"2020-12-11","Eastern","SG",5.12455784153002,7.12065317065246
"2020-12-11","Eastern","SH",0.635711917835981,1.06450882706218
"2020-12-11","Eastern","TG",2.10086268111731,3.08024398052887
"2020-12-11","Espace Mittelland","BE",9.66990915852347,15.5301709399966
"2020-12-11","Espace Mittelland","FR",2.74123508739387,3.87971322159389
"2020-12-11","Espace Mittelland","JU",0.582741035417293,0.763509779410115
"2020-12-11","Espace Mittelland","NE",1.49690445358427,2.16154431272904
"2020-12-11","Espace Mittelland","SO",1.87926076887392,2.95326425581928
"2020-12-11","Lake Geneva","GE",6.23004318623685,8.11497647000444
"2020-12-11","Lake Geneva","VD",8.49279146801685,12.0830588790301
"2020-12-11","Lake Geneva","VS",4.08554477166358,5.09846026887345
"2020-12-11","Northwestern","AG",6.02386543685684,8.97123990806885
"2020-12-11","Northwestern","BL",2.28250636430825,3.2981420038461
"2020-12-11","Northwestern","BS",1.98747045445041,3.54853269761899
"2020-12-11","Ticino","TI",3.16663336155701,3.69702692065331
"2020-12-11","Zurich","ZH",17.0358492260788,28.4682017074287
"2020-12-12","9999","9999",0.0136862208014931,0.0313030852402384
"2020-12-12","Central","LU",4.68669940196909,6.37712842286152
"2020-12-12","Central","NW",0.495608309228883,0.599652913022287
"2020-12-12","Central","OW",0.358893844870735,0.452756132991548
"2020-12-12","Central","SZ",1.88430475329384,2.24950564237262
"2020-12-12","Central","UR",0.355277653614879,0.422982514456859
"2020-12-12","Central","ZG",1.67303563563452,2.16208812311323
"2020-12-12","Eastern","AI",0.147822090775828,0.149785772696776
"2020-12-12","Eastern","AR",0.262191458775825,0.331690346210083
"2020-12-12","Eastern","GL",0.333983899364013,0.459349833899916
"2020-12-12","Eastern","GR",3.09268625548569,3.2563705687101
"2020-12-12","Eastern","SG",5.53492087641484,6.81112309759833
"2020-12-12","Eastern","SH",0.68558752208641,1.02729180389382
"2020-12-12","Eastern","TG",2.38205078729712,3.16786542868233
"2020-12-12","Espace Mittelland","BE",9.87821875864572,14.07150154884
"2020-12-12","Espace Mittelland","FR",2.56578872350847,3.39249310550397
"2020-12-12","Espace Mittelland","JU",0.615448104635247,0.7481471360566
"2020-12-12","Espace Mittelland","NE",1.73924199695524,2.21942613049682
"2020-12-12","Espace Mittelland","SO",2.11804959012237,2.99357420054775
"2020-12-12","Lake Geneva","GE",6.6974255922347,7.4839864835929
"2020-12-12","Lake Geneva","VD",9.90886534269611,12.1940981618529
"2020-12-12","Lake Geneva","VS",4.38741189113302,4.8286963301636
"2020-12-12","Northwestern","AG",6.73977930642459,8.94748219190932
"2020-12-12","Northwestern","BL",2.51127055836361,3.19349249303753
"2020-12-12","Northwestern","BS",2.13658924957269,3.28121590563802
"2020-12-12","Ticino","TI",3.35141337848496,3.83464493600371
"2020-12-12","Zurich","ZH",18.1817603140574,25.3957410130236
"2020-12-13","9999","9999",0.00447813890235337,0.0113860299190878
"2020-12-13","Central","LU",0.304894446833718,0.514478611597708
"2020-12-13","Central","NW",0.100273742821331,0.0764733352774555
"2020-12-13","Central","OW",0.202831834091705,0.297804161644918
"2020-12-13","Central","SZ",0.232928044825225,0.291312425183587
"2020-12-13","Central","UR",0.136625120329059,0.110869342077804
"2020-12-13","Central","ZG",0.0970789233041602,0.205186455586666
"2020-12-13","Eastern","AI",0.0174494899904867,0.0215144983247241
"2020-12-13","Eastern","AR",0.0498391735029991,0.0448643566961072
"2020-12-13","Eastern","GL",0.0490620977891095,0.0952687816812034
"2020-12-13","Eastern","GR",0.86926533562064,0.581741158492857
"2020-12-13","Eastern","SG",0.338412735556473,0.488545653901398
"2020-12-13","Eastern","SH",0.0398409794546053,0.0670926061500876
"2020-12-13","Eastern","TG",0.124243682626246,0.172863725876062
"2020-12-13","Espace Mittelland","BE",0.939625044941731,2.56539149929203
"2020-12-13","Espace Mittelland","FR",0.400605911116096,0.911086322421098
"2020-12-13","Espace Mittelland","JU",0.0687689156807238,0.147882436352093
"2020-12-13","Espace Mittelland","NE",0.173143312517969,0.373495769495092
"2020-12-13","Espace Mittelland","SO",0.133656118188065,0.265243514891228
"2020-12-13","Lake Geneva","GE",1.87601195133715,2.71164250449153
"2020-12-13","Lake Geneva","VD",1.20376555849513,2.54652807659025
"2020-12-13","Lake Geneva","VS",1.23918265552439,1.73088047659542
"2020-12-13","Northwestern","AG",0.33188598094753,0.599211067085129
"2020-12-13","Northwestern","BL",0.108093050794005,0.193086674538322
"2020-12-13","Northwestern","BS",0.0819871993326222,0.280232288605609
"2020-12-13","Ticino","TI",0.29205079328863,0.441336114923449
"2020-12-13","Zurich","ZH",0.979460827835889,2.22347072022927
"2020-12-14","9999","9999",0.0129597009243577,0.0388824424699596
"2020-12-14","Central","LU",3.31696017488826,5.83161863121567
"2020-12-14","Central","NW",0.341148221423146,0.530928875719614
"2020-12-14","Central","OW",0.229159410686862,0.381415008214936
"2020-12-14","Central","SZ",1.27878937074458,1.85704448572872
"2020-12-14","Central","UR",0.305258296133512,0.364081052218712
"2020-12-14","Central","ZG",1.28234307013034,2.21867839121855
"2020-12-14","Eastern","AI",0.0866194493426149,0.109135946478182
"2020-12-14","Eastern","AR",0.19107585941682,0.307660724858456
"2020-12-14","Eastern","GL",0.21915165763014,0.384507929775046
"2020-12-14","Eastern","GR",2.09940519667871,2.7878779227259
"2020-12-14","Eastern","SG",3.80163323704711,6.00098157774347
"2020-12-14","Eastern","SH",0.504420959115338,0.922642293085247
"2020-12-14","Eastern","TG",1.55082242970357,2.62969707722311
"2020-12-14","Espace Mittelland","BE",7.16134034558584,13.3838873061741
"2020-12-14","Espace Mittelland","FR",1.92219430094586,3.18037306751882
"2020-12-14","Espace Mittelland","JU",0.383996067030022,0.609611440682863
"2020-12-14","Espace Mittelland","NE",1.06146982765985,1.82696497385292
"2020-12-14","Espace Mittelland","SO",1.37892434543026,2.5770154462542
"2020-12-14","Lake Geneva","GE",4.99265306602921,7.11531703125754
"2020-12-14","Lake Geneva","VD",6.6261069863244,10.6347898614711
"2020-12-14","Lake Geneva","VS",3.22283287833798,4.31635897195366
"2020-12-14","Northwestern","AG",4.31721853440258,7.50478723078837
"2020-12-14","Northwestern","BL",1.70945908360078,2.8268623296429
"2020-12-14","Northwestern","BS",1.67498568899756,3.25806997616071
"2020-12-14","Ticino","TI",2.6195606946845,3.38960411283794
"2020-12-14","Zurich","ZH",12.901297854482,24.5587488554491
"2020-12-15","9999","9999",0.0112680814800471,0.0349738053335563
"2020-12-15","Central","LU",3.50755663496074,5.81792140716375
"2020-12-15","Central","NW",0.363365765131046,0.531200780911712
"2020-12-15","Central","OW",0.241530384780395,0.360308367678358
"2020-12-15","Central","SZ",1.36508057525431,1.83434040218856
"2020-12-15","Central","UR",0.296604597557193,0.370096954593872
"2020-12-15","Central","ZG",1.39799266777461,2.2162992207877
"2020-12-15","Eastern","AI",0.108037842723784,0.11790488892333
"2020-12-15","Eastern","AR",0.189432042846193,0.303922028467114
"2020-12-15","Eastern","GL",0.245712625186933,0.390931689938352
"2020-12-15","Eastern","GR",1.94291934706749,2.58867338136539
"2020-12-15","Eastern","SG",4.05829960075731,6.07612937520945
"2020-12-15","Eastern","SH",0.530978316100365,0.940316130571592
"2020-12-15","Eastern","TG",1.71017178775429,2.68761288313991
"2020-12-15","Espace Mittelland","BE",7.39445299166161,13.1143952726563
"2020-12-15","Espace Mittelland","FR",1.98690761643731,3.14757450372204
"2020-12-15","Espace Mittelland","JU",0.419870081524557,0.626469562592915
"2020-12-15","Espace Mittelland","NE",1.21478180455257,1.88386113529934
"2020-12-15","Espace Mittelland","SO",1.46402394769289,2.53847288527436
"2020-12-15","Lake Geneva","GE",5.08342937995945,7.15188827959467
"2020-12-15","Lake Geneva","VD",6.83618223827622,10.4596489296112
"2020-12-15","Lake Geneva","VS",3.27035630864807,4.29120774168463
"2020-12-15","Northwestern","AG",4.60735417391122,7.51199271837896
"2020-12-15","Northwestern","BL",1.73519780022038,2.76286264505292
"2020-12-15","Northwestern","BS",1.66528055824546,3.11926237559488
"2020-12-15","Ticino","TI",2.81015072073376,3.3546982838024
"2020-12-15","Zurich","ZH",13.7104933557706,24.4688162131628
"2020-12-16","9999","9999",0.0122626021162799,0.036095414250959
"2020-12-16","Central","LU",3.87430778887618,6.16881505756573
"2020-12-16","Central","NW",0.398508490034334,0.565324882519963
"2020-12-16","Central","OW",0.259743009448455,0.398409082721037
"2020-12-16","Central","SZ",1.46614209627612,1.95074981255536
"2020-12-16","Central","UR",0.301185915792373,0.385969420182571
"2020-12-16","Central","ZG",1.54526366860164,2.36608499348447
"2020-12-16","Eastern","AI",0.115968338293125,0.1256201987491
"2020-12-16","Eastern","AR",0.208034366471554,0.314730259852994
"2020-12-16","Eastern","GL",0.264933206360776,0.403881174712001
"2020-12-16","Eastern","GR",2.13700350981645,2.75596305080345
"2020-12-16","Eastern","SG",4.43073913216822,6.46746892293595
"2020-12-16","Eastern","SH",0.59182709408845,1.01825095625657
"2020-12-16","Eastern","TG",1.85345594198041,2.81309712929296
"2020-12-16","Espace Mittelland","BE",8.09305148714106,14.0838732350804
"2020-12-16","Espace Mittelland","FR",2.22866947724486,3.40041234422382
"2020-12-16","Espace Mittelland","JU",0.466531027693215,0.670926061500876
"2020-12-16","Espace Mittelland","NE",1.41560597277385,2.08575074043183
"2020-12-16","Espace Mittelland","SO",1.66420501512569,2.76180901243354
"2020-12-16","Lake Geneva","GE",5.89841441349334,7.79766311082652
"2020-12-16","Lake Geneva","VD",7.94047546382112,11.6834941992426
"2020-12-16","Lake Geneva","VS",3.57336869599897,4.57313943774085
"2020-12-16","Northwestern","AG",5.22847241129807,8.16915357952989
"2020-12-16","Northwestern","BL",1.95699447970598,2.99438991612405
"2020-12-16","Northwestern","BS",1.97502977909132,3.56705623883064
"2020-12-16","Ticino","TI",2.92700140131303,3.48579057454247
"2020-12-16","Zurich","ZH",15.0669266155636,25.8238897261303
"2020-12-17","9999","9999",0.0125569851117995,0.0351437460786173
"2020-12-17","Central","LU",4.01530101182123,6.3550701141526
"2020-12-17","Central","NW",0.42335640576149,0.58456217486087
"2020-12-17","Central","OW",0.280935757758391,0.41744244616787
"2020-12-17","Central","SZ",1.53054715430809,1.95761541865582
"2020-12-17","Central","UR",0.348923920581096,0.399802596830537
"2020-12-17","Central","ZG",1.57183402677784,2.43018664252149
"2020-12-17","Eastern","AI",0.122876157032099,0.127829428434893
"2020-12-17","Eastern","AR",0.230938208600408,0.319726517757788
"2020-12-17","Eastern","GL",0.282478533143896,0.424138111523274
"2020-12-17","Eastern","GR",2.27633445606582,2.87084299446469
"2020-12-17","Eastern","SG",4.64066584551091,6.58092136433868
"2020-12-17","Eastern","SH",0.608479642388296,1.03575485299786
"2020-12-17","Eastern","TG",1.95945287964382,2.91353210962402
"2020-12-17","Espace Mittelland","BE",8.70497219630654,14.570141682998
"2020-12-17","Espace Mittelland","FR",2.38091612791773,3.5465953731253
"2020-12-17","Espace Mittelland","JU",0.540252989944045,0.72870591482162
"2020-12-17","Espace Mittelland","NE",1.47427751333124,2.15566436294993
"2020-12-17","Espace Mittelland","SO",1.78856831262674,2.91247847700464
"2020-12-17","Lake Geneva","GE",6.46417898689761,8.28488322691644
"2020-12-17","Lake Geneva","VD",8.08581884617193,11.7506887698397
"2020-12-17","Lake Geneva","VS",3.64806772909451,4.6632420207722
"2020-12-17","Northwestern","AG",5.62551271440722,8.46712768191987
"2020-12-17","Northwestern","BL",2.05421022096711,3.05271357982899
"2020-12-17","Northwestern","BS",2.00335720126209,3.58340453850551
"2020-12-17","Ticino","TI",3.11911735993959,3.64070855774009
"2020-12-17","Zurich","ZH",15.8576209988849,26.6603720614696
"2020-12-18","9999","9999",0.0148602166162139,0.0397321461952646
"2020-12-18","Central","LU",4.94903431244221,7.13740932811547
"2020-12-18","Central","NW",0.525858725054557,0.66929463034829
"2020-12-18","Central","OW",0.381041769549524,0.515192362726964
"2020-12-18","Central","SZ",1.86702622505124,2.28981558710109
"2020-12-18","Central","UR",0.447758455035872,0.475868074319846
"2020-12-18","Central","ZG",2.01240214170815,2.71816822910188
"2020-12-18","Eastern","AI",0.151024848068452,0.155699710624899
"2020-12-18","Eastern","AR",0.294750083369159,0.372000290938556
"2020-12-18","Eastern","GL",0.3646749459218,0.499353885287278
"2020-12-18","Eastern","GR",3.08326366176427,3.48511081156222
"2020-12-18","Eastern","SG",5.67213574957234,7.53068620033567
"2020-12-18","Eastern","SH",0.749817690600997,1.17133357940753
"2020-12-18","Eastern","TG",2.3491192556464,3.24909710482149
"2020-12-18","Espace Mittelland","BE",10.751629265614,16.620306831414
"2020-12-18","Espace Mittelland","FR",3.12176455127092,4.21011201814151
"2020-12-18","Espace Mittelland","JU",0.652820075649937,0.823362909820604
"2020-12-18","Espace Mittelland","NE",1.88386949142712,2.47838183782079
"2020-12-18","Espace Mittelland","SO",2.11309155845698,3.18513140838053
"2020-12-18","Lake Geneva","GE",7.50681828869887,8.90978933465479
"2020-12-18","Lake Geneva","VD",10.5208024247472,13.8513263195389
"2020-12-18","Lake Geneva","VS",5.02384458404269,5.78002462101514
"2020-12-18","Northwestern","AG",6.78181593644269,9.5373465180161
"2020-12-18","Northwestern","BL",2.46262449477596,3.42964215237431
"2020-12-18","Northwestern","BS",2.38225108004556,3.93783295640476
"2020-12-18","Ticino","TI",3.88491757148855,4.09482421669212
"2020-12-18","Zurich","ZH",19.157259244265,29.4285028696194
"2020-12-19","9999","9999",0.0161320777226716,0.0335123149260316
"2020-12-19","Central","LU",5.46978053444976,7.21629582197279
"2020-12-19","Central","NW",0.593351706966528,0.72561299326151
"2020-12-19","Central","OW",0.475703767498884,0.623240688436756
"2020-12-19","Central","SZ",2.20850984196242,2.6424766212517
"2020-12-19","Central","UR",0.463354433339813,0.523315530340881
"2020-12-19","Central","ZG",1.97807156049072,2.46159169220876
"2020-12-19","Eastern","AI",0.187752794113603,0.197743050952994
"2020-12-19","Eastern","AR",0.329493871420577,0.410746780812466
"2020-12-19","Eastern","GL",0.41156052682816,0.5668203610765
"2020-12-19","Eastern","GR",4.36767064749695,4.44378054260041
"2020-12-19","Eastern","SG",6.63518119119866,8.06093531307504
"2020-12-19","Eastern","SH",0.842593685633947,1.23492540620936
"2020-12-19","Eastern","TG",2.80959380374507,3.6031516530816
"2020-12-19","Espace Mittelland","BE",11.7175024702361,16.4164119254898
"2020-12-19","Espace Mittelland","FR",3.10812173173501,3.85483389651696
"2020-12-19","Espace Mittelland","JU",0.794578610580478,0.887294618112556
"2020-12-19","Espace Mittelland","NE",2.10556474204147,2.52722280795132
"2020-12-19","Espace Mittelland","SO",2.52176873044899,3.42926828273518
"2020-12-19","Lake Geneva","GE",7.68775823542539,8.21500359254735
"2020-12-19","Lake Geneva","VD",11.4186391663382,13.5977747279079
"2020-12-19","Lake Geneva","VS",6.22063288490672,6.35218112148656
"2020-12-19","Northwestern","AG",9.596367196198,11.6212279102523
"2020-12-19","Northwestern","BL",2.87263532660874,3.53034903789747
"2020-12-19","Northwestern","BS",2.58315383106903,3.80956168203271
"2020-12-19","Ticino","TI",4.2655779401302,4.54802219562083
"2020-12-19","Zurich","ZH",21.8240091799061,29.0592216306018
"2020-12-20","9999","9999",0.00490786351476387,0.00972061061748989
"2020-12-20","Central","LU",0.345659595599437,0.61481162748173
"2020-12-20","Central","NW",0.100497046111744,0.100944802566241
"2020-12-20","Central","OW",0.254212776562699,0.362925455152298
"2020-12-20","Central","SZ",0.242297725264992,0.308986262669932
"2020-12-20","Central","UR",0.133703944557877,0.103425937444132
"2020-12-20","Central","ZG",0.11088494303346,0.215722781780449
"2020-12-20","Eastern","AI",0.0224064682461159,0.0222282494539804
"2020-12-20","Eastern","AR",0.0643228803221125,0.0570661021914879
"2020-12-20","Eastern","GL",0.0486843426971919,0.100027122542912
"2020-12-20","Eastern","GR",1.08064344790462,0.85833671515416
"2020-12-20","Eastern","SG",0.41975398715303,0.580177703638295
"2020-12-20","Eastern","SH",0.042688424374168,0.0673645113421852
"2020-12-20","Eastern","TG",0.134477425364087,0.199748351744714
"2020-12-20","Espace Mittelland","BE",0.890960360672153,2.54435283505347
"2020-12-20","Espace Mittelland","FR",0.413261348922848,0.90833328235111
"2020-12-20","Espace Mittelland","JU",0.0754237476867915,0.142036474721994
"2020-12-20","Espace Mittelland","NE",0.640209926631106,0.943714945472813
"2020-12-20","Espace Mittelland","SO",0.140696259291402,0.243457111374406
"2020-12-20","Lake Geneva","GE",2.57975439551574,3.34433189835368
"2020-12-20","Lake Geneva","VD",1.22917304627351,2.47651248962512
"2020-12-20","Lake Geneva","VS",3.06175374704609,3.41801820541214
"2020-12-20","Northwestern","AG",0.384419279298783,0.620487648366768
"2020-12-20","Northwestern","BL",0.111196995117704,0.17670438671444
"2020-12-20","Northwestern","BS",0.0795789518813266,0.256542548744104
"2020-12-20","Ticino","TI",0.259239644052918,0.350587757060868
"2020-12-20","Zurich","ZH",1.12756284757211,2.17092504185641
"2020-12-21","9999","9999",0.0135460624782345,0.0361973786979956
"2020-12-21","Central","LU",4.79785073236082,7.05179318075373
"2020-12-21","Central","NW",0.498522553642122,0.663788550208313
"2020-12-21","Central","OW",0.364683009009939,0.50910848405378
"2020-12-21","Central","SZ",1.87679474052632,2.38685175253093
"2020-12-21","Central","UR",0.378923237196195,0.466147463702356
"2020-12-21","Central","ZG",1.77719562246604,2.56185673179476
"2020-12-21","Eastern","AI",0.131046215212861,0.139691292440152
"2020-12-21","Eastern","AR",0.247463266906345,0.350995614849014
"2020-12-21","Eastern","GL",0.343005923252629,0.482393798930189
"2020-12-21","Eastern","GR",4.08435927840992,4.45234555615148
"2020-12-21","Eastern","SG",5.82375699595761,7.71843673547907
"2020-12-21","Eastern","SH",0.692364776754647,1.15923379835919
"2020-12-21","Eastern","TG",2.36910102915119,3.34038927306827
"2020-12-21","Espace Mittelland","BE",10.6542324122774,16.4283077776441
"2020-12-21","Espace Mittelland","FR",3.13410639408098,4.12507366931298
"2020-12-21","Espace Mittelland","JU",0.632341652726381,0.826149938039604
"2020-12-21","Espace Mittelland","NE",1.6990267672479,2.33400018081695
"2020-12-21","Espace Mittelland","SO",2.17775283002352,3.2232321234232
"2020-12-21","Lake Geneva","GE",7.02311704599998,8.34147349502176
"2020-12-21","Lake Geneva","VD",10.3025029521221,13.0846216541216
"2020-12-21","Lake Geneva","VS",5.31828878306137,6.13129214105626
"2020-12-21","Northwestern","AG",4.68669717766892,6.83270557222108
"2020-12-21","Northwestern","BL",2.54137599132761,3.38518565346635
"2020-12-21","Northwestern","BS",2.43082703901744,3.96784449198254
"2020-12-21","Ticino","TI",3.92561519629663,4.23193240980735
"2020-12-21","Zurich","ZH",18.8492970058175,28.2065949244817
"2020-12-22","9999","9999",0.0131252663947008,0.0354496394197271
"2020-12-22","Central","LU",4.92405637305527,6.81350226802918
"2020-12-22","Central","NW",0.511046017610419,0.64074458517804
"2020-12-22","Central","OW",0.389313585547331,0.46713312002371
"2020-12-22","Central","SZ",1.94836905872046,2.32179843532157
"2020-12-22","Central","UR",0.385241130801785,0.451158689987975
"2020-12-22","Central","ZG",1.88277338136276,2.44711274072956
"2020-12-22","Eastern","AI",0.143138258931465,0.147032732626788
"2020-12-22","Eastern","AR",0.277141642068537,0.362857478854273
"2020-12-22","Eastern","GL",0.369617336997575,0.479232901072054
"2020-12-22","Eastern","GR",3.98664022657755,4.15804217385482
"2020-12-22","Eastern","SG",5.90403455431527,7.29864910702936
"2020-12-22","Eastern","SH",0.784779460069694,1.17252316462296
"2020-12-22","Eastern","TG",2.5006637284314,3.31013982044741
"2020-12-22","Espace Mittelland","BE",10.8609900186997,16.1588157441263
"2020-12-22","Espace Mittelland","FR",3.11277548853474,4.04911015627071
"2020-12-22","Espace Mittelland","JU",0.705287541764809,0.848242234897536
"2020-12-22","Espace Mittelland","NE",1.90464245398705,2.51478314541286
"2020-12-22","Espace Mittelland","SO",2.32242607537385,3.20219345918465
"2020-12-22","Lake Geneva","GE",7.57330302823549,8.68869642533041
"2020-12-22","Lake Geneva","VD",10.1825920065223,12.787599219904
"2020-12-22","Lake Geneva","VS",5.47839950574797,6.24957089961872
"2020-12-22","Northwestern","AG",5.19875668903943,7.07779411474807
"2020-12-22","Northwestern","BL",2.65543319367874,3.33216414100731
"2020-12-22","Northwestern","BS",2.43315870866953,3.82298700089253
"2020-12-22","Ticino","TI",3.85640932702792,4.10852144074404
"2020-12-22","Zurich","ZH",18.8244969830325,26.7100627353254
"2020-12-23","9999","9999",0.0158877806413336,0.037115058721325
"2020-12-23","Central","LU",5.92795012407855,7.85190819664999
"2020-12-23","Central","NW",0.626557833956438,0.741247541807123
"2020-12-23","Central","OW",0.444378627001922,0.535483287687249
"2020-12-23","Central","SZ",2.36411578896885,2.73893498814833
"2020-12-23","Central","UR",0.474595780141508,0.521004336208051
"2020-12-23","Central","ZG",2.2257283219323,2.82288571620847
"2020-12-23","Eastern","AI",0.180797693331795,0.181496715725161
"2020-12-23","Eastern","AR",0.340357494458526,0.43518425995224
"2020-12-23","Eastern","GL",0.442523654639381,0.569811318189574
"2020-12-23","Eastern","GR",4.55824244838244,4.53367919673768
"2020-12-23","Eastern","SG",6.85739542821806,8.39299952892426
"2020-12-23","Eastern","SH",0.959644886090905,1.38695439674094
"2020-12-23","Eastern","TG",3.136811072607,4.00444972846868
"2020-12-23","Espace Mittelland","BE",12.7657981752178,18.1177906887426
"2020-12-23","Espace Mittelland","FR",3.6144362086119,4.59954822952333
"2020-12-23","Espace Mittelland","JU",0.868059941146036,1.01672148955102
"2020-12-23","Espace Mittelland","NE",2.37016924931087,2.92950653965975
"2020-12-23","Espace Mittelland","SO",2.97377615489669,3.91852768776583
"2020-12-23","Lake Geneva","GE",8.59944315271649,9.55298106656171
"2020-12-23","Lake Geneva","VD",11.9294164626416,14.4138301856909
"2020-12-23","Lake Geneva","VS",6.58875751676888,7.197364422973
"2020-12-23","Northwestern","AG",6.59441469923759,8.5616487243228
"2020-12-23","Northwestern","BL",3.24859644994565,3.96706276455525
"2020-12-23","Northwestern","BS",2.82788846514622,4.20474189059759
"2020-12-23","Ticino","TI",4.57920425324414,4.68710170137876
"2020-12-23","Zurich","ZH",22.5493257733025,30.4242196830809
"2020-12-24","9999","9999",0.0166801719150641,0.0315749904323361
"2020-12-24","Central","LU",4.27891781624772,6.00995444908269
"2020-12-24","Central","NW",0.419798723781928,0.552715279236436
"2020-12-24","Central","OW",0.314080548104531,0.41343184458443
"2020-12-24","Central","SZ",1.65246959173131,2.08367746334208
"2020-12-24","Central","UR",0.341248146542159,0.410678804514442
"2020-12-24","Central","ZG",1.51853135944289,2.08292972406381
"2020-12-24","Eastern","AI",0.13596060673536,0.14366790587458
"2020-12-24","Eastern","AR",0.269029697645904,0.36866945233536
"2020-12-24","Eastern","GL",0.341798049936455,0.463360435483356
"2020-12-24","Eastern","GR",3.50074370925323,3.5936689595072
"2020-12-24","Eastern","SG",5.05160538923967,6.67306323631076
"2020-12-24","Eastern","SH",0.721319670872339,1.12103111886947
"2020-12-24","Eastern","TG",2.36232961327091,3.32101602813131
"2020-12-24","Espace Mittelland","BE",9.81948589319262,14.5770752653965
"2020-12-24","Espace Mittelland","FR",2.60208295451537,3.6474382112445
"2020-12-24","Espace Mittelland","JU",0.705938008589613,0.883453957274178
"2020-12-24","Espace Mittelland","NE",1.83704458535691,2.4469427999845
"2020-12-24","Espace Mittelland","SO",2.14383261652454,3.08037993312492
"2020-12-24","Lake Geneva","GE",6.27764951480475,7.3889896071038
"2020-12-24","Lake Geneva","VD",9.36251560079305,12.0273523027991
"2020-12-24","Lake Geneva","VS",5.11568340857335,5.88674740891346
"2020-12-24","Northwestern","AG",5.02354009379584,7.19668465999275
"2020-12-24","Northwestern","BL",2.26796717138139,3.12164154602573
"2020-12-24","Northwestern","BS",1.9620301347483,3.11919439929685
"2020-12-24","Ticino","TI",3.57713183204324,4.11086662302588
"2020-12-24","Zurich","ZH",16.2222476093541,23.5918539923499
"2020-12-25","9999","9999",0.00390383477848165,0.00768132167675775
"2020-12-25","Central","LU",0.130801671422172,0.239208592747881
"2020-12-25","Central","NW",0.0255731472332386,0.0258989695472982
"2020-12-25","Central","OW",0.0405598121816595,0.0282441518291402
"2020-12-25","Central","SZ",0.0784027944227725,0.0949628883400936
"2020-12-25","Central","UR",0.0433779417647434,0.019985031619175
"2020-12-25","Central","ZG",0.037107706140044,0.0585275925990126
"2020-12-25","Eastern","AI",0.00232137443173291,0.00353476749726905
"2020-12-25","Eastern","AR",0.0181621471517345,0.0183536004665893
"2020-12-25","Eastern","GL",0.0224064408339658,0.0406838143676063
"2020-12-25","Eastern","GR",0.609013235553306,0.430154013898434
"2020-12-25","Eastern","SG",0.136248786752923,0.205118479288642
"2020-12-25","Eastern","SH",0.0203798919081749,0.0344979712473855
"2020-12-25","Eastern","TG",0.0671794730677525,0.101420636652412
"2020-12-25","Espace Mittelland","BE",0.504298536453169,1.73393941000652
"2020-12-25","Espace Mittelland","FR",0.236895871310012,0.547617056884605
"2020-12-25","Espace Mittelland","JU",0.022846535071142,0.0382366676387277
"2020-12-25","Espace Mittelland","NE",0.140071724360555,0.289748970329026
"2020-12-25","Espace Mittelland","SO",0.0683092570004473,0.120657928993319
"2020-12-25","Lake Geneva","GE",0.206758859549138,0.43287306581941
"2020-12-25","Lake Geneva","VD",0.822144237353004,1.61501487661282
"2020-12-25","Lake Geneva","VS",1.50797533597281,1.73879971531526
"2020-12-25","Northwestern","AG",0.214472227393872,0.356297766094918
"2020-12-25","Northwestern","BL",0.0647113613967465,0.112602737677427
"2020-12-25","Northwestern","BS",0.0497901605786912,0.150975357912203
"2020-12-25","Ticino","TI",0.114397022943386,0.138705636118798
"2020-12-25","Zurich","ZH",0.505626424078328,1.02827746021517
"2020-12-26","9999","9999",0.00713060903057961,0.0123716862404417
"2020-12-26","Central","LU",0.21421669133101,0.449527258835389
"2020-12-26","Central","NW",0.0540453525485822,0.0684861202595879
"2020-12-26","Central","OW",0.0747361178185488,0.0947589594460204
"2020-12-26","Central","SZ",0.137640141337516,0.207531637868508
"2020-12-26","Central","UR",0.0855759353621815,0.0505743657301572
"2020-12-26","Central","ZG",0.0645705843421008,0.142784214000262
"2020-12-26","Eastern","AI",0.00854721020537743,0.016280323376845
"2020-12-26","Eastern","AR",0.0381480755552634,0.0372849994663861
"2020-12-26","Eastern","GL",0.0317124076049497,0.0696077291769906
"2020-12-26","Eastern","GR",1.61565129132354,1.15100866629824
"2020-12-26","Eastern","SG",0.245117538737294,0.343042387980159
"2020-12-26","Eastern","SH",0.0242629952691681,0.0433688781395703
"2020-12-26","Eastern","TG",0.0852867920033448,0.144891479239019
"2020-12-26","Espace Mittelland","BE",0.960732220351221,2.74117820598314
"2020-12-26","Espace Mittelland","FR",1.52599999944393,2.37114922768729
"2020-12-26","Espace Mittelland","JU",0.0282276771887408,0.0490109108755959
"2020-12-26","Espace Mittelland","NE",1.08779862996972,1.66555525419397
"2020-12-26","Espace Mittelland","SO",0.0999966843046491,0.204438716308398
"2020-12-26","Lake Geneva","GE",0.352239459291111,0.76157245491642
"2020-12-26","Lake Geneva","VD",6.48944426827352,9.0758214425794
"2020-12-26","Lake Geneva","VS",4.94793252023074,5.42702370537441
"2020-12-26","Northwestern","AG",0.254568625430697,0.480116592946371
"2020-12-26","Northwestern","BL",0.0941071212078379,0.176908315608514
"2020-12-26","Northwestern","BS",0.0836629314779621,0.248215452236114
"2020-12-26","Ticino","TI",0.209121622411441,0.285092593914354
"2020-12-26","Zurich","ZH",0.715866172426645,1.64431266106134
"2020-12-27","9999","9999",0.00591837326652465,0.0107062669388438
"2020-12-27","Central","LU",0.220714373396803,0.452246310756366
"2020-12-27","Central","NW",0.0732840805657658,0.0672285587461364
"2020-12-27","Central","OW",0.0849544862562274,0.0875874600044457
"2020-12-27","Central","SZ",0.14071807936285,0.194038342710664
"2020-12-27","Central","UR",0.0887286537328807,0.0411936366027893
"2020-12-27","Central","ZG",0.0680068109167885,0.157059236585387
"2020-12-27","Eastern","AI",0.0103477146257491,0.016790145612028
"2020-12-27","Eastern","AR",0.038229278175785,0.0360614261019468
"2020-12-27","Eastern","GL",0.0331632661352801,0.0707293380943932
"2020-12-27","Eastern","GR",1.61688447388626,1.21130364264588
"2020-12-27","Eastern","SG",0.234375500332926,0.333151836617608
"2020-12-27","Eastern","SH",0.0276747114656804,0.0474134678720224
"2020-12-27","Eastern","TG",0.0858280566543509,0.156515426201192
"2020-12-27","Espace Mittelland","BE",0.932605345470295,2.66609838481518
"2020-12-27","Espace Mittelland","FR",0.33574422540444,0.814559979226443
"2020-12-27","Espace Mittelland","JU",0.0241249476814641,0.0447284041000584
"2020-12-27","Espace Mittelland","NE",0.131169703032861,0.311535373845847
"2020-12-27","Espace Mittelland","SO",0.0860524016064663,0.175480813350001
"2020-12-27","Lake Geneva","GE",0.261856110280051,0.583916400029638
"2020-12-27","Lake Geneva","VD",1.065917421595,2.18645762595498
"2020-12-27","Lake Geneva","VS",2.39835728853062,2.62541457044758
"2020-12-27","Northwestern","AG",0.233887532733681,0.4896672628188
"2020-12-27","Northwestern","BL",0.0807872833720087,0.155019947644655
"2020-12-27","Northwestern","BS",0.0841808958014169,0.252973793097823
"2020-12-27","Ticino","TI",0.217655835341668,0.288525396964586
"2020-12-27","Zurich","ZH",0.691060420502304,1.7035200166406
"2020-12-28","9999","9999",0.0151352583818552,0.0296036777896283
"2020-12-28","Central","LU",4.42063069820035,5.95523352917305
"2020-12-28","Central","NW",0.431354217739337,0.54105734412525
"2020-12-28","Central","OW",0.308800345355497,0.408401598530624
"2020-12-28","Central","SZ",1.5819112578869,1.93735848184455
"2020-12-28","Central","UR",0.320823388776378,0.375399105839776
"2020-12-28","Central","ZG",1.36278038649855,1.90676914773357
"2020-12-28","Eastern","AI",0.0871771651996787,0.10940785167028
"2020-12-28","Eastern","AR",0.204777955769219,0.286792001364964
"2020-12-28","Eastern","GL",0.302193461115906,0.424172099672286
"2020-12-28","Eastern","GR",5.1964724893992,4.96967917226621
"2020-12-28","Eastern","SG",5.02554128256681,6.26612312818766
"2020-12-28","Eastern","SH",0.600826064358865,0.935659754156921
"2020-12-28","Eastern","TG",1.99610312399161,2.81472856044554
"2020-12-28","Espace Mittelland","BE",9.70893123915524,13.6169100558017
"2020-12-28","Espace Mittelland","FR",2.35294334456434,3.08948875706019
"2020-12-28","Espace Mittelland","JU",0.543518164702356,0.679661015797012
"2020-12-28","Espace Mittelland","NE",1.3157291226412,1.72707380390605
"2020-12-28","Espace Mittelland","SO",1.35444979493499,2.08252186627567
"2020-12-28","Lake Geneva","GE",5.46349859383698,6.28668595834005
"2020-12-28","Lake Geneva","VD",7.64291462473724,9.6423698984638
"2020-12-28","Lake Geneva","VS",5.15278499005587,5.69729746631944
"2020-12-28","Northwestern","AG",4.20342274606249,6.16799934198944
"2020-12-28","Northwestern","BL",2.20351685980569,2.83416978168052
"2020-12-28","Northwestern","BS",1.92626513445853,3.05342733095824
"2020-12-28","Ticino","TI",2.47618761152756,2.73805129627402
"2020-12-28","Zurich","ZH",14.9782106066639,21.6676489241731
"2020-12-29","9999","9999",0.0121120741682556,0.0270885547627253
"2020-12-29","Central","LU",4.04399319572478,5.49795697236288
"2020-12-29","Central","NW",0.416239126867883,0.491570599163484
"2020-12-29","Central","OW",0.352730422646756,0.434606461419032
"2020-12-29","Central","SZ",1.47771161350629,1.82057520183862
"2020-12-29","Central","UR",0.312877565899132,0.363129384046371
"2020-12-29","Central","ZG",1.26527169158972,1.73737221305675
"2020-12-29","Eastern","AI",0.113066374523113,0.122969123126148
"2020-12-29","Eastern","AR",0.231891423042521,0.302528514357614
"2020-12-29","Eastern","GL",0.299844134123155,0.410440887471356
"2020-12-29","Eastern","GR",4.39843261320297,4.67520584922449
"2020-12-29","Eastern","SG",4.67604258010722,5.78852165826819
"2020-12-29","Eastern","SH",0.575961525120708,0.892188911570314
"2020-12-29","Eastern","TG",1.90632668389891,2.63214422395199
"2020-12-29","Espace Mittelland","BE",9.44928000166916,13.2469490538039
"2020-12-29","Espace Mittelland","FR",2.42609666134227,3.12014606746919
"2020-12-29","Espace Mittelland","JU",0.524063855789033,0.632451476819063
"2020-12-29","Espace Mittelland","NE",1.34430040721493,1.76099397662023
"2020-12-29","Espace Mittelland","SO",1.29650188423092,1.97586705467538
"2020-12-29","Lake Geneva","GE",4.92647466901757,5.7475999268575
"2020-12-29","Lake Geneva","VD",7.5608452007025,9.55909893338391
"2020-12-29","Lake Geneva","VS",5.01737434545513,5.69909883821709
"2020-12-29","Northwestern","AG",4.00487973473278,5.70395914352583
"2020-12-29","Northwestern","BL",2.10970773999718,2.6352371455121
"2020-12-29","Northwestern","BS",1.75090328223177,2.7926022754386
"2020-12-29","Ticino","TI",3.1902513920115,3.41298795935833
"2020-12-29","Zurich","ZH",14.0845127864503,20.0258853742877
"2020-12-30","9999","9999",0.0124531557194137,0.0269186140176643
"2020-12-30","Central","LU",4.72315129591507,6.23125128730114
"2020-12-30","Central","NW",0.513371734909926,0.592583378027749
"2020-12-30","Central","OW",0.467521718460482,0.572768287153635
"2020-12-30","Central","SZ",1.76201885034093,2.0881978871607
"2020-12-30","Central","UR",0.366333604213674,0.438243193363338
"2020-12-30","Central","ZG",1.53866748684864,2.0405465022456
"2020-12-30","Eastern","AI",0.148308550706821,0.155291852836753
"2020-12-30","Eastern","AR",0.27694653021645,0.351845318574319
"2020-12-30","Eastern","GL",0.378640112762307,0.507918898838353
"2020-12-30","Eastern","GR",5.13418341047458,5.17836640720114
"2020-12-30","Eastern","SG",5.30327289284496,6.4756940549969
"2020-12-30","Eastern","SH",0.701222315994836,1.02933109283455
"2020-12-30","Eastern","TG",2.38426210586238,3.16769548793727
"2020-12-30","Espace Mittelland","BE",10.8903790037937,14.8463973581692
"2020-12-30","Espace Mittelland","FR",2.79551026732458,3.59071199054314
"2020-12-30","Espace Mittelland","JU",0.615249946118482,0.722791976893497
"2020-12-30","Espace Mittelland","NE",1.5494566898152,1.98164504000745
"2020-12-30","Espace Mittelland","SO",1.63264613122517,2.37849066787393
"2020-12-30","Lake Geneva","GE",5.29995018781572,6.28814744874757
"2020-12-30","Lake Geneva","VD",8.83861805060242,10.9226354954554
"2020-12-30","Lake Geneva","VS",5.78237374628427,6.45995754200425
"2020-12-30","Northwestern","AG",5.0078522299649,6.86754342495859
"2020-12-30","Northwestern","BL",2.48448606038716,3.0853422028807
"2020-12-30","Northwestern","BS",1.94388108668827,3.0535972717033
"2020-12-30","Ticino","TI",3.45267301103127,3.76724643651252
"2020-12-30","Zurich","ZH",16.2497179005847,22.7457869989892
"2020-12-31","9999","9999",0.0147366935520205,0.0313370733892506
"2020-12-31","Central","LU",3.73982636133818,5.62796164233455
"2020-12-31","Central","NW",0.409208082682344,0.553768911855814
"2020-12-31","Central","OW",0.416309756230524,0.55740564380012
"2020-12-31","Central","SZ",1.4535146697707,1.9522452911119
"2020-12-31","Central","UR",0.32439259560703,0.42607543601697
"2020-12-31","Central","ZG",1.21812220608269,1.86581342817386
"2020-12-31","Eastern","AI",0.123053357002132,0.15046553567702
"2020-12-31","Eastern","AR",0.243911549027431,0.358235090588614
"2020-12-31","Eastern","GL",0.314489972061811,0.477737422515517
"2020-12-31","Eastern","GR",4.60495441639441,5.0167187704991
"2020-12-31","Eastern","SG",4.27793736979253,6.12626189500245
"2020-12-31","Eastern","SH",0.589239551595652,0.985146499118687
"2020-12-31","Eastern","TG",2.15384148173135,3.25045663078198
"2020-12-31","Espace Mittelland","BE",8.98425309039783,13.7872246705019
"2020-12-31","Espace Mittelland","FR",2.21860256485228,3.33063467430176
"2020-12-31","Espace Mittelland","JU",0.544610280424846,0.730133417080132
"2020-12-31","Espace Mittelland","NE",1.40327241234913,2.00132417828552
"2020-12-31","Espace Mittelland","SO",1.3834684810419,2.29005350414417
"2020-12-31","Lake Geneva","GE",3.70139741306136,5.1701752632892
"2020-12-31","Lake Geneva","VD",8.02453722641837,11.1223158709021
"2020-12-31","Lake Geneva","VS",5.24412255601053,6.42766880044266
"2020-12-31","Northwestern","AG",4.43729891058594,6.85320042607544
"2020-12-31","Northwestern","BL",1.95479429438966,2.86999329073939
"2020-12-31","Northwestern","BS",1.645896553665,2.81058200626605
"2020-12-31","Ticino","TI",2.72329047523297,3.48528075230729
"2020-12-31","Zurich","ZH",13.7665899046839,21.8270533430403
"2021-01-01","9999","9999",0.00348979383192711,0.00679762980244049
"2021-01-01","Central","LU",0.228126305491409,0.266738993447765
"2021-01-01","Central","NW",0.0880713417026048,0.0472095389779492
"2021-01-01","Central","OW",0.149627126033003,0.148970057120483
"2021-01-01","Central","SZ",0.109988683207129,0.126062044686259
"2021-01-01","Central","UR",0.0780509320645977,0.0512541287104013
"2021-01-01","Central","ZG",0.0481253423850968,0.0601590237515983
"2021-01-01","Eastern","AI",0.017640701485222,0.0185575293606625
"2021-01-01","Eastern","AR",0.040676251163073,0.0274284362528474
"2021-01-01","Eastern","GL",0.0426793235403479,0.0722248166509302
"2021-01-01","Eastern","GR",1.64479130360661,1.09384059965971
"2021-01-01","Eastern","SG",0.219015615045412,0.264937621550118
"2021-01-01","Eastern","SH",0.0202550099845428,0.0302834407698724
"2021-01-01","Eastern","TG",0.0602413599869396,0.0831350124838471
"2021-01-01","Espace Mittelland","BE",0.877157379775489,2.09428176583389
"2021-01-01","Espace Mittelland","FR",0.222524162704002,0.51512438642894
"2021-01-01","Espace Mittelland","JU",0.0152814630422129,0.0234858109674319
"2021-01-01","Espace Mittelland","NE",0.108979845596522,0.219529454469815
"2021-01-01","Espace Mittelland","SO",0.0675017420519264,0.118618640052586
"2021-01-01","Lake Geneva","GE",0.26923846074872,0.397763307889805
"2021-01-01","Lake Geneva","VD",0.854781323351854,1.56335289011427
"2021-01-01","Lake Geneva","VS",1.97848508060643,2.19461478171791
"2021-01-01","Northwestern","AG",0.159301574757141,0.271939180246632
"2021-01-01","Northwestern","BL",0.0549399715619306,0.102236352228705
"2021-01-01","Northwestern","BS",0.0627358303982394,0.17592265928716
"2021-01-01","Ticino","TI",0.18541011260923,0.140473019867433
"2021-01-01","Zurich","ZH",0.556982491981153,1.00088301211134
"2021-01-02","9999","9999",0.0100521920679913,0.0244034909907613
"2021-01-02","Central","LU",2.91429910047774,4.36791899400517
"2021-01-02","Central","NW",0.414945837292121,0.45030898626267
"2021-01-02","Central","OW",0.397678790824372,0.465705617765198
"2021-01-02","Central","SZ",1.42905248998715,1.87057176903557
"2021-01-02","Central","UR",0.365284263193342,0.364183016665749
"2021-01-02","Central","ZG",0.853236061292737,1.34209004004484
"2021-01-02","Eastern","AI",0.114075004584584,0.136938252370164
"2021-01-02","Eastern","AR",0.204122801466755,0.285160570212378
"2021-01-02","Eastern","GL",0.229844170111392,0.391339547726499
"2021-01-02","Eastern","GR",5.22461652428607,4.26778990701522
"2021-01-02","Eastern","SG",4.24427113377988,5.85292920064632
"2021-01-02","Eastern","SH",0.351885447037167,0.631669749391782
"2021-01-02","Eastern","TG",0.102444953495033,0.172048010299769
"2021-01-02","Espace Mittelland","BE",2.22639624638067,3.78444443991269
"2021-01-02","Espace Mittelland","FR",1.85066919930915,2.68829264612015
"2021-01-02","Espace Mittelland","JU",0.0281932279481578,0.0488069819815227
"2021-01-02","Espace Mittelland","NE",1.2057412852947,1.73686239082157
"2021-01-02","Espace Mittelland","SO",0.625878537381814,1.22581658227409
"2021-01-02","Lake Geneva","GE",3.70491593091053,5.00455101315273
"2021-01-02","Lake Geneva","VD",1.44902550335198,2.69424057219729
"2021-01-02","Lake Geneva","VS",5.09831110336539,5.47382538656421
"2021-01-02","Northwestern","AG",1.37243763605654,2.54911117591518
"2021-01-02","Northwestern","BL",1.83980735022891,2.59431541410141
"2021-01-02","Northwestern","BS",1.63184010436479,2.72557764558654
"2021-01-02","Ticino","TI",2.59521079115158,3.00468832527474
"2021-01-02","Zurich","ZH",8.39453793408261,14.046622223763
"2021-01-03","9999","9999",0.00404173747339245,0.00995852766057531
"2021-01-03","Central","LU",0.238256790575994,0.42084126106909
"2021-01-03","Central","NW",0.0975512033215287,0.0716810062667349
"2021-01-03","Central","OW",0.161808928878969,0.162531328576352
"2021-01-03","Central","SZ",0.193310012303082,0.2141933150749
"2021-01-03","Central","UR",0.14216367867639,0.0553327065918655
"2021-01-03","Central","ZG",0.0633219256626585,0.14876612822641
"2021-01-03","Eastern","AI",0.0197195214651566,0.0247093843318712
"2021-01-03","Eastern","AR",0.0416086284551189,0.0373529757644105
"2021-01-03","Eastern","GL",0.0497779935000858,0.0912581800977635
"2021-01-03","Eastern","GR",2.14829262424764,0.921486696018832
"2021-01-03","Eastern","SG",0.316869135221892,0.378288098505813
"2021-01-03","Eastern","SH",0.0248646136425642,0.0460879300605465
"2021-01-03","Eastern","TG",0.082302713179817,0.164570617517084
"2021-01-03","Espace Mittelland","BE",1.02919097930208,2.29746292062884
"2021-01-03","Espace Mittelland","FR",0.361889491621588,0.854156172825659
"2021-01-03","Espace Mittelland","JU",0.0251582134337964,0.04768537306412
"2021-01-03","Espace Mittelland","NE",0.139279669864669,0.298789817966272
"2021-01-03","Espace Mittelland","SO",0.0870437580973778,0.190911433001541
"2021-01-03","Lake Geneva","GE",0.311985504047782,0.633844990928563
"2021-01-03","Lake Geneva","VD",1.16328419597092,2.43103634624679
"2021-01-03","Lake Geneva","VS",2.09889954432665,2.03181154794946
"2021-01-03","Northwestern","AG",0.235986430155524,0.467506989662844
"2021-01-03","Northwestern","BL",0.0808742033838286,0.156311497307119
"2021-01-03","Northwestern","BS",0.102590598164325,0.267384768278996
"2021-01-03","Ticino","TI",0.212324704733844,0.227584645785707
"2021-01-03","Zurich","ZH",0.693091042090389,1.67605759223874
"2021-01-04","9999","9999",0.0118885085044061,0.0323907060086289
"2021-01-04","Central","LU",2.85459876626449,4.93749239515166
"2021-01-04","Central","NW",0.287454288722316,0.44830368547095
"2021-01-04","Central","OW",0.236191821563883,0.357079493522199
"2021-01-04","Central","SZ",1.13211827698957,1.57694814971916
"2021-01-04","Central","UR",0.238350653693822,0.31496817689608
"2021-01-04","Central","ZG",0.999614976772295,1.8464061950879
"2021-01-04","Eastern","AI",0.0623334631115891,0.0881652585376531
"2021-01-04","Eastern","AR",0.173579302764679,0.276935438151425
"2021-01-04","Eastern","GL",0.20626192034478,0.346475191030392
"2021-01-04","Eastern","GR",2.89108074700318,3.25242794342469
"2021-01-04","Eastern","SG",3.22660097206539,4.99904493301276
"2021-01-04","Eastern","SH",0.452519130968897,0.804091629330685
"2021-01-04","Eastern","TG",1.55081338761007,2.58615825833848
"2021-01-04","Espace Mittelland","BE",7.45917940232874,12.3097258447924
"2021-01-04","Espace Mittelland","FR",1.95314220718176,2.96900076881193
"2021-01-04","Espace Mittelland","JU",0.443413276809375,0.600366664151544
"2021-01-04","Espace Mittelland","NE",1.0369132600116,1.59401020052328
"2021-01-04","Espace Mittelland","SO",1.02331807887648,1.93824217371887
"2021-01-04","Lake Geneva","GE",4.03656968003877,5.77074585633481
"2021-01-04","Lake Geneva","VD",7.12434336103591,10.2691113662488
"2021-01-04","Lake Geneva","VS",3.70911604012288,4.50274998113658
"2021-01-04","Northwestern","AG",3.25849382993816,5.75174648103699
"2021-01-04","Northwestern","BL",1.51596703112517,2.47175414876341
"2021-01-04","Northwestern","BS",1.38626745736413,2.84113735222803
"2021-01-04","Ticino","TI",2.57865948375395,3.00519814750993
"2021-01-04","Zurich","ZH",10.8199409897079,20.3818432588925
"2021-01-05","9999","9999",0.0108787506287613,0.0303514170678968
"2021-01-05","Central","LU",2.79246932786978,4.72224544745738
"2021-01-05","Central","NW",0.283400133544946,0.433212947309532
"2021-01-05","Central","OW",0.24031267050235,0.353884607515052
"2021-01-05","Central","SZ",1.17955054623663,1.65750006287808
"2021-01-05","Central","UR",0.260014217429109,0.330534749143669
"2021-01-05","Central","ZG",0.982804851685838,1.77350161545672
"2021-01-05","Eastern","AI",0.07080956619971,0.095200805383179
"2021-01-05","Eastern","AR",0.180169536081119,0.271497334309473
"2021-01-05","Eastern","GL",0.200518232962525,0.330296832100583
"2021-01-05","Eastern","GR",2.4307062297561,2.91468770669043
"2021-01-05","Eastern","SG",3.16407399483846,4.89476929184332
"2021-01-05","Eastern","SH",0.435417689131706,0.794337030564183
"2021-01-05","Eastern","TG",1.40512002650739,2.35622843027093
"2021-01-05","Espace Mittelland","BE",6.53756510723396,11.1812513212893
"2021-01-05","Espace Mittelland","FR",1.77393710102815,2.82122029690687
"2021-01-05","Espace Mittelland","JU",0.37408934732638,0.528413752692711
"2021-01-05","Espace Mittelland","NE",1.02798939120031,1.55971615816997
"2021-01-05","Espace Mittelland","SO",0.95873670589532,1.81330173795001
"2021-01-05","Lake Geneva","GE",3.76089679271853,5.47199002651755
"2021-01-05","Lake Geneva","VD",6.06812612425794,9.26846627118056
"2021-01-05","Lake Geneva","VS",3.3319878523292,4.30055448266299
"2021-01-05","Northwestern","AG",3.00432357353623,5.45710321725021
"2021-01-05","Northwestern","BL",1.50110863545892,2.46906908499145
"2021-01-05","Northwestern","BS",1.3018089117268,2.74780589504052
"2021-01-05","Ticino","TI",2.68187166808498,3.30024926908486
"2021-01-05","Zurich","ZH",10.1312560043133,19.3780372659661
"2021-01-06","9999","9999",0.0122319357524052,0.0322547534125801
"2021-01-06","Central","LU",2.8676135695265,4.93354976986624
"2021-01-06","Central","NW",0.316337644960394,0.460879300605465
"2021-01-06","Central","OW",0.209014805094698,0.307014950027225
"2021-01-06","Central","SZ",0.324298321306951,0.547005270202386
"2021-01-06","Central","UR",0.0881833634118371,0.0754536908070894
"2021-01-06","Central","ZG",1.02751750278508,1.84875137736974
"2021-01-06","Eastern","AI",0.0686501701626837,0.0857181118087745
"2021-01-06","Eastern","AR",0.170473185049083,0.26789459051418
"2021-01-06","Eastern","GL",0.203244633659464,0.334001540342913
"2021-01-06","Eastern","GR",2.35652882246406,2.70807374884525
"2021-01-06","Eastern","SG",3.21550107587402,4.95975463275465
"2021-01-06","Eastern","SH",0.408011236882537,0.773842176709825
"2021-01-06","Eastern","TG",1.39394726490515,2.34966871751158
"2021-01-06","Espace Mittelland","BE",6.39596873083511,11.2730872999203
"2021-01-06","Espace Mittelland","FR",1.79294743101103,2.89324118466373
"2021-01-06","Espace Mittelland","JU",0.359658506796668,0.511929500421793
"2021-01-06","Espace Mittelland","NE",0.987941540081241,1.5466986970983
"2021-01-06","Espace Mittelland","SO",0.944789779882667,1.85898181022241
"2021-01-06","Lake Geneva","GE",3.71603903344493,5.47538884141877
"2021-01-06","Lake Geneva","VD",6.14594330508693,9.50781081652449
"2021-01-06","Lake Geneva","VS",3.30510624093713,4.28362838445491
"2021-01-06","Northwestern","AG",2.98124370232775,5.49000374549402
"2021-01-06","Northwestern","BL",1.45681094557127,2.44837030224301
"2021-01-06","Northwestern","BS",1.29910341475229,2.73417664728662
"2021-01-06","Ticino","TI",0.138660973721785,0.213547540243668
"2021-01-06","Zurich","ZH",10.143331992344,19.5935901070015
"2021-01-07","9999","9999",0.0115643754940281,0.0317109430283849
"2021-01-07","Central","LU",2.61883997051909,4.63285661555529
"2021-01-07","Central","NW",0.283142474998465,0.422132810731554
"2021-01-07","Central","OW",0.249448016219315,0.360512296572431
"2021-01-07","Central","SZ",1.20547084093823,1.67877664415971
"2021-01-07","Central","UR",0.289329640060417,0.353476749726905
"2021-01-07","Central","ZG",0.965624024262071,1.73791602344095
"2021-01-07","Eastern","AI",0.073161575667146,0.0912241919487513
"2021-01-07","Eastern","AR",0.172185116896588,0.269458045368741
"2021-01-07","Eastern","GL",0.21206848336723,0.337638272287219
"2021-01-07","Eastern","GR",2.3864815462561,2.905137036818
"2021-01-07","Eastern","SG",3.11808966276974,4.80626415181555
"2021-01-07","Eastern","SH",0.431090947534136,0.784514455499656
"2021-01-07","Eastern","TG",1.40486721991147,2.33532571862843
"2021-01-07","Espace Mittelland","BE",6.33390206234802,11.1428447129055
"2021-01-07","Espace Mittelland","FR",1.67368733600608,2.79049501019984
"2021-01-07","Espace Mittelland","JU",0.376110793676238,0.52623851115593
"2021-01-07","Espace Mittelland","NE",0.993645581662465,1.5327975441523
"2021-01-07","Espace Mittelland","SO",0.977600048013556,1.83858892081509
"2021-01-07","Lake Geneva","GE",3.73980198410474,5.56426785108568
"2021-01-07","Lake Geneva","VD",5.57032327661565,8.97548842669538
"2021-01-07","Lake Geneva","VS",3.21733481948435,4.31676682974181
"2021-01-07","Northwestern","AG",3.03698995137543,5.35778984583655
"2021-01-07","Northwestern","BL",1.50696668633123,2.43365343372073
"2021-01-07","Northwestern","BS",1.3190264635996,2.71752245427064
"2021-01-07","Ticino","TI",2.66114082625162,3.26259039997933
"2021-01-07","Zurich","ZH",10.130806578197,19.1941273916611
"2021-01-08","9999","9999",0.0130355190154032,0.033240409733934
"2021-01-08","Central","LU",3.51491073133474,5.55709635164411
"2021-01-08","Central","NW",0.37702403337152,0.523485471085942
"2021-01-08","Central","OW",0.29270994193296,0.434436520673971
"2021-01-08","Central","SZ",1.42079484215491,1.86547354668374
"2021-01-08","Central","UR",0.324893231535625,0.38117709117185
"2021-01-08","Central","ZG",1.31346993462989,2.07212149267793
"2021-01-08","Eastern","AI",0.108661551374107,0.121643585314672
"2021-01-08","Eastern","AR",0.216855173430662,0.323533190447155
"2021-01-08","Eastern","GL",0.272022967371745,0.412752081604186
"2021-01-08","Eastern","GR",3.05783449097519,3.38668113202289
"2021-01-08","Eastern","SG",4.09430690095748,5.74549266161875
"2021-01-08","Eastern","SH",0.535537379585718,0.918665679650819
"2021-01-08","Eastern","TG",1.81230042070171,2.77034003783561
"2021-01-08","Espace Mittelland","BE",7.87199677623717,12.938132731879
"2021-01-08","Espace Mittelland","FR",2.26695146506918,3.36659413595667
"2021-01-08","Espace Mittelland","JU",0.456290032483672,0.614777639332717
"2021-01-08","Espace Mittelland","NE",1.1803093145503,1.74399990211413
"2021-01-08","Espace Mittelland","SO",1.27655295439793,2.20236407969269
"2021-01-08","Lake Geneva","GE",4.21434460033921,6.06175238817729
"2021-01-08","Lake Geneva","VD",7.11352377757504,10.5101893071924
"2021-01-08","Lake Geneva","VS",3.95237948760246,4.95214128737592
"2021-01-08","Northwestern","AG",4.03232533153223,6.45149449290022
"2021-01-08","Northwestern","BL",1.97956164972381,2.92654957069569
"2021-01-08","Northwestern","BS",1.63805254734512,3.12337494162535
"2021-01-08","Ticino","TI",2.70676546391929,3.20661191855624
"2021-01-08","Zurich","ZH",12.9191095372952,22.1934455893919
"2021-01-09","9999","9999",0.0169549003989905,0.0343280305023244
"2021-01-09","Central","LU",4.35809967180725,6.01981101229623
"2021-01-09","Central","NW",0.451013984633383,0.590374148341956
"2021-01-09","Central","OW",0.415156080651041,0.593331117306018
"2021-01-09","Central","SZ",1.73178194478921,2.23621627610885
"2021-01-09","Central","UR",0.341686110463673,0.413499820882455
"2021-01-09","Central","ZG",1.45301934005116,2.03113178496922
"2021-01-09","Eastern","AI",0.135523437766198,0.1570932247344
"2021-01-09","Eastern","AR",0.2642466847266,0.359594616549102
"2021-01-09","Eastern","GL",0.305115463167612,0.477533493621444
"2021-01-09","Eastern","GR",3.65246143074263,4.03248995140375
"2021-01-09","Eastern","SG",5.11005974333213,6.63285525602933
"2021-01-09","Eastern","SH",0.683689309015159,1.05696345798147
"2021-01-09","Eastern","TG",2.22303383289405,3.20987478086141
"2021-01-09","Espace Mittelland","BE",9.03721070141986,13.5989643131233
"2021-01-09","Espace Mittelland","FR",2.2754235307392,3.19923649022059
"2021-01-09","Espace Mittelland","JU",0.478247047201377,0.641152442966187
"2021-01-09","Espace Mittelland","NE",1.35348168003131,1.91404261162218
"2021-01-09","Espace Mittelland","SO",1.44739867448235,2.35357735464798
"2021-01-09","Lake Geneva","GE",4.90525475918295,6.12442653495579
"2021-01-09","Lake Geneva","VD",8.6648259081566,11.2699943783602
"2021-01-09","Lake Geneva","VS",4.36179210016844,5.17306425595523
"2021-01-09","Northwestern","AG",4.69766625133213,7.05814896461902
"2021-01-09","Northwestern","BL",2.47609390113456,3.21099638977881
"2021-01-09","Northwestern","BS",2.09214100824089,3.29192217257687
"2021-01-09","Ticino","TI",2.87761419934022,3.50179899272722
"2021-01-09","Zurich","ZH",16.7822445958973,24.2429309748277
"2021-01-10","9999","9999",0.00403132085636951,0.00904084763724585
"2021-01-10","Central","LU",0.230363818324064,0.494459591829521
"2021-01-10","Central","NW",0.0830431349330545,0.106009036769059
"2021-01-10","Central","OW",0.1900906393315,0.251308373796225
"2021-01-10","Central","SZ",0.253019310289393,0.372917970961885
"2021-01-10","Central","UR",0.158572403733493,0.101760518142534
"2021-01-10","Central","ZG",0.0672606796042956,0.176908315608514
"2021-01-10","Eastern","AI",0.0184350311895639,0.0325946349027021
"2021-01-10","Eastern","AR",0.0433712532001287,0.0504384131341084
"2021-01-10","Eastern","GL",0.0688057654424477,0.13194199446537
"2021-01-10","Eastern","GR",1.57040127593064,1.17330489205024
"2021-01-10","Eastern","SG",0.359757562558922,0.528039883053577
"2021-01-10","Eastern","SH",0.0336459079453714,0.0533274058001456
"2021-01-10","Eastern","TG",0.101476411745015,0.17391735849544
"2021-01-10","Espace Mittelland","BE",0.869696470000767,2.66718600558357
"2021-01-10","Espace Mittelland","FR",0.212832694950698,0.402351708006452
"2021-01-10","Espace Mittelland","JU",0.0257962038143012,0.0476513849151078
"2021-01-10","Espace Mittelland","NE",0.0670129090119429,0.120012154162087
"2021-01-10","Espace Mittelland","SO",0.102914496213417,0.23071155549483
"2021-01-10","Lake Geneva","GE",0.253647256074911,0.625653847016622
"2021-01-10","Lake Geneva","VD",0.611361442563927,1.04428587839992
"2021-01-10","Lake Geneva","VS",0.990707688395768,1.00683093818847
"2021-01-10","Northwestern","AG",0.258174341329208,0.517707485753867
"2021-01-10","Northwestern","BL",0.0899477425344507,0.173747417750379
"2021-01-10","Northwestern","BS",0.0865390808346594,0.267486732726033
"2021-01-10","Ticino","TI",0.17667960127242,0.279858418966475
"2021-01-10","Zurich","ZH",0.734724458961206,1.82145889371294
"2021-01-11","9999","9999",0.0134630193276374,0.0361633905489834
"2021-01-11","Central","LU",2.51125999685379,4.71514192431383
"2021-01-11","Central","NW",0.253909997617218,0.428590559043873
"2021-01-11","Central","OW",0.196354930435658,0.330602725441693
"2021-01-11","Central","SZ",1.00912619005885,1.57671023267607
"2021-01-11","Central","UR",0.203470392295319,0.307796677454505
"2021-01-11","Central","ZG",0.934017016374104,1.79134539368813
"2021-01-11","Eastern","AI",0.055811309827835,0.081775486523359
"2021-01-11","Eastern","AR",0.155268158829303,0.270953523925278
"2021-01-11","Eastern","GL",0.18800665411929,0.340323336059183
"2021-01-11","Eastern","GR",1.98015390488995,2.70589850730847
"2021-01-11","Eastern","SG",2.83777695577007,4.85731435163187
"2021-01-11","Eastern","SH",0.396954808529128,0.808000266467088
"2021-01-11","Eastern","TG",1.26560688736066,2.34300704030519
"2021-01-11","Espace Mittelland","BE",5.7607849903065,11.3835147960609
"2021-01-11","Espace Mittelland","FR",1.71437378057295,2.9215533127909
"2021-01-11","Espace Mittelland","JU",0.328504241895119,0.54136323746636
"2021-01-11","Espace Mittelland","NE",0.940016878130715,1.66756055498569
"2021-01-11","Espace Mittelland","SO",0.876510895544487,1.91322689604589
"2021-01-11","Lake Geneva","GE",3.89628954893334,6.35017582069484
"2021-01-11","Lake Geneva","VD",5.62990737156457,9.55005808574666
"2021-01-11","Lake Geneva","VS",2.81546776149645,4.07096453608556
"2021-01-11","Northwestern","AG",2.78118316220274,5.60066915867775
"2021-01-11","Northwestern","BL",1.42132988033183,2.53024775321341
"2021-01-11","Northwestern","BS",1.26814924288209,2.8385542529031
"2021-01-11","Ticino","TI",2.18608613538993,2.88069955767823
"2021-01-11","Zurich","ZH",9.71520226973229,20.6891641022608
"2021-01-12","9999","9999",0.0105325430055418,0.0311331444951774
"2021-01-12","Central","LU",2.40699864380737,4.48908674523367
"2021-01-12","Central","NW",0.258032115346631,0.419685664002676
"2021-01-12","Central","OW",0.18042760189383,0.287403788047184
"2021-01-12","Central","SZ",0.959810095203298,1.43861638323949
"2021-01-12","Central","UR",0.224059391916197,0.282815387930536
"2021-01-12","Central","ZG",0.910872190118048,1.68747761030684
"2021-01-12","Eastern","AI",0.0709833239868997,0.0823872732055787
"2021-01-12","Eastern","AR",0.166791964341241,0.266093218616533
"2021-01-12","Eastern","GL",0.190388519334163,0.316429667303605
"2021-01-12","Eastern","GR",1.72568070115361,2.38379281911983
"2021-01-12","Eastern","SG",2.88182144745966,4.62908393101493
"2021-01-12","Eastern","SH",0.371054747910291,0.728943831864705
"2021-01-12","Eastern","TG",1.26723961375858,2.21949410679484
"2021-01-12","Espace Mittelland","BE",5.24939079531408,10.4989732180183
"2021-01-12","Espace Mittelland","FR",1.5687155344345,2.65399860376684
"2021-01-12","Espace Mittelland","JU",0.333570109042831,0.514138730107586
"2021-01-12","Espace Mittelland","NE",0.823157413915364,1.44915270943327
"2021-01-12","Espace Mittelland","SO",0.845925930091412,1.76058611883209
"2021-01-12","Lake Geneva","GE",3.67265609483683,5.88226097324385
"2021-01-12","Lake Geneva","VD",4.91361955719376,8.30044979916403
"2021-01-12","Lake Geneva","VS",2.68202629219143,3.74695551155223
"2021-01-12","Northwestern","AG",2.65784283914969,5.16181417863219
"2021-01-12","Northwestern","BL",1.36630559682835,2.36326397711646
"2021-01-12","Northwestern","BS",1.22272064124757,2.71004506148796
"2021-01-12","Ticino","TI",2.0319358636202,2.78417321448357
"2021-01-12","Zurich","ZH",8.84898191881659,18.6923263596449
"2021-01-13","9999","9999",0.0125297296025966,0.0347019001414587
"2021-01-13","Central","LU",3.15545486689939,5.12102839981755
"2021-01-13","Central","NW",0.296461271172592,0.453877741908951
"2021-01-13","Central","OW",0.192065218736798,0.294473323041722
"2021-01-13","Central","SZ",1.15815342468391,1.62572114355167
"2021-01-13","Central","UR",0.206164082465193,0.296070766045295
"2021-01-13","Central","ZG",1.14665273936253,1.94432605239205
"2021-01-13","Eastern","AI",0.0698982845151463,0.0884711518787629
"2021-01-13","Eastern","AR",0.176021447297535,0.275949781830072
"2021-01-13","Eastern","GL",0.20190103887232,0.339575596780914
"2021-01-13","Eastern","GR",1.69998692871204,2.32944576884932
"2021-01-13","Eastern","SG",3.37156500158754,5.18506207255654
"2021-01-13","Eastern","SH",0.494292244072443,0.887600511453666
"2021-01-13","Eastern","TG",1.53293832007387,2.53514204667117
"2021-01-13","Espace Mittelland","BE",6.40578551910645,11.8698172321275
"2021-01-13","Espace Mittelland","FR",1.71759430877086,2.8352234142999
"2021-01-13","Espace Mittelland","JU",0.375109525735069,0.570593045616854
"2021-01-13","Espace Mittelland","NE",1.00414307236012,1.6809518856965
"2021-01-13","Espace Mittelland","SO",0.996681774899279,1.98963225502532
"2021-01-13","Lake Geneva","GE",4.02124532089773,6.29783407121605
"2021-01-13","Lake Geneva","VD",5.66008135448383,9.23505592070157
"2021-01-13","Lake Geneva","VS",2.47270125596245,3.60216599676025
"2021-01-13","Northwestern","AG",3.27352730309082,5.98374958619429
"2021-01-13","Northwestern","BL",1.65404206230737,2.64067524935406
"2021-01-13","Northwestern","BS",1.48513847739064,3.00686356681152
"2021-01-13","Ticino","TI",2.13243371251634,2.93246350862381
"2021-01-13","Zurich","ZH",11.5629677587259,21.7828687493245
"2021-01-14","9999","9999",0.0108457659801958,0.0332064215849218
"2021-01-14","Central","LU",3.22002810630402,5.11830934789658
"2021-01-14","Central","NW",0.344433665508416,0.479062960326993
"2021-01-14","Central","OW",0.206929312214235,0.295594931959124
"2021-01-14","Central","SZ",1.06383214409571,1.45037628279771
"2021-01-14","Central","UR",0.245955696553561,0.31265698276325
"2021-01-14","Central","ZG",1.17126890494103,1.87002795865138
"2021-01-14","Eastern","AI",0.0668758600097054,0.0734483900153694
"2021-01-14","Eastern","AR",0.138393164847738,0.226768930209415
"2021-01-14","Eastern","GL",0.193235752788568,0.310209836034372
"2021-01-14","Eastern","GR",1.45772864561497,1.96675823074011
"2021-01-14","Eastern","SG",2.92977136774845,4.40816096243562
"2021-01-14","Eastern","SH",0.483180235626775,0.828189226980336
"2021-01-14","Eastern","TG",1.38433272347696,2.20610277608403
"2021-01-14","Espace Mittelland","BE",7.82860974930269,13.0165773797992
"2021-01-14","Espace Mittelland","FR",2.07214265821736,3.13088632255705
"2021-01-14","Espace Mittelland","JU",0.446346369033791,0.635102552442015
"2021-01-14","Espace Mittelland","NE",1.1762735490096,1.83593784519214
"2021-01-14","Espace Mittelland","SO",1.02679777328912,1.94588950724661
"2021-01-14","Lake Geneva","GE",4.77861922940319,6.96926995495211
"2021-01-14","Lake Geneva","VD",6.9134833070599,10.2060633498312
"2021-01-14","Lake Geneva","VS",3.05121099497266,4.06199166474634
"2021-01-14","Northwestern","AG",2.98953222015699,5.37420612180945
"2021-01-14","Northwestern","BL",1.756288923858,2.573684607651
"2021-01-14","Northwestern","BS",1.6680996668339,3.1095757531264
"2021-01-14","Ticino","TI",2.59164434511604,3.3078966026126
"2021-01-14","Zurich","ZH",10.7944295746366,19.7155055975083
"2021-01-15","9999","9999",0.0120048143410908,0.0327305874987509
"2021-01-15","Central","LU",4.30566376882516,6.12874302988034
"2021-01-15","Central","NW",0.437812939307851,0.557949454184315
"2021-01-15","Central","OW",0.257197192164071,0.360818189913541
"2021-01-15","Central","SZ",1.50856918495967,1.87883088924554
"2021-01-15","Central","UR",0.308861627174968,0.365304625583152
"2021-01-15","Central","ZG",1.57454445010732,2.28590694996469
"2021-01-15","Eastern","AI",0.111465955302054,0.117361078539135
"2021-01-15","Eastern","AR",0.234313862155505,0.319998422949886
"2021-01-15","Eastern","GL",0.283775680000773,0.400516347959793
"2021-01-15","Eastern","GR",2.43703130926103,2.84263283078456
"2021-01-15","Eastern","SG",4.42275697644408,5.98096255797529
"2021-01-15","Eastern","SH",0.610769504595524,0.992657880050384
"2021-01-15","Eastern","TG",1.93659522307179,2.85969488158869
"2021-01-15","Espace Mittelland","BE",9.88746847176876,15.2589115227303
"2021-01-15","Espace Mittelland","FR",2.65192813127923,3.74909676494
"2021-01-15","Espace Mittelland","JU",0.549796032652836,0.75263357172621
"2021-01-15","Espace Mittelland","NE",1.51446020090044,2.20579688274293
"2021-01-15","Espace Mittelland","SO",1.29017868050026,2.25344826765803
"2021-01-15","Lake Geneva","GE",5.75174958928865,7.67221285282248
"2021-01-15","Lake Geneva","VD",8.76660001976729,12.0237155708548
"2021-01-15","Lake Geneva","VS",4.17707517034586,5.21310229549161
"2021-01-15","Northwestern","AG",3.65566607555759,6.17884156152433
"2021-01-15","Northwestern","BL",2.19744136792706,3.05577251324008
"2021-01-15","Northwestern","BS",2.17275899417412,3.67758569941833
"2021-01-15","Ticino","TI",3.11504435303502,3.76289595343895
"2021-01-15","Zurich","ZH",13.9812353846982,22.9164414951795
"2021-01-16","9999","9999",0.0143723234213753,0.0314730259852994
"2021-01-16","Central","LU",5.12585655479548,6.64743617195556
"2021-01-16","Central","NW",0.531654538598162,0.672013682269266
"2021-01-16","Central","OW",0.458122393738435,0.625891764059708
"2021-01-16","Central","SZ",2.16997756554395,2.60474977584816
"2021-01-16","Central","UR",0.380519654243346,0.460709359860404
"2021-01-16","Central","ZG",1.79776593874864,2.24699051934571
"2021-01-16","Eastern","AI",0.161669346210862,0.172285927342854
"2021-01-16","Eastern","AR",0.310778852530296,0.382978463069497
"2021-01-16","Eastern","GL",0.399192047240282,0.565154941774902
"2021-01-16","Eastern","GR",3.94742817582985,4.30099632860014
"2021-01-16","Eastern","SG",6.36750567334585,7.57069025172303
"2021-01-16","Eastern","SH",0.83299515290139,1.16837661044347
"2021-01-16","Eastern","TG",2.66744539755228,3.54445411973753
"2021-01-16","Espace Mittelland","BE",10.7056722987031,15.3492860109537
"2021-01-16","Espace Mittelland","FR",2.5268788760511,3.47875502769694
"2021-01-16","Espace Mittelland","JU",0.611991244543607,0.781421533939546
"2021-01-16","Espace Mittelland","NE",1.68887073403946,2.25188481280347
"2021-01-16","Espace Mittelland","SO",1.53300296575576,2.45540584908854
"2021-01-16","Lake Geneva","GE",6.3820112354806,7.34871365052434
"2021-01-16","Lake Geneva","VD",9.9473649438317,12.3895640068221
"2021-01-16","Lake Geneva","VS",5.03264492195775,5.95319424023232
"2021-01-16","Northwestern","AG",5.18980472277433,7.37366095189929
"2021-01-16","Northwestern","BL",2.84125375624287,3.4750163313056
"2021-01-16","Northwestern","BS",2.61384458000919,3.70212514300514
"2021-01-16","Ticino","TI",3.59852119987351,4.08581735720389
"2021-01-16","Zurich","ZH",19.8773817168956,26.134915277741
"2021-01-17","9999","9999",0.0037262118781334,0.0083610846570018
"2021-01-17","Central","LU",0.198490842092126,0.401569980579172
"2021-01-17","Central","NW",0.0685688304814118,0.0687580254516855
"2021-01-17","Central","OW",0.104767459656961,0.103629866338205
"2021-01-17","Central","SZ",0.155673670681167,0.190945421150553
"2021-01-17","Central","UR",0.0985493110333978,0.0394262528541548
"2021-01-17","Central","ZG",0.0568089750292818,0.150601488273069
"2021-01-17","Eastern","AI",0.00893188490717445,0.00900685948823364
"2021-01-17","Eastern","AR",0.0323723825298029,0.025864981398286
"2021-01-17","Eastern","GL",0.0355665833155862,0.0661749261267581
"2021-01-17","Eastern","GR",1.0220029379011,0.599482972277226
"2021-01-17","Eastern","SG",0.22312417942463,0.331622369912059
"2021-01-17","Eastern","SH",0.0261172666638725,0.0416014943909358
"2021-01-17","Eastern","TG",0.072227557562118,0.136666347178066
"2021-01-17","Espace Mittelland","BE",0.685076277655741,2.2572549403474
"2021-01-17","Espace Mittelland","FR",0.192362389939581,0.38749888688812
"2021-01-17","Espace Mittelland","JU",0.0250713991545552,0.0440486411198143
"2021-01-17","Espace Mittelland","NE",0.0673692512986418,0.10787838496473
"2021-01-17","Espace Mittelland","SO",0.0889161998315508,0.192950721942273
"2021-01-17","Lake Geneva","GE",0.239860307370011,0.561620174277633
"2021-01-17","Lake Geneva","VD",0.504873659025521,0.868125302069674
"2021-01-17","Lake Geneva","VS",0.789327127932665,0.730337345974206
"2021-01-17","Northwestern","AG",0.220803133938698,0.435252236250264
"2021-01-17","Northwestern","BL",0.0717740626995837,0.13163610112426
"2021-01-17","Northwestern","BS",0.0796987390610689,0.231765188114208
"2021-01-17","Ticino","TI",0.175319606187497,0.266331135659618
"2021-01-17","Zurich","ZH",0.634326574344294,1.53208379302305
"2021-01-18","9999","9999",0.0122677869286627,0.0340221371612146
"2021-01-18","Central","LU",1.66615475520701,3.77037334622164
"2021-01-18","Central","NW",0.182829462314162,0.368805404931409
"2021-01-18","Central","OW",0.164153768111154,0.294575287488758
"2021-01-18","Central","SZ",0.73174915985774,1.2801636325446
"2021-01-18","Central","UR",0.166808031777198,0.248351404832163
"2021-01-18","Central","ZG",0.685849049662071,1.47800864794463
"2021-01-18","Eastern","AI",0.0506226754080672,0.0749778567209186
"2021-01-18","Eastern","AR",0.15090440691313,0.259499517708165
"2021-01-18","Eastern","GL",0.150080291949736,0.29644463568443
"2021-01-18","Eastern","GR",1.5010080328682,2.20977349617735
"2021-01-18","Eastern","SG",1.98450695823556,4.05444629566563
"2021-01-18","Eastern","SH",0.31780895687069,0.688158053050063
"2021-01-18","Eastern","TG",1.01253985643403,2.02596558631936
"2021-01-18","Espace Mittelland","BE",3.79984044718897,9.18601102167696
"2021-01-18","Espace Mittelland","FR",1.16430043094602,2.32886797031611
"2021-01-18","Espace Mittelland","JU",0.234638234043191,0.435218248101252
"2021-01-18","Espace Mittelland","NE",0.647834933368132,1.33328710945068
"2021-01-18","Espace Mittelland","SO",0.867115052165498,1.90255461725606
"2021-01-18","Lake Geneva","GE",2.46815390921324,5.02548771294425
"2021-01-18","Lake Geneva","VD",3.76669226948429,7.58999552036196
"2021-01-18","Lake Geneva","VS",1.99900310625478,3.36129198471077
"2021-01-18","Northwestern","AG",2.71034091680414,5.49632554121029
"2021-01-18","Northwestern","BL",1.11402187983777,2.2388673517318
"2021-01-18","Northwestern","BS",0.827620346906476,2.25120504982323
"2021-01-18","Ticino","TI",1.34977488770348,2.22802513219691
"2021-01-18","Zurich","ZH",7.25762657608262,17.4787455110152
"2021-01-19","9999","9999",0.0105708260311118,0.0315410022833238
"2021-01-19","Central","LU",1.73588316662824,3.73373412158648
"2021-01-19","Central","NW",0.207235200480737,0.373053923557934
"2021-01-19","Central","OW",0.180035142141416,0.304159945510199
"2021-01-19","Central","SZ",0.794474362173799,1.32288673585294
"2021-01-19","Central","UR",0.168912482117439,0.262320534076178
"2021-01-19","Central","ZG",0.706481685509824,1.46991946847973
"2021-01-19","Eastern","AI",0.0600323540907937,0.0825572139506397
"2021-01-19","Eastern","AR",0.150825448172892,0.267112863086899
"2021-01-19","Eastern","GL",0.167850386615286,0.305995305556858
"2021-01-19","Eastern","GR",1.33262771848397,2.17262444930702
"2021-01-19","Eastern","SG",2.13139137334234,4.1086913814891
"2021-01-19","Eastern","SH",0.322987456626979,0.673203267484693
"2021-01-19","Eastern","TG",1.05579575539069,2.04486299717015
"2021-01-19","Espace Mittelland","BE",3.89750281461104,9.11252864351258
"2021-01-19","Espace Mittelland","FR",1.1801976648631,2.2670095391139
"2021-01-19","Espace Mittelland","JU",0.241863497227929,0.431717468752995
"2021-01-19","Espace Mittelland","NE",0.663456538116358,1.306334507284
"2021-01-19","Espace Mittelland","SO",0.906329154908437,1.88447292198156
"2021-01-19","Lake Geneva","GE",2.44210936698348,4.95897290532737
"2021-01-19","Lake Geneva","VD",3.71367702245874,7.32702921145455
"2021-01-19","Lake Geneva","VS",1.86926532387258,3.16718566570208
"2021-01-19","Northwestern","AG",2.81354791632278,5.47086841760015
"2021-01-19","Northwestern","BL",1.14299358151947,2.24131449846068
"2021-01-19","Northwestern","BS",0.802423000670458,2.19220162313804
"2021-01-19","Ticino","TI",1.32881475889896,2.23057424337282
"2021-01-19","Zurich","ZH",7.37827500641963,17.0787389852906
"2021-01-20","9999","9999",0.0121936370627494,0.0356195801647881
"2021-01-20","Central","LU",1.77599088588304,3.82638581579375
"2021-01-20","Central","NW",0.209039002191159,0.371252551660287
"2021-01-20","Central","OW",0.185981189931437,0.316735560644714
"2021-01-20","Central","SZ",0.846866382219662,1.35119886398011
"2021-01-20","Central","UR",0.16847693046513,0.257460228767433
"2021-01-20","Central","ZG",0.751032820304894,1.51063727099635
"2021-01-20","Eastern","AI",0.0633057133339085,0.0832029887818715
"2021-01-20","Eastern","AR",0.151094467097562,0.264223870420862
"2021-01-20","Eastern","GL",0.175367197596023,0.31156936199486
"2021-01-20","Eastern","GR",1.36125551124703,2.19393501873767
"2021-01-20","Eastern","SG",2.23414992575008,4.18309143967681
"2021-01-20","Eastern","SH",0.33392912205615,0.681938221780829
"2021-01-20","Eastern","TG",1.11117126294084,2.07154369414473
"2021-01-20","Espace Mittelland","BE",4.05314821553345,9.28644600200802
"2021-01-20","Espace Mittelland","FR",1.23003139118028,2.34793532191196
"2021-01-20","Espace Mittelland","JU",0.26439428349059,0.453503872269817
"2021-01-20","Espace Mittelland","NE",0.692977465720646,1.32496001294269
"2021-01-20","Espace Mittelland","SO",0.948786228568138,1.92906537348557
"2021-01-20","Lake Geneva","GE",2.5653880871033,4.99669975073092
"2021-01-20","Lake Geneva","VD",3.93718840241899,7.58785426697419
"2021-01-20","Lake Geneva","VS",1.99649529787446,3.21137025941795
"2021-01-20","Northwestern","AG",2.85921618238528,5.53044964281854
"2021-01-20","Northwestern","BL",1.1516603439433,2.25786672702962
"2021-01-20","Northwestern","BS",0.811655240505844,2.19617823657247
"2021-01-20","Ticino","TI",1.41640822067354,2.2820323009773
"2021-01-20","Zurich","ZH",7.51926087899244,17.3963922259587
"2021-01-21","9999","9999",0.0118862489600369,0.0338182082671414
"2021-01-21","Central","LU",1.8840496597414,3.92386382716075
"2021-01-21","Central","NW",0.223208534442409,0.387226981696022
"2021-01-21","Central","OW",0.176059048935375,0.300659166161943
"2021-01-21","Central","SZ",0.782674876584724,1.27503142204376
"2021-01-21","Central","UR",0.168092095206454,0.254061413866213
"2021-01-21","Central","ZG",0.771468061260062,1.5466986970983
"2021-01-21","Eastern","AI",0.0631338430690515,0.0848004317854451
"2021-01-21","Eastern","AR",0.16135116946909,0.270749595031204
"2021-01-21","Eastern","GL",0.176861253758827,0.323839083788265
"2021-01-21","Eastern","GR",1.41319722407181,2.16470521058717
"2021-01-21","Eastern","SG",2.30426634049132,4.30340948718001
"2021-01-21","Eastern","SH",0.345846519050698,0.689687519755612
"2021-01-21","Eastern","TG",1.16802381154065,2.13479563945643
"2021-01-21","Espace Mittelland","BE",4.3482207362757,9.54937832276642
"2021-01-21","Espace Mittelland","FR",1.27288792643873,2.36343391786152
"2021-01-21","Espace Mittelland","JU",0.282607961568416,0.467065143725686
"2021-01-21","Espace Mittelland","NE",0.753657420108552,1.38508504854527
"2021-01-21","Espace Mittelland","SO",0.998506151386332,2.00020256936811
"2021-01-21","Lake Geneva","GE",2.6419216548455,5.1122594573724
"2021-01-21","Lake Geneva","VD",3.98916372253975,7.56797119980205
"2021-01-21","Lake Geneva","VS",1.96421727579721,3.18050902011487
"2021-01-21","Northwestern","AG",3.03134746181915,5.69542811812377
"2021-01-21","Northwestern","BL",1.19559390257762,2.32084676714923
"2021-01-21","Northwestern","BS",0.869136059920955,2.25032135794891
"2021-01-21","Ticino","TI",1.30845751725878,2.13870427659284
"2021-01-21","Zurich","ZH",7.77875606302424,17.7588418470248
"2021-01-22","9999","9999",0.0137070736156462,0.0373189876153983
"2021-01-22","Central","LU",2.64508392047646,4.78889620767031
"2021-01-22","Central","NW",0.305990760531189,0.468152764494076
"2021-01-22","Central","OW",0.251470324093889,0.373903627283239
"2021-01-22","Central","SZ",1.17334606061186,1.69532887272866
"2021-01-22","Central","UR",0.242014158320682,0.336176781879694
"2021-01-22","Central","ZG",1.08873257758636,1.87767529217912
"2021-01-22","Eastern","AI",0.0964963681231203,0.116171493323708
"2021-01-22","Eastern","AR",0.227009565826122,0.326524147560229
"2021-01-22","Eastern","GL",0.240396187491541,0.391101630683413
"2021-01-22","Eastern","GR",1.92411354305223,2.68655925052053
"2021-01-22","Eastern","SG",3.19212399430255,5.1687817491797
"2021-01-22","Eastern","SH",0.433434228189788,0.804499487118831
"2021-01-22","Eastern","TG",1.56565942822868,2.57609776623087
"2021-01-22","Espace Mittelland","BE",5.99435827015188,11.5121259519231
"2021-01-22","Espace Mittelland","FR",1.7844982153261,2.91115293919316
"2021-01-22","Espace Mittelland","JU",0.380202006164468,0.57422977756116
"2021-01-22","Espace Mittelland","NE",1.03138375942185,1.67337252846677
"2021-01-22","Espace Mittelland","SO",1.342968176722,2.36047694889746
"2021-01-22","Lake Geneva","GE",3.12489999607106,5.52300623818487
"2021-01-22","Lake Geneva","VD",5.39629293041786,9.0206586767326
"2021-01-22","Lake Geneva","VS",2.74149064303684,3.969136041645
"2021-01-22","Northwestern","AG",4.10185765601203,6.83420105077762
"2021-01-22","Northwestern","BL",1.65104810336176,2.77397676977991
"2021-01-22","Northwestern","BS",1.05327209103957,2.51811398401605
"2021-01-22","Ticino","TI",1.69770807052506,2.53704538301585
"2021-01-22","Zurich","ZH",10.4256310346453,20.8524091819664
"2021-01-23","9999","9999",0.0137329820134747,0.0310311800481408
"2021-01-23","Central","LU",2.76207863232419,4.67408424030709
"2021-01-23","Central","NW",0.354065919101568,0.521106300655088
"2021-01-23","Central","OW",0.353351343089816,0.550336108805582
"2021-01-23","Central","SZ",1.34344096190613,1.93504728771172
"2021-01-23","Central","UR",0.263733975703914,0.377234465886435
"2021-01-23","Central","ZG",1.10327835334525,1.74253841170661
"2021-01-23","Eastern","AI",0.102365184138357,0.135714679005724
"2021-01-23","Eastern","AR",0.215777695796304,0.33009290320651
"2021-01-23","Eastern","GL",0.287721079430789,0.462476743609038
"2021-01-23","Eastern","GR",2.41836229579059,3.26551338079438
"2021-01-23","Eastern","SG",3.4631318427653,5.32268008790695
"2021-01-23","Eastern","SH",0.514804998755939,0.877370078600993
"2021-01-23","Eastern","TG",1.84963493105533,2.85823339118116
"2021-01-23","Espace Mittelland","BE",6.26282558404317,11.1705790424995
"2021-01-23","Espace Mittelland","FR",1.71892503159554,2.68972014837866
"2021-01-23","Espace Mittelland","JU",0.37647572771397,0.551049859934838
"2021-01-23","Espace Mittelland","NE",1.08358539033748,1.59887050583203
"2021-01-23","Espace Mittelland","SO",1.54714122074379,2.51349159575039
"2021-01-23","Lake Geneva","GE",3.16122349933819,4.87984849442696
"2021-01-23","Lake Geneva","VD",5.65327514866911,8.65005189990354
"2021-01-23","Lake Geneva","VS",3.21811284287543,4.40710732981624
"2021-01-23","Northwestern","AG",4.80078076617249,7.29307505059136
"2021-01-23","Northwestern","BL",1.86165479075078,2.87298424785246
"2021-01-23","Northwestern","BS",1.20310762381744,2.39718414983064
"2021-01-23","Ticino","TI",1.96115778223284,2.83807841881693
"2021-01-23","Zurich","ZH",11.8946473927558,20.5799601794846
"2021-01-24","9999","9999",0.0105767901317607,0.030725286707031
"2021-01-24","Central","LU",0.351581109515154,1.04149885018092
"2021-01-24","Central","NW",0.0995942073693986,0.158010904757729
"2021-01-24","Central","OW",0.179688844449704,0.274930137359705
"2021-01-24","Central","SZ",0.29905323093757,0.535143406197127
"2021-01-24","Central","UR",0.149951705469825,0.149785772696776
"2021-01-24","Central","ZG",0.107127598784901,0.354360441601222
"2021-01-24","Eastern","AI",0.0203267280011436,0.0374549402114471
"2021-01-24","Eastern","AR",0.0442685977643974,0.0639996845899772
"2021-01-24","Eastern","GL",0.0760021205569364,0.164604605666096
"2021-01-24","Eastern","GR",1.38845859667093,1.49897933588516
"2021-01-24","Eastern","SG",0.445012991146577,1.04296034058844
"2021-01-24","Eastern","SH",0.0618373775999039,0.16157966040401
"2021-01-24","Eastern","TG",0.155500316244185,0.418767983979346
"2021-01-24","Espace Mittelland","BE",1.23305842092693,3.31717536729293
"2021-01-24","Espace Mittelland","FR",0.33174214156412,0.800013051449221
"2021-01-24","Espace Mittelland","JU",0.044510885926738,0.108286242752877
"2021-01-24","Espace Mittelland","NE",0.14122864632181,0.303820064020077
"2021-01-24","Espace Mittelland","SO",0.160352662323034,0.479844687754274
"2021-01-24","Lake Geneva","GE",0.369469898790465,0.992487939305323
"2021-01-24","Lake Geneva","VD",0.866342229250889,2.05652093228133
"2021-01-24","Lake Geneva","VS",1.35570338388542,1.90255461725606
"2021-01-24","Northwestern","AG",0.464381746739561,1.28709721494309
"2021-01-24","Northwestern","BL",0.172944053599181,0.494255662935448
"2021-01-24","Northwestern","BS",0.144505815853783,0.549248488037191
"2021-01-24","Ticino","TI",0.275063636621061,0.53425971432281
"2021-01-24","Zurich","ZH",1.26129159620977,4.10804560665787
"2021-01-25","9999","9999",0.0109085672159841,0.0325946349027021
"2021-01-25","Central","LU",1.80623546683677,3.7201388619816
"2021-01-25","Central","NW",0.207240585010213,0.354428417899247
"2021-01-25","Central","OW",0.159199264781073,0.267554709024057
"2021-01-25","Central","SZ",0.709538993934228,1.18754592648635
"2021-01-25","Central","UR",0.162772469869612,0.245054554377979
"2021-01-25","Central","ZG",0.665862365466405,1.43555744982839
"2021-01-25","Eastern","AI",0.0456479419112418,0.0713751129256251
"2021-01-25","Eastern","AR",0.141215445413545,0.241587763178735
"2021-01-25","Eastern","GL",0.148808356438871,0.2712934054154
"2021-01-25","Eastern","GR",1.44776333048256,2.17381403452244
"2021-01-25","Eastern","SG",2.15529337017532,4.07222209759901
"2021-01-25","Eastern","SH",0.330546623295581,0.687376325622782
"2021-01-25","Eastern","TG",1.13371020627616,2.13826243065568
"2021-01-25","Espace Mittelland","BE",4.02581363402572,9.09437897194006
"2021-01-25","Espace Mittelland","FR",1.33165761032538,2.37414018480036
"2021-01-25","Espace Mittelland","JU",0.259143024055998,0.450071069219585
"2021-01-25","Espace Mittelland","NE",0.715186707463099,1.31799244239519
"2021-01-25","Espace Mittelland","SO",0.905172569725026,1.84005041122262
"2021-01-25","Lake Geneva","GE",2.77343760857781,5.02433211587784
"2021-01-25","Lake Geneva","VD",4.03852098261264,7.45003232272971
"2021-01-25","Lake Geneva","VS",2.02259722939839,3.17123025543454
"2021-01-25","Northwestern","AG",2.78538215534899,5.27716995637961
"2021-01-25","Northwestern","BL",1.15913197970074,2.27129204588944
"2021-01-25","Northwestern","BS",0.870006485753865,2.26361072421268
"2021-01-25","Ticino","TI",1.85035249107542,2.36156456966585
"2021-01-25","Zurich","ZH",7.36018912770141,17.1723423476702
"2021-01-26","9999","9999",0.0135281858403737,0.0362313668470078
"2021-01-26","Central","LU",2.07993729525498,4.09672755303681
"2021-01-26","Central","NW",0.228556586178864,0.400278430916708
"2021-01-26","Central","OW",0.195745546591752,0.320848126675191
"2021-01-26","Central","SZ",0.901268488237194,1.42481719474054
"2021-01-26","Central","UR",0.191822907078329,0.277275319641547
"2021-01-26","Central","ZG",0.801027455942928,1.57375326371201
"2021-01-26","Eastern","AI",0.060361953867098,0.087145614067287
"2021-01-26","Eastern","AR",0.159329264944723,0.275134066253779
"2021-01-26","Eastern","GL",0.18569294334151,0.321221996314325
"2021-01-26","Eastern","GR",1.35396816345843,2.1645012816931
"2021-01-26","Eastern","SG",2.45744200850985,4.46227009566304
"2021-01-26","Eastern","SH",0.368515352901063,0.733634196428389
"2021-01-26","Eastern","TG",1.26503747434756,2.24518914744807
"2021-01-26","Espace Mittelland","BE",4.61928132179915,10.0503296510573
"2021-01-26","Espace Mittelland","FR",1.48364848214206,2.50910712452782
"2021-01-26","Espace Mittelland","JU",0.299257498447777,0.484195170827836
"2021-01-26","Espace Mittelland","NE",0.841615788508715,1.46985149218171
"2021-01-26","Espace Mittelland","SO",1.03415012703358,1.99558018110245
"2021-01-26","Lake Geneva","GE",2.86398111111759,5.22972250035858
"2021-01-26","Lake Geneva","VD",4.38125681003471,7.9533288333024
"2021-01-26","Lake Geneva","VS",2.23945930285882,3.5468672783174
"2021-01-26","Northwestern","AG",3.17670818039687,5.76523977619484
"2021-01-26","Northwestern","BL",1.24919673295573,2.39225586822387
"2021-01-26","Northwestern","BS",0.929486563341371,2.34885300193529
"2021-01-26","Ticino","TI",1.65508515727351,2.37509185297271
"2021-01-26","Zurich","ZH",8.32345383911606,18.4129097866156
"2021-01-27","9999","9999",0.0118160503597537,0.0332064215849218
"2021-01-27","Central","LU",1.86250668205423,3.76537708831685
"2021-01-27","Central","NW",0.199877509199057,0.362993431450322
"2021-01-27","Central","OW",0.156627417702196,0.261606782946922
"2021-01-27","Central","SZ",0.755689083358339,1.22537473633693
"2021-01-27","Central","UR",0.163352616697468,0.244578720291809
"2021-01-27","Central","ZG",0.740691766831609,1.49799367956381
"2021-01-27","Eastern","AI",0.0560019926596763,0.0790564346023828
"2021-01-27","Eastern","AR",0.155903701696409,0.262422498523215
"2021-01-27","Eastern","GL",0.158873941300178,0.286588072470891
"2021-01-27","Eastern","GR",1.27420986954335,1.99398273809888
"2021-01-27","Eastern","SG",2.274719833435,4.19321990808245
"2021-01-27","Eastern","SH",0.342886809628574,0.698592414796809
"2021-01-27","Eastern","TG",1.17478274314459,2.13054712082991
"2021-01-27","Espace Mittelland","BE",4.45146737376334,9.61388782959158
"2021-01-27","Espace Mittelland","FR",1.48145807121525,2.5260332227359
"2021-01-27","Espace Mittelland","JU",0.311722856489989,0.498572157859997
"2021-01-27","Espace Mittelland","NE",0.830185105986552,1.44361264114429
"2021-01-27","Espace Mittelland","SO",0.963870347626045,1.88307940787206
"2021-01-27","Lake Geneva","GE",2.99321757618347,5.28593889882476
"2021-01-27","Lake Geneva","VD",4.6019916603076,8.1009393644624
"2021-01-27","Lake Geneva","VS",1.93276504865655,3.01967709898912
"2021-01-27","Northwestern","AG",2.9888552144549,5.46009417436328
"2021-01-27","Northwestern","BL",1.16045718485121,2.24685456674967
"2021-01-27","Northwestern","BS",0.896502901613286,2.26816513618032
"2021-01-27","Ticino","TI",1.79936867233837,2.36666279201768
"2021-01-27","Zurich","ZH",7.69878209031249,17.3421471401352
"2021-01-28","9999","9999",0.0136129089641674,0.0363333312940444
"2021-01-28","Central","LU",2.23103042307321,4.2928051846882
"2021-01-28","Central","NW",0.260224805397916,0.416388813548492
"2021-01-28","Central","OW",0.199595959005787,0.296478623833442
"2021-01-28","Central","SZ",0.953184782166824,1.43049321562558
"2021-01-28","Central","UR",0.165674273082745,0.261810711840995
"2021-01-28","Central","ZG",0.869190942961397,1.65107630271477
"2021-01-28","Eastern","AI",0.0681974115121796,0.0876894244514823
"2021-01-28","Eastern","AR",0.165565141397333,0.272313049885766
"2021-01-28","Eastern","GL",0.189513018337471,0.310277812332396
"2021-01-28","Eastern","GR",1.3696176346152,2.01468152084731
"2021-01-28","Eastern","SG",2.66457827070898,4.56413257825262
"2021-01-28","Eastern","SH",0.400121648073129,0.760450845999017
"2021-01-28","Eastern","TG",1.38657514700049,2.36387576379868
"2021-01-28","Espace Mittelland","BE",4.91253989833546,10.1115423074282
"2021-01-28","Espace Mittelland","FR",1.49095563325107,2.50281931696056
"2021-01-28","Espace Mittelland","JU",0.321039173305632,0.514920457534867
"2021-01-28","Espace Mittelland","NE",0.892775695065708,1.49299742165902
"2021-01-28","Espace Mittelland","SO",1.16682304971941,2.08728020713738
"2021-01-28","Lake Geneva","GE",3.08451924396961,5.30959465053725
"2021-01-28","Lake Geneva","VD",4.51970800640412,7.83535596808105
"2021-01-28","Lake Geneva","VS",2.08172625524415,3.17677032372352
"2021-01-28","Northwestern","AG",3.46687060940816,5.8787941820446
"2021-01-28","Northwestern","BL",1.35542739835862,2.49357454042924
"2021-01-28","Northwestern","BS",0.965165015641353,2.39443110976065
"2021-01-28","Ticino","TI",1.81757209827207,2.47872171931091
"2021-01-28","Zurich","ZH",8.68912292190399,18.3121689129434
"2021-01-29","9999","9999",0.0152382536616749,0.0390523832150206
"2021-01-29","Central","LU",3.0412922883274,5.15991084228751
"2021-01-29","Central","NW",0.335863867691389,0.488375713156337
"2021-01-29","Central","OW",0.24854722164016,0.35633175424393
"2021-01-29","Central","SZ",1.26616005671683,1.7505936030225
"2021-01-29","Central","UR",0.281450311227174,0.340153395314122
"2021-01-29","Central","ZG",1.20173304155266,1.9898701720684
"2021-01-29","Eastern","AI",0.0955168536810349,0.111481128760024
"2021-01-29","Eastern","AR",0.229003184927647,0.344435902089659
"2021-01-29","Eastern","GL",0.278525791173685,0.413295891988382
"2021-01-29","Eastern","GR",2.11732279612374,2.70226177536417
"2021-01-29","Eastern","SG",3.59738328236429,5.55043467443772
"2021-01-29","Eastern","SH",0.503800849288716,0.874617038531005
"2021-01-29","Eastern","TG",1.76494257544206,2.77859915804557
"2021-01-29","Espace Mittelland","BE",6.78431050867055,12.2349859051146
"2021-01-29","Espace Mittelland","FR",2.1004621112845,3.14597706071847
"2021-01-29","Espace Mittelland","JU",0.431696521089183,0.631125939007587
"2021-01-29","Espace Mittelland","NE",1.19281493320891,1.79559391231465
"2021-01-29","Espace Mittelland","SO",1.53736786898223,2.50863129044165
"2021-01-29","Lake Geneva","GE",3.86457409466372,6.09373523639777
"2021-01-29","Lake Geneva","VD",6.10956223630466,9.56929537808757
"2021-01-29","Lake Geneva","VS",3.10436219843047,4.1465541794887
"2021-01-29","Northwestern","AG",4.52999339363268,7.10423689467956
"2021-01-29","Northwestern","BL",1.78867901855277,2.91829045048572
"2021-01-29","Northwestern","BS",1.19949792532513,2.66936124712035
"2021-01-29","Ticino","TI",2.26313722102914,2.87815044650231
"2021-01-29","Zurich","ZH",11.3348935598157,21.3879604459517
"2021-01-30","9999","9999",0.0153571949807868,0.0341580897572634
"2021-01-30","Central","LU",3.15416767065298,5.01474745785639
"2021-01-30","Central","NW",0.367774281088267,0.518115343542014
"2021-01-30","Central","OW",0.317995108865729,0.439330814131729
"2021-01-30","Central","SZ",1.44143065389605,1.94422408794502
"2021-01-30","Central","UR",0.28634752707965,0.36666415154364
"2021-01-30","Central","ZG",1.21624656887502,1.83831701562299
"2021-01-30","Eastern","AI",0.105414069200649,0.12901901365032
"2021-01-30","Eastern","AR",0.22423389374746,0.335123149260316
"2021-01-30","Eastern","GL",0.291938802907569,0.444157131291461
"2021-01-30","Eastern","GR",3.05374183739107,3.52725611633736
"2021-01-30","Eastern","SG",3.90607141020948,5.64186279528054
"2021-01-30","Eastern","SH",0.534920876414839,0.893038615295619
"2021-01-30","Eastern","TG",2.02618373721175,3.05335935466022
"2021-01-30","Espace Mittelland","BE",6.99128292844876,11.7142874622477
"2021-01-30","Espace Mittelland","FR",2.05435346903128,2.94096054587686
"2021-01-30","Espace Mittelland","JU",0.452754671826302,0.623070747691695
"2021-01-30","Espace Mittelland","NE",1.24178471862468,1.73808596418601
"2021-01-30","Espace Mittelland","SO",1.67481311384884,2.64421001685132
"2021-01-30","Lake Geneva","GE",3.55541991327524,5.05916996861534
"2021-01-30","Lake Geneva","VD",6.50647423488744,9.15062935855526
"2021-01-30","Lake Geneva","VS",3.58496172893788,4.38535491444843
"2021-01-30","Northwestern","AG",5.20603873845103,7.6873035909839
"2021-01-30","Northwestern","BL",2.07230615994441,3.06610491053979
"2021-01-30","Northwestern","BS",1.32248698908731,2.53041769395847
"2021-01-30","Ticino","TI",2.15609846110657,3.03259259561376
"2021-01-30","Zurich","ZH",13.0613107901972,21.4630062789706
"2021-01-31","9999","9999",0.0128915269071576,0.0324926704556655
"2021-01-31","Central","LU",0.39606787666586,1.06450882706218
"2021-01-31","Central","NW",0.102134628376242,0.13472902268437
"2021-01-31","Central","OW",0.159810371674411,0.215009030651193
"2021-01-31","Central","SZ",0.257058702065944,0.445176775761827
"2021-01-31","Central","UR",0.151569856435952,0.14366790587458
"2021-01-31","Central","ZG",0.115080427424498,0.353816631217027
"2021-01-31","Eastern","AI",0.0164148692947371,0.0228740242852122
"2021-01-31","Eastern","AR",0.0458128534060049,0.0608387867318423
"2021-01-31","Eastern","GL",0.0663131903855236,0.133403484872895
"2021-01-31","Eastern","GR",1.76517933809816,1.69641649349705
"2021-01-31","Eastern","SG",0.500190633881573,1.03524503076267
"2021-01-31","Eastern","SH",0.0657889956719622,0.175480813350001
"2021-01-31","Eastern","TG",0.178390518870373,0.448643566961072
"2021-01-31","Espace Mittelland","BE",1.33205384120643,3.42892840124505
"2021-01-31","Espace Mittelland","FR",0.340994278704428,0.801712458899831
"2021-01-31","Espace Mittelland","JU",0.0510110468341009,0.118142805966416
"2021-01-31","Espace Mittelland","NE",0.155835245725666,0.320916102973215
"2021-01-31","Espace Mittelland","SO",0.181384043137608,0.486064519023507
"2021-01-31","Lake Geneva","GE",0.441710062025589,1.07939563632952
"2021-01-31","Lake Geneva","VD",0.944081344192529,2.0990401066956
"2021-01-31","Lake Geneva","VS",1.54210293021904,2.03969679852029
"2021-01-31","Northwestern","AG",0.529118859893278,1.40245299269051
"2021-01-31","Northwestern","BL",0.198807397601023,0.534225726173798
"2021-01-31","Northwestern","BS",0.158105273284314,0.580143715489283
"2021-01-31","Ticino","TI",0.326958243623972,0.638467379194223
"2021-01-31","Zurich","ZH",1.40407330922142,4.22452299332269
"2021-02-01","9999","9999",0.0126506915887701,0.0350757697805929
"2021-02-01","Central","LU",1.88178459769793,3.95523488869901
"2021-02-01","Central","NW",0.209971062285468,0.379137802231118
"2021-02-01","Central","OW",0.18736186552557,0.301202976546138
"2021-02-01","Central","SZ",0.807264644262719,1.31999774318691
"2021-02-01","Central","UR",0.186988265332398,0.271973168395644
"2021-02-01","Central","ZG",0.690199310884393,1.51777478228891
"2021-02-01","Eastern","AI",0.0508498555597031,0.0771191101086873
"2021-02-01","Eastern","AR",0.137819581271811,0.241485798731698
"2021-02-01","Eastern","GL",0.183072952695084,0.309971918991286
"2021-02-01","Eastern","GR",2.00408910175268,2.80225490975807
"2021-02-01","Eastern","SG",2.27885165506554,4.10301536060406
"2021-02-01","Eastern","SH",0.332797407524887,0.658690327856483
"2021-02-01","Eastern","TG",1.06559674643155,2.03123374941625
"2021-02-01","Espace Mittelland","BE",4.35528166362083,9.59601006321116
"2021-02-01","Espace Mittelland","FR",1.40418406605573,2.4469427999845
"2021-02-01","Espace Mittelland","JU",0.263108089745672,0.469614254901601
"2021-02-01","Espace Mittelland","NE",0.739071313244877,1.3522864847485
"2021-02-01","Espace Mittelland","SO",0.93627624746165,1.90513771658098
"2021-02-01","Lake Geneva","GE",2.83375952112572,5.13255038233269
"2021-02-01","Lake Geneva","VD",4.31116906057038,7.61276758020014
"2021-02-01","Lake Geneva","VS",2.25065307391608,3.37733439104453
"2021-02-01","Northwestern","AG",2.7604279000597,5.31346929952464
"2021-02-01","Northwestern","BL",1.16518010250554,2.33756893646323
"2021-02-01","Northwestern","BS",0.883259375287204,2.33250470226042
"2021-02-01","Ticino","TI",1.70689848333547,2.40867214419676
"2021-02-01","Zurich","ZH",7.57386977835401,17.4961814314585
"2021-02-02","9999","9999",0.0107022907867799,0.0331384452868974
"2021-02-02","Central","LU",1.91745953341067,4.07269793168518
"2021-02-02","Central","NW",0.226494883128631,0.397083544909561
"2021-02-02","Central","OW",0.182166934143332,0.313370733892506
"2021-02-02","Central","SZ",0.836875456307056,1.3695524644467
"2021-02-02","Central","UR",0.202546720318928,0.28872932585866
"2021-02-02","Central","ZG",0.771376716144018,1.57885148606384
"2021-02-02","Eastern","AI",0.0603955807431792,0.0858880525538355
"2021-02-02","Eastern","AR",0.14620560020279,0.252803852352762
"2021-02-02","Eastern","GL",0.177948486202586,0.317347347326934
"2021-02-02","Eastern","GR",1.78992430945377,2.75929388940664
"2021-02-02","Eastern","SG",2.35597059360819,4.31166860738998
"2021-02-02","Eastern","SH",0.336281855987552,0.683739593678476
"2021-02-02","Eastern","TG",1.09977806457587,2.06481404064031
"2021-02-02","Espace Mittelland","BE",4.41917282999164,9.83950116273458
"2021-02-02","Espace Mittelland","FR",1.36206901770835,2.46206752629493
"2021-02-02","Espace Mittelland","JU",0.288090090046837,0.490448990246081
"2021-02-02","Espace Mittelland","NE",0.782305439122339,1.41642212193452
"2021-02-02","Espace Mittelland","SO",0.963422973505017,1.94561760205452
"2021-02-02","Lake Geneva","GE",2.88838789486189,5.2707461962163
"2021-02-02","Lake Geneva","VD",4.35166561334175,7.78355802898645
"2021-02-02","Lake Geneva","VS",2.31121121654116,3.50016756157463
"2021-02-02","Northwestern","AG",2.90596605356874,5.53299875399446
"2021-02-02","Northwestern","BL",1.21167055684889,2.40303011146074
"2021-02-02","Northwestern","BS",0.922849846850471,2.42831729432581
"2021-02-02","Ticino","TI",1.65897263091443,2.43926147830774
"2021-02-02","Zurich","ZH",7.85965784303103,18.0403656852929
"2021-02-03","9999","9999",0.0120415544542146,0.03626535499602
"2021-02-03","Central","LU",1.97823990242026,4.0490761681217
"2021-02-03","Central","NW",0.215225360552695,0.387023052801949
"2021-02-03","Central","OW",0.192650103950593,0.313982520574726
"2021-02-03","Central","SZ",0.851368318784289,1.35694286116317
"2021-02-03","Central","UR",0.194515610410801,0.286622060619903
"2021-02-03","Central","ZG",0.788492412299241,1.57487487262941
"2021-02-03","Eastern","AI",0.0553420921392304,0.0815715576292858
"2021-02-03","Eastern","AR",0.133304612187841,0.239582462387015
"2021-02-03","Eastern","GL",0.177857313391485,0.319828482204825
"2021-02-03","Eastern","GR",1.91504697441977,2.88753117562968
"2021-02-03","Eastern","SG",2.21159393597345,4.05414040232452
"2021-02-03","Eastern","SH",0.328957141522395,0.657398778194019
"2021-02-03","Eastern","TG",1.05865448236801,1.9678458515085
"2021-02-03","Espace Mittelland","BE",4.48205352185489,9.89235273444855
"2021-02-03","Espace Mittelland","FR",1.38786372168645,2.46713176049775
"2021-02-03","Espace Mittelland","JU",0.284600891450169,0.483719336741665
"2021-02-03","Espace Mittelland","NE",0.783891604025368,1.4188692686634
"2021-02-03","Espace Mittelland","SO",0.986488974165564,1.97117669011169
"2021-02-03","Lake Geneva","GE",2.87951402581231,5.31207578541514
"2021-02-03","Lake Geneva","VD",4.4071707646976,7.95699955339572
"2021-02-03","Lake Geneva","VS",2.29840985602759,3.51892901982937
"2021-02-03","Northwestern","AG",2.91877057822762,5.53350857622964
"2021-02-03","Northwestern","BL",1.2067962458058,2.38790538515031
"2021-02-03","Northwestern","BS",0.929938848153281,2.38640990659377
"2021-02-03","Ticino","TI",1.62264163629828,2.4051713648485
"2021-02-03","Zurich","ZH",7.76416588349828,17.7044608086053
"2021-02-04","9999","9999",0.0117440738857381,0.0348038645884953
"2021-02-04","Central","LU",2.07749352557323,4.39018123160816
"2021-02-04","Central","NW",0.24808471992832,0.420603344026005
"2021-02-04","Central","OW",0.238401769521642,0.383998107539863
"2021-02-04","Central","SZ",0.898134370968321,1.43970400400788
"2021-02-04","Central","UR",0.213433581028085,0.315681928025336
"2021-02-04","Central","ZG",0.834048355118859,1.6862540369424
"2021-02-04","Eastern","AI",0.0610201430861759,0.0890489504119703
"2021-02-04","Eastern","AR",0.15549994813817,0.264869645252093
"2021-02-04","Eastern","GL",0.205863551316017,0.354088536409125
"2021-02-04","Eastern","GR",2.21251915477831,3.16868114425862
"2021-02-04","Eastern","SG",2.47371832505012,4.45380704655901
"2021-02-04","Eastern","SH",0.346870715297382,0.713173330723043
"2021-02-04","Eastern","TG",1.15288730786398,2.16344764907372
"2021-02-04","Espace Mittelland","BE",4.87022102890432,10.6097405956491
"2021-02-04","Espace Mittelland","FR",1.42717939819342,2.55013082038555
"2021-02-04","Espace Mittelland","JU",0.305504985903948,0.513866824915489
"2021-02-04","Espace Mittelland","NE",0.821657217430946,1.51206477325486
"2021-02-04","Espace Mittelland","SO",1.11188114755891,2.14023374329839
"2021-02-04","Lake Geneva","GE",3.00027484596457,5.5999554075485
"2021-02-04","Lake Geneva","VD",4.63633083327606,8.17700484195171
"2021-02-04","Lake Geneva","VS",2.47559472979799,3.77516567523236
"2021-02-04","Northwestern","AG",3.11375935367664,5.83403178979553
"2021-02-04","Northwestern","BL",1.30194957521682,2.53266091179328
"2021-02-04","Northwestern","BS",0.959954850935724,2.51325367870731
"2021-02-04","Ticino","TI",1.70928559210305,2.51926958108247
"2021-02-04","Zurich","ZH",8.39627912644229,19.0660260580341
"2021-02-05","9999","9999",0.0141570832191014,0.0415675062419236
"2021-02-05","Central","LU",2.83384205519353,5.18332867695692
"2021-02-05","Central","NW",0.330161717548519,0.515872125707208
"2021-02-05","Central","OW",0.328024862130885,0.475392240233675
"2021-02-05","Central","SZ",1.23304586616221,1.81469525205951
"2021-02-05","Central","UR",0.304843096044612,0.41003302968321
"2021-02-05","Central","ZG",1.1552389844696,2.03459857616846
"2021-02-05","Eastern","AI",0.0962298789482978,0.122289360145904
"2021-02-05","Eastern","AR",0.20084976725342,0.320100387396922
"2021-02-05","Eastern","GL",0.260299613155431,0.433756757693727
"2021-02-05","Eastern","GR",3.10793229811401,3.80001101216028
"2021-02-05","Eastern","SG",3.23920915915748,5.32424354276151
"2021-02-05","Eastern","SH",0.445806557226738,0.8395072806014
"2021-02-05","Eastern","TG",1.51545389134012,2.58027830855937
"2021-02-05","Espace Mittelland","BE",6.64875875415334,12.6936899641833
"2021-02-05","Espace Mittelland","FR",1.97129174082844,3.20973882826536
"2021-02-05","Espace Mittelland","JU",0.417058718826516,0.639758928856686
"2021-02-05","Espace Mittelland","NE",1.06671356441726,1.76469868486256
"2021-02-05","Espace Mittelland","SO",1.43863219840466,2.52209059745048
"2021-02-05","Lake Geneva","GE",3.66239540203946,6.20671184371433
"2021-02-05","Lake Geneva","VD",5.90243523941226,9.7927674578428
"2021-02-05","Lake Geneva","VS",3.42806251585181,4.81992738771845
"2021-02-05","Northwestern","AG",4.10997536873424,6.98633200575623
"2021-02-05","Northwestern","BL",1.72138273448156,3.0263047880465
"2021-02-05","Northwestern","BS",1.1676006736763,2.84249687818851
"2021-02-05","Ticino","TI",2.16929990978231,2.89082802608387
"2021-02-05","Zurich","ZH",10.8447310579664,22.0026701089864
"2021-02-06","9999","9999",0.0146729368070015,0.0358914853568858
"2021-02-06","Central","LU",2.95524379491033,5.07752356908193
"2021-02-06","Central","NW",0.384158609331816,0.553021172577546
"2021-02-06","Central","OW",0.431064455649113,0.639588988111625
"2021-02-06","Central","SZ",1.47804322611761,2.10369648311027
"2021-02-06","Central","UR",0.342588420543124,0.444497012781583
"2021-02-06","Central","ZG",1.13410726735376,1.80735381187288
"2021-02-06","Eastern","AI",0.105756654504039,0.144211716258775
"2021-02-06","Eastern","AR",0.246934564852109,0.349568112590502
"2021-02-06","Eastern","GL",0.326298437088041,0.529977207547272
"2021-02-06","Eastern","GR",4.05757111895343,4.42634462215715
"2021-02-06","Eastern","SG",3.76542569500677,5.78542873670809
"2021-02-06","Eastern","SH",0.511099322494222,0.900991842164474
"2021-02-06","Eastern","TG",1.89791721583156,3.01131601433212
"2021-02-06","Espace Mittelland","BE",7.03533491148736,12.35866877937
"2021-02-06","Espace Mittelland","FR",1.88193393909146,2.9705982118155
"2021-02-06","Espace Mittelland","JU",0.429420733063001,0.621371340241085
"2021-02-06","Espace Mittelland","NE",1.15435383048006,1.71820289701387
"2021-02-06","Espace Mittelland","SO",1.57388962866667,2.64866246437192
"2021-02-06","Lake Geneva","GE",3.52495173532949,5.33477986895529
"2021-02-06","Lake Geneva","VD",6.19434185653963,9.40288940052383
"2021-02-06","Lake Geneva","VS",4.16061094743295,5.29542159239916
"2021-02-06","Northwestern","AG",4.84238442128039,7.56776727090798
"2021-02-06","Northwestern","BL",1.9923552134387,3.10508931745679
"2021-02-06","Northwestern","BS",1.2627979878401,2.61011990339209
"2021-02-06","Ticino","TI",2.08986345800506,2.95224461134891
"2021-02-06","Zurich","ZH",12.4240458174195,21.742524816447
"2021-02-07","9999","9999",0.0102888450754838,0.0325606467536899
"2021-02-07","Central","LU",0.376875827624208,1.01682345399806
"2021-02-07","Central","NW",0.121994836827552,0.123478945361331
"2021-02-07","Central","OW",0.169593724954718,0.192916733793261
"2021-02-07","Central","SZ",0.251305506583641,0.408571539275685
"2021-02-07","Central","UR",0.17637655212146,0.115831611833586
"2021-02-07","Central","ZG",0.110126903099777,0.341614885721647
"2021-02-07","Eastern","AI",0.012524439057635,0.0170960389531378
"2021-02-07","Eastern","AR",0.0440284085895471,0.0621643245433182
"2021-02-07","Eastern","GL",0.0608705314871678,0.122187395698868
"2021-02-07","Eastern","GR",1.93169017909247,1.44412246337947
"2021-02-07","Eastern","SG",0.472570057496241,0.9893610295962
"2021-02-07","Eastern","SH",0.0625105338529147,0.183060170579722
"2021-02-07","Eastern","TG",0.172522540883724,0.465603653318161
"2021-02-07","Espace Mittelland","BE",1.30335764729693,3.27394244174941
"2021-02-07","Espace Mittelland","FR",0.304409706036136,0.753143393961394
"2021-02-07","Espace Mittelland","JU",0.044009051695583,0.112602737677427
"2021-02-07","Espace Mittelland","NE",0.136475622294673,0.304329886255261
"2021-02-07","Espace Mittelland","SO",0.163814366533192,0.487288092387946
"2021-02-07","Lake Geneva","GE",0.382489005760025,1.03578884114687
"2021-02-07","Lake Geneva","VD",0.868495015043729,1.97124466640972
"2021-02-07","Lake Geneva","VS",1.71926821213419,1.94541367316044
"2021-02-07","Northwestern","AG",0.509983800711601,1.41689795602069
"2021-02-07","Northwestern","BL",0.177569716861116,0.538678173694396
"2021-02-07","Northwestern","BS",0.163333862870805,0.618652288320109
"2021-02-07","Ticino","TI",0.238132018300962,0.451124701838963
"2021-02-07","Zurich","ZH",1.40205420073636,4.31724266382798
"2021-02-08","9999","9999",0.0105409546195889,0.0329345163928242
"2021-02-08","Central","LU",1.778256586238,3.8134363310201
"2021-02-08","Central","NW",0.215975125933082,0.39028591510712
"2021-02-08","Central","OW",0.241841215065951,0.40602242809977
"2021-02-08","Central","SZ",0.819821359169039,1.42121445094524
"2021-02-08","Central","UR",0.220798810651032,0.312487042018189
"2021-02-08","Central","ZG",0.661208710483237,1.42988142894336
"2021-02-08","Eastern","AI",0.0508210532220325,0.0804159605628709
"2021-02-08","Eastern","AR",0.143012875757089,0.271565310607497
"2021-02-08","Eastern","GL",0.1802031629572,0.33811410637339
"2021-02-08","Eastern","GR",2.12375879301985,3.05312143761713
"2021-02-08","Eastern","SG",2.18834837006592,4.36193707977902
"2021-02-08","Eastern","SH",0.318826417560502,0.664740218380655
"2021-02-08","Eastern","TG",1.11009037053579,2.21150689177697
"2021-02-08","Espace Mittelland","BE",4.351286793092,9.90887097486848
"2021-02-08","Espace Mittelland","FR",1.30373313501243,2.51376350094249
"2021-02-08","Espace Mittelland","JU",0.255150056713585,0.462544719907063
"2021-02-08","Espace Mittelland","NE",0.665165717000793,1.36557585101227
"2021-02-08","Espace Mittelland","SO",0.839116669779969,1.82825652351538
"2021-02-08","Lake Geneva","GE",2.66345370683286,5.27805364825393
"2021-02-08","Lake Geneva","VD",4.02865875674457,7.89327177399784
"2021-02-08","Lake Geneva","VS",2.53873867620235,3.90156760140874
"2021-02-08","Northwestern","AG",2.61678703544086,5.27465483335271
"2021-02-08","Northwestern","BL",1.10155941965142,2.2901214804422
"2021-02-08","Northwestern","BS",0.837609917875666,2.30582400528584
"2021-02-08","Ticino","TI",1.51934153728599,2.42117978303325
"2021-02-08","Zurich","ZH",7.40370905657142,17.8779363211635
"2021-02-09","9999","9999",0.0114939654285874,0.0333763623299828
"2021-02-09","Central","LU",1.82022560614598,3.7259848236117
"2021-02-09","Central","NW",0.227051400683135,0.391271571428474
"2021-02-09","Central","OW",0.212097779123601,0.34953412444149
"2021-02-09","Central","SZ",0.81327812985791,1.37118389559928
"2021-02-09","Central","UR",0.195811809590491,0.309156203414993
"2021-02-09","Central","ZG",0.713695474751751,1.41798557678909
"2021-02-09","Eastern","AI",0.0586511341696809,0.0831690006328593
"2021-02-09","Eastern","AR",0.15730300972054,0.268744294239485
"2021-02-09","Eastern","GL",0.174703287069626,0.324926704556655
"2021-02-09","Eastern","GR",1.86804566333188,3.00611582753326
"2021-02-09","Eastern","SG",2.24146398472091,4.3292744685783
"2021-02-09","Eastern","SH",0.30998194999987,0.672149634865315
"2021-02-09","Eastern","TG",1.11757124027178,2.16657455878284
"2021-02-09","Espace Mittelland","BE",4.40856753905586,9.83321335516732
"2021-02-09","Espace Mittelland","FR",1.28799405745313,2.45503197944941
"2021-02-09","Espace Mittelland","JU",0.266530320459743,0.482733680420311
"2021-02-09","Espace Mittelland","NE",0.703827006745507,1.41472271448391
"2021-02-09","Espace Mittelland","SO",0.895653281602272,1.86486176000152
"2021-02-09","Lake Geneva","GE",2.67758155303591,5.37141909359045
"2021-02-09","Lake Geneva","VD",4.07381453308158,7.90781870177507
"2021-02-09","Lake Geneva","VS",2.52923334869602,3.88936585591336
"2021-02-09","Northwestern","AG",2.83484616616626,5.42994668618946
"2021-02-09","Northwestern","BL",1.16459374095167,2.40364189814296
"2021-02-09","Northwestern","BS",0.888047807980176,2.45061352007782
"2021-02-09","Ticino","TI",1.57614945107346,2.46635003307047
"2021-02-09","Zurich","ZH",7.54335185127192,17.5807099580518
"2021-02-10","9999","9999",0.0106752075825203,0.0334783267770194
"2021-02-10","Central","LU",1.86943978654362,3.80867799015839
"2021-02-10","Central","NW",0.233338608344743,0.398375094572025
"2021-02-10","Central","OW",0.211828983412152,0.346679119924465
"2021-02-10","Central","SZ",0.855298997889723,1.38226403217726
"2021-02-10","Central","UR",0.217339886816094,0.292264093355929
"2021-02-10","Central","ZG",0.745184629974567,1.45425093178511
"2021-02-10","Eastern","AI",0.0546083041263075,0.078750541261273
"2021-02-10","Eastern","AR",0.148012440745847,0.264869645252093
"2021-02-10","Eastern","GL",0.172863728167461,0.324620811215545
"2021-02-10","Eastern","GR",1.86631180959636,2.78906750794133
"2021-02-10","Eastern","SG",2.27130079819443,4.34565675640218
"2021-02-10","Eastern","SH",0.325630825921385,0.661715273118569
"2021-02-10","Eastern","TG",1.12982760024988,2.1887348319388
"2021-02-10","Espace Mittelland","BE",4.52257064548686,9.94605400988783
"2021-02-10","Espace Mittelland","FR",1.39176895448458,2.55832196429749
"2021-02-10","Espace Mittelland","JU",0.283641427037842,0.503262522423681
"2021-02-10","Espace Mittelland","NE",0.751866784062202,1.44381657003836
"2021-02-10","Espace Mittelland","SO",0.913908152309597,1.86159889769635
"2021-02-10","Lake Geneva","GE",3.15541673659865,5.46675585156967
"2021-02-10","Lake Geneva","VD",4.5511601630564,8.25810056549482
"2021-02-10","Lake Geneva","VS",2.46985968115902,3.87033249246653
"2021-02-10","Northwestern","AG",2.83692775477335,5.39483692825985
"2021-02-10","Northwestern","BL",1.12797915589508,2.30602793417991
"2021-02-10","Northwestern","BS",0.859219953513928,2.36618695793151
"2021-02-10","Ticino","TI",1.63967636871029,2.50128985025501
"2021-02-10","Zurich","ZH",7.71957862340545,17.6428063062971
"2021-02-11","9999","9999",0.0120175570748474,0.0363673194430566
"2021-02-11","Central","LU",1.94289790685012,3.77356823222879
"2021-02-11","Central","NW",0.22329932739943,0.388858412848608
"2021-02-11","Central","OW",0.253273487492817,0.385425609798376
"2021-02-11","Central","SZ",0.870670693897891,1.38219605587924
"2021-02-11","Central","UR",0.225441418537726,0.310753646418567
"2021-02-11","Central","ZG",0.749757791137094,1.45370712140091
"2021-02-11","Eastern","AI",0.0593902283916512,0.0822853087585421
"2021-02-11","Eastern","AR",0.154141065203335,0.269661974262814
"2021-02-11","Eastern","GL",0.176528231379787,0.330636713590705
"2021-02-11","Eastern","GR",2.15798760858819,3.09900543878361
"2021-02-11","Eastern","SG",2.3127127875491,4.37655198385427
"2021-02-11","Eastern","SH",0.337798088579755,0.69444586061732
"2021-02-11","Eastern","TG",1.17181096062837,2.22217917056681
"2021-02-11","Espace Mittelland","BE",4.83730656719105,10.2582011704159
"2021-02-11","Espace Mittelland","FR",1.38332563241191,2.58126396488073
"2021-02-11","Espace Mittelland","JU",0.306589030706256,0.529399409014065
"2021-02-11","Espace Mittelland","NE",0.809391423757195,1.49452688836457
"2021-02-11","Espace Mittelland","SO",0.990523459167255,1.95020600217116
"2021-02-11","Lake Geneva","GE",3.00709075959643,5.58972497469582
"2021-02-11","Lake Geneva","VD",4.35959236127857,8.19600421724953
"2021-02-11","Lake Geneva","VS",2.52857094583787,4.02389094970366
"2021-02-11","Northwestern","AG",3.02538833451753,5.60308231725762
"2021-02-11","Northwestern","BL",1.26563001929929,2.49143328704147
"2021-02-11","Northwestern","BS",0.939945633952708,2.50910712452782
"2021-02-11","Ticino","TI",1.67540380260641,2.69770736339653
"2021-02-11","Zurich","ZH",8.01454608512459,18.049168615887
"2021-02-12","9999","9999",0.0144796419888616,0.0404798854735331
"2021-02-12","Central","LU",2.71307006654812,4.70260029732833
"2021-02-12","Central","NW",0.334839080125468,0.497586501538643
"2021-02-12","Central","OW",0.357323935372692,0.483855289337714
"2021-02-12","Central","SZ",1.28359101609388,1.82897027464464
"2021-02-12","Central","UR",0.34768863119884,0.415029287588004
"2021-02-12","Central","ZG",1.10963434983943,1.81092256751916
"2021-02-12","Eastern","AI",0.0990915860179347,0.122425312741953
"2021-02-12","Eastern","AR",0.218483509968548,0.340731193847329
"2021-02-12","Eastern","GL",0.27629620828444,0.455679113806598
"2021-02-12","Eastern","GR",3.29180802345565,3.94565023067757
"2021-02-12","Eastern","SG",3.46557334898666,5.60430589062206
"2021-02-12","Eastern","SH",0.462822884337993,0.841376628797071
"2021-02-12","Eastern","TG",1.71883130945448,2.81673386123726
"2021-02-12","Espace Mittelland","BE",6.77032733987949,12.392079129849
"2021-02-12","Espace Mittelland","FR",1.98070631845399,3.24719376847681
"2021-02-12","Espace Mittelland","JU",0.424957933216617,0.650873053583676
"2021-02-12","Espace Mittelland","NE",1.06519628233131,1.7948801611854
"2021-02-12","Espace Mittelland","SO",1.35131173031651,2.35830170736068
"2021-02-12","Lake Geneva","GE",3.43455488779253,6.01960708340216
"2021-02-12","Lake Geneva","VD",5.73290367738183,9.62945440183917
"2021-02-12","Lake Geneva","VS",3.62813864957418,4.95754540306886
"2021-02-12","Northwestern","AG",4.15970158068286,6.83943522572549
"2021-02-12","Northwestern","BL",1.77878920822969,3.03871046243596
"2021-02-12","Northwestern","BS",1.20465868550431,2.83107686012041
"2021-02-12","Ticino","TI",2.07284307781162,3.0349377778956
"2021-02-12","Zurich","ZH",10.957676772037,21.3446595441102
"2021-02-13","9999","9999",0.0147855380874066,0.033240409733934
"2021-02-13","Central","LU",2.89054122498171,4.85194422408795
"2021-02-13","Central","NW",0.387532081662972,0.536638884753664
"2021-02-13","Central","OW",0.480959138755984,0.636699995445588
"2021-02-13","Central","SZ",1.47196268257133,2.08449317891837
"2021-02-13","Central","UR",0.365850727442296,0.455543161210549
"2021-02-13","Central","ZG",1.11242671591748,1.73315768257924
"2021-02-13","Eastern","AI",0.106842265714923,0.14815434154419
"2021-02-13","Eastern","AR",0.235052298485874,0.361022118807614
"2021-02-13","Eastern","GL",0.343812470943855,0.540173652250933
"2021-02-13","Eastern","GR",4.50792032370366,4.76897915234916
"2021-02-13","Eastern","SG",3.87765746746108,5.9297424174139
"2021-02-13","Eastern","SH",0.545996916203607,0.934062311153347
"2021-02-13","Eastern","TG",2.02170986285674,3.18349997722794
"2021-02-13","Espace Mittelland","BE",7.31611701631262,12.2435849068147
"2021-02-13","Espace Mittelland","FR",1.94115841404374,3.04227921808224
"2021-02-13","Espace Mittelland","JU",0.45111947833488,0.649649480219237
"2021-02-13","Espace Mittelland","NE",1.20606233248019,1.80582434516733
"2021-02-13","Espace Mittelland","SO",1.57581293560329,2.61783521321786
"2021-02-13","Lake Geneva","GE",3.40423981845293,5.31710603146895
"2021-02-13","Lake Geneva","VD",6.56779931073088,9.77944410343002
"2021-02-13","Lake Geneva","VS",4.7861332404286,5.73308698722929
"2021-02-13","Northwestern","AG",4.91778732006905,7.66993564683866
"2021-02-13","Northwestern","BL",1.96735374267894,3.10389973224136
"2021-02-13","Northwestern","BS",1.27793608925352,2.64193281086751
"2021-02-13","Ticino","TI",2.25845611081968,3.26976189942091
"2021-02-13","Zurich","ZH",12.4376143108685,21.4684783709616
"2021-02-14","9999","9999",0.0129500244353864,0.0351437460786173
"2021-02-14","Central","LU",0.489806840950323,1.27972178660745
"2021-02-14","Central","NW",0.187357483497582,0.208925151978008
"2021-02-14","Central","OW",0.30007379311636,0.416082920207382
"2021-02-14","Central","SZ",0.401729488154812,0.689517579010551
"2021-02-14","Central","UR",0.270674035047382,0.217558141827108
"2021-02-14","Central","ZG",0.147458327628506,0.400856229449915
"2021-02-14","Eastern","AI",0.0241382073300504,0.0492148397696691
"2021-02-14","Eastern","AR",0.0596507652138892,0.0940112201677519
"2021-02-14","Eastern","GL",0.128948895947657,0.241179905390588
"2021-02-14","Eastern","GR",3.04168766551579,2.83682085730348
"2021-02-14","Eastern","SG",0.676798540633522,1.36159923757784
"2021-02-14","Eastern","SH",0.0758047295803732,0.212901765412436
"2021-02-14","Eastern","TG",0.219626533969722,0.535925133624408
"2021-02-14","Espace Mittelland","BE",1.9601719551642,4.17683762025857
"2021-02-14","Espace Mittelland","FR",0.430696318305845,0.966996827546171
"2021-02-14","Espace Mittelland","JU",0.0636906308290346,0.139895221334225
"2021-02-14","Espace Mittelland","NE",0.199686869443452,0.371252551660287
"2021-02-14","Espace Mittelland","SO",0.217781872491624,0.59938100783019
"2021-02-14","Lake Geneva","GE",0.583061640092356,1.19458147333188
"2021-02-14","Lake Geneva","VD",1.33723442037011,2.61195526343874
"2021-02-14","Lake Geneva","VS",2.82354700714009,3.18411176391016
"2021-02-14","Northwestern","AG",0.622485829553358,1.60600801712459
"2021-02-14","Northwestern","BL",0.219900945255912,0.596593979611189
"2021-02-14","Northwestern","BS",0.179401310575678,0.676738034981962
"2021-02-14","Ticino","TI",0.42223399178114,0.743456771492916
"2021-02-14","Zurich","ZH",1.67625591320706,4.83967450229454
"2021-02-15","9999","9999",0.0104134763737439,0.034090113459239
"2021-02-15","Central","LU",1.79718048179571,3.69753674288849
"2021-02-15","Central","NW",0.260456579042698,0.404085103606075
"2021-02-15","Central","OW",0.283591035673988,0.44028248230407
"2021-02-15","Central","SZ",0.787161634650261,1.37604420090803
"2021-02-15","Central","UR",0.239792709007962,0.321595865953459
"2021-02-15","Central","ZG",0.632448908637524,1.34661046386346
"2021-02-15","Eastern","AI",0.0470015734613295,0.0783426834731266
"2021-02-15","Eastern","AR",0.14361488964865,0.264597740059996
"2021-02-15","Eastern","GL",0.18304583033061,0.34090113459239
"2021-02-15","Eastern","GR",2.88765180814438,3.77149495513904
"2021-02-15","Eastern","SG",2.1474647381556,4.29712167961275
"2021-02-15","Eastern","SH",0.310944566809454,0.69845646220076
"2021-02-15","Eastern","TG",1.01412232461282,2.11793751754638
"2021-02-15","Espace Mittelland","BE",4.54563379919982,9.99435116963417
"2021-02-15","Espace Mittelland","FR",1.23879805914302,2.36686672091175
"2021-02-15","Espace Mittelland","JU",0.244776652987208,0.467473001513832
"2021-02-15","Espace Mittelland","NE",0.665904768146527,1.34593070088322
"2021-02-15","Espace Mittelland","SO",0.83183701697349,1.82611527012761
"2021-02-15","Lake Geneva","GE",2.40513263609642,4.77078052424681
"2021-02-15","Lake Geneva","VD",4.022583092561,7.90951810922568
"2021-02-15","Lake Geneva","VS",3.04930127663043,4.39351207021136
"2021-02-15","Northwestern","AG",2.61196202710766,5.30147148292333
"2021-02-15","Northwestern","BL",1.05272876656129,2.16066062085472
"2021-02-15","Northwestern","BS",0.813619340637776,2.21290040588648
"2021-02-15","Ticino","TI",1.4704835268701,2.4090460138359
"2021-02-15","Zurich","ZH",6.94249409455156,16.4873451924783
"2021-02-16","9999","9999",0.0119577985877158,0.0360614261019468
"2021-02-16","Central","LU",1.88287474757766,3.86819123907876
"2021-02-16","Central","NW",0.245036253880322,0.413567797180479
"2021-02-16","Central","OW",0.276710695657438,0.449595235133414
"2021-02-16","Central","SZ",0.847050411731081,1.4394660869648
"2021-02-16","Central","UR",0.229554188723967,0.326116289772082
"2021-02-16","Central","ZG",0.694956603374897,1.4146887263349
"2021-02-16","Eastern","AI",0.0626060260356607,0.086975673322226
"2021-02-16","Eastern","AR",0.152949087018175,0.287743669537306
"2021-02-16","Eastern","GL",0.182496197141792,0.350519780762844
"2021-02-16","Eastern","GR",2.44677351298807,3.53578714173942
"2021-02-16","Eastern","SG",2.28665380303227,4.48188125764309
"2021-02-16","Eastern","SH",0.345122994929962,0.751681903553869
"2021-02-16","Eastern","TG",1.08486131627419,2.20290789007689
"2021-02-16","Espace Mittelland","BE",4.54462206764937,10.355849122528
"2021-02-16","Espace Mittelland","FR",1.2771105801865,2.39799986540693
"2021-02-16","Espace Mittelland","JU",0.267094278454978,0.492964113272984
"2021-02-16","Espace Mittelland","NE",0.698941683850136,1.42257397690573
"2021-02-16","Espace Mittelland","SO",0.877516502437408,1.891270551784
"2021-02-16","Lake Geneva","GE",2.4854893881556,4.87726539510204
"2021-02-16","Lake Geneva","VD",4.14557449810399,8.07979873577681
"2021-02-16","Lake Geneva","VS",2.86282589654168,4.38882170564767
"2021-02-16","Northwestern","AG",2.80304107024991,5.58177174782697
"2021-02-16","Northwestern","BL",1.12407171446085,2.27540461191992
"2021-02-16","Northwestern","BS",0.884314527683348,2.35004258715071
"2021-02-16","Ticino","TI",1.4664724596766,2.44653494219635
"2021-02-16","Zurich","ZH",7.34072643458619,17.355640435293
"2021-02-17","9999","9999",0.0126029278753007,0.0383726202347765
"2021-02-17","Central","LU",1.88293182359011,3.89245877747347
"2021-02-17","Central","NW",0.237986115174255,0.410067017832222
"2021-02-17","Central","OW",0.299405970484547,0.463054542142246
"2021-02-17","Central","SZ",0.876802576485215,1.45751379409028
"2021-02-17","Central","UR",0.243639291553032,0.331350464719961
"2021-02-17","Central","ZG",0.714678360888294,1.44351067669725
"2021-02-17","Eastern","AI",0.0572734504159259,0.0853442421696403
"2021-02-17","Eastern","AR",0.156856771245729,0.287403788047184
"2021-02-17","Eastern","GL",0.186346437250885,0.35633175424393
"2021-02-17","Eastern","GR",2.60948884027288,3.67428884896414
"2021-02-17","Eastern","SG",2.30477076321265,4.5016963485172
"2021-02-17","Eastern","SH",0.334996151745314,0.739208252866391
"2021-02-17","Eastern","TG",1.15082916839326,2.25096713278014
"2021-02-17","Espace Mittelland","BE",4.68810651070793,10.5691247575795
"2021-02-17","Espace Mittelland","FR",1.26120238140939,2.40350594554691
"2021-02-17","Espace Mittelland","JU",0.282685745502223,0.492046433249655
"2021-02-17","Espace Mittelland","NE",0.724756332125406,1.4330763149505
"2021-02-17","Espace Mittelland","SO",0.894454912470127,1.92593846377645
"2021-02-17","Lake Geneva","GE",2.37302988730665,4.8384509289301
"2021-02-17","Lake Geneva","VD",4.34069206366603,8.34443046398582
"2021-02-17","Lake Geneva","VS",2.91751420890197,4.41985288569582
"2021-02-17","Northwestern","AG",2.89051546930872,5.69699157297833
"2021-02-17","Northwestern","BL",1.11814854798409,2.27649223268831
"2021-02-17","Northwestern","BS",0.854758962869448,2.32798427844179
"2021-02-17","Ticino","TI",1.43701172915384,2.43572671081047
"2021-02-17","Zurich","ZH",7.43566078399446,17.5853323463175
"2021-02-18","9999","9999",0.0131708175560582,0.0395282173011914
"2021-02-18","Central","LU",1.97447401341293,3.98857726287998
"2021-02-18","Central","NW",0.246383028476873,0.42036542698292
"2021-02-18","Central","OW",0.319282383432563,0.483413443400555
"2021-02-18","Central","SZ",0.936663835683396,1.51539561185806
"2021-02-18","Central","UR",0.261116487395187,0.345047688771879
"2021-02-18","Central","ZG",0.740800197549184,1.46679255877061
"2021-02-18","Eastern","AI",0.0663276757488198,0.0899326422862876
"2021-02-18","Eastern","AR",0.170512834766134,0.290258792564209
"2021-02-18","Eastern","GL",0.207735335158588,0.380769233383704
"2021-02-18","Eastern","GR",2.78132410373029,3.8304304055262
"2021-02-18","Eastern","SG",2.47489129878324,4.62167451453027
"2021-02-18","Eastern","SH",0.358993390135668,0.750322377593381
"2021-02-18","Eastern","TG",1.18754671740149,2.28672266554098
"2021-02-18","Espace Mittelland","BE",5.09796589824366,10.8701917815296
"2021-02-18","Espace Mittelland","FR",1.35268962553542,2.4527887616146
"2021-02-18","Espace Mittelland","JU",0.297892357710686,0.5225338029136
"2021-02-18","Espace Mittelland","NE",0.775934937684762,1.49670212990135
"2021-02-18","Espace Mittelland","SO",1.02747723825267,2.05567122855603
"2021-02-18","Lake Geneva","GE",2.65776194197884,4.9473489583652
"2021-02-18","Lake Geneva","VD",4.41798835490356,8.34228921059805
"2021-02-18","Lake Geneva","VS",3.04594451787877,4.52796918770363
"2021-02-18","Northwestern","AG",3.06598763585936,5.81754753752462
"2021-02-18","Northwestern","BL",1.21109330396088,2.33906441501977
"2021-02-18","Northwestern","BS",0.893948539570126,2.36550719495126
"2021-02-18","Ticino","TI",1.53415583071881,2.51060260308436
"2021-02-18","Zurich","ZH",7.75691604727902,17.7829394446744
"2021-02-19","9999","9999",0.0141303172125781,0.041805423285009
"2021-02-19","Central","LU",2.79072941213309,4.9242370170369
"2021-02-19","Central","NW",0.351929725491557,0.513017121190183
"2021-02-19","Central","OW",0.394133710601794,0.569573401146488
"2021-02-19","Central","SZ",1.28711504378521,1.87811713811628
"2021-02-19","Central","UR",0.370653355712978,0.457582450151281
"2021-02-19","Central","ZG",1.0881174293589,1.81982746256035
"2021-02-19","Eastern","AI",0.0907647538349569,0.116987208900001
"2021-02-19","Eastern","AR",0.23360818726048,0.35524413347554
"2021-02-19","Eastern","GL",0.279276155705351,0.470769851968016
"2021-02-19","Eastern","GR",3.9492615944104,4.54577897778603
"2021-02-19","Eastern","SG",3.3962523486877,5.6409111271082
"2021-02-19","Eastern","SH",0.480112804286956,0.907143697135683
"2021-02-19","Eastern","TG",1.63758191597278,2.78933941313343
"2021-02-19","Espace Mittelland","BE",6.93152935200806,13.0484922517217
"2021-02-19","Espace Mittelland","FR",1.85519630022753,3.03109711705722
"2021-02-19","Espace Mittelland","JU",0.388090036397344,0.636054220614356
"2021-02-19","Espace Mittelland","NE",1.04094210985844,1.77669650146387
"2021-02-19","Espace Mittelland","SO",1.34245234663022,2.40707470119319
"2021-02-19","Lake Geneva","GE",3.02269889714694,5.50298721841668
"2021-02-19","Lake Geneva","VD",5.90756206334966,9.98378085529138
"2021-02-19","Lake Geneva","VS",4.08391778223707,5.4375940197172
"2021-02-19","Northwestern","AG",4.10550536340841,7.01542586131068
"2021-02-19","Northwestern","BL",1.63451218592837,2.82288571620847
"2021-02-19","Northwestern","BS",1.11443988379802,2.65630979789967
"2021-02-19","Ticino","TI",1.86201236266821,2.81887511462503
"2021-02-19","Zurich","ZH",10.2451958630821,20.7875258055021
"2021-02-20","9999","9999",0.0150844558357505,0.0382366676387277
"2021-02-20","Central","LU",2.80457557891416,5.00608047985828
"2021-02-20","Central","NW",0.377421580035781,0.553802900004826
"2021-02-20","Central","OW",0.498853108927657,0.705763914238383
"2021-02-20","Central","SZ",1.45435539649703,2.09326212136352
"2021-02-20","Central","UR",0.440241992581043,0.496702809664326
"2021-02-20","Central","ZG",1.06805607055045,1.77217607764525
"2021-02-20","Eastern","AI",0.101577135732401,0.142954154745323
"2021-02-20","Eastern","AR",0.231684711934937,0.368567487888323
"2021-02-20","Eastern","GL",0.325009087029844,0.555366354859388
"2021-02-20","Eastern","GR",5.09916332753066,5.13346806235602
"2021-02-20","Eastern","SG",3.66186186369875,5.81265324406686
"2021-02-20","Eastern","SH",0.519646634516157,0.951294302702534
"2021-02-20","Eastern","TG",1.87766238990003,3.08731351552341
"2021-02-20","Espace Mittelland","BE",7.15689692612955,12.6720735014115
"2021-02-20","Espace Mittelland","FR",1.74460008937066,2.84684736126207
"2021-02-20","Espace Mittelland","JU",0.392245510797358,0.605940720589545
"2021-02-20","Espace Mittelland","NE",1.09541520551259,1.76038218993801
"2021-02-20","Espace Mittelland","SO",1.5146365119336,2.61831104730403
"2021-02-20","Lake Geneva","GE",3.08899869082313,5.07042004593838
"2021-02-20","Lake Geneva","VD",6.00325973932056,9.52327542432505
"2021-02-20","Lake Geneva","VS",5.08254040001697,5.86101838011122
"2021-02-20","Northwestern","AG",4.72436832488937,7.58027490974447
"2021-02-20","Northwestern","BL",1.75225487353469,2.88120937991341
"2021-02-20","Northwestern","BS",1.12590773719566,2.54170175943052
"2021-02-20","Ticino","TI",1.96842212731152,2.9867425825963
"2021-02-20","Zurich","ZH",11.352560036554,20.9204534562889
"2021-02-21","9999","9999",0.0128520455790278,0.0377268454035447
"2021-02-21","Central","LU",0.490279438165428,1.48776324671114
"2021-02-21","Central","NW",0.16143544616644,0.211644203898984
"2021-02-21","Central","OW",0.288968195197785,0.392087287004767
"2021-02-21","Central","SZ",0.360735467516197,0.687444301920806
"2021-02-21","Central","UR",0.256975055848046,0.232886797031611
"2021-02-21","Central","ZG",0.142168793000387,0.474576524657382
"2021-02-21","Eastern","AI",0.0162247112097684,0.0350077934825685
"2021-02-21","Eastern","AR",0.0635494621722452,0.100536944778095
"2021-02-21","Eastern","GL",0.114764756936446,0.230201733259647
"2021-02-21","Eastern","GR",3.3091989767577,2.93681399169737
"2021-02-21","Eastern","SG",0.653099092177337,1.49646421285826
"2021-02-21","Eastern","SH",0.0744816234173884,0.236761446019002
"2021-02-21","Eastern","TG",0.215310694575833,0.626163669251805
"2021-02-21","Espace Mittelland","BE",1.92292698855676,4.64655383960721
"2021-02-21","Espace Mittelland","FR",0.391938455556468,1.00220854992281
"2021-02-21","Espace Mittelland","JU",0.0563949575788558,0.147508566712959
"2021-02-21","Espace Mittelland","NE",0.18013697827889,0.403643257668916
"2021-02-21","Espace Mittelland","SO",0.205326680441063,0.652436508438238
"2021-02-21","Lake Geneva","GE",0.471013419394849,1.26524283512825
"2021-02-21","Lake Geneva","VD",1.22105404909627,2.73264718058108
"2021-02-21","Lake Geneva","VS",2.73489153601582,3.11899047040278
"2021-02-21","Northwestern","AG",0.602076399095482,1.78026525711015
"2021-02-21","Northwestern","BL",0.215821234122643,0.689721507904624
"2021-02-21","Northwestern","BS",0.189565336383872,0.794303042415171
"2021-02-21","Ticino","TI",0.398524545722227,0.74243712702255
"2021-02-21","Zurich","ZH",1.5983850868004,5.41356439836558
"2021-02-22","9999","9999",0.0115508613040484,0.0360614261019468
"2021-02-22","Central","LU",1.91287065725411,4.12721492270075
"2021-02-22","Central","NW",0.241457335316506,0.427536926424494
"2021-02-22","Central","OW",0.270972694338311,0.436951643700874
"2021-02-22","Central","SZ",0.847207671319956,1.47042929071491
"2021-02-22","Central","UR",0.241265109572218,0.337706248585243
"2021-02-22","Central","ZG",0.726921989880711,1.61097028688037
"2021-02-22","Eastern","AI",0.0563825829511143,0.0880632940906165
"2021-02-22","Eastern","AR",0.150373899573012,0.275881805532047
"2021-02-22","Eastern","GL",0.190418778431809,0.35894884171787
"2021-02-22","Eastern","GR",2.87626290173891,3.80816816792321
"2021-02-22","Eastern","SG",2.22260974343649,4.46570289871328
"2021-02-22","Eastern","SH",0.323745171530883,0.735945390561219
"2021-02-22","Eastern","TG",1.09386329013305,2.24818010456114
"2021-02-22","Espace Mittelland","BE",4.69974718596364,10.5189582496375
"2021-02-22","Espace Mittelland","FR",1.34298752578392,2.5636581036924
"2021-02-22","Espace Mittelland","JU",0.244714705444093,0.452246310756366
"2021-02-22","Espace Mittelland","NE",0.677836439039214,1.37563634311988
"2021-02-22","Espace Mittelland","SO",0.877756061132807,1.93287204617494
"2021-02-22","Lake Geneva","GE",2.64698824254115,5.33804273126046
"2021-02-22","Lake Geneva","VD",3.9591377808949,7.459209122963
"2021-02-22","Lake Geneva","VS",3.02232028836235,4.49873937955314
"2021-02-22","Northwestern","AG",2.70324451422081,5.62184377551235
"2021-02-22","Northwestern","BL",1.12092191352612,2.25667714181419
"2021-02-22","Northwestern","BS",0.843860099554585,2.28781028630937
"2021-02-22","Ticino","TI",1.49497216329448,2.5307915635976
"2021-02-22","Zurich","ZH",7.2194898530735,17.4794932502935
"2021-02-23","9999","9999",0.0123974463984482,0.0382706557877399
"2021-02-23","Central","LU",1.92421482311466,4.22792180822391
"2021-02-23","Central","NW",0.240789841630493,0.430935741325715
"2021-02-23","Central","OW",0.252656134545286,0.425599601930799
"2021-02-23","Central","SZ",0.898158587644889,1.48715146002892
"2021-02-23","Central","UR",0.23275533653178,0.350859662252966
"2021-02-23","Central","ZG",0.79156057985109,1.64380283882616
"2021-02-23","Eastern","AI",0.0662938804838168,0.0936033623796055
"2021-02-23","Eastern","AR",0.15962500288366,0.290258792564209
"2021-02-23","Eastern","GL",0.187096660805779,0.353102880087771
"2021-02-23","Eastern","GR",2.3330859987247,3.55818533193846
"2021-02-23","Eastern","SG",2.3200917467432,4.5771840274733
"2021-02-23","Eastern","SH",0.356893490212337,0.763543767559127
"2021-02-23","Eastern","TG",1.13914757854557,2.27683211417843
"2021-02-23","Espace Mittelland","BE",4.64925535266383,10.6530754856397
"2021-02-23","Espace Mittelland","FR",1.32644637262987,2.56987793496164
"2021-02-23","Espace Mittelland","JU",0.249014391249553,0.456766734574988
"2021-02-23","Espace Mittelland","NE",0.718191545116266,1.4514639035661
"2021-02-23","Espace Mittelland","SO",0.936661658375477,2.02375635663357
"2021-02-23","Lake Geneva","GE",2.66412066793996,5.50856127485468
"2021-02-23","Lake Geneva","VD",4.02914825159217,7.56025588997628
"2021-02-23","Lake Geneva","VS",2.7580311226352,4.47895827682804
"2021-02-23","Northwestern","AG",2.92736000314409,5.84450013969129
"2021-02-23","Northwestern","BL",1.12322270926521,2.31313145732346
"2021-02-23","Northwestern","BS",0.86669691506052,2.37189696696556
"2021-02-23","Ticino","TI",1.5212558373733,2.53537996371425
"2021-02-23","Zurich","ZH",7.5573009193483,18.0521595730001
"2021-02-24","9999","9999",0.0115672146095701,0.0384066083837887
"2021-02-24","Central","LU",1.98818663994697,4.2972576322088
"2021-02-24","Central","NW",0.248832261008531,0.428284665702763
"2021-02-24","Central","OW",0.262513669019677,0.441336114923449
"2021-02-24","Central","SZ",0.899118514147746,1.49360920834124
"2021-02-24","Central","UR",0.251976364132068,0.349364183696429
"2021-02-24","Central","ZG",0.779979408541118,1.66467156231965
"2021-02-24","Eastern","AI",0.0624665412680893,0.0939772320187397
"2021-02-24","Eastern","AR",0.161180689391843,0.293657607465429
"2021-02-24","Eastern","GL",0.196877958174831,0.369247250868567
"2021-02-24","Eastern","GR",2.48960133597734,3.64274784668082
"2021-02-24","Eastern","SG",2.41956469059278,4.65943534808283
"2021-02-24","Eastern","SH",0.356070761520533,0.765515080201835
"2021-02-24","Eastern","TG",1.18589221400836,2.31340336251556
"2021-02-24","Espace Mittelland","BE",4.79199700086016,10.8912984220662
"2021-02-24","Espace Mittelland","FR",1.38319897653057,2.62368117484795
"2021-02-24","Espace Mittelland","JU",0.264439125852067,0.474134678720224
"2021-02-24","Espace Mittelland","NE",0.803508102798555,1.50533511975045
"2021-02-24","Espace Mittelland","SO",0.976956543874867,2.06049754571576
"2021-02-24","Lake Geneva","GE",2.78420167068674,5.53904864451863
"2021-02-24","Lake Geneva","VD",4.12579146268715,7.66592504525522
"2021-02-24","Lake Geneva","VS",2.92006052352108,4.56066578705337
"2021-02-24","Northwestern","AG",3.03971888965426,5.97266944961631
"2021-02-24","Northwestern","BL",1.1468661703629,2.31585050924444
"2021-02-24","Northwestern","BS",0.855668153398564,2.38307906799057
"2021-02-24","Ticino","TI",1.58005191132841,2.60712894627901
"2021-02-24","Zurich","ZH",7.75506085561928,18.4068598960914
"2021-02-25","9999","9999",0.0151230756391641,0.0408197669636551
"2021-02-25","Central","LU",2.31089475501677,4.69196200668751
"2021-02-25","Central","NW",0.279002171265498,0.453503872269817
"2021-02-25","Central","OW",0.303539875438485,0.479198912923042
"2021-02-25","Central","SZ",1.04812329822191,1.63737907866285
"2021-02-25","Central","UR",0.286168310358577,0.371286539809299
"2021-02-25","Central","ZG",0.870620905601339,1.79865284572575
"2021-02-25","Eastern","AI",0.077208799486572,0.098905513625509
"2021-02-25","Eastern","AR",0.195622254572823,0.322207652635679
"2021-02-25","Eastern","GL",0.237981321964016,0.408469574828649
"2021-02-25","Eastern","GR",2.80504470261825,3.84147655395517
"2021-02-25","Eastern","SG",2.90670239874366,5.18676148000715
"2021-02-25","Eastern","SH",0.424142539232964,0.84722259042717
"2021-02-25","Eastern","TG",1.48173617530966,2.60852246038851
"2021-02-25","Espace Mittelland","BE",5.69710039798252,11.8423208195766
"2021-02-25","Espace Mittelland","FR",1.65440314689603,2.8764510390517
"2021-02-25","Espace Mittelland","JU",0.327521629880077,0.533579951342566
"2021-02-25","Espace Mittelland","NE",0.991203206084344,1.66946389133037
"2021-02-25","Espace Mittelland","SO",1.23044133596841,2.33168898668412
"2021-02-25","Lake Geneva","GE",3.34120757264405,5.94258993774051
"2021-02-25","Lake Geneva","VD",4.94410617176844,8.3482711248242
"2021-02-25","Lake Geneva","VS",3.2485182391655,4.78910013656438
"2021-02-25","Northwestern","AG",3.64730991237405,6.56610253136936
"2021-02-25","Northwestern","BL",1.37245698120244,2.5580840472544
"2021-02-25","Northwestern","BS",1.01608573944101,2.6026425106094
"2021-02-25","Ticino","TI",2.25780464540941,2.83702478619755
"2021-02-25","Zurich","ZH",9.13987820632919,19.8796683572372
"2021-02-26","9999","9999",0.0166358347203522,0.0465637641467173
"2021-02-26","Central","LU",3.34523364211567,5.74066634445901
"2021-02-26","Central","NW",0.389128996044846,0.565766728457122
"2021-02-26","Central","OW",0.404967857746386,0.548364796162874
"2021-02-26","Central","SZ",1.48135972033686,2.01305008969473
"2021-02-26","Central","UR",0.391454169017373,0.466861214831612
"2021-02-26","Central","ZG",1.30573582361961,2.20080062483813
"2021-02-26","Eastern","AI",0.10083580546219,0.131534136677223
"2021-02-26","Eastern","AR",0.264574933475509,0.38749888688812
"2021-02-26","Eastern","GL",0.297054000177325,0.486098507172519
"2021-02-26","Eastern","GR",3.9549780536956,4.5003028344077
"2021-02-26","Eastern","SG",3.98234659494124,6.24019017049135
"2021-02-26","Eastern","SH",0.585199443187177,1.00479164924774
"2021-02-26","Eastern","TG",1.98253575052472,3.13567865156777
"2021-02-26","Espace Mittelland","BE",7.79931427488459,14.0569886092117
"2021-02-26","Espace Mittelland","FR",2.40791390416972,3.57263029526865
"2021-02-26","Espace Mittelland","JU",0.479676183560795,0.675582437915548
"2021-02-26","Espace Mittelland","NE",1.37583263867355,2.01709467942718
"2021-02-26","Espace Mittelland","SO",1.67641179044036,2.77703570319101
"2021-02-26","Lake Geneva","GE",4.22024504997562,6.61157867474769
"2021-02-26","Lake Geneva","VD",6.49362914024646,9.82532810459649
"2021-02-26","Lake Geneva","VS",4.45492079950418,5.80643341279763
"2021-02-26","Northwestern","AG",5.0618052623081,7.88599831010923
"2021-02-26","Northwestern","BL",1.89057385327232,3.08034594497591
"2021-02-26","Northwestern","BS",1.27072317328438,2.84674539681504
"2021-02-26","Ticino","TI",2.77910370391131,3.26615915562562
"2021-02-26","Zurich","ZH",11.8974181188994,22.8028191130317
"2021-02-27","9999","9999",0.0170907197704967,0.0407517906656307
"2021-02-27","Central","LU",3.44550686410615,5.45543779794861
"2021-02-27","Central","NW",0.419701892319851,0.568077922589951
"2021-02-27","Central","OW",0.450201715634837,0.59737570703847
"2021-02-27","Central","SZ",1.57033370106472,2.10876071731309
"2021-02-27","Central","UR",0.365781934693709,0.476819742492188
"2021-02-27","Central","ZG",1.29599827995807,1.96818573299862
"2021-02-27","Eastern","AI",0.110716632432089,0.143769870321616
"2021-02-27","Eastern","AR",0.271075286267922,0.371898326491519
"2021-02-27","Eastern","GL",0.338226399508427,0.524267198513222
"2021-02-27","Eastern","GR",4.59831125413222,4.55159095126711
"2021-02-27","Eastern","SG",4.35204583161115,6.23012967838374
"2021-02-27","Eastern","SH",0.627725340923638,1.03446330333539
"2021-02-27","Eastern","TG",2.2963883313573,3.44663622688041
"2021-02-27","Espace Mittelland","BE",7.95796569609864,13.0931866676727
"2021-02-27","Espace Mittelland","FR",2.251043982924,3.19726517757788
"2021-02-27","Espace Mittelland","JU",0.480080074179784,0.662904858333996
"2021-02-27","Espace Mittelland","NE",1.34527564144558,1.91638779390402
"2021-02-27","Espace Mittelland","SO",1.81616862751715,2.89004629865658
"2021-02-27","Lake Geneva","GE",3.89620817400788,5.56644309262246
"2021-02-27","Lake Geneva","VD",6.87926496293288,9.83069823214042
"2021-02-27","Lake Geneva","VS",4.89006863951467,5.87226845743426
"2021-02-27","Northwestern","AG",5.70384862709986,8.4204279651771
"2021-02-27","Northwestern","BL",2.10682327301095,3.21969735592594
"2021-02-27","Northwestern","BS",1.29604132486571,2.72812675676245
"2021-02-27","Ticino","TI",2.4507329435229,3.49041296280813
"2021-02-27","Zurich","ZH",13.4430130829146,22.4606604169258
"2021-02-28","9999","9999",0.0138453209204435,0.0381007150426789
"2021-02-28","Central","LU",0.468198563605686,1.32128929284937
"2021-02-28","Central","NW",0.144400282992072,0.179083557145295
"2021-02-28","Central","OW",0.259564043352754,0.351369484488149
"2021-02-28","Central","SZ",0.353344443060044,0.6024739293903
"2021-02-28","Central","UR",0.235836180245021,0.219495466320803
"2021-02-28","Central","ZG",0.140895909812335,0.435286224399276
"2021-02-28","Eastern","AI",0.017101426173106,0.0300795118757991
"2021-02-28","Eastern","AR",0.0608391954836274,0.0922098482701052
"2021-02-28","Eastern","GL",0.0934942873490456,0.207667590464557
"2021-02-28","Eastern","GR",2.89328869387398,2.51485112171088
"2021-02-28","Eastern","SG",0.633605485988892,1.40554591425062
"2021-02-28","Eastern","SH",0.0851345410058881,0.251886172329432
"2021-02-28","Eastern","TG",0.230670626855604,0.633675050183502
"2021-02-28","Espace Mittelland","BE",1.73054172905199,4.26095828906377
"2021-02-28","Espace Mittelland","FR",0.384446558304114,0.94860923893057
"2021-02-28","Espace Mittelland","JU",0.0578065227500854,0.147168685222836
"2021-02-28","Espace Mittelland","NE",0.18561765782938,0.407347965911246
"2021-02-28","Espace Mittelland","SO",0.211412134678227,0.626299621847854
"2021-02-28","Lake Geneva","GE",0.492032492154045,1.2687436144765
"2021-02-28","Lake Geneva","VD",1.19192681479114,2.66242766472186
"2021-02-28","Lake Geneva","VS",2.07039240418407,2.63397958399865
"2021-02-28","Northwestern","AG",0.644128301597184,1.78917015215135
"2021-02-28","Northwestern","BL",0.238275939920822,0.703044862317407
"2021-02-28","Northwestern","BS",0.215950032067712,0.804261570075746
"2021-02-28","Ticino","TI",0.464960009961105,0.82716958250997
"2021-02-28","Zurich","ZH",1.70623713388709,5.45581166758775
"2021-03-01","9999","9999",0.013621978469816,0.0393922647051426
"2021-03-01","Central","LU",3.21824892070435,5.39653633571046
"2021-03-01","Central","NW",0.320795624184388,0.488715594646459
"2021-03-01","Central","OW",0.237761707565797,0.382570605281351
"2021-03-01","Central","SZ",1.26189660977375,1.76531047154478
"2021-03-01","Central","UR",0.302789855516705,0.371116599064238
"2021-03-01","Central","ZG",1.10616948539997,2.00424715910057
"2021-03-01","Eastern","AI",0.0701135090533344,0.0944530661049105
"2021-03-01","Eastern","AR",0.184457352425603,0.299911426883674
"2021-03-01","Eastern","GL",0.239202016334376,0.397457414548695
"2021-03-01","Eastern","GR",3.03441185432634,3.68625267741644
"2021-03-01","Eastern","SG",3.85388894038675,5.98667256700934
"2021-03-01","Eastern","SH",0.5175607226214,0.9651274793505
"2021-03-01","Eastern","TG",1.64053530885232,2.80211895716202
"2021-03-01","Espace Mittelland","BE",7.16359880130114,13.1637800531711
"2021-03-01","Espace Mittelland","FR",2.11039627055036,3.26180867255205
"2021-03-01","Espace Mittelland","JU",0.421797934962066,0.642002146691492
"2021-03-01","Espace Mittelland","NE",0.172210766837002,0.430935741325715
"2021-03-01","Espace Mittelland","SO",1.41849072171363,2.55621469905873
"2021-03-01","Lake Geneva","GE",4.85510153642477,6.9024152658451
"2021-03-01","Lake Geneva","VD",7.02203477123936,10.581666384565
"2021-03-01","Lake Geneva","VS",3.77689336826743,4.94904836581581
"2021-03-01","Northwestern","AG",4.691609117762,7.57962913491324
"2021-03-01","Northwestern","BL",1.77956995325567,2.85544636296216
"2021-03-01","Northwestern","BS",1.63512438930772,3.41356575789154
"2021-03-01","Ticino","TI",2.90081704145387,3.37400355244133
"2021-03-01","Zurich","ZH",12.1843250496413,22.9214717412333
"2021-03-02","9999","9999",0.0130657311207911,0.0399020869403256
"2021-03-02","Central","LU",3.063688249888,5.34932679673252
"2021-03-02","Central","NW",0.325911471513703,0.490856848034227
"2021-03-02","Central","OW",0.237550935543983,0.383386320857643
"2021-03-02","Central","SZ",1.16339973818342,1.68482653468389
"2021-03-02","Central","UR",0.25368240236731,0.355040204581467
"2021-03-02","Central","ZG",1.10365650787136,1.9865053453162
"2021-03-02","Eastern","AI",0.0879770439063971,0.1041736767224
"2021-03-02","Eastern","AR",0.19279774970684,0.310141859736347
"2021-03-02","Eastern","GL",0.243837673283019,0.395724018949073
"2021-03-02","Eastern","GR",2.55004101895395,3.41349778159351
"2021-03-02","Eastern","SG",3.70097682452696,5.89959492924007
"2021-03-02","Eastern","SH",0.504536838105686,0.967982483867525
"2021-03-02","Eastern","TG",1.59216081351931,2.73692968735661
"2021-03-02","Espace Mittelland","BE",6.58706095530552,12.7774707514984
"2021-03-02","Espace Mittelland","FR",1.90391150117365,3.10974569387146
"2021-03-02","Espace Mittelland","JU",0.396032135138203,0.621983126923304
"2021-03-02","Espace Mittelland","NE",1.28123980941084,1.95737750161274
"2021-03-02","Espace Mittelland","SO",1.36362785661379,2.55346165898874
"2021-03-02","Lake Geneva","GE",4.61208668190205,6.83454093226774
"2021-03-02","Lake Geneva","VD",6.44146740575723,10.138834791085
"2021-03-02","Lake Geneva","VS",3.39017465992105,4.68560622282223
"2021-03-02","Northwestern","AG",4.42329423500515,7.48656958291783
"2021-03-02","Northwestern","BL",1.66110526877697,2.82642048370574
"2021-03-02","Northwestern","BS",1.56818551268104,3.34691499767861
"2021-03-02","Ticino","TI",2.54097040507134,3.25868176284293
"2021-03-02","Zurich","ZH",11.6082036725256,22.4573975546207
"2021-03-03","9999","9999",0.0136500602595421,0.0413635773478504
"2021-03-03","Central","LU",3.22300734492505,5.49819488940596
"2021-03-03","Central","NW",0.340347919786112,0.502072937208254
"2021-03-03","Central","OW",0.241345192210609,0.384304000880973
"2021-03-03","Central","SZ",1.22435059901833,1.71861075480202
"2021-03-03","Central","UR",0.263415450436234,0.353782643068015
"2021-03-03","Central","ZG",1.14614030054533,2.02443611961381
"2021-03-03","Eastern","AI",0.0885559767676076,0.10787838496473
"2021-03-03","Eastern","AR",0.198481702098091,0.317143418432861
"2021-03-03","Eastern","GL",0.243528166612708,0.406872131825075
"2021-03-03","Eastern","GR",2.70278998944464,3.44721402541362
"2021-03-03","Eastern","SG",3.86000557398659,6.04754534189019
"2021-03-03","Eastern","SH",0.528579095078483,0.965331408244573
"2021-03-03","Eastern","TG",1.62289453687871,2.78162410330766
"2021-03-03","Espace Mittelland","BE",6.91931312341764,13.046656891675
"2021-03-03","Espace Mittelland","FR",1.98882479088436,3.19131725150075
"2021-03-03","Espace Mittelland","JU",0.40620556722989,0.6367339835946
"2021-03-03","Espace Mittelland","NE",1.15578811249165,1.7906996188569
"2021-03-03","Espace Mittelland","SO",1.4358614213528,2.60349221433471
"2021-03-03","Lake Geneva","GE",4.4836582800277,6.90778539338903
"2021-03-03","Lake Geneva","VD",6.70101777436313,10.5798650126674
"2021-03-03","Lake Geneva","VS",3.5322703760454,4.85806209091014
"2021-03-03","Northwestern","AG",4.67943452039548,7.72914300241792
"2021-03-03","Northwestern","BL",1.71745434233265,2.857791545244
"2021-03-03","Northwestern","BS",1.55919829439096,3.34630321099639
"2021-03-03","Ticino","TI",2.54576776237717,3.32856139721202
"2021-03-03","Zurich","ZH",11.8704635011197,22.6048041568866
"2021-03-04","9999","9999",0.0146551776497838,0.0422472692221676
"2021-03-04","Central","LU",3.23352102837135,5.61698347020361
"2021-03-04","Central","NW",0.342840424354651,0.502650735741462
"2021-03-04","Central","OW",0.244894619216982,0.36204176327798
"2021-03-04","Central","SZ",1.22154792205584,1.73489107817886
"2021-03-04","Central","UR",0.282220761032792,0.355651991263686
"2021-03-04","Central","ZG",1.18780802959597,2.07015018003523
"2021-03-04","Eastern","AI",0.087190487504608,0.106043024918072
"2021-03-04","Eastern","AR",0.204142452062327,0.319624553310752
"2021-03-04","Eastern","GL",0.253922779511189,0.411936366027893
"2021-03-04","Eastern","GR",2.82094599744957,3.43572603104749
"2021-03-04","Eastern","SG",3.99210732144968,6.12571808461826
"2021-03-04","Eastern","SH",0.522875687892731,0.98395691390326
"2021-03-04","Eastern","TG",1.68533954786094,2.82084642726774
"2021-03-04","Espace Mittelland","BE",7.11675720123154,13.291745434202
"2021-03-04","Espace Mittelland","FR",1.96897130624186,3.19233689597111
"2021-03-04","Espace Mittelland","JU",0.401416394408866,0.646080724572956
"2021-03-04","Espace Mittelland","NE",1.1732782037924,1.81381156018519
"2021-03-04","Espace Mittelland","SO",1.52491448613358,2.70440302875193
"2021-03-04","Lake Geneva","GE",4.75118091640361,7.13842897258584
"2021-03-04","Lake Geneva","VD",6.41721410655714,10.3153692370544
"2021-03-04","Lake Geneva","VS",3.50598403123995,4.72071598075183
"2021-03-04","Northwestern","AG",4.73331784755709,7.75810090537631
"2021-03-04","Northwestern","BL",1.76242504358052,2.88287479921501
"2021-03-04","Northwestern","BS",1.51582578023193,3.28899919176182
"2021-03-04","Ticino","TI",2.63630524599199,3.43242918059331
"2021-03-04","Zurich","ZH",11.8593358129242,22.8533594906128
"2021-03-05","9999","9999",0.0146916749695785,0.0429950085004361
"2021-03-05","Central","LU",4.35781755379087,6.55216739027436
"2021-03-05","Central","NW",0.423247289740164,0.581537229598784
"2021-03-05","Central","OW",0.312409440780508,0.39599592414117
"2021-03-05","Central","SZ",1.56487016585608,1.99588607444356
"2021-03-05","Central","UR",0.355961449698135,0.419209829916505
"2021-03-05","Central","ZG",1.54165229405215,2.38532228582538
"2021-03-05","Eastern","AI",0.124646609903962,0.129664788481552
"2021-03-05","Eastern","AR",0.245240916908694,0.350451804464819
"2021-03-05","Eastern","GL",0.302593095019593,0.467948835600003
"2021-03-05","Eastern","GR",3.83698348759044,3.8814126290445
"2021-03-05","Eastern","SG",4.92673069849914,6.87814772745039
"2021-03-05","Eastern","SH",0.646975664280297,1.1066201436883
"2021-03-05","Eastern","TG",2.05978002133347,3.19403630342172
"2021-03-05","Espace Mittelland","BE",9.38241756969697,15.3353168817097
"2021-03-05","Espace Mittelland","FR",2.56340474364202,3.81554359625886
"2021-03-05","Espace Mittelland","JU",0.515227055798375,0.756474232564589
"2021-03-05","Espace Mittelland","NE",1.35060137185985,2.02902451973046
"2021-03-05","Espace Mittelland","SO",1.81449540945758,2.99252056792837
"2021-03-05","Lake Geneva","GE",5.16565667839843,7.67092130316001
"2021-03-05","Lake Geneva","VD",8.11383357403094,12.1180326843636
"2021-03-05","Lake Geneva","VS",4.57307069068362,5.73516026431904
"2021-03-05","Northwestern","AG",5.86302560971896,8.85805937185822
"2021-03-05","Northwestern","BL",2.21264799579961,3.34949809700354
"2021-03-05","Northwestern","BS",1.85521286108219,3.64886571350302
"2021-03-05","Ticino","TI",3.05744599032045,3.73206870228489
"2021-03-05","Zurich","ZH",14.6958204072156,25.4792159069975
"2021-03-06","9999","9999",0.0143864680908064,0.0397321461952646
"2021-03-06","Central","LU",5.0549750395339,6.88045892158322
"2021-03-06","Central","NW",0.496242833930416,0.644347328973334
"2021-03-06","Central","OW",0.416293947251982,0.584018364476674
"2021-03-06","Central","SZ",1.89808274605771,2.36873606910742
"2021-03-06","Central","UR",0.388424586024745,0.492080421398667
"2021-03-06","Central","ZG",1.71602012297741,2.32727052731254
"2021-03-06","Eastern","AI",0.142504689739163,0.155597746177863
"2021-03-06","Eastern","AR",0.284032809884361,0.381245067469875
"2021-03-06","Eastern","GL",0.35729234874378,0.543878360493263
"2021-03-06","Eastern","GR",4.57643247760681,4.78016125337417
"2021-03-06","Eastern","SG",6.11284773129821,7.76449067739061
"2021-03-06","Eastern","SH",0.758067185276612,1.23696469515009
"2021-03-06","Eastern","TG",2.55424228339263,3.68322773215435
"2021-03-06","Espace Mittelland","BE",10.3370163880445,15.5998126573226
"2021-03-06","Espace Mittelland","FR",2.64732326600715,3.61946596460746
"2021-03-06","Espace Mittelland","JU",0.573290912065163,0.78070778281029
"2021-03-06","Espace Mittelland","NE",1.6178310624201,2.26044982635455
"2021-03-06","Espace Mittelland","SO",2.1896024054428,3.31809304731626
"2021-03-06","Lake Geneva","GE",6.110368439386,7.29266719280321
"2021-03-06","Lake Geneva","VD",9.81431581679844,12.815333549498
"2021-03-06","Lake Geneva","VS",5.33656351974544,6.30915212483711
"2021-03-06","Northwestern","AG",7.53710764152569,10.0575351386479
"2021-03-06","Northwestern","BL",2.71214070459258,3.58201102439601
"2021-03-06","Northwestern","BS",2.42553101162578,4.07096453608556
"2021-03-06","Ticino","TI",3.67168249358711,4.22380924219343
"2021-03-06","Zurich","ZH",19.2303807472847,27.9460077860052
"2021-03-07","9999","9999",0.0122924265355455,0.0375229165094715
"2021-03-07","Central","LU",0.500966812826554,1.34324563711125
"2021-03-07","Central","NW",0.142047615633035,0.149241962312581
"2021-03-07","Central","OW",0.18353323793879,0.20987682015035
"2021-03-07","Central","SZ",0.300266136341291,0.513390990829318
"2021-03-07","Central","UR",0.210593032222274,0.198864659870396
"2021-03-07","Central","ZG",0.139883120936097,0.440554387496168
"2021-03-07","Eastern","AI",0.0152571562971522,0.0247433724808834
"2021-03-07","Eastern","AR",0.0586536756675936,0.0767792286185653
"2021-03-07","Eastern","GL",0.0664060862460567,0.155529769879838
"2021-03-07","Eastern","GR",2.66478446881775,2.2628289967854
"2021-03-07","Eastern","SG",0.574022158580173,1.27336600274216
"2021-03-07","Eastern","SH",0.0932936382426467,0.238562817916649
"2021-03-07","Eastern","TG",0.224527806820407,0.587859025315053
"2021-03-07","Espace Mittelland","BE",1.68694548475621,4.05206712523477
"2021-03-07","Espace Mittelland","FR",0.357444650649515,0.921010861932661
"2021-03-07","Espace Mittelland","JU",0.054449372396279,0.139283434652006
"2021-03-07","Espace Mittelland","NE",0.162998949053411,0.368125641951164
"2021-03-07","Espace Mittelland","SO",0.200784048581661,0.603595538307703
"2021-03-07","Lake Geneva","GE",0.515687125660902,1.2762549954082
"2021-03-07","Lake Geneva","VD",1.0714941728994,2.48919006920667
"2021-03-07","Lake Geneva","VS",1.85128462949015,2.31799176263221
"2021-03-07","Northwestern","AG",0.650828058201179,1.77632263182474
"2021-03-07","Northwestern","BL",0.217025688752102,0.654441809229958
"2021-03-07","Northwestern","BS",0.235909546906647,0.895281833130424
"2021-03-07","Ticino","TI",0.684385154696377,0.952517876066973
"2021-03-07","Zurich","ZH",1.87304681039329,5.69903086191907
"2021-03-08","9999","9999",0.0131681350813738,0.0377268454035447
"2021-03-08","Central","LU",2.78883423397845,5.22547398173205
"2021-03-08","Central","NW",0.273187693963724,0.467982823749015
"2021-03-08","Central","OW",0.189751406142461,0.32346521414913
"2021-03-08","Central","SZ",1.05673716694419,1.67717920115614
"2021-03-08","Central","UR",0.221165467738196,0.334171481087974
"2021-03-08","Central","ZG",1.00343514966879,1.94527772056439
"2021-03-08","Eastern","AI",0.055814301668213,0.0881992466866653
"2021-03-08","Eastern","AR",0.152256154856906,0.291686294822721
"2021-03-08","Eastern","GL",0.199375651471774,0.364556886304883
"2021-03-08","Eastern","GR",2.40500659503044,3.07803475084308
"2021-03-08","Eastern","SG",3.21231334827168,5.67840005546866
"2021-03-08","Eastern","SH",0.45512123714542,0.920331098952417
"2021-03-08","Eastern","TG",1.41687110223946,2.69029794691187
"2021-03-08","Espace Mittelland","BE",5.98069228343316,12.3691711174148
"2021-03-08","Espace Mittelland","FR",1.68594669565661,3.0240615702117
"2021-03-08","Espace Mittelland","JU",0.346124055321995,0.585309914139138
"2021-03-08","Espace Mittelland","NE",0.940248882820761,1.74797651554856
"2021-03-08","Espace Mittelland","SO",1.18365396104766,2.45581370687669
"2021-03-08","Lake Geneva","GE",4.12836500148729,6.73074112518447
"2021-03-08","Lake Geneva","VD",5.65807166011431,9.96583511261293
"2021-03-08","Lake Geneva","VS",2.97560650723246,4.34096639183849
"2021-03-08","Northwestern","AG",4.06095488258893,7.3884457967196
"2021-03-08","Northwestern","BL",1.51429806586487,2.81982678279737
"2021-03-08","Northwestern","BS",1.42356542732172,3.25769610652158
"2021-03-08","Ticino","TI",2.34294642713893,3.3580291224056
"2021-03-08","Zurich","ZH",10.9117167427973,22.7291667941222
"2021-03-09","9999","9999",0.0131001216210526,0.0375569046584837
"2021-03-09","Central","LU",2.72269012565052,5.08585066558992
"2021-03-09","Central","NW",0.28571614302731,0.473624856485041
"2021-03-09","Central","OW",0.189580052792433,0.321255984463337
"2021-03-09","Central","SZ",1.05848724475651,1.60838718755544
"2021-03-09","Central","UR",0.232749638720589,0.336618627816853
"2021-03-09","Central","ZG",1.04142610269593,1.92118012291474
"2021-03-09","Eastern","AI",0.0759523792526412,0.094690983147996
"2021-03-09","Eastern","AR",0.177584993260743,0.299605533542564
"2021-03-09","Eastern","GL",0.202219348758821,0.356875564628125
"2021-03-09","Eastern","GR",2.12758758116351,2.88746319933166
"2021-03-09","Eastern","SG",3.23364930548557,5.47532086512075
"2021-03-09","Eastern","SH",0.459565408477827,0.909013045331354
"2021-03-09","Eastern","TG",1.43445570280157,2.59995744683744
"2021-03-09","Espace Mittelland","BE",6.03167109749481,12.2840308041392
"2021-03-09","Espace Mittelland","FR",1.64961852449192,2.94537900524845
"2021-03-09","Espace Mittelland","JU",0.345974255753958,0.582284968877052
"2021-03-09","Espace Mittelland","NE",0.953828329381748,1.72098992523287
"2021-03-09","Espace Mittelland","SO",1.27213386518282,2.46692783160368
"2021-03-09","Lake Geneva","GE",3.95672722690697,6.61980380680864
"2021-03-09","Lake Geneva","VD",5.50420112541992,9.60053048702978
"2021-03-09","Lake Geneva","VS",2.87108268676523,4.1877818042405
"2021-03-09","Northwestern","AG",4.12260108785431,7.2494682554087
"2021-03-09","Northwestern","BL",1.55580208955536,2.77288914901152
"2021-03-09","Northwestern","BS",1.37418913146862,3.14125270800577
"2021-03-09","Ticino","TI",2.20076492664898,3.06726050760621
"2021-03-09","Zurich","ZH",10.6920932437442,21.8411924130294
"2021-03-10","9999","9999",0.0128065061657346,0.0386445254268742
"2021-03-10","Central","LU",2.81925196573605,5.23414095973016
"2021-03-10","Central","NW",0.296488452277387,0.463802281420514
"2021-03-10","Central","OW",0.225380399091691,0.37006296644486
"2021-03-10","Central","SZ",1.07635594092583,1.64771147596256
"2021-03-10","Central","UR",0.241719994622363,0.353068891938759
"2021-03-10","Central","ZG",1.03996996928473,1.95887298016927
"2021-03-10","Eastern","AI",0.0815516985885919,0.103154032252034
"2021-03-10","Eastern","AR",0.187119275829579,0.308272511540676
"2021-03-10","Eastern","GL",0.216076958154534,0.382298700089253
"2021-03-10","Eastern","GR",2.21224222549033,2.97314732299142
"2021-03-10","Eastern","SG",3.41682806124784,5.71938976317738
"2021-03-10","Eastern","SH",0.471119418263111,0.931139330338298
"2021-03-10","Eastern","TG",1.47276516543231,2.66966714046146
"2021-03-10","Espace Mittelland","BE",6.33452629574521,12.7384183682833
"2021-03-10","Espace Mittelland","FR",1.75169198852933,3.09451900311399
"2021-03-10","Espace Mittelland","JU",0.382839305625646,0.617428714955669
"2021-03-10","Espace Mittelland","NE",1.01133582081887,1.83185926731067
"2021-03-10","Espace Mittelland","SO",1.31507519796947,2.53877877861547
"2021-03-10","Lake Geneva","GE",4.22965441537663,6.84344582730893
"2021-03-10","Lake Geneva","VD",6.1304617568454,10.4497243900997
"2021-03-10","Lake Geneva","VS",2.97347416307152,4.48279893766641
"2021-03-10","Northwestern","AG",4.24397002305953,7.41186363138901
"2021-03-10","Northwestern","BL",1.56377730608951,2.81693779013134
"2021-03-10","Northwestern","BS",1.41733320843313,3.25599669907097
"2021-03-10","Ticino","TI",2.30506380692883,3.18829230623866
"2021-03-10","Zurich","ZH",11.1295644240292,22.6535091744211
"2021-03-11","9999","9999",0.0111863854408244,0.0336822556710926
"2021-03-11","Central","LU",2.98594004586061,5.33250266297147
"2021-03-11","Central","NW",0.310477076086303,0.478111292154651
"2021-03-11","Central","OW",0.225981144192307,0.333661658852791
"2021-03-11","Central","SZ",1.15474698728429,1.67884462045774
"2021-03-11","Central","UR",0.241556492895317,0.347902693288904
"2021-03-11","Central","ZG",1.12183024644655,1.9985031619175
"2021-03-11","Eastern","AI",0.0906843539988298,0.108354219050901
"2021-03-11","Eastern","AR",0.196473703365848,0.310413764928445
"2021-03-11","Eastern","GL",0.224593932758395,0.384202036433936
"2021-03-11","Eastern","GR",2.3369020245545,3.00179933260871
"2021-03-11","Eastern","SG",3.57669633913125,5.76272465316793
"2021-03-11","Eastern","SH",0.470474339883805,0.920467051548466
"2021-03-11","Eastern","TG",1.55424086187684,2.68951621948459
"2021-03-11","Espace Mittelland","BE",6.57526966594931,12.6967488975944
"2021-03-11","Espace Mittelland","FR",1.78592796258486,3.02419752280775
"2021-03-11","Espace Mittelland","JU",0.383619165630778,0.616137165293206
"2021-03-11","Espace Mittelland","NE",1.05735574560643,1.81612275431802
"2021-03-11","Espace Mittelland","SO",1.37865049805116,2.58279343158627
"2021-03-11","Lake Geneva","GE",4.05151307295031,6.79898932840097
"2021-03-11","Lake Geneva","VD",5.75392671315472,9.80163836473498
"2021-03-11","Lake Geneva","VS",2.84392295561467,4.24960624729369
"2021-03-11","Northwestern","AG",4.36436437409366,7.40061355406597
"2021-03-11","Northwestern","BL",1.63731601420117,2.82771203336821
"2021-03-11","Northwestern","BS",1.3655693926302,3.08180743538343
"2021-03-11","Ticino","TI",2.39989767905907,3.38069921779674
"2021-03-11","Zurich","ZH",11.3141341388579,22.2729438699314
"2021-03-12","9999","9999",0.00911595749482976,0.0224661664970658
"2021-03-12","Central","LU",4.13764283947629,6.59862918997404
"2021-03-12","Central","NW",0.407028060960408,0.582216992579028
"2021-03-12","Central","OW",0.29517610342529,0.407313977762234
"2021-03-12","Central","SZ",1.50619447431596,2.05128675733345
"2021-03-12","Central","UR",0.351495086272243,0.454693457485244
"2021-03-12","Central","ZG",1.54190995651466,2.42998271362741
"2021-03-12","Eastern","AI",0.1168624325596,0.134083247853139
"2021-03-12","Eastern","AR",0.259822676988573,0.370912670170165
"2021-03-12","Eastern","GL",0.288658112872324,0.469036456368393
"2021-03-12","Eastern","GR",3.19828642968913,3.69954204368021
"2021-03-12","Eastern","SG",4.61126972934187,6.87971118230495
"2021-03-12","Eastern","SH",0.626990241043533,1.10611032145312
"2021-03-12","Eastern","TG",2.01697525979444,3.20919501788117
"2021-03-12","Espace Mittelland","BE",8.76828690865771,15.288889070159
"2021-03-12","Espace Mittelland","FR",2.38119807362917,3.74562997374076
"2021-03-12","Espace Mittelland","JU",0.496369102125637,0.756066374776443
"2021-03-12","Espace Mittelland","NE",1.33142757539411,2.14832292276329
"2021-03-12","Espace Mittelland","SO",1.76401818683375,2.99445789242207
"2021-03-12","Lake Geneva","GE",4.90802684026995,7.56450440860281
"2021-03-12","Lake Geneva","VD",7.56198848707711,11.8527551813234
"2021-03-12","Lake Geneva","VS",3.97179758898157,5.38008607158856
"2021-03-12","Northwestern","AG",5.70670594430947,8.9106390383801
"2021-03-12","Northwestern","BL",2.23827960140087,3.49119469023541
"2021-03-12","Northwestern","BS",1.80433826801507,3.77581145006359
"2021-03-12","Ticino","TI",2.83836447646629,3.78560003697911
"2021-03-12","Zurich","ZH",14.6982257333149,26.3568239026416
"2021-03-13","9999","9999",0.0101378393728442,0.0229420005832366
"2021-03-13","Central","LU",4.86181822982148,6.88559113208407
"2021-03-13","Central","NW",0.477587663595761,0.631295879752648
"2021-03-13","Central","OW",0.351494224747527,0.511997476719817
"2021-03-13","Central","SZ",1.85170298980835,2.37070738175013
"2021-03-13","Central","UR",0.396176828214286,0.497110667452473
"2021-03-13","Central","ZG",1.66620540502828,2.32417760575243
"2021-03-13","Eastern","AI",0.141495080672332,0.160288110741547
"2021-03-13","Eastern","AR",0.297114408724015,0.379069825933094
"2021-03-13","Eastern","GL",0.3307564280601,0.51451259974672
"2021-03-13","Eastern","GR",3.97775533392763,4.43973595286795
"2021-03-13","Eastern","SG",5.68085802551607,7.52959857956728
"2021-03-13","Eastern","SH",0.736880557708182,1.16674517929088
"2021-03-13","Eastern","TG",2.53742672678444,3.61559131562007
"2021-03-13","Espace Mittelland","BE",10.0391916208639,15.1550097512
"2021-03-13","Espace Mittelland","FR",2.51255431242717,3.5521694295633
"2021-03-13","Espace Mittelland","JU",0.562488359381527,0.762456146790737
"2021-03-13","Espace Mittelland","NE",1.65834542917298,2.28475135289827
"2021-03-13","Espace Mittelland","SO",2.17837455325097,3.26306623406551
"2021-03-13","Lake Geneva","GE",5.79869253207702,7.16504169326239
"2021-03-13","Lake Geneva","VD",9.50273958006709,12.430995560468
"2021-03-13","Lake Geneva","VS",4.61687388104827,5.84878264646683
"2021-03-13","Northwestern","AG",7.37647353082594,9.87930128522787
"2021-03-13","Northwestern","BL",2.71865443059821,3.53704470325287
"2021-03-13","Northwestern","BS",2.31488587791309,3.73815258095807
"2021-03-13","Ticino","TI",3.65004237898819,4.54724046819355
"2021-03-13","Zurich","ZH",18.6823505426824,27.4367973375044
"2021-03-14","9999","9999",0.00656729326286066,0.0182856241685649
"2021-03-14","Central","LU",0.461236331748842,1.22350538814126
"2021-03-14","Central","NW",0.136813226418795,0.130514492206857
"2021-03-14","Central","OW",0.118181830250284,0.131398184081175
"2021-03-14","Central","SZ",0.260809502642682,0.422166798880566
"2021-03-14","Central","UR",0.17278560745581,0.129426871438467
"2021-03-14","Central","ZG",0.133751453729953,0.400686288704854
"2021-03-14","Eastern","AI",0.0136608371505372,0.0175378848902965
"2021-03-14","Eastern","AR",0.050078203535504,0.0646114712721968
"2021-03-14","Eastern","GL",0.0503623030587295,0.120997810483441
"2021-03-14","Eastern","GR",1.98748448947124,1.44799711236686
"2021-03-14","Eastern","SG",0.533757359873485,1.09006791511936
"2021-03-14","Eastern","SH",0.0832407569548825,0.217524153678096
"2021-03-14","Eastern","TG",0.214625649281739,0.542892704171909
"2021-03-14","Espace Mittelland","BE",1.40557578874634,3.35751930017042
"2021-03-14","Espace Mittelland","FR",0.333719258551309,0.837094122021534
"2021-03-14","Espace Mittelland","JU",0.0521227583278631,0.132111935210431
"2021-03-14","Espace Mittelland","NE",0.159617256993258,0.340289347910171
"2021-03-14","Espace Mittelland","SO",0.193320832270313,0.547175210947447
"2021-03-14","Lake Geneva","GE",0.475367988240752,1.21494037459019
"2021-03-14","Lake Geneva","VD",0.993572849396312,2.25324433876396
"2021-03-14","Lake Geneva","VS",1.43878404996793,1.79063164255887
"2021-03-14","Northwestern","AG",0.604875453738145,1.62918793475091
"2021-03-14","Northwestern","BL",0.200749309555491,0.594418738074408
"2021-03-14","Northwestern","BS",0.217696569796658,0.80834014795721
"2021-03-14","Ticino","TI",0.80948721355757,1.06478073225428
"2021-03-14","Zurich","ZH",1.78301965877614,5.24702246820579
"2021-03-15","9999","9999",0.00606186412402632,0.0168241337610402
"2021-03-15","Central","LU",2.57507847403468,4.82030125735758
"2021-03-15","Central","NW",0.250511317856071,0.444666953526644
"2021-03-15","Central","OW",0.169825197065849,0.292603974846051
"2021-03-15","Central","SZ",0.962575346748915,1.53986707914684
"2021-03-15","Central","UR",0.200756193921178,0.294949157127893
"2021-03-15","Central","ZG",0.878559797120641,1.76683993825033
"2021-03-15","Eastern","AI",0.0494017304123359,0.0756236315521504
"2021-03-15","Eastern","AR",0.15864912642549,0.270273760945034
"2021-03-15","Eastern","GL",0.167525392080192,0.318638896989398
"2021-03-15","Eastern","GR",1.85177265974574,2.47348754436303
"2021-03-15","Eastern","SG",2.83453494427856,4.98500782747072
"2021-03-15","Eastern","SH",0.393892330956427,0.820236000111481
"2021-03-15","Eastern","TG",1.29056245451712,2.43973731239391
"2021-03-15","Espace Mittelland","BE",5.39310010023958,11.330867153241
"2021-03-15","Espace Mittelland","FR",1.49270067897585,2.76619348365612
"2021-03-15","Espace Mittelland","JU",0.308504051341516,0.531574650550846
"2021-03-15","Espace Mittelland","NE",0.802965075937902,1.54951971346631
"2021-03-15","Espace Mittelland","SO",1.06664130990572,2.23404103457207
"2021-03-15","Lake Geneva","GE",3.56456521743472,6.13999310720338
"2021-03-15","Lake Geneva","VD",4.94146770141685,8.93844134427208
"2021-03-15","Lake Geneva","VS",2.4203079592936,3.70718937720796
"2021-03-15","Northwestern","AG",3.58113033663996,6.65341808618171
"2021-03-15","Northwestern","BL",1.44325828851293,2.65743140681707
"2021-03-15","Northwestern","BS",1.26889021679435,3.00319284671821
"2021-03-15","Ticino","TI",2.21455731470766,3.28451275609221
"2021-03-15","Zurich","ZH",9.66457529453269,20.7074837145784
"2021-03-16","9999","9999",0.00724266206798349,0.0188974108507846
"2021-03-16","Central","LU",2.63930409213236,4.89381762367098
"2021-03-16","Central","NW",0.27269281067062,0.448371661768974
"2021-03-16","Central","OW",0.181470317005891,0.299673509840589
"2021-03-16","Central","SZ",1.03013438411049,1.57803577048755
"2021-03-16","Central","UR",0.218137956320908,0.310311800481408
"2021-03-16","Central","ZG",1.01012405497739,1.83678754891744
"2021-03-16","Eastern","AI",0.069601477502357,0.089490796349129
"2021-03-16","Eastern","AR",0.16797344758895,0.286214202831757
"2021-03-16","Eastern","GL",0.188952020854443,0.338352023416475
"2021-03-16","Eastern","GR",1.68460352379978,2.43994124128799
"2021-03-16","Eastern","SG",3.06190034330859,5.22832898624907
"2021-03-16","Eastern","SH",0.43590412556657,0.880191094969006
"2021-03-16","Eastern","TG",1.38628054470777,2.52042517814888
"2021-03-16","Espace Mittelland","BE",5.66120688561725,11.7617009301197
"2021-03-16","Espace Mittelland","FR",1.61113775158739,2.86333161353299
"2021-03-16","Espace Mittelland","JU",0.322446614906288,0.557609572694193
"2021-03-16","Espace Mittelland","NE",0.896098325690545,1.66232638003781
"2021-03-16","Espace Mittelland","SO",1.16087681396036,2.33032946072364
"2021-03-16","Lake Geneva","GE",3.80839479630143,6.47654375872221
"2021-03-16","Lake Geneva","VD",5.30387401779966,9.37406745016148
"2021-03-16","Lake Geneva","VS",2.56366817832012,3.9819495738226
"2021-03-16","Northwestern","AG",3.86584109207155,6.93093132286634
"2021-03-16","Northwestern","BL",1.54283637362208,2.73400670654156
"2021-03-16","Northwestern","BS",1.32182595683666,3.05968115037649
"2021-03-16","Ticino","TI",2.22682436542429,3.26748469343709
"2021-03-16","Zurich","ZH",10.280113295356,21.5693891853788
"2021-03-17","9999","9999",0.00764338070960869,0.0193732449369554
"2021-03-17","Central","LU",2.70710750097968,4.98755693864663
"2021-03-17","Central","NW",0.286935615598981,0.452756132991548
"2021-03-17","Central","OW",0.176143168991868,0.298212019433064
"2021-03-17","Central","SZ",1.11703123266365,1.62548322650858
"2021-03-17","Central","UR",0.24162445544736,0.329549092822315
"2021-03-17","Central","ZG",1.02354352423062,1.84514863357445
"2021-03-17","Eastern","AI",0.0713502082033075,0.0921078838230686
"2021-03-17","Eastern","AR",0.168266127115144,0.279178655986231
"2021-03-17","Eastern","GL",0.205986682778066,0.351743354127283
"2021-03-17","Eastern","GR",1.75909050433449,2.52151279891727
"2021-03-17","Eastern","SG",3.14698518608642,5.28835205740462
"2021-03-17","Eastern","SH",0.443941015522338,0.876690315620749
"2021-03-17","Eastern","TG",1.41347773260338,2.51845386550618
"2021-03-17","Espace Mittelland","BE",5.98530630827938,11.9694364968823
"2021-03-17","Espace Mittelland","FR",1.66050815774425,2.90738025465281
"2021-03-17","Espace Mittelland","JU",0.350533937970698,0.572088524173391
"2021-03-17","Espace Mittelland","NE",0.952129911724222,1.70195656178604
"2021-03-17","Espace Mittelland","SO",1.2480857028497,2.42943890324322
"2021-03-17","Lake Geneva","GE",3.96354921428809,6.63088394338662
"2021-03-17","Lake Geneva","VD",5.54998745561273,9.69484760053864
"2021-03-17","Lake Geneva","VS",2.82193211430379,4.18591245604483
"2021-03-17","Northwestern","AG",4.02551654897541,7.07606071914845
"2021-03-17","Northwestern","BL",1.55224466994924,2.7246259774142
"2021-03-17","Northwestern","BS",1.37271655076738,3.01304940993175
"2021-03-17","Ticino","TI",2.44825817853147,3.42556357449285
"2021-03-17","Zurich","ZH",10.5692206698717,21.6207792666853
"2021-03-18","9999","9999",0.00842080494940624,0.0206987827484313
"2021-03-18","Central","LU",2.93752037922031,5.19903120180056
"2021-03-18","Central","NW",0.354339182993477,0.538814126290445
"2021-03-18","Central","OW",0.212840272452179,0.334749279621182
"2021-03-18","Central","SZ",1.31292117471386,1.86611932151497
"2021-03-18","Central","UR",0.267556936807675,0.366120341159445
"2021-03-18","Central","ZG",1.09801794216856,1.97882402363944
"2021-03-18","Eastern","AI",0.0779037209867307,0.102440281122778
"2021-03-18","Eastern","AR",0.176831488079883,0.289239148093843
"2021-03-18","Eastern","GL",0.207701735694657,0.36605236486142
"2021-03-18","Eastern","GR",2.02614411490685,2.77135968230597
"2021-03-18","Eastern","SG",3.42345045293233,5.55274586857055
"2021-03-18","Eastern","SH",0.4831980143641,0.913907338789111
"2021-03-18","Eastern","TG",1.54905507832068,2.62500671265943
"2021-03-18","Espace Mittelland","BE",6.33905138382858,12.4464261801195
"2021-03-18","Espace Mittelland","FR",1.69114345582086,2.97070017626254
"2021-03-18","Espace Mittelland","JU",0.374405229279589,0.593637010647127
"2021-03-18","Espace Mittelland","NE",1.0060506251425,1.76687392639934
"2021-03-18","Espace Mittelland","SO",1.37322261038566,2.55879779838366
"2021-03-18","Lake Geneva","GE",4.17837485870065,6.8216254356431
"2021-03-18","Lake Geneva","VD",5.61722412217357,9.70823893124945
"2021-03-18","Lake Geneva","VS",3.0932630501992,4.55111511718094
"2021-03-18","Northwestern","AG",4.2738894685014,7.23794627289357
"2021-03-18","Northwestern","BL",1.61617086904782,2.80721717951385
"2021-03-18","Northwestern","BS",1.40644267841189,3.18683081583114
"2021-03-18","Ticino","TI",3.14114156966913,4.11470728386426
"2021-03-18","Zurich","ZH",11.2003331187132,22.511302758954
"2021-03-19","9999","9999",0.00860508900221916,0.0220922968579316
"2021-03-19","Central","LU",4.31706416092151,6.64730021935951
"2021-03-19","Central","NW",0.114596070397017,0.205900206715922
"2021-03-19","Central","OW",0.326408383305911,0.48086433222464
"2021-03-19","Central","SZ",0.529397821596378,0.863129044164881
"2021-03-19","Central","UR",0.172627196556633,0.215756769929461
"2021-03-19","Central","ZG",1.55049086800052,2.43514891227727
"2021-03-19","Eastern","AI",0.120837832629847,0.131568124826236
"2021-03-19","Eastern","AR",0.238448256612123,0.352389128958515
"2021-03-19","Eastern","GL",0.294187308012399,0.478179268452676
"2021-03-19","Eastern","GR",3.02231490383287,3.58044756954145
"2021-03-19","Eastern","SG",4.73422947385154,6.87862356153656
"2021-03-19","Eastern","SH",0.592658179570001,1.03925563234611
"2021-03-19","Eastern","TG",1.95546293938598,3.08884298222896
"2021-03-19","Espace Mittelland","BE",8.63759236391797,14.9304160625273
"2021-03-19","Espace Mittelland","FR",2.32992810728968,3.68312576770732
"2021-03-19","Espace Mittelland","JU",0.474350601955347,0.705220103854188
"2021-03-19","Espace Mittelland","NE",1.27569045850843,2.0692325000119
"2021-03-19","Espace Mittelland","SO",1.70381300305285,2.89341112540879
"2021-03-19","Lake Geneva","GE",4.93116437881011,7.49404697570051
"2021-03-19","Lake Geneva","VD",7.79216078454075,11.9989042220758
"2021-03-19","Lake Geneva","VS",1.64837759603879,2.45866871139371
"2021-03-19","Northwestern","AG",5.47704539252724,8.55712830050418
"2021-03-19","Northwestern","BL",2.17841422646415,3.32196769630365
"2021-03-19","Northwestern","BS",1.69513887067667,3.51787538720999
"2021-03-19","Ticino","TI",1.96660724717646,2.43331355223061
"2021-03-19","Zurich","ZH",14.4903667419473,26.1516034589059
"2021-03-20","9999","9999",0.00966293562111274,0.0229080124342244
"2021-03-20","Central","LU",4.73761194911599,6.61973583051062
"2021-03-20","Central","NW",0.522775010897602,0.669022725156193
"2021-03-20","Central","OW",0.358358191878448,0.514138730107586
"2021-03-20","Central","SZ",1.98701895675881,2.51097647272349
"2021-03-20","Central","UR",0.403611297012263,0.541737107105494
"2021-03-20","Central","ZG",1.62204873890462,2.23805163615551
"2021-03-20","Eastern","AI",0.143595008007813,0.153354528343057
"2021-03-20","Eastern","AR",0.251969084248216,0.354700323091345
"2021-03-20","Eastern","GL",0.334953537600034,0.507782946242304
"2021-03-20","Eastern","GR",3.8777810140214,4.28383231334898
"2021-03-20","Eastern","SG",5.39356461870246,7.14495469719618
"2021-03-20","Eastern","SH",0.711100636711016,1.15797623684574
"2021-03-20","Eastern","TG",2.45701677165801,3.51440859601074
"2021-03-20","Espace Mittelland","BE",9.69750072110598,14.9255217690696
"2021-03-20","Espace Mittelland","FR",2.35534229146472,3.46662125849959
"2021-03-20","Espace Mittelland","JU",0.532362116679605,0.73550354462406
"2021-03-20","Espace Mittelland","NE",1.54662172525595,2.18863286749176
"2021-03-20","Espace Mittelland","SO",2.08840129783686,3.17296365103416
"2021-03-20","Lake Geneva","GE",5.70546631989148,7.02266533705028
"2021-03-20","Lake Geneva","VD",8.86970026854156,12.0554944901812
"2021-03-20","Lake Geneva","VS",5.26170684329093,6.60423723456105
"2021-03-20","Northwestern","AG",7.17340336766957,9.69783855765172
"2021-03-20","Northwestern","BL",2.5927044865235,3.506761262483
"2021-03-20","Northwestern","BS",2.2170833404197,3.7989573795409
"2021-03-20","Ticino","TI",3.40594415321885,4.34898759500537
"2021-03-20","Zurich","ZH",18.4142459659409,27.2662448057611
"2021-03-21","9999","9999",0.00708622875963189,0.0199510434701628
"2021-03-21","Central","LU",0.501446098606274,1.29233138989097
"2021-03-21","Central","NW",0.145078592729295,0.158418762545876
"2021-03-21","Central","OW",0.204054780174391,0.239888355728125
"2021-03-21","Central","SZ",0.338579777366897,0.55308914887557
"2021-03-21","Central","UR",0.211370315485299,0.185575293606625
"2021-03-21","Central","ZG",0.146842811295029,0.413635773478503
"2021-03-21","Eastern","AI",0.0150156395910347,0.0236897398615051
"2021-03-21","Eastern","AR",0.0653025435730125,0.0685880847066245
"2021-03-21","Eastern","GL",0.0748469138130713,0.160050193698461
"2021-03-21","Eastern","GR",2.30053698404797,1.77221006579426
"2021-03-21","Eastern","SG",0.545132532791775,1.21541620867636
"2021-03-21","Eastern","SH",0.080590201761139,0.213717480988729
"2021-03-21","Eastern","TG",0.230867708466474,0.546087590179056
"2021-03-21","Espace Mittelland","BE",1.62676320186867,3.95051053598631
"2021-03-21","Espace Mittelland","FR",0.392231495356634,0.980048276766857
"2021-03-21","Espace Mittelland","JU",0.0567060659019337,0.132553781147589
"2021-03-21","Espace Mittelland","NE",0.18278041022964,0.365814447818335
"2021-03-21","Espace Mittelland","SO",0.206211611217376,0.592923259517871
"2021-03-21","Lake Geneva","GE",0.517221743973753,1.29440466698072
"2021-03-21","Lake Geneva","VD",1.22930462067778,2.64546757836478
"2021-03-21","Lake Geneva","VS",1.99957399952398,2.65783926460522
"2021-03-21","Northwestern","AG",0.625828862649883,1.72238343934237
"2021-03-21","Northwestern","BL",0.205695471759911,0.609271559192741
"2021-03-21","Northwestern","BS",0.216477492743152,0.829208871450703
"2021-03-21","Ticino","TI",0.800147596414376,1.00336414698923
"2021-03-21","Zurich","ZH",1.88722209919606,5.42749953946058
"2021-03-22","9999","9999",0.00661328301861907,0.0179457426784429
"2021-03-22","Central","LU",2.6135010626927,4.83321675398222
"2021-03-22","Central","NW",0.277279548679469,0.452212322607353
"2021-03-22","Central","OW",0.182176015397044,0.302800419549711
"2021-03-22","Central","SZ",1.05180376313761,1.61841369151404
"2021-03-22","Central","UR",0.236220529917039,0.336006841134633
"2021-03-22","Central","ZG",0.952573882822621,1.8349861770198
"2021-03-22","Eastern","AI",0.0557979953549485,0.0823872732055787
"2021-03-22","Eastern","AR",0.148811559744407,0.271089476521327
"2021-03-22","Eastern","GL",0.179661761245444,0.337570295989195
"2021-03-22","Eastern","GR",2.0071894707488,2.65613985715461
"2021-03-22","Eastern","SG",2.84103423974518,5.03439260798545
"2021-03-22","Eastern","SH",0.407003041499446,0.832063875967728
"2021-03-22","Eastern","TG",1.29545924743929,2.42960884398828
"2021-03-22","Espace Mittelland","BE",5.5470824569261,11.6862472393126
"2021-03-22","Espace Mittelland","FR",1.56881380699247,2.85993279863177
"2021-03-22","Espace Mittelland","JU",0.306122973246952,0.535449299538237
"2021-03-22","Espace Mittelland","NE",0.848546304507939,1.59897247027906
"2021-03-22","Espace Mittelland","SO",1.07511590532559,2.25344826765803
"2021-03-22","Lake Geneva","GE",3.61223646188998,6.35190921629446
"2021-03-22","Lake Geneva","VD",5.22479386523287,9.30486757877263
"2021-03-22","Lake Geneva","VS",2.75088862847955,4.22098822582542
"2021-03-22","Northwestern","AG",3.60585674605396,6.72758022732634
"2021-03-22","Northwestern","BL",1.43250431407523,2.64291846718886
"2021-03-22","Northwestern","BS",1.21346631113526,2.96053771970789
"2021-03-22","Ticino","TI",2.29963322504059,3.24032816237634
"2021-03-22","Zurich","ZH",10.0578351997751,21.411140363578
"2021-03-23","9999","9999",0.00827371135218235,0.0188634227017723
"2021-03-23","Central","LU",2.59347036241608,4.91404057233324
"2021-03-23","Central","NW",0.290447852149765,0.464006210314587
"2021-03-23","Central","OW",0.202609443234287,0.33209820399823
"2021-03-23","Central","SZ",1.05756989715474,1.62602703689278
"2021-03-23","Central","UR",0.226814688935321,0.346169297689282
"2021-03-23","Central","ZG",1.00909262975513,1.89008096656858
"2021-03-23","Eastern","AI",0.0749997326336364,0.0974780113669965
"2021-03-23","Eastern","AR",0.166426603457173,0.288355456219525
"2021-03-23","Eastern","GL",0.193234683714716,0.343858103556452
"2021-03-23","Eastern","GR",1.81619551100432,2.67445946947218
"2021-03-23","Eastern","SG",3.0376540577029,5.24311383106938
"2021-03-23","Eastern","SH",0.439835317670811,0.870164591010406
"2021-03-23","Eastern","TG",1.37185825285286,2.49452620860158
"2021-03-23","Espace Mittelland","BE",5.74867949897028,11.9038733574377
"2021-03-23","Espace Mittelland","FR",1.58241722352067,2.83831633586001
"2021-03-23","Espace Mittelland","JU",0.320898247442171,0.54629151907313
"2021-03-23","Espace Mittelland","NE",0.888129265142091,1.63506788453002
"2021-03-23","Espace Mittelland","SO",1.18651236691122,2.34263317066605
"2021-03-23","Lake Geneva","GE",3.66254471210481,6.45829212270266
"2021-03-23","Lake Geneva","VD",5.22999059015293,9.36013230906648
"2021-03-23","Lake Geneva","VS",2.64864192356978,4.10009237978902
"2021-03-23","Northwestern","AG",3.84350714071041,6.89833668796364
"2021-03-23","Northwestern","BL",1.51184253245472,2.72618943226876
"2021-03-23","Northwestern","BS",1.27825885948844,3.08299702059886
"2021-03-23","Ticino","TI",2.21631795011378,3.17826580228006
"2021-03-23","Zurich","ZH",10.3970056502354,22.0162313804423
"2021-03-24","9999","9999",0.00772328321101321,0.0210046760895411
"2021-03-24","Central","LU",2.8406018522382,5.20076459740018
"2021-03-24","Central","NW",0.30580384491197,0.477397541025395
"2021-03-24","Central","OW",0.226510061627722,0.387159005397998
"2021-03-24","Central","SZ",1.12979611935355,1.71130330276439
"2021-03-24","Central","UR",0.245022586965506,0.365882424116359
"2021-03-24","Central","ZG",1.03676174522618,1.98331045930905
"2021-03-24","Eastern","AI",0.0807755901319972,0.104309629318449
"2021-03-24","Eastern","AR",0.184735644489038,0.307966618199566
"2021-03-24","Eastern","GL",0.212151416869226,0.377744288121618
"2021-03-24","Eastern","GR",1.98571272864822,2.8324363860809
"2021-03-24","Eastern","SG",3.301137803553,5.56725880819876
"2021-03-24","Eastern","SH",0.477502572365952,0.918733655948844
"2021-03-24","Eastern","TG",1.48791870380223,2.64536561391774
"2021-03-24","Espace Mittelland","BE",6.12001038904823,12.5666422631757
"2021-03-24","Espace Mittelland","FR",1.67296800986032,2.99897831624069
"2021-03-24","Espace Mittelland","JU",0.364909124003744,0.590815994279115
"2021-03-24","Espace Mittelland","NE",1.02475095503637,1.77968745857694
"2021-03-24","Espace Mittelland","SO",1.24613006524009,2.44595714366315
"2021-03-24","Lake Geneva","GE",4.00408146942689,6.676496039361
"2021-03-24","Lake Geneva","VD",5.6999126457014,9.93925638008539
"2021-03-24","Lake Geneva","VS",2.82324015553231,4.25806929639773
"2021-03-24","Northwestern","AG",4.12042144990247,7.29423064765778
"2021-03-24","Northwestern","BL",1.58566601364529,2.81054801811704
"2021-03-24","Northwestern","BS",1.38016635862133,3.23876470752178
"2021-03-24","Ticino","TI",2.32210027805436,3.28600823464874
"2021-03-24","Zurich","ZH",11.0741183262766,23.2009562905606
"2021-03-25","9999","9999",0.00793770104878534,0.0204948538543581
"2021-03-25","Central","LU",3.31518407902951,5.743419384529
"2021-03-25","Central","NW",0.35207390165281,0.512711227849074
"2021-03-25","Central","OW",0.242135891763078,0.381075126724814
"2021-03-25","Central","SZ",1.26527102586608,1.83491820072177
"2021-03-25","Central","UR",0.279026051164222,0.379443695572228
"2021-03-25","Central","ZG",1.23537428160048,2.14720131384589
"2021-03-25","Eastern","AI",0.0911360200793529,0.111175235418914
"2021-03-25","Eastern","AR",0.227214459899758,0.337128450052036
"2021-03-25","Eastern","GL",0.245643887262646,0.410984697855552
"2021-03-25","Eastern","GR",2.28429624064644,2.98263001656582
"2021-03-25","Eastern","SG",4.07147622577316,6.30813248036675
"2021-03-25","Eastern","SH",0.562770187612319,1.01576982137868
"2021-03-25","Eastern","TG",1.85048090525038,3.02565901321527
"2021-03-25","Espace Mittelland","BE",7.21482584804567,13.6410076534514
"2021-03-25","Espace Mittelland","FR",2.00837627195362,3.26340611555563
"2021-03-25","Espace Mittelland","JU",0.448150264728727,0.679898932840097
"2021-03-25","Espace Mittelland","NE",1.23154163617571,2.00683025842549
"2021-03-25","Espace Mittelland","SO",1.65170095112759,2.86210804016855
"2021-03-25","Lake Geneva","GE",4.73432552210933,7.1954270984793
"2021-03-25","Lake Geneva","VD",6.52859314184738,10.5562432491039
"2021-03-25","Lake Geneva","VS",3.05278493405676,4.40697137722019
"2021-03-25","Northwestern","AG",5.04412844335716,8.11378688478901
"2021-03-25","Northwestern","BL",1.92866050994737,3.14342794954255
"2021-03-25","Northwestern","BS",1.58770738862824,3.48507682341321
"2021-03-25","Ticino","TI",3.09097028622009,3.58014167620034
"2021-03-25","Zurich","ZH",12.8648615854615,25.0503194546126
"2021-03-26","9999","9999",0.0102486666955382,0.0252871828650786
"2021-03-26","Central","LU",4.57479547491348,7.03391541437332
"2021-03-26","Central","NW",0.476076408266804,0.633539097587453
"2021-03-26","Central","OW",0.323065271888957,0.463904245867551
"2021-03-26","Central","SZ",1.71517734033982,2.23278347305861
"2021-03-26","Central","UR",0.372495612753913,0.483549395996604
"2021-03-26","Central","ZG",1.65646818639653,2.57922467593999
"2021-03-26","Eastern","AI",0.131136033080544,0.146420945944568
"2021-03-26","Eastern","AR",0.289071840537163,0.399190810148317
"2021-03-26","Eastern","GL",0.323859370548034,0.496668821515314
"2021-03-26","Eastern","GR",3.07679837694383,3.60226796120729
"2021-03-26","Eastern","SG",5.1179617106853,7.36077944342367
"2021-03-26","Eastern","SH",0.712609052924431,1.19145456362276
"2021-03-26","Eastern","TG",2.36643305157807,3.52324551475392
"2021-03-26","Espace Mittelland","BE",9.62440818881279,16.3066641923294
"2021-03-26","Espace Mittelland","FR",2.77668972340463,4.01743320139134
"2021-03-26","Espace Mittelland","JU",0.582749239482204,0.814288074034346
"2021-03-26","Espace Mittelland","NE",1.52595575231771,2.28995153969714
"2021-03-26","Espace Mittelland","SO",2.05597348793964,3.2599733125054
"2021-03-26","Lake Geneva","GE",5.57275605794125,7.83379251322649
"2021-03-26","Lake Geneva","VD",8.61756365298024,12.6069861960532
"2021-03-26","Lake Geneva","VS",4.22965963934923,5.51162020826578
"2021-03-26","Northwestern","AG",6.45488427868826,9.52470292658356
"2021-03-26","Northwestern","BL",2.46513733524382,3.66783110065183
"2021-03-26","Northwestern","BS",1.98378394711363,3.88637489880029
"2021-03-26","Ticino","TI",3.52631261543526,3.96923800609204
"2021-03-26","Zurich","ZH",16.4342967828196,28.691945692376
"2021-03-27","9999","9999",0.01051420036113,0.0238596806065661
"2021-03-27","Central","LU",5.6733590011047,7.46774014836507
"2021-03-27","Central","NW",0.628060885220484,0.722893941340533
"2021-03-27","Central","OW",0.372533120407239,0.494697508872606
"2021-03-27","Central","SZ",2.16481488259824,2.55400546937294
"2021-03-27","Central","UR",0.396107487222698,0.492114409547679
"2021-03-27","Central","ZG",1.89140090525179,2.50370300883488
"2021-03-27","Eastern","AI",0.152450264207505,0.159982217400437
"2021-03-27","Eastern","AR",0.312129155462162,0.398884916807208
"2021-03-27","Eastern","GL",0.388812898710457,0.537148706988847
"2021-03-27","Eastern","GR",4.02995126703206,4.06610423077681
"2021-03-27","Eastern","SG",6.55888793402798,8.07228735484511
"2021-03-27","Eastern","SH",0.863692320200683,1.32710126633046
"2021-03-27","Eastern","TG",2.98742654018601,4.01182515680433
"2021-03-27","Espace Mittelland","BE",11.1049671884983,16.5342488381151
"2021-03-27","Espace Mittelland","FR",2.86000269962686,3.87135213693689
"2021-03-27","Espace Mittelland","JU",0.638916758452009,0.832743638947972
"2021-03-27","Espace Mittelland","NE",1.85921086834419,2.48847631807741
"2021-03-27","Espace Mittelland","SO",2.43900123643286,3.56189004018079
"2021-03-27","Lake Geneva","GE",6.25220260835458,7.54030484650612
"2021-03-27","Lake Geneva","VD",10.3399275153047,13.3787890838223
"2021-03-27","Lake Geneva","VS",5.08558459368558,6.05260957609301
"2021-03-27","Northwestern","AG",8.34020577995601,10.8858603182242
"2021-03-27","Northwestern","BL",2.98886749509813,3.84711858669119
"2021-03-27","Northwestern","BS",2.42583148403463,4.05057164667824
"2021-03-27","Ticino","TI",3.96951258655695,4.59655727241026
"2021-03-27","Zurich","ZH",21.2917797341168,30.1439873944753
"2021-03-28","9999","9999",0.00829734062553438,0.0234178346694075
"2021-03-28","Central","LU",0.67803394749642,1.76673797380329
"2021-03-28","Central","NW",0.136083530648274,0.200835972513104
"2021-03-28","Central","OW",0.201074695692729,0.295119097872954
"2021-03-28","Central","SZ",0.368550698910555,0.701141525972724
"2021-03-28","Central","UR",0.202458496271969,0.238630794214673
"2021-03-28","Central","ZG",0.174122184732539,0.556453975627778
"2021-03-28","Eastern","AI",0.0245878449114691,0.0392563121090938
"2021-03-28","Eastern","AR",0.0661494223690201,0.109305887223243
"2021-03-28","Eastern","GL",0.0800703616634158,0.19753912205892
"2021-03-28","Eastern","GR",2.17412248235017,2.06780499775338
"2021-03-28","Eastern","SG",0.729810271071821,1.74070305165995
"2021-03-28","Eastern","SH",0.108392971043837,0.298585889072198
"2021-03-28","Eastern","TG",0.326528037340925,0.790462381576792
"2021-03-28","Espace Mittelland","BE",1.81702838610767,5.00003058933411
"2021-03-28","Espace Mittelland","FR",0.424756332517009,1.08653314762209
"2021-03-28","Espace Mittelland","JU",0.0686581745105013,0.176194564479257
"2021-03-28","Espace Mittelland","NE",0.211818633367494,0.460505430966331
"2021-03-28","Espace Mittelland","SO",0.351056448795042,0.889062001861191
"2021-03-28","Lake Geneva","GE",0.573145502357157,1.44136942330948
"2021-03-28","Lake Geneva","VD",1.29148325213378,3.05631632362428
"2021-03-28","Lake Geneva","VS",1.80774560218359,2.49731323682059
"2021-03-28","Northwestern","AG",0.781894198131112,2.21493969482721
"2021-03-28","Northwestern","BL",0.25962664878747,0.795696556524671
"2021-03-28","Northwestern","BS",0.253622107385242,0.992691868199396
"2021-03-28","Ticino","TI",0.841325908937848,1.030588654348
"2021-03-28","Zurich","ZH",2.32717425528247,7.11739030834728
"2021-03-29","9999","9999",0.00916258947810387,0.0224661664970658
"2021-03-29","Central","LU",3.19276972274141,5.55016276924562
"2021-03-29","Central","NW",0.322121824004308,0.515226350875977
"2021-03-29","Central","OW",0.22804483658143,0.374481425816446
"2021-03-29","Central","SZ",1.20925382729516,1.79807504719255
"2021-03-29","Central","UR",0.23164755280752,0.365916412265371
"2021-03-29","Central","ZG",1.07572552021476,2.03364690799612
"2021-03-29","Eastern","AI",0.0740893242218532,0.103459925593144
"2021-03-29","Eastern","AR",0.191158957391717,0.321833782996545
"2021-03-29","Eastern","GL",0.214222302989729,0.386173349076644
"2021-03-29","Eastern","GR",2.2102898342625,2.94935561868288
"2021-03-29","Eastern","SG",3.5001352339263,5.92369252688972
"2021-03-29","Eastern","SH",0.5014321105777,0.969070104635916
"2021-03-29","Eastern","TG",1.70549216171695,2.92461224620199
"2021-03-29","Espace Mittelland","BE",6.66899684300925,13.2421567247932
"2021-03-29","Espace Mittelland","FR",1.9388008320778,3.21035061494758
"2021-03-29","Espace Mittelland","JU",0.383729981205408,0.621405328390097
"2021-03-29","Espace Mittelland","NE",1.04603171984413,1.81761823287456
"2021-03-29","Espace Mittelland","SO",1.3541707979877,2.59849595642991
"2021-03-29","Lake Geneva","GE",4.3440688254552,6.73621321717544
"2021-03-29","Lake Geneva","VD",6.17397580385122,10.2525931258289
"2021-03-29","Lake Geneva","VS",2.95816672505911,4.29246530319808
"2021-03-29","Northwestern","AG",4.51510471928868,7.75898459725063
"2021-03-29","Northwestern","BL",1.78051899321893,2.96764124285144
"2021-03-29","Northwestern","BS",1.49638906600292,3.36543853889026
"2021-03-29","Ticino","TI",2.69010742535739,3.43715353330601
"2021-03-29","Zurich","ZH",12.0666691449861,24.3878904303647
"2021-03-30","9999","9999",0.00803384329108989,0.0207327708974435
"2021-03-30","Central","LU",3.36698877418022,5.83460958832874
"2021-03-30","Central","NW",0.382105870054653,0.547786997629667
"2021-03-30","Central","OW",0.254113548495502,0.395554078204012
"2021-03-30","Central","SZ",1.33495886338919,1.90286051059716
"2021-03-30","Central","UR",0.27176143196404,0.394092587796487
"2021-03-30","Central","ZG",1.2860857449626,2.1968240114037
"2021-03-30","Eastern","AI",0.0989263769055424,0.120759893440355
"2021-03-30","Eastern","AR",0.21901827793999,0.348242574779026
"2021-03-30","Eastern","GL",0.261230972281903,0.421928881837481
"2021-03-30","Eastern","GR",2.16562365067363,2.92386450692373
"2021-03-30","Eastern","SG",4.02721477083186,6.33318174618874
"2021-03-30","Eastern","SH",0.589710750791104,1.06559644783057
"2021-03-30","Eastern","TG",1.94256358435197,3.11433409398811
"2021-03-30","Espace Mittelland","BE",7.48457493449367,14.0308517226214
"2021-03-30","Espace Mittelland","FR",2.06389790975973,3.31231506198419
"2021-03-30","Espace Mittelland","JU",0.433957866828305,0.673475172676791
"2021-03-30","Espace Mittelland","NE",1.14368021671827,1.93327990396309
"2021-03-30","Espace Mittelland","SO",1.5488342107956,2.80307062533436
"2021-03-30","Lake Geneva","GE",4.50798776150883,6.96886209716396
"2021-03-30","Lake Geneva","VD",6.47987135023718,10.5433277524793
"2021-03-30","Lake Geneva","VS",2.99253708130628,4.3721675126317
"2021-03-30","Northwestern","AG",5.1428666280205,8.26717540128108
"2021-03-30","Northwestern","BL",1.9589537004752,3.11103724353392
"2021-03-30","Northwestern","BS",1.62235736447011,3.48279961742939
"2021-03-30","Ticino","TI",2.68618225609412,3.5195747946606
"2021-03-30","Zurich","ZH",13.2786452494076,25.4150122935135
"2021-03-31","9999","9999",0.0102539729045856,0.0261708747393959
"2021-03-31","Central","LU",4.36498236535268,6.83104015291948
"2021-03-31","Central","NW",0.459595765476008,0.616375082336291
"2021-03-31","Central","OW",0.326175701144156,0.449391306239341
"2021-03-31","Central","SZ",1.66709909594455,2.16232604015632
"2021-03-31","Central","UR",0.37550126885556,0.456528817531903
"2021-03-31","Central","ZG",1.59338941433695,2.50499455849734
"2021-03-31","Eastern","AI",0.131650774518356,0.148868092673447
"2021-03-31","Eastern","AR",0.29253013389265,0.403541293221879
"2021-03-31","Eastern","GL",0.323210419223527,0.488443689454361
"2021-03-31","Eastern","GR",2.61798595673203,3.31418441017986
"2021-03-31","Eastern","SG",5.07559721960442,7.27693067981056
"2021-03-31","Eastern","SH",0.73362309359608,1.20807476848972
"2021-03-31","Eastern","TG",2.45117920940986,3.59937896854125
"2021-03-31","Espace Mittelland","BE",9.37609471449222,15.8658039114921
"2021-03-31","Espace Mittelland","FR",2.47342453337384,3.71238956400682
"2021-03-31","Espace Mittelland","JU",0.554375259732569,0.782475166558924
"2021-03-31","Espace Mittelland","NE",1.43141510012462,2.17445980935367
"2021-03-31","Espace Mittelland","SO",1.94257682833647,3.16898703759973
"2021-03-31","Lake Geneva","GE",5.08866486174367,7.44510404112294
"2021-03-31","Lake Geneva","VD",7.83844707319045,11.8197866767815
"2021-03-31","Lake Geneva","VS",3.36698725084788,4.77074653609779
"2021-03-31","Northwestern","AG",6.27797306041191,9.32729975712069
"2021-03-31","Northwestern","BL",2.35473722307644,3.44901539731127
"2021-03-31","Northwestern","BS",1.80589818774242,3.75310736652344
"2021-03-31","Ticino","TI",3.10130373086372,3.86020402406089
"2021-03-31","Zurich","ZH",15.9430357703848,28.1008917810538
"2021-04-01","9999","9999",0.0114282898330642,0.0300795118757991
"2021-04-01","Central","LU",4.6680444078554,7.35347199138604
"2021-04-01","Central","NW",0.592828577410798,0.777410932356106
"2021-04-01","Central","OW",0.415828496776,0.56280975949306
"2021-04-01","Central","SZ",2.16450920188088,2.76153710724145
"2021-04-01","Central","UR",0.380031502591092,0.497620489687656
"2021-04-01","Central","ZG",1.96496299592745,2.95159883651768
"2021-04-01","Eastern","AI",0.154357676013112,0.172115986597793
"2021-04-01","Eastern","AR",0.37105956853268,0.484195170827836
"2021-04-01","Eastern","GL",0.422671622840833,0.609815369576936
"2021-04-01","Eastern","GR",3.55462168321355,4.12405402484262
"2021-04-01","Eastern","SG",5.59857150900091,8.02426210029087
"2021-04-01","Eastern","SH",0.846702191272843,1.41716986121279
"2021-04-01","Eastern","TG",3.08447422538717,4.44714536935261
"2021-04-01","Espace Mittelland","BE",10.3481031616481,17.3782765425351
"2021-04-01","Espace Mittelland","FR",3.35359234679713,4.73601064780732
"2021-04-01","Espace Mittelland","JU",0.765962401408825,1.04360611541968
"2021-04-01","Espace Mittelland","NE",1.84298119161924,2.65756735941312
"2021-04-01","Espace Mittelland","SO",2.56154560463267,3.98449868499852
"2021-04-01","Lake Geneva","GE",6.61017278516495,8.93745568795073
"2021-04-01","Lake Geneva","VD",10.3116257587385,14.2776056844499
"2021-04-01","Lake Geneva","VS",4.12728640778682,5.47182008577249
"2021-04-01","Northwestern","AG",7.93283551746231,11.486906745356
"2021-04-01","Northwestern","BL",3.08593618583827,4.26432311581598
"2021-04-01","Northwestern","BS",2.15300825810209,3.99150024369503
"2021-04-01","Ticino","TI",4.02887114216722,4.62085879895398
"2021-04-01","Zurich","ZH",20.155217493344,33.2566560691618
"2021-04-02","9999","9999",0.010192001865342,0.0301814763228358
"2021-04-02","Central","LU",0.753233859313883,2.07038809707831
"2021-04-02","Central","NW",0.121918313852647,0.201345794748287
"2021-04-02","Central","OW",0.172170819502321,0.271191440968363
"2021-04-02","Central","SZ",0.331815582630153,0.69876235554187
"2021-04-02","Central","UR",0.175293208286989,0.229929828067549
"2021-04-02","Central","ZG",0.204987556900624,0.61280632669001
"2021-04-02","Eastern","AI",0.0248797725615476,0.0496906738558399
"2021-04-02","Eastern","AR",0.0695507885208739,0.114981908108281
"2021-04-02","Eastern","GL",0.061878832602838,0.160356087039571
"2021-04-02","Eastern","GR",2.22252301530972,2.28080872761286
"2021-04-02","Eastern","SG",0.677277716764641,1.82764473683316
"2021-04-02","Eastern","SH",0.117495026662565,0.337298390797097
"2021-04-02","Eastern","TG",0.210534949792317,0.469852171944686
"2021-04-02","Espace Mittelland","BE",2.01470648536265,5.89028217641073
"2021-04-02","Espace Mittelland","FR",0.557104158851185,1.37580628386494
"2021-04-02","Espace Mittelland","JU",0.101507732084469,0.229453993981379
"2021-04-02","Espace Mittelland","NE",0.268771557428785,0.64784810832159
"2021-04-02","Espace Mittelland","SO",0.309052458815623,0.902521308870023
"2021-04-02","Lake Geneva","GE",0.72592197115038,1.80728583557485
"2021-04-02","Lake Geneva","VD",1.74069731583399,3.88841418774102
"2021-04-02","Lake Geneva","VS",5.88881196082332,7.1001583167981
"2021-04-02","Northwestern","AG",0.881909953460161,2.42315109567596
"2021-04-02","Northwestern","BL",0.287675833719104,0.844503538506194
"2021-04-02","Northwestern","BS",0.320530854142977,1.10763978815866
"2021-04-02","Ticino","TI",4.53668542001035,5.30419053484431
"2021-04-02","Zurich","ZH",2.60102306373328,7.86791661483474
"2021-04-03","9999","9999",0.0110652981419649,0.0247433724808834
"2021-04-03","Central","LU",6.05334087204009,8.3246153731117
"2021-04-03","Central","NW",0.652261470856007,0.813030512520894
"2021-04-03","Central","OW",0.426868971258075,0.598599280402909
"2021-04-03","Central","SZ",2.3240077681804,2.87808247020429
"2021-04-03","Central","UR",0.475320263687496,0.592277484686639
"2021-04-03","Central","ZG",2.01305002004278,2.70555862581835
"2021-04-03","Eastern","AI",0.201826536564478,0.236897398615051
"2021-04-03","Eastern","AR",0.369533573299034,0.483243502655494
"2021-04-03","Eastern","GL",0.421325372991154,0.618550323873072
"2021-04-03","Eastern","GR",4.91061139092237,5.50390489844001
"2021-04-03","Eastern","SG",7.04164398229665,9.06100260961008
"2021-04-03","Eastern","SH",0.963019509732365,1.50237815078638
"2021-04-03","Eastern","TG",3.28028300789309,4.60338889036171
"2021-04-03","Espace Mittelland","BE",12.4774180254631,18.4879896077836
"2021-04-03","Espace Mittelland","FR",3.40755284699321,4.53446092416496
"2021-04-03","Espace Mittelland","JU",0.79133110099487,1.01216707758339
"2021-04-03","Espace Mittelland","NE",2.16234254554011,2.87053710112358
"2021-04-03","Espace Mittelland","SO",2.67922818130993,3.99370947338082
"2021-04-03","Lake Geneva","GE",6.01648002405941,7.48881280075263
"2021-04-03","Lake Geneva","VD",11.7736962774578,14.7489533349512
"2021-04-03","Lake Geneva","VS",5.29807073640317,6.87386522067485
"2021-04-03","Northwestern","AG",8.69949371364407,11.7092232280448
"2021-04-03","Northwestern","BL",3.12881373446775,4.18407709599817
"2021-04-03","Northwestern","BS",2.4772011875241,4.1359838651459
"2021-04-03","Ticino","TI",4.31304075042844,5.54910913662624
"2021-04-03","Zurich","ZH",21.2599847689479,30.6459243790875
"2021-04-04","9999","9999",0.00751302027198594,0.0208007471954679
"2021-04-04","Central","LU",0.683867930500973,1.64441462550838
"2021-04-04","Central","NW",0.167753085230636,0.182176478705405
"2021-04-04","Central","OW",0.170221416198843,0.250696587114005
"2021-04-04","Central","SZ",0.31831568221262,0.605294945758313
"2021-04-04","Central","UR",0.161074831500353,0.19505798718103
"2021-04-04","Central","ZG",0.169262460869303,0.490007144308922
"2021-04-04","Eastern","AI",0.0311639492225634,0.0489769227265837
"2021-04-04","Eastern","AR",0.0675136624211812,0.108048325709792
"2021-04-04","Eastern","GL",0.0556649093664055,0.136224501240907
"2021-04-04","Eastern","GR",2.19466433307294,1.94565159020353
"2021-04-04","Eastern","SG",0.648942713176371,1.55115114461889
"2021-04-04","Eastern","SH",0.110831250463535,0.283835032400902
"2021-04-04","Eastern","TG",0.207676923782831,0.404289032500148
"2021-04-04","Espace Mittelland","BE",1.79737299340957,4.67517186107548
"2021-04-04","Espace Mittelland","FR",0.424602428958505,1.0266800172116
"2021-04-04","Espace Mittelland","JU",0.0809727774754457,0.173713429601367
"2021-04-04","Espace Mittelland","NE",0.234711698605352,0.479436829966127
"2021-04-04","Espace Mittelland","SO",0.24296422428156,0.688226029348087
"2021-04-04","Lake Geneva","GE",0.603790410350371,1.32536787073083
"2021-04-04","Lake Geneva","VD",1.33136904653771,2.87998580654897
"2021-04-04","Lake Geneva","VS",1.81522631919474,2.76126520204935
"2021-04-04","Northwestern","AG",0.705612759513125,1.9299830535089
"2021-04-04","Northwestern","BL",0.233598127001408,0.683399712188354
"2021-04-04","Northwestern","BS",0.244436816730866,0.825606127655409
"2021-04-04","Ticino","TI",0.822650316551397,1.17391667873246
"2021-04-04","Zurich","ZH",2.06792542815928,5.97141188810286
"2021-04-05","9999","9999",0.00816631054824586,0.0215824746227485
"2021-04-05","Central","LU",1.84109099855989,2.8296493578619
"2021-04-05","Central","NW",0.209953780882866,0.172965690323098
"2021-04-05","Central","OW",0.21834872051068,0.207497649719496
"2021-04-05","Central","SZ",0.34173844417416,0.550200156209533
"2021-04-05","Central","UR",0.248614953146938,0.195159951628066
"2021-04-05","Central","ZG",0.183294325386928,0.49259024363385
"2021-04-05","Eastern","AI",0.0295909382355426,0.0400380395363745
"2021-04-05","Eastern","AR",0.0685486081467101,0.0896947252432022
"2021-04-05","Eastern","GL",0.0631170002608501,0.146217017050495
"2021-04-05","Eastern","GR",2.99908531529281,1.7227573089815
"2021-04-05","Eastern","SG",0.685811209146924,1.40340466086285
"2021-04-05","Eastern","SH",0.101550506786628,0.257800110257555
"2021-04-05","Eastern","TG",0.288433493798708,0.596627967760201
"2021-04-05","Espace Mittelland","BE",2.49550192659052,4.93786626479079
"2021-04-05","Espace Mittelland","FR",1.47626966000871,2.39398926382349
"2021-04-05","Espace Mittelland","JU",0.0721172941465109,0.162225435235242
"2021-04-05","Espace Mittelland","NE",0.252270210632651,0.467914847450991
"2021-04-05","Espace Mittelland","SO",0.487127209297409,1.04262045909832
"2021-04-05","Lake Geneva","GE",0.606494990975861,1.4138390226096
"2021-04-05","Lake Geneva","VD",1.422791488341,2.88885671344116
"2021-04-05","Lake Geneva","VS",3.50007487237187,4.47151487219436
"2021-04-05","Northwestern","AG",0.738932098682785,1.96132012689815
"2021-04-05","Northwestern","BL",0.243825036281841,0.710930112888238
"2021-04-05","Northwestern","BS",0.256322133677801,0.880938834247275
"2021-04-05","Ticino","TI",1.37566228782501,1.3751265208847
"2021-04-05","Zurich","ZH",2.1228587307367,6.14600900957854
"2021-04-06","9999","9999",0.00789701358605289,0.0192033041918944
"2021-04-06","Central","LU",3.28603215029321,5.47661241478321
"2021-04-06","Central","NW",0.349524908475041,0.500033648267522
"2021-04-06","Central","OW",0.206197858150089,0.325062657152704
"2021-04-06","Central","SZ",1.21835421468876,1.78036722155719
"2021-04-06","Central","UR",0.265060269508349,0.373597733942129
"2021-04-06","Central","ZG",1.10461713142603,2.01984771949717
"2021-04-06","Eastern","AI",0.0853740918692442,0.106382906408194
"2021-04-06","Eastern","AR",0.19749906658692,0.313200793147445
"2021-04-06","Eastern","GL",0.235922869211576,0.385119716457266
"2021-04-06","Eastern","GR",2.15352156236004,2.79154864281922
"2021-04-06","Eastern","SG",3.59249519084176,5.85979480674678
"2021-04-06","Eastern","SH",0.549315615142921,1.00849635749007
"2021-04-06","Eastern","TG",1.65750024209824,2.75915793681059
"2021-04-06","Espace Mittelland","BE",7.15892397239006,13.2034442230683
"2021-04-06","Espace Mittelland","FR",2.14377183595581,3.21813390107137
"2021-04-06","Espace Mittelland","JU",0.450383963356503,0.672149634865315
"2021-04-06","Espace Mittelland","NE",1.34072212304659,2.02164909139481
"2021-04-06","Espace Mittelland","SO",1.4236872664967,2.63761631594296
"2021-04-06","Lake Geneva","GE",4.95031496893281,6.9542132049397
"2021-04-06","Lake Geneva","VD",7.73249278100049,11.0240561321079
"2021-04-06","Lake Geneva","VS",3.37446149075958,4.5033617678188
"2021-04-06","Northwestern","AG",4.56888207107816,7.8056843139934
"2021-04-06","Northwestern","BL",1.87924396130991,3.02729044436786
"2021-04-06","Northwestern","BS",1.70092088024471,3.46295053840627
"2021-04-06","Ticino","TI",3.68324088540039,4.16246063322641
"2021-04-06","Zurich","ZH",12.095435008833,23.7539774631382
"2021-04-07","9999","9999",0.00780889135565171,0.0192372923409066
"2021-04-07","Central","LU",3.44216019694173,5.33403212967702
"2021-04-07","Central","NW",0.366556226116357,0.4868802345998
"2021-04-07","Central","OW",0.177822848486816,0.299129699456394
"2021-04-07","Central","SZ",1.16317822451481,1.6920999985725
"2021-04-07","Central","UR",0.25689722100596,0.334613327025133
"2021-04-07","Central","ZG",1.07267832295771,1.93603294403307
"2021-04-07","Eastern","AI",0.0748891559363143,0.0949968764891058
"2021-04-07","Eastern","AR",0.184593367598182,0.291618318524697
"2021-04-07","Eastern","GL",0.241812733842038,0.37607886882002
"2021-04-07","Eastern","GR",1.78829813847574,2.45778501951939
"2021-04-07","Eastern","SG",3.49993328078476,5.56246647918804
"2021-04-07","Eastern","SH",0.508812781073173,0.94167565653208
"2021-04-07","Eastern","TG",1.56732593814354,2.5809240833906
"2021-04-07","Espace Mittelland","BE",6.77815394731613,12.6113706672757
"2021-04-07","Espace Mittelland","FR",2.00580283888606,3.08150154204232
"2021-04-07","Espace Mittelland","JU",0.40144038395619,0.611650729623595
"2021-04-07","Espace Mittelland","NE",1.17218478795079,1.8127239394168
"2021-04-07","Espace Mittelland","SO",1.37760149772469,2.52229452634455
"2021-04-07","Lake Geneva","GE",4.49003695811804,6.39313684104626
"2021-04-07","Lake Geneva","VD",6.69042603286152,10.0127387582498
"2021-04-07","Lake Geneva","VS",3.22011231251298,4.38729223894213
"2021-04-07","Northwestern","AG",4.49142884136552,7.48330672061266
"2021-04-07","Northwestern","BL",1.70210781459426,2.78393529744049
"2021-04-07","Northwestern","BS",1.59398405436014,3.21191406980214
"2021-04-07","Ticino","TI",3.13615883574051,3.89850866799764
"2021-04-07","Zurich","ZH",11.6428068754074,22.633965988739
"2021-04-08","9999","9999",0.00758028577221262,0.0210046760895411
"2021-04-08","Central","LU",3.50672279651612,5.52912410500707
"2021-04-08","Central","NW",0.360994892188347,0.498164300071851
"2021-04-08","Central","OW",0.251014115428499,0.402147779112379
"2021-04-08","Central","SZ",1.34306135845209,1.85578692421526
"2021-04-08","Central","UR",0.288704549054526,0.392665085537975
"2021-04-08","Central","ZG",1.18002750198359,2.07613209426137
"2021-04-08","Eastern","AI",0.0939695631228136,0.113282500657671
"2021-04-08","Eastern","AR",0.206172928757619,0.31326876944547
"2021-04-08","Eastern","GL",0.0476540296250233,0.113248512508658
"2021-04-08","Eastern","GR",1.94241094958441,2.73060789164034
"2021-04-08","Eastern","SG",3.96664781324252,6.14641686736669
"2021-04-08","Eastern","SH",0.545882576209683,0.98888519551003
"2021-04-08","Eastern","TG",1.69636803148538,2.7527681647963
"2021-04-08","Espace Mittelland","BE",7.03942376653069,13.2851177451446
"2021-04-08","Espace Mittelland","FR",1.95558145385875,3.14064092132355
"2021-04-08","Espace Mittelland","JU",0.445826838301761,0.653592105504653
"2021-04-08","Espace Mittelland","NE",1.18662676956149,1.91037189152886
"2021-04-08","Espace Mittelland","SO",1.51870565372501,2.7703060496866
"2021-04-08","Lake Geneva","GE",4.51109344846207,6.71099401060838
"2021-04-08","Lake Geneva","VD",6.69958345319133,10.1919922561401
"2021-04-08","Lake Geneva","VS",3.20838771300185,4.65726010654605
"2021-04-08","Northwestern","AG",4.63390006478548,7.80860729480845
"2021-04-08","Northwestern","BL",1.76147168424562,2.90316572417529
"2021-04-08","Northwestern","BS",1.54425105986239,3.37889784589909
"2021-04-08","Ticino","TI",3.10651060219532,3.95295768271519
"2021-04-08","Zurich","ZH",12.1512044328955,24.1557853607604
"2021-04-09","9999","9999",0.0103891774607262,0.0246074198848346
"2021-04-09","Central","LU",4.40745768767228,6.58615553928656
"2021-04-09","Central","NW",0.465319782682583,0.594724631415518
"2021-04-09","Central","OW",0.273806080740914,0.425565613781787
"2021-04-09","Central","SZ",1.62883131936202,2.17636314569836
"2021-04-09","Central","UR",0.375369306765169,0.474270631316273
"2021-04-09","Central","ZG",1.56461124635069,2.46189758554987
"2021-04-09","Eastern","AI",0.133158246970604,0.146998744477775
"2021-04-09","Eastern","AR",0.266741738625094,0.380429351893582
"2021-04-09","Eastern","GL",0.346868185547534,0.498198288220863
"2021-04-09","Eastern","GR",2.4067897436438,3.10291407592001
"2021-04-09","Eastern","SG",4.77655357508732,7.00998775746873
"2021-04-09","Eastern","SH",0.671812615147429,1.14448294168789
"2021-04-09","Eastern","TG",2.10587517680886,3.20943293492425
"2021-04-09","Espace Mittelland","BE",8.93147857295808,15.4677686984102
"2021-04-09","Espace Mittelland","FR",2.47128435717002,3.70807306908227
"2021-04-09","Espace Mittelland","JU",0.510985280117928,0.748521005695734
"2021-04-09","Espace Mittelland","NE",1.37149352636426,2.09669492441376
"2021-04-09","Espace Mittelland","SO",1.8056638491036,3.05298548502108
"2021-04-09","Lake Geneva","GE",4.93181378830913,7.07334166722747
"2021-04-09","Lake Geneva","VD",7.98248422743067,11.514811015695
"2021-04-09","Lake Geneva","VS",3.97605430819982,5.34980263081869
"2021-04-09","Northwestern","AG",5.79148731109,9.05488474278788
"2021-04-09","Northwestern","BL",2.20795977409522,3.36254954622422
"2021-04-09","Northwestern","BS",1.80964032607974,3.71391903071237
"2021-04-09","Ticino","TI",3.73000021377561,4.09648963599372
"2021-04-09","Zurich","ZH",15.283082473718,27.820285622809
"2021-04-10","9999","9999",0.00956797601728222,0.0237917043085417
"2021-04-10","Central","LU",4.89589948578605,6.95530082570809
"2021-04-10","Central","NW",0.538791612980134,0.646658523106163
"2021-04-10","Central","OW",0.326013585688699,0.476615813598115
"2021-04-10","Central","SZ",1.96824508789837,2.50033818208267
"2021-04-10","Central","UR",0.343008586147207,0.458670070919672
"2021-04-10","Central","ZG",1.72380290621814,2.42587014759694
"2021-04-10","Eastern","AI",0.152056754961346,0.174631109624696
"2021-04-10","Eastern","AR",0.294212574182712,0.393310860369206
"2021-04-10","Eastern","GL",0.31263423999111,0.474134678720224
"2021-04-10","Eastern","GR",2.98250140310069,3.400922166459
"2021-04-10","Eastern","SG",5.68739834130725,7.53721192494601
"2021-04-10","Eastern","SH",0.791783981042039,1.27581314947104
"2021-04-10","Eastern","TG",2.56968774549661,3.69444382132838
"2021-04-10","Espace Mittelland","BE",9.99855322588003,15.6377094434713
"2021-04-10","Espace Mittelland","FR",2.50903525025102,3.60033063671359
"2021-04-10","Espace Mittelland","JU",0.564273806699472,0.784208562158547
"2021-04-10","Espace Mittelland","NE",1.62638634746168,2.29233071012799
"2021-04-10","Espace Mittelland","SO",2.19047774588261,3.37580492433898
"2021-04-10","Lake Geneva","GE",5.68302211294677,7.03585273886701
"2021-04-10","Lake Geneva","VD",9.31144361283335,12.3261761089143
"2021-04-10","Lake Geneva","VS",4.28208763980006,5.41359838651459
"2021-04-10","Northwestern","AG",7.48824790022833,10.2910337223617
"2021-04-10","Northwestern","BL",2.67734104666332,3.646044697135
"2021-04-10","Northwestern","BS",2.18039856067885,3.8552077661561
"2021-04-10","Ticino","TI",3.70764181077661,4.28067141549085
"2021-04-10","Zurich","ZH",19.8938243742784,29.8559378315969
"2021-04-11","9999","9999",0.00694491129402786,0.0214805101757119
"2021-04-11","Central","LU",0.706785098850778,1.6776210470933
"2021-04-11","Central","NW",0.133604383628858,0.172931702174086
"2021-04-11","Central","OW",0.110134108579221,0.18394386245404
"2021-04-11","Central","SZ",0.319429915624188,0.629800401196111
"2021-04-11","Central","UR",0.165140676001713,0.139861233185213
"2021-04-11","Central","ZG",0.169042556685497,0.533104117256395
"2021-04-11","Eastern","AI",0.0337074795504284,0.0503364486870718
"2021-04-11","Eastern","AR",0.070047786465554,0.105873084173011
"2021-04-11","Eastern","GL",0.0576933928067863,0.142308379914092
"2021-04-11","Eastern","GR",1.08965876756454,1.03330770626898
"2021-04-11","Eastern","SG",0.636093866986857,1.59027150413194
"2021-04-11","Eastern","SH",0.127034235586369,0.305485483321675
"2021-04-11","Eastern","TG",0.312594218252022,0.763373826814066
"2021-04-11","Espace Mittelland","BE",1.40762870424447,4.34307365707725
"2021-04-11","Espace Mittelland","FR",0.417640428146926,1.03714836710736
"2021-04-11","Espace Mittelland","JU",0.0602339234622304,0.146692851136666
"2021-04-11","Espace Mittelland","NE",0.191030045882026,0.398205153826964
"2021-04-11","Espace Mittelland","SO",0.240449605939965,0.718509470117959
"2021-04-11","Lake Geneva","GE",0.56829256104305,1.33264133461944
"2021-04-11","Lake Geneva","VD",1.2123391274408,2.66120409135743
"2021-04-11","Lake Geneva","VS",1.12758393143153,1.75524997943717
"2021-04-11","Northwestern","AG",0.740730652924481,2.06233290576242
"2021-04-11","Northwestern","BL",0.224990010914617,0.679830956542073
"2021-04-11","Northwestern","BS",0.253550538177455,0.915674722537746
"2021-04-11","Ticino","TI",0.883092039775171,0.880972822396287
"2021-04-11","Zurich","ZH",2.34198069317629,7.09679349004589
"2021-04-12","9999","9999",0.00685624082062548,0.0171980034001744
"2021-04-12","Central","LU",2.95883166158313,4.9936068291708
"2021-04-12","Central","NW",0.290437341548227,0.461049241350526
"2021-04-12","Central","OW",0.165683632373979,0.281897707907207
"2021-04-12","Central","SZ",1.04542254354936,1.60400271633287
"2021-04-12","Central","UR",0.198997187579976,0.304601791447358
"2021-04-12","Central","ZG",0.974597955491417,1.83141742137352
"2021-04-12","Eastern","AI",0.0566451717685854,0.0825232258016275
"2021-04-12","Eastern","AR",0.164582631198848,0.259703446602239
"2021-04-12","Eastern","GL",0.19151381159027,0.343008399831147
"2021-04-12","Eastern","GR",1.34576751723422,2.1283039029951
"2021-04-12","Eastern","SG",3.16297690968476,5.08918150419312
"2021-04-12","Eastern","SH",0.442832017831431,0.882162407611714
"2021-04-12","Eastern","TG",1.39508338104451,2.47834784967178
"2021-04-12","Espace Mittelland","BE",6.13869287363241,11.9042132389279
"2021-04-12","Espace Mittelland","FR",1.80344153043412,3.02725645621885
"2021-04-12","Espace Mittelland","JU",0.336083031747143,0.563557498771328
"2021-04-12","Espace Mittelland","NE",0.961202475785507,1.68723969326375
"2021-04-12","Espace Mittelland","SO",1.19125882768643,2.32781433769673
"2021-04-12","Lake Geneva","GE",3.78202887402436,6.51522227229809
"2021-04-12","Lake Geneva","VD",5.82750518846407,9.46457789098097
"2021-04-12","Lake Geneva","VS",2.5423161771664,3.91050648459895
"2021-04-12","Northwestern","AG",4.02953960311052,6.97841276703639
"2021-04-12","Northwestern","BL",1.50808902199115,2.75327798703148
"2021-04-12","Northwestern","BS",1.3246320211577,3.15668332765731
"2021-04-12","Ticino","TI",2.59805851802468,3.36506466925113
"2021-04-12","Zurich","ZH",10.1702719994477,21.6743106013795
"2021-04-13","9999","9999",0.00711357042130638,0.0183196123175771
"2021-04-13","Central","LU",2.9455396823238,5.07626600756848
"2021-04-13","Central","NW",0.304976812512606,0.468220740792101
"2021-04-13","Central","OW",0.171784460911306,0.297906126091954
"2021-04-13","Central","SZ",1.09575472848722,1.63608752900039
"2021-04-13","Central","UR",0.21695399423163,0.323023368211972
"2021-04-13","Central","ZG",1.01334244111156,1.92243768442819
"2021-04-13","Eastern","AI",0.0827273038881233,0.10046896848007
"2021-04-13","Eastern","AR",0.181331932640343,0.289035219199769
"2021-04-13","Eastern","GL",0.201384382500025,0.346237273987306
"2021-04-13","Eastern","GR",1.36794023424473,2.21779469934423
"2021-04-13","Eastern","SG",3.36242028091525,5.35292954052781
"2021-04-13","Eastern","SH",0.447784339937572,0.90031207918423
"2021-04-13","Eastern","TG",1.48158678692387,2.53599175039647
"2021-04-13","Espace Mittelland","BE",6.4709831054729,12.2120439045314
"2021-04-13","Espace Mittelland","FR",1.72873440683829,2.98585889072198
"2021-04-13","Espace Mittelland","JU",0.362115262005506,0.576439007246953
"2021-04-13","Espace Mittelland","NE",0.989485870127256,1.71833884960992
"2021-04-13","Espace Mittelland","SO",1.26046495149653,2.3672745786999
"2021-04-13","Lake Geneva","GE",3.81592127202307,6.52725407704841
"2021-04-13","Lake Geneva","VD",5.77345783482854,9.50828665061066
"2021-04-13","Lake Geneva","VS",2.6428014869619,4.08877432616795
"2021-04-13","Northwestern","AG",4.19413991514616,7.0316382083895
"2021-04-13","Northwestern","BL",1.55718957511077,2.76262472800984
"2021-04-13","Northwestern","BS",1.34319751851747,3.15834874695891
"2021-04-13","Ticino","TI",2.43836466365212,3.49755047410069
"2021-04-13","Zurich","ZH",10.7733048006268,22.3890813751061
"2021-04-14","9999","9999",0.00726389473621595,0.0195091975330042
"2021-04-14","Central","LU",2.89953336962676,5.14991832647792
"2021-04-14","Central","NW",0.297645820665086,0.468322705239137
"2021-04-14","Central","OW",0.178954801895387,0.316565619899653
"2021-04-14","Central","SZ",1.13409367875937,1.70916204937662
"2021-04-14","Central","UR",0.209372330019871,0.323567178596167
"2021-04-14","Central","ZG",1.0645693782075,1.98823874091582
"2021-04-14","Eastern","AI",0.0775411522259467,0.103018079655986
"2021-04-14","Eastern","AR",0.184245989084552,0.293759571912466
"2021-04-14","Eastern","GL",0.198228687953034,0.352253176362466
"2021-04-14","Eastern","GR",1.48872359501639,2.30436251487831
"2021-04-14","Eastern","SG",3.29922641698563,5.31533864772031
"2021-04-14","Eastern","SH",0.468851223402495,0.914553113620343
"2021-04-14","Eastern","TG",1.48878171269054,2.56175476734772
"2021-04-14","Espace Mittelland","BE",6.33621878454629,12.2713872127067
"2021-04-14","Espace Mittelland","FR",1.73463946954795,2.98354769658915
"2021-04-14","Espace Mittelland","JU",0.359870755158564,0.585004020798028
"2021-04-14","Espace Mittelland","NE",0.968348764565921,1.70528740038923
"2021-04-14","Espace Mittelland","SO",1.25731336094001,2.39137217634955
"2021-04-14","Lake Geneva","GE",4.37918421652885,6.66935852806843
"2021-04-14","Lake Geneva","VD",5.85005240635268,9.63890310726456
"2021-04-14","Lake Geneva","VS",2.64125938121606,4.16113509541493
"2021-04-14","Northwestern","AG",4.20150723592455,7.09584182187355
"2021-04-14","Northwestern","BL",1.53848851683692,2.76738306887155
"2021-04-14","Northwestern","BS",1.39330355321732,3.24274132095621
"2021-04-14","Ticino","TI",2.6040578511184,3.69587132358689
"2021-04-14","Zurich","ZH",11.3428193874875,23.1401514919778
"2021-04-15","9999","9999",0.00689796602903878,0.0185235412116503
"2021-04-15","Central","LU",3.05404685238479,5.3027630325858
"2021-04-15","Central","NW",0.323454140649713,0.4768537306412
"2021-04-15","Central","OW",0.185830227305034,0.31065168197153
"2021-04-15","Central","SZ",1.20125227551684,1.73030267806221
"2021-04-15","Central","UR",0.245028872179913,0.340221371612146
"2021-04-15","Central","ZG",1.12749660415348,2.05091288769432
"2021-04-15","Eastern","AI",0.087402637965968,0.102644210016851
"2021-04-15","Eastern","AR",0.194381380943998,0.293997488955551
"2021-04-15","Eastern","GL",0.215742847121535,0.365814447818335
"2021-04-15","Eastern","GR",1.5582836880042,2.35561664358871
"2021-04-15","Eastern","SG",3.54658229875212,5.53843685783641
"2021-04-15","Eastern","SH",0.487921734802822,0.953911390176473
"2021-04-15","Eastern","TG",1.5822298967192,2.64237465680467
"2021-04-15","Espace Mittelland","BE",6.83634283431536,12.628840575868
"2021-04-15","Espace Mittelland","FR",1.84486764879414,3.07803475084308
"2021-04-15","Espace Mittelland","JU",0.386683530725811,0.613825971160376
"2021-04-15","Espace Mittelland","NE",1.08313388481384,1.81068465047607
"2021-04-15","Espace Mittelland","SO",1.42839759805813,2.55499112569429
"2021-04-15","Lake Geneva","GE",4.28095089709727,6.87077229911474
"2021-04-15","Lake Geneva","VD",6.17662617890797,9.76778616831883
"2021-04-15","Lake Geneva","VS",2.68467378897243,4.16851052375058
"2021-04-15","Northwestern","AG",4.38776365950668,7.23882996476788
"2021-04-15","Northwestern","BL",1.62582166500248,2.85884517786338
"2021-04-15","Northwestern","BS",1.45102525102706,3.2909025281065
"2021-04-15","Ticino","TI",3.02148116720481,4.01359254055296
"2021-04-15","Zurich","ZH",11.5459259148189,23.4396890492223
"2021-04-16","9999","9999",0.00885211555049881,0.0220922968579316
"2021-04-16","Central","LU",4.10460482337065,6.33909568411686
"2021-04-16","Central","NW",0.433269966754584,0.587893013464065
"2021-04-16","Central","OW",0.260767115626646,0.38457590607307
"2021-04-16","Central","SZ",1.57824466743515,2.10308469642805
"2021-04-16","Central","UR",0.31010954964238,0.423118467052908
"2021-04-16","Central","ZG",1.50880248193679,2.41247881688613
"2021-04-16","Eastern","AI",0.120361519110398,0.138841588714847
"2021-04-16","Eastern","AR",0.255003754152691,0.349058290355319
"2021-04-16","Eastern","GL",0.272763134583589,0.430833776878678
"2021-04-16","Eastern","GR",1.97960933511685,2.7886936383022
"2021-04-16","Eastern","SG",4.39690987609916,6.43677762437793
"2021-04-16","Eastern","SH",0.616622143526203,1.10488674808868
"2021-04-16","Eastern","TG",2.02992015815777,3.11457201103119
"2021-04-16","Espace Mittelland","BE",8.65552741315452,14.639885364771
"2021-04-16","Espace Mittelland","FR",2.47206474192203,3.69094304198012
"2021-04-16","Espace Mittelland","JU",0.48777963021691,0.719801019780423
"2021-04-16","Espace Mittelland","NE",1.34443660252449,2.06515392213043
"2021-04-16","Espace Mittelland","SO",1.7095985957805,2.84759510054034
"2021-04-16","Lake Geneva","GE",4.87915741332013,7.42059858568514
"2021-04-16","Lake Geneva","VD",7.79228813355788,11.4325936832345
"2021-04-16","Lake Geneva","VS",3.63720599749491,5.06012163678769
"2021-04-16","Northwestern","AG",5.51993213205904,8.40948378119517
"2021-04-16","Northwestern","BL",2.19616824194568,3.4234902974031
"2021-04-16","Northwestern","BS",1.80667059947478,3.74705747599927
"2021-04-16","Ticino","TI",3.39451999870442,4.25232529921467
"2021-04-16","Zurich","ZH",14.7861640790974,27.1145556967197
"2021-04-17","9999","9999",0.00938785469525703,0.0239616450536027
"2021-04-17","Central","LU",4.67687158618139,6.63282126788032
"2021-04-17","Central","NW",0.495206556757599,0.625449918122549
"2021-04-17","Central","OW",0.286125966418777,0.417102564677748
"2021-04-17","Central","SZ",1.88324181584708,2.38464252284513
"2021-04-17","Central","UR",0.337265650641068,0.441098197880363
"2021-04-17","Central","ZG",1.67928005684591,2.32207034051367
"2021-04-17","Eastern","AI",0.14833339786284,0.164434664921035
"2021-04-17","Eastern","AR",0.27089672743845,0.365576530775249
"2021-04-17","Eastern","GL",0.30895209510221,0.468594610431235
"2021-04-17","Eastern","GR",2.44131883190391,3.08150154204232
"2021-04-17","Eastern","SG",5.17445817937185,6.88355184314333
"2021-04-17","Eastern","SH",0.732497331417402,1.1848948508634
"2021-04-17","Eastern","TG",2.4875077917568,3.53259225573227
"2021-04-17","Espace Mittelland","BE",9.27332395584565,14.6331896994156
"2021-04-17","Espace Mittelland","FR",2.41812848581466,3.52735808078439
"2021-04-17","Espace Mittelland","JU",0.527088676899594,0.738936347674293
"2021-04-17","Espace Mittelland","NE",1.55484343967549,2.24073669992747
"2021-04-17","Espace Mittelland","SO",2.06911071777983,3.16728763014912
"2021-04-17","Lake Geneva","GE",5.83056390665619,7.30534477238476
"2021-04-17","Lake Geneva","VD",8.92619665499166,12.1053890929311
"2021-04-17","Lake Geneva","VS",3.90708036138471,5.20943157539829
"2021-04-17","Northwestern","AG",6.89791487013472,9.5030864638118
"2021-04-17","Northwestern","BL",2.63443482492488,3.57076094707297
"2021-04-17","Northwestern","BS",2.23691892101219,3.85371228759956
"2021-04-17","Ticino","TI",3.95190978432719,4.79195514108141
"2021-04-17","Zurich","ZH",19.0032865366553,28.4715325460318
"2021-04-18","9999","9999",0.0058718000235721,0.0190673515958456
"2021-04-18","Central","LU",0.582768510223696,1.37543241422581
"2021-04-18","Central","NW",0.125854620280886,0.135816643452761
"2021-04-18","Central","OW",0.0626503749784369,0.107912373113743
"2021-04-18","Central","SZ",0.264006272338528,0.465161807381002
"2021-04-18","Central","UR",0.11110989888492,0.129494847736491
"2021-04-18","Central","ZG",0.153736540188873,0.459077928707818
"2021-04-18","Eastern","AI",0.0273495524576858,0.0275983769979084
"2021-04-18","Eastern","AR",0.0633341319014782,0.0746379752307965
"2021-04-18","Eastern","GL",0.049290832601256,0.117768936327281
"2021-04-18","Eastern","GR",0.768618932451281,0.839983114687571
"2021-04-18","Eastern","SG",0.531039233729842,1.17187738979173
"2021-04-18","Eastern","SH",0.0888570718238706,0.23210506960433
"2021-04-18","Eastern","TG",0.261763292739946,0.585785748225309
"2021-04-18","Espace Mittelland","BE",1.32664258096796,3.89674128424901
"2021-04-18","Espace Mittelland","FR",0.418976504172911,1.0038399810754
"2021-04-18","Espace Mittelland","JU",0.0586897343929873,0.13996319763225
"2021-04-18","Espace Mittelland","NE",0.192876610546542,0.384915787563193
"2021-04-18","Espace Mittelland","SO",0.215462228941367,0.619807885386523
"2021-04-18","Lake Geneva","GE",0.572639763852629,1.34419730528359
"2021-04-18","Lake Geneva","VD",1.23948925259077,2.64373418276515
"2021-04-18","Lake Geneva","VS",0.942240951177798,1.54078475917017
"2021-04-18","Northwestern","AG",0.665724713396866,1.81581686097691
"2021-04-18","Northwestern","BL",0.216416160015403,0.637243805829783
"2021-04-18","Northwestern","BS",0.264457754366044,0.876350434130627
"2021-04-18","Ticino","TI",1.12598142105502,1.26571866921442
"2021-04-18","Zurich","ZH",2.00179266846148,6.01865541522982
"2021-04-19","9999","9999",0.00670902582673703,0.0186934819567113
"2021-04-19","Central","LU",2.86287769375723,5.20463924638757
"2021-04-19","Central","NW",0.298399024312294,0.467235084470747
"2021-04-19","Central","OW",0.158263171184683,0.294405346743697
"2021-04-19","Central","SZ",1.0718193319074,1.66198649854769
"2021-04-19","Central","UR",0.191053565506778,0.315851868770397
"2021-04-19","Central","ZG",1.00904064065453,1.87702951734789
"2021-04-19","Eastern","AI",0.0670926940327043,0.0959145565124352
"2021-04-19","Eastern","AR",0.173366588396232,0.284378842785098
"2021-04-19","Eastern","GL",0.181029972143342,0.346067333242245
"2021-04-19","Eastern","GR",1.42572423203951,2.2146338014861
"2021-04-19","Eastern","SG",3.12527523707721,5.23937513467804
"2021-04-19","Eastern","SH",0.433904796905789,0.872577749590273
"2021-04-19","Eastern","TG",1.41184507669385,2.57086359128299
"2021-04-19","Espace Mittelland","BE",5.90951595049768,11.8875250577629
"2021-04-19","Espace Mittelland","FR",1.61375565499439,2.95486169882285
"2021-04-19","Espace Mittelland","JU",0.302141988930136,0.558459276419498
"2021-04-19","Espace Mittelland","NE",0.869658844866799,1.64849320338984
"2021-04-19","Espace Mittelland","SO",1.17174668696852,2.28933975301492
"2021-04-19","Lake Geneva","GE",3.78390767537735,6.56263574017012
"2021-04-19","Lake Geneva","VD",5.38209989420594,9.67442072298231
"2021-04-19","Lake Geneva","VS",2.25380390476444,3.71758975080569
"2021-04-19","Northwestern","AG",4.09278594955944,7.04533543244142
"2021-04-19","Northwestern","BL",1.46204712440731,2.70039242716849
"2021-04-19","Northwestern","BS",1.33306808684265,3.15593558837904
"2021-04-19","Ticino","TI",2.75082879167199,3.77421400706002
"2021-04-19","Zurich","ZH",10.8792551963754,22.4436663424197
"2021-04-20","9999","9999",0.00800443005407513,0.0212425931326265
"2021-04-20","Central","LU",2.73194505491411,5.15137981688545
"2021-04-20","Central","NW",0.296814672527191,0.466011511106307
"2021-04-20","Central","OW",0.175615998102014,0.310821622716591
"2021-04-20","Central","SZ",1.0664279063175,1.64013211873284
"2021-04-20","Central","UR",0.205556719288348,0.321018067420252
"2021-04-20","Central","ZG",0.997353266843179,1.84198773571631
"2021-04-20","Eastern","AI",0.078327254369249,0.106756776047328
"2021-04-20","Eastern","AR",0.172743142119345,0.292671951144075
"2021-04-20","Eastern","GL",0.186947554373537,0.349907994080624
"2021-04-20","Eastern","GR",1.31456215608496,2.08445919076936
"2021-04-20","Eastern","SG",3.10080016966711,5.18529998959963
"2021-04-20","Eastern","SH",0.456649597656014,0.876588351173713
"2021-04-20","Eastern","TG",1.42835188242387,2.57759324478741
"2021-04-20","Espace Mittelland","BE",5.85633054450864,11.9275970854482
"2021-04-20","Espace Mittelland","FR",1.62016234047005,2.94714638899708
"2021-04-20","Espace Mittelland","JU",0.325397853974043,0.570898938957964
"2021-04-20","Espace Mittelland","NE",0.914500329155308,1.70056304767654
"2021-04-20","Espace Mittelland","SO",1.20324055316513,2.32329391387811
"2021-04-20","Lake Geneva","GE",3.87295495619446,6.63435073458586
"2021-04-20","Lake Geneva","VD",5.4187036788754,9.70660750009687
"2021-04-20","Lake Geneva","VS",2.20815331170669,3.65117690763585
"2021-04-20","Northwestern","AG",3.88379672783279,6.81557554511893
"2021-04-20","Northwestern","BL",1.48754598471388,2.72068335212878
"2021-04-20","Northwestern","BS",1.37577594251519,3.27394244174941
"2021-04-20","Ticino","TI",2.51400649848877,3.62187912318733
"2021-04-20","Zurich","ZH",10.7731341913208,23.0233682119718
"2021-04-21","9999","9999",0.00755091561143367,0.020154972364236
"2021-04-21","Central","LU",3.03338096559902,5.40374182330105
"2021-04-21","Central","NW",0.303208368559741,0.489429345775715
"2021-04-21","Central","OW",0.182679130167209,0.31265698276325
"2021-04-21","Central","SZ",1.13682699515017,1.69634851719902
"2021-04-21","Central","UR",0.222993944299694,0.344673819132745
"2021-04-21","Central","ZG",1.07092034261413,1.89089668214487
"2021-04-21","Eastern","AI",0.0849084573402546,0.112398808783353
"2021-04-21","Eastern","AR",0.191678441131489,0.303310241784894
"2021-04-21","Eastern","GL",0.207557551701361,0.362211704023041
"2021-04-21","Eastern","GR",1.38846176864829,2.16773015584926
"2021-04-21","Eastern","SG",3.24579540988012,5.38984067035506
"2021-04-21","Eastern","SH",0.464663578886374,0.899904221396084
"2021-04-21","Eastern","TG",1.52113684906193,2.67972763256908
"2021-04-21","Espace Mittelland","BE",6.27160985452227,12.238996506698
"2021-04-21","Espace Mittelland","FR",1.75187736906815,3.06073478299587
"2021-04-21","Espace Mittelland","JU",0.351436459515307,0.593331117306018
"2021-04-21","Espace Mittelland","NE",0.995528130647968,1.75446825200989
"2021-04-21","Espace Mittelland","SO",1.29132161051692,2.45679936319804
"2021-04-21","Lake Geneva","GE",4.40353927354599,6.77363416923787
"2021-04-21","Lake Geneva","VD",5.92196515495147,10.0967234744589
"2021-04-21","Lake Geneva","VS",2.49305263923456,3.83444100710964
"2021-04-21","Northwestern","AG",4.19619846971516,7.12024531286431
"2021-04-21","Northwestern","BL",1.56167914096368,2.81809338719775
"2021-04-21","Northwestern","BS",1.50206212402254,3.36774973302309
"2021-04-21","Ticino","TI",2.90328206338396,3.80966364647975
"2021-04-21","Zurich","ZH",11.5842041080185,23.9813241918808
"2021-04-22","9999","9999",0.00854713580097012,0.0218883679638584
"2021-04-22","Central","LU",3.19058855754122,5.58483068123807
"2021-04-22","Central","NW",0.320720197695486,0.500067636416534
"2021-04-22","Central","OW",0.196057986362119,0.326592123858253
"2021-04-22","Central","SZ",1.21781846771196,1.7542303349668
"2021-04-22","Central","UR",0.228075005610582,0.348514479971124
"2021-04-22","Central","ZG",1.17434355742438,1.96801579225356
"2021-04-22","Eastern","AI",0.0939134465356186,0.113792322892854
"2021-04-22","Eastern","AR",0.199562277305406,0.310141859736347
"2021-04-22","Eastern","GL",0.231603352673558,0.385969420182571
"2021-04-22","Eastern","GR",1.4690946002188,2.24209622588796
"2021-04-22","Eastern","SG",3.67023014696864,5.62847146456973
"2021-04-22","Eastern","SH",0.516491899394417,0.926686882817699
"2021-04-22","Eastern","TG",1.67748649944757,2.79617103108488
"2021-04-22","Espace Mittelland","BE",6.71749837407769,12.8973809412134
"2021-04-22","Espace Mittelland","FR",1.80631151205706,3.15049748453709
"2021-04-22","Espace Mittelland","JU",0.385386861623549,0.630922010113514
"2021-04-22","Espace Mittelland","NE",1.09698113633285,1.85473329159589
"2021-04-22","Espace Mittelland","SO",1.45523759389038,2.61287294346207
"2021-04-22","Lake Geneva","GE",4.65375487695925,7.16296841617265
"2021-04-22","Lake Geneva","VD",5.94116496554761,10.2356670276208
"2021-04-22","Lake Geneva","VS",2.36597529608421,3.78430848731664
"2021-04-22","Northwestern","AG",4.55367796512342,7.42923157553424
"2021-04-22","Northwestern","BL",1.70853295627895,2.94170828515513
"2021-04-22","Northwestern","BS",1.51427969189229,3.44813170543695
"2021-04-22","Ticino","TI",2.96940986931465,3.92396579160778
"2021-04-22","Zurich","ZH",12.2186069390482,24.3894198970703
"2021-04-23","9999","9999",0.0109069420670877,0.0267826614216155
"2021-04-23","Central","LU",4.58237065810976,7.13149539018735
"2021-04-23","Central","NW",0.469859779059559,0.634320825014734
"2021-04-23","Central","OW",0.288309469483771,0.431547528007934
"2021-04-23","Central","SZ",1.66005983594604,2.20005288555986
"2021-04-23","Central","UR",0.349766793287173,0.45571310195561
"2021-04-23","Central","ZG",1.54764577269382,2.38586609620957
"2021-04-23","Eastern","AI",0.136739468155025,0.160899897423766
"2021-04-23","Eastern","AR",0.299444245678074,0.392189251451804
"2021-04-23","Eastern","GL",0.312467515378422,0.466317404447417
"2021-04-23","Eastern","GR",1.99462045561915,2.73655581771748
"2021-04-23","Eastern","SG",4.938045509863,7.05570181789014
"2021-04-23","Eastern","SH",0.676112923600298,1.13986055342223
"2021-04-23","Eastern","TG",2.32098686700729,3.50791685954941
"2021-04-23","Espace Mittelland","BE",9.29618151060112,15.7004855546968
"2021-04-23","Espace Mittelland","FR",2.70488863232509,4.06566238483965
"2021-04-23","Espace Mittelland","JU",0.540507550917569,0.796512272100964
"2021-04-23","Espace Mittelland","NE",1.56763938824743,2.3168701537148
"2021-04-23","Espace Mittelland","SO",1.95202426529789,3.16273321818148
"2021-04-23","Lake Geneva","GE",5.48125636478307,7.95479032370993
"2021-04-23","Lake Geneva","VD",8.70618562645713,12.8688988723412
"2021-04-23","Lake Geneva","VS",3.481520316376,4.89273000290259
"2021-04-23","Northwestern","AG",6.11470318141537,9.12218127783204
"2021-04-23","Northwestern","BL",2.34702857403754,3.60070450635272
"2021-04-23","Northwestern","BS",2.04912802401,4.09244504626127
"2021-04-23","Ticino","TI",3.98129925892388,4.45516657251949
"2021-04-23","Zurich","ZH",16.7412843470275,29.5590513499753
"2021-04-24","9999","9999",0.0135609433596958,0.0291958200014819
"2021-04-24","Central","LU",5.15579367715811,7.42335162575513
"2021-04-24","Central","NW",0.546237614461244,0.7024670637842
"2021-04-24","Central","OW",0.327259287771956,0.48456904046697
"2021-04-24","Central","SZ",1.97870041087719,2.52372202860307
"2021-04-24","Central","UR",0.332042339851474,0.461185193946575
"2021-04-24","Central","ZG",1.71848204733454,2.40585112782875
"2021-04-24","Eastern","AI",0.174665094112549,0.20216151032458
"2021-04-24","Eastern","AR",0.332297351167464,0.438922956343582
"2021-04-24","Eastern","GL",0.350416766693276,0.527088214881235
"2021-04-24","Eastern","GR",2.41673884644746,3.03204878522957
"2021-04-24","Eastern","SG",5.75382975637996,7.66701266602361
"2021-04-24","Eastern","SH",0.814335107120045,1.29039406539728
"2021-04-24","Eastern","TG",2.8924150216593,4.06090404397795
"2021-04-24","Espace Mittelland","BE",10.1855846457687,16.0931166520858
"2021-04-24","Espace Mittelland","FR",2.78802588491736,3.97549182551028
"2021-04-24","Espace Mittelland","JU",0.617037766545419,0.844401574059157
"2021-04-24","Espace Mittelland","NE",1.81112799129556,2.49904663242021
"2021-04-24","Espace Mittelland","SO",2.34393696909739,3.53921994478965
"2021-04-24","Lake Geneva","GE",6.26695145723714,7.84259544382065
"2021-04-24","Lake Geneva","VD",10.4174256069589,13.8671647969786
"2021-04-24","Lake Geneva","VS",3.76185137385212,4.9373224544066
"2021-04-24","Northwestern","AG",7.53150147306825,10.3015360604065
"2021-04-24","Northwestern","BL",2.75853894446313,3.76435744384648
"2021-04-24","Northwestern","BS",2.45937074305218,4.27129068636348
"2021-04-24","Ticino","TI",4.37553732366493,5.01814627275761
"2021-04-24","Zurich","ZH",20.288638865627,30.7193047928048
"2021-04-25","9999","9999",0.00969113489148197,0.0253891473121152
"2021-04-25","Central","LU",0.916845975087909,2.11443673819812
"2021-04-25","Central","NW",0.233927444824168,0.240941988347503
"2021-04-25","Central","OW",0.099954763295164,0.169906756912
"2021-04-25","Central","SZ",0.413632462442408,0.769899551424409
"2021-04-25","Central","UR",0.13117784835745,0.167561574630158
"2021-04-25","Central","ZG",0.252256159947734,0.656685027064763
"2021-04-25","Eastern","AI",0.0416583031870497,0.0667527246599656
"2021-04-25","Eastern","AR",0.0935740292935712,0.130412527759821
"2021-04-25","Eastern","GL",0.0781840063050765,0.180986893489978
"2021-04-25","Eastern","GR",0.859634515291334,1.04965600594385
"2021-04-25","Eastern","SG",0.861940213889253,1.90911433001541
"2021-04-25","Eastern","SH",0.144896458572251,0.354972228283442
"2021-04-25","Eastern","TG",0.490321919165979,0.965807242330744
"2021-04-25","Espace Mittelland","BE",1.90012610254751,5.35360930350805
"2021-04-25","Espace Mittelland","FR",0.574692632358499,1.33226746498031
"2021-04-25","Espace Mittelland","JU",0.099678640707606,0.213683492839717
"2021-04-25","Espace Mittelland","NE",0.29727338353028,0.581503241449771
"2021-04-25","Espace Mittelland","SO",0.353997114604917,0.934538145239518
"2021-04-25","Lake Geneva","GE",0.840847512094995,1.71779503922572
"2021-04-25","Lake Geneva","VD",1.82429470094513,3.75205373390406
"2021-04-25","Lake Geneva","VS",0.788740081075037,1.53657022869266
"2021-04-25","Northwestern","AG",1.05284478261239,2.60624525440469
"2021-04-25","Northwestern","BL",0.412514743771761,0.971789156556892
"2021-04-25","Northwestern","BS",0.389859984102441,1.22568062967804
"2021-04-25","Ticino","TI",1.30064958141236,1.48558800517436
"2021-04-25","Zurich","ZH",3.19655676218053,8.5736125527751
"2021-04-26","9999","9999",0.00745307773184681,0.0211066405365777
"2021-04-26","Central","LU",3.28235226103265,5.57636763213403
"2021-04-26","Central","NW",0.321122756867187,0.520188620631758
"2021-04-26","Central","OW",0.180481032090319,0.323703131192216
"2021-04-26","Central","SZ",1.227915607874,1.81806007881172
"2021-04-26","Central","UR",0.218575109625985,0.338827857502646
"2021-04-26","Central","ZG",1.06737611608422,1.94408813534897
"2021-04-26","Eastern","AI",0.0827972244508844,0.119366379330855
"2021-04-26","Eastern","AR",0.203175374904326,0.337026485604999
"2021-04-26","Eastern","GL",0.220629528876345,0.388960377295645
"2021-04-26","Eastern","GR",1.52612387495005,2.29481184500588
"2021-04-26","Eastern","SG",3.55313793793519,5.96760521541349
"2021-04-26","Eastern","SH",0.531816704961897,0.967064803844196
"2021-04-26","Eastern","TG",1.72614524702864,2.93902322138317
"2021-04-26","Espace Mittelland","BE",6.48911157092426,13.0806450406872
"2021-04-26","Espace Mittelland","FR",1.95662135726742,3.21001073345746
"2021-04-26","Espace Mittelland","JU",0.3660307351997,0.62160925728417
"2021-04-26","Espace Mittelland","NE",1.11147102263379,1.8505867374164
"2021-04-26","Espace Mittelland","SO",1.34216555680027,2.61440241016762
"2021-04-26","Lake Geneva","GE",4.25055594092035,6.74804109303168
"2021-04-26","Lake Geneva","VD",6.24333112807807,10.344904938546
"2021-04-26","Lake Geneva","VS",2.44623377950145,3.80429351893582
"2021-04-26","Northwestern","AG",4.52878042165659,7.81486111422669
"2021-04-26","Northwestern","BL",1.69214205303541,2.97746381791597
"2021-04-26","Northwestern","BS",1.49426021101709,3.43079774944072
"2021-04-26","Ticino","TI",3.08234229240848,3.70973848838387
"2021-04-26","Zurich","ZH",12.3985342770355,24.1873263630437
"2021-04-27","9999","9999",0.00882153533909576,0.0239956332026149
"2021-04-27","Central","LU",3.16072014569072,5.68941221574861
"2021-04-27","Central","NW",0.370717680281106,0.521989992529405
"2021-04-27","Central","OW",0.204483349560478,0.330432784696632
"2021-04-27","Central","SZ",1.21247043555561,1.81092256751916
"2021-04-27","Central","UR",0.222679573930759,0.34953412444149
"2021-04-27","Central","ZG",1.11694251519799,1.99105975728383
"2021-04-27","Eastern","AI",0.09951957974887,0.124634542427746
"2021-04-27","Eastern","AR",0.220335016652118,0.341682862019671
"2021-04-27","Eastern","GL",0.229026912101535,0.398035213081903
"2021-04-27","Eastern","GR",1.45798179682078,2.21752279415213
"2021-04-27","Eastern","SG",3.68947817945276,6.07480383739798
"2021-04-27","Eastern","SH",0.532980750166146,0.979368513786613
"2021-04-27","Eastern","TG",1.75935720105845,2.95289038618015
"2021-04-27","Espace Mittelland","BE",6.57462002932105,13.2956880594874
"2021-04-27","Espace Mittelland","FR",1.97173741539617,3.22985981248058
"2021-04-27","Espace Mittelland","JU",0.398844073491395,0.637141841382747
"2021-04-27","Espace Mittelland","NE",1.11520060229036,1.88991102582352
"2021-04-27","Espace Mittelland","SO",1.45255687749953,2.70627237694761
"2021-04-27","Lake Geneva","GE",4.41773536425463,6.9873516502266
"2021-04-27","Lake Geneva","VD",6.21239474669327,10.4452719425791
"2021-04-27","Lake Geneva","VS",2.43344920305576,3.77455388855014
"2021-04-27","Northwestern","AG",4.53614476234267,7.91583990494194
"2021-04-27","Northwestern","BL",1.72675223426743,3.010976132842
"2021-04-27","Northwestern","BS",1.57726790204011,3.52610051927094
"2021-04-27","Ticino","TI",3.03306107755588,3.63340110570246
"2021-04-27","Zurich","ZH",12.4594981390616,24.3443176233311
"2021-04-28","9999","9999",0.00749843309213239,0.0210726523875655
"2021-04-28","Central","LU",3.3483760456859,5.80436013570788
"2021-04-28","Central","NW",0.344897764957002,0.532968164660346
"2021-04-28","Central","OW",0.188665301512876,0.32547051494085
"2021-04-28","Central","SZ",1.27081768254574,1.84552250321358
"2021-04-28","Central","UR",0.239170269148584,0.352898951193698
"2021-04-28","Central","ZG",1.16282479574806,1.98494189046163
"2021-04-28","Eastern","AI",0.0955941128679693,0.12191549050677
"2021-04-28","Eastern","AR",0.228595456607649,0.346373226583355
"2021-04-28","Eastern","GL",0.229721488991807,0.404662902139282
"2021-04-28","Eastern","GR",1.52691696719162,2.26330483087157
"2021-04-28","Eastern","SG",3.79275188056454,6.16725160271117
"2021-04-28","Eastern","SH",0.528750233047331,0.966622957907037
"2021-04-28","Eastern","TG",1.81176067938304,2.98008090538991
"2021-04-28","Espace Mittelland","BE",6.79571202466504,13.4191330166997
"2021-04-28","Espace Mittelland","FR",2.09160576251483,3.38039332445563
"2021-04-28","Espace Mittelland","JU",0.437061294237175,0.680034885436146
"2021-04-28","Espace Mittelland","NE",1.2405412956659,1.97559514948328
"2021-04-28","Espace Mittelland","SO",1.49114511386433,2.73098176127948
"2021-04-28","Lake Geneva","GE",4.51641337141654,7.07374952501562
"2021-04-28","Lake Geneva","VD",6.74854108327656,10.8523140151492
"2021-04-28","Lake Geneva","VS",2.60131297854834,3.93671134748736
"2021-04-28","Northwestern","AG",4.79703238961302,8.03486640278268
"2021-04-28","Northwestern","BL",1.79707191010137,3.0290918162655
"2021-04-28","Northwestern","BS",1.56270453942895,3.52355140809503
"2021-04-28","Ticino","TI",2.90508425169355,3.62636555885694
"2021-04-28","Zurich","ZH",12.5870250688851,24.0184392506021
"2021-04-29","9999","9999",0.00799167948827562,0.0209027116425045
"2021-04-29","Central","LU",3.50989155882665,5.83406577794455
"2021-04-29","Central","NW",0.38114096628855,0.526272499304942
"2021-04-29","Central","OW",0.213044990304851,0.335021184813279
"2021-04-29","Central","SZ",1.36996996689595,1.84412898910408
"2021-04-29","Central","UR",0.245107662531229,0.356365742392942
"2021-04-29","Central","ZG",1.23494450607979,2.02596558631936
"2021-04-29","Eastern","AI",0.0921377736071801,0.116341434068769
"2021-04-29","Eastern","AR",0.238127738089531,0.339677561227951
"2021-04-29","Eastern","GL",0.258887303940128,0.418428102489224
"2021-04-29","Eastern","GR",1.64739063723995,2.34083179876841
"2021-04-29","Eastern","SG",4.05445940132718,6.22132674778958
"2021-04-29","Eastern","SH",0.624655289765478,1.03425937444132
"2021-04-29","Eastern","TG",2.03680493894263,3.11885451780673
"2021-04-29","Espace Mittelland","BE",7.28519958847157,13.6393422341498
"2021-04-29","Espace Mittelland","FR",2.13577719987135,3.3588788261309
"2021-04-29","Espace Mittelland","JU",0.489704538806298,0.703486708254566
"2021-04-29","Espace Mittelland","NE",1.34666770874608,2.04496496161718
"2021-04-29","Espace Mittelland","SO",1.64938473409609,2.88321468070513
"2021-04-29","Lake Geneva","GE",4.80194212890206,7.3987442058703
"2021-04-29","Lake Geneva","VD",6.6512325205593,10.6844465471779
"2021-04-29","Lake Geneva","VS",2.68670864769571,3.87339142587762
"2021-04-29","Northwestern","AG",5.01358383642102,8.16653649205595
"2021-04-29","Northwestern","BL",1.99208097054143,3.19678934349171
"2021-04-29","Northwestern","BS",1.65738104232171,3.59094990758622
"2021-04-29","Ticino","TI",3.36519751940249,3.86907493095307
"2021-04-29","Zurich","ZH",13.5963856876512,24.3852053665928
"2021-04-30","9999","9999",0.00924827594317112,0.0231119413282976
"2021-04-30","Central","LU",4.58583593764749,7.01613961243993
"2021-04-30","Central","NW",0.462252018480943,0.62330866473478
"2021-04-30","Central","OW",0.267568649627794,0.390183950660084
"2021-04-30","Central","SZ",1.74404175086619,2.22639370104432
"2021-04-30","Central","UR",0.334983459919836,0.444734929824669
"2021-04-30","Central","ZG",1.65060696746288,2.43627052119467
"2021-04-30","Eastern","AI",0.133324517324806,0.146862791881727
"2021-04-30","Eastern","AR",0.305489627267871,0.39861301161511
"2021-04-30","Eastern","GL",0.31610126215838,0.48256373967525
"2021-04-30","Eastern","GR",2.01887869683829,2.69498831147555
"2021-04-30","Eastern","SG",5.04638442023089,7.27659079832044
"2021-04-30","Eastern","SH",0.841169307240574,1.31265630300027
"2021-04-30","Eastern","TG",2.90981931684638,4.14604435725351
"2021-04-30","Espace Mittelland","BE",9.3590771694983,15.6375395027262
"2021-04-30","Espace Mittelland","FR",2.78227671902112,3.98983482439343
"2021-04-30","Espace Mittelland","JU",0.701748472635138,0.92716271690387
"2021-04-30","Espace Mittelland","NE",1.82471958927107,2.47579873849586
"2021-04-30","Espace Mittelland","SO",2.06413959485477,3.26031319399552
"2021-04-30","Lake Geneva","GE",5.62666834799742,7.81642456908125
"2021-04-30","Lake Geneva","VD",8.55526389898118,12.2461680061396
"2021-04-30","Lake Geneva","VS",3.49843568062256,4.80327319470247
"2021-04-30","Northwestern","AG",6.35726105190045,9.41736835200302
"2021-04-30","Northwestern","BL",2.97797687109237,4.15508520489076
"2021-04-30","Northwestern","BS",2.15859049966855,4.04758068956516
"2021-04-30","Ticino","TI",4.31864790963931,4.79895669977792
"2021-04-30","Zurich","ZH",19.1571249599739,30.6224045799711
"2021-05-01","9999","9999",0.0102728872881272,0.0225681309441024
"2021-05-01","Central","LU",5.62738400874711,7.45767965625746
"2021-05-01","Central","NW",0.594503408871207,0.696519137707064
"2021-05-01","Central","OW",0.300557171138482,0.410712792663454
"2021-05-01","Central","SZ",2.20463952049539,2.64869645252094
"2021-05-01","Central","UR",0.335817709546709,0.445176775761827
"2021-05-01","Central","ZG",1.97495885994309,2.60440989435804
"2021-05-01","Eastern","AI",0.166988286243952,0.171946045852732
"2021-05-01","Eastern","AR",0.349433931465012,0.42716305678536
"2021-05-01","Eastern","GL",0.375454746520886,0.529025539374931
"2021-05-01","Eastern","GR",2.21029200373838,2.86204006387053
"2021-05-01","Eastern","SG",6.96876233950592,8.74188787853451
"2021-05-01","Eastern","SH",0.147703235609188,0.336686604114877
"2021-05-01","Eastern","TG",0.428537658480849,0.788932914871243
"2021-05-01","Espace Mittelland","BE",11.1282437183874,16.4710308809524
"2021-05-01","Espace Mittelland","FR",2.92332814579279,3.85123115272167
"2021-05-01","Espace Mittelland","JU",0.0974231572525753,0.206070147460983
"2021-05-01","Espace Mittelland","NE",0.302091382185103,0.582284968877052
"2021-05-01","Espace Mittelland","SO",1.39611087066522,2.206000811637
"2021-05-01","Lake Geneva","GE",7.0032877153777,8.31183582908312
"2021-05-01","Lake Geneva","VD",10.8134340854116,13.5575667476264
"2021-05-01","Lake Geneva","VS",3.8780605043874,4.83688747407554
"2021-05-01","Northwestern","AG",8.53386462753269,11.2265235357735
"2021-05-01","Northwestern","BL",0.372283117682667,0.917612047031441
"2021-05-01","Northwestern","BS",0.425549264201697,1.28454810376718
"2021-05-01","Ticino","TI",1.47205596220197,1.4851461592372
"2021-05-01","Zurich","ZH",3.47818502133783,8.5025773213396
"2021-05-02","9999","9999",0.00715427746414601,0.0197131264270774
"2021-05-02","Central","LU",0.656694015520767,1.5330694493444
"2021-05-02","Central","NW",0.127502912864016,0.146386957795556
"2021-05-02","Central","OW",0.0810598776242518,0.102576233718827
"2021-05-02","Central","SZ",0.291893490623519,0.479606770711188
"2021-05-02","Central","UR",0.128122031937215,0.132587769296602
"2021-05-02","Central","ZG",0.182814542272486,0.483277490804506
"2021-05-02","Eastern","AI",0.0221015119927158,0.0272584955077863
"2021-05-02","Eastern","AR",0.0661791449717284,0.0839167399111278
"2021-05-02","Eastern","GL",0.0514436262261391,0.122663229785039
"2021-05-02","Eastern","GR",0.516877835055117,0.736489200945414
"2021-05-02","Eastern","SG",0.592578159587953,1.30405730130018
"2021-05-02","Eastern","SH",0.112323019669819,0.280470205648694
"2021-05-02","Eastern","TG",0.336868836272816,0.701753312654943
"2021-05-02","Espace Mittelland","BE",1.41867753943231,3.99680239494093
"2021-05-02","Espace Mittelland","FR",0.480225789337462,1.09669560417674
"2021-05-02","Espace Mittelland","JU",0.0744141464520041,0.173985334793464
"2021-05-02","Espace Mittelland","NE",0.234342723233497,0.468390681537162
"2021-05-02","Espace Mittelland","SO",0.251875593152425,0.686832515238587
"2021-05-02","Lake Geneva","GE",0.720044207026159,1.54646078005521
"2021-05-02","Lake Geneva","VD",1.44774916623302,2.96060569600592
"2021-05-02","Lake Geneva","VS",0.622055846483532,1.25375484076212
"2021-05-02","Northwestern","AG",0.82401617000439,2.06549380362055
"2021-05-02","Northwestern","BL",0.268184287357935,0.802052340389953
"2021-05-02","Northwestern","BS",0.359335838378308,1.15746641461055
"2021-05-02","Ticino","TI",1.2854336177447,1.55159299055605
"2021-05-02","Zurich","ZH",2.50395942074477,7.15987549461254
"2021-05-03","9999","9999",0.00749777911655238,0.0211406286855899
"2021-05-03","Central","LU",3.01556491250588,5.43191799883217
"2021-05-03","Central","NW",0.30438557551204,0.486336424215605
"2021-05-03","Central","OW",0.189223146598647,0.328631412798985
"2021-05-03","Central","SZ",1.08999301565829,1.69699429203025
"2021-05-03","Central","UR",0.173500496749277,0.319454612565691
"2021-05-03","Central","ZG",1.00606623831997,2.03643393621512
"2021-05-03","Eastern","AI",0.0743288124288662,0.107470527176584
"2021-05-03","Eastern","AR",0.182905280405207,0.313710615382628
"2021-05-03","Eastern","GL",0.196313980599489,0.359390687655028
"2021-05-03","Eastern","GR",1.39664372370218,2.28006098833459
"2021-05-03","Eastern","SG",3.27521412932489,5.73417460799768
"2021-05-03","Eastern","SH",0.529277313868691,1.02909317579146
"2021-05-03","Eastern","TG",1.79800484346846,3.07966618199566
"2021-05-03","Espace Mittelland","BE",6.07635782061612,12.8676752989768
"2021-05-03","Espace Mittelland","FR",1.80598832672387,3.13323150483889
"2021-05-03","Espace Mittelland","JU",0.403407679561615,0.651518828414908
"2021-05-03","Espace Mittelland","NE",1.23158674874266,1.9597906601926
"2021-05-03","Espace Mittelland","SO",1.36549382908055,2.66966714046146
"2021-05-03","Lake Geneva","GE",4.51742908164477,7.07742024510894
"2021-05-03","Lake Geneva","VD",6.16056021145921,10.3449729148441
"2021-05-03","Lake Geneva","VS",2.41974231349313,3.80249214703817
"2021-05-03","Northwestern","AG",4.05656065227791,7.40730921942137
"2021-05-03","Northwestern","BL",1.82388174082049,3.13887353757492
"2021-05-03","Northwestern","BS",1.70689160288581,3.77302442184459
"2021-05-03","Ticino","TI",3.43459932288778,4.28441011188219
"2021-05-03","Zurich","ZH",13.1032742650189,25.4625957021306
"2021-05-04","9999","9999",0.00776528645694855,0.0208007471954679
"2021-05-04","Central","LU",2.9806371967596,5.47800592889271
"2021-05-04","Central","NW",0.326106168267517,0.500135612714559
"2021-05-04","Central","OW",0.186871168459383,0.315376034684226
"2021-05-04","Central","SZ",1.14396399121171,1.7015826921469
"2021-05-04","Central","UR",0.191644700690787,0.328155578712814
"2021-05-04","Central","ZG",1.09449098137718,2.06250284650748
"2021-05-04","Eastern","AI",0.0877294142908161,0.118380723009501
"2021-05-04","Eastern","AR",0.190972860220979,0.323431226000118
"2021-05-04","Eastern","GL",0.207310536901146,0.370810705723128
"2021-05-04","Eastern","GR",1.32691399258173,2.21670707857584
"2021-05-04","Eastern","SG",3.3707690663144,5.8152703315408
"2021-05-04","Eastern","SH",0.526842981798603,0.987831562890651
"2021-05-04","Eastern","TG",1.6813352867127,2.87346008193863
"2021-05-04","Espace Mittelland","BE",6.25762449275921,13.0208938747238
"2021-05-04","Espace Mittelland","FR",1.87570701074784,3.18217443941646
"2021-05-04","Espace Mittelland","JU",0.384106303033479,0.644211376377285
"2021-05-04","Espace Mittelland","NE",1.18350215256062,1.92600644007447
"2021-05-04","Espace Mittelland","SO",1.35946999735672,2.61922872732736
"2021-05-04","Lake Geneva","GE",4.36080093164656,6.98758956726969
"2021-05-04","Lake Geneva","VD",6.17501275849574,10.2733258967263
"2021-05-04","Lake Geneva","VS",2.50290566636828,3.81707306296441
"2021-05-04","Northwestern","AG",4.17722419845767,7.5681071523981
"2021-05-04","Northwestern","BL",1.69288634381782,2.96628171689095
"2021-05-04","Northwestern","BS",1.67576277254349,3.49374380141132
"2021-05-04","Ticino","TI",3.35973426614739,4.13187129911542
"2021-05-04","Zurich","ZH",12.2041227583905,23.5178278038014
"2021-05-05","9999","9999",0.00790813900295596,0.0205968183013947
"2021-05-05","Central","LU",3.20308534165546,5.65457436301111
"2021-05-05","Central","NW",0.347741720701464,0.519984691737685
"2021-05-05","Central","OW",0.198969763681851,0.328461472053924
"2021-05-05","Central","SZ",1.21594305763353,1.69356148898002
"2021-05-05","Central","UR",0.203078343725155,0.330024926908486
"2021-05-05","Central","ZG",1.16203221258928,2.05094687584333
"2021-05-05","Eastern","AI",0.0833709529196049,0.104411593765486
"2021-05-05","Eastern","AR",0.197131790768369,0.31126346865375
"2021-05-05","Eastern","GL",0.22850864624443,0.390217938809096
"2021-05-05","Eastern","GR",1.37755253570866,2.25395808989322
"2021-05-05","Eastern","SG",3.65351289424658,5.81700372714042
"2021-05-05","Eastern","SH",0.531126404367034,0.984772629479553
"2021-05-05","Eastern","TG",1.72851734960207,2.86842983588482
"2021-05-05","Espace Mittelland","BE",6.73200499745425,13.3491514178836
"2021-05-05","Espace Mittelland","FR",2.02289495276019,3.3237690682013
"2021-05-05","Espace Mittelland","JU",0.441692956843952,0.67129993114001
"2021-05-05","Espace Mittelland","NE",1.25824397210638,1.96978317600219
"2021-05-05","Espace Mittelland","SO",1.42222378271325,2.68288853042721
"2021-05-05","Lake Geneva","GE",4.83207766823887,7.27281811378009
"2021-05-05","Lake Geneva","VD",6.74742707699423,10.8332466635534
"2021-05-05","Lake Geneva","VS",2.85045466007471,4.10118000055741
"2021-05-05","Northwestern","AG",4.6364493947411,7.92056425765464
"2021-05-05","Northwestern","BL",1.78106269363527,3.01811364413456
"2021-05-05","Northwestern","BS",1.59402629648339,3.55264526364947
"2021-05-05","Ticino","TI",3.46129090542359,4.17320088831426
"2021-05-05","Zurich","ZH",12.3541018485983,23.2791970095867
"2021-05-06","9999","9999",0.00866143663467895,0.0197811027251018
"2021-05-06","Central","LU",3.33378551763403,5.7342085961467
"2021-05-06","Central","NW",0.376426041233975,0.52824381194765
"2021-05-06","Central","OW",0.209072300121439,0.326320218666156
"2021-05-06","Central","SZ",1.28278853714893,1.76439279152145
"2021-05-06","Central","UR",0.218287219394008,0.341852802764732
"2021-05-06","Central","ZG",1.20295068925835,2.1087947054621
"2021-05-06","Eastern","AI",0.0961845940763981,0.111515116909036
"2021-05-06","Eastern","AR",0.209721090889068,0.323873071937277
"2021-05-06","Eastern","GL",0.251171993748761,0.407925764444453
"2021-05-06","Eastern","GR",1.42685862121342,2.30024994884784
"2021-05-06","Eastern","SG",3.88411946673954,6.08652974880719
"2021-05-06","Eastern","SH",0.529574128713523,0.955814726521157
"2021-05-06","Eastern","TG",1.84817981189368,2.90472917902986
"2021-05-06","Espace Mittelland","BE",6.87093712433239,13.185906338178
"2021-05-06","Espace Mittelland","FR",2.01863315054611,3.26513951115525
"2021-05-06","Espace Mittelland","JU",0.450637788117998,0.674324876402096
"2021-05-06","Espace Mittelland","NE",1.25013484330316,1.95119165849252
"2021-05-06","Espace Mittelland","SO",1.51302073799249,2.71837215799595
"2021-05-06","Lake Geneva","GE",4.5204414576392,7.09856087379453
"2021-05-06","Lake Geneva","VD",6.27442375088618,10.1767655653827
"2021-05-06","Lake Geneva","VS",2.62915272682147,3.89952831246801
"2021-05-06","Northwestern","AG",4.62533428089043,7.79066155213
"2021-05-06","Northwestern","BL",1.76697105888245,2.94714638899708
"2021-05-06","Northwestern","BS",1.55707934693936,3.37233813313974
"2021-05-06","Ticino","TI",3.47779340744605,4.25942882235822
"2021-05-06","Zurich","ZH",12.3000539506357,22.8532235380168
"2021-05-07","9999","9999",0.00978922731246225,0.0239616450536027
"2021-05-07","Central","LU",4.56673166622636,7.17081967859447
"2021-05-07","Central","NW",0.490094766426493,0.636937912488673
"2021-05-07","Central","OW",0.27228014424759,0.403915162861014
"2021-05-07","Central","SZ",1.6715770155497,2.1355433787347
"2021-05-07","Central","UR",0.292540178487636,0.421283107006249
"2021-05-07","Central","ZG",1.68858730023988,2.66749189892468
"2021-05-07","Eastern","AI",0.134451971224746,0.149615831951715
"2021-05-07","Eastern","AR",0.277169719942242,0.397389438250671
"2021-05-07","Eastern","GL",0.31498598708511,0.496260963727168
"2021-05-07","Eastern","GR",1.85526409047463,2.72581556262962
"2021-05-07","Eastern","SG",5.12098163676906,7.34296965334127
"2021-05-07","Eastern","SH",0.703999268612508,1.194921354822
"2021-05-07","Eastern","TG",2.38322851899629,3.54397828565136
"2021-05-07","Espace Mittelland","BE",9.61927695935127,16.3661434531008
"2021-05-07","Espace Mittelland","FR",2.89934535360552,4.21470041825816
"2021-05-07","Espace Mittelland","JU",0.603182667319447,0.859458324071563
"2021-05-07","Espace Mittelland","NE",1.62685936369108,2.38403073616291
"2021-05-07","Espace Mittelland","SO",2.02355785686908,3.31836495250836
"2021-05-07","Lake Geneva","GE",5.68391435493511,8.34490629807199
"2021-05-07","Lake Geneva","VD",8.83104104645617,12.9674984926256
"2021-05-07","Lake Geneva","VS",3.70759191283146,5.05009513282908
"2021-05-07","Northwestern","AG",6.34218148325946,9.7036505311328
"2021-05-07","Northwestern","BL",2.45968862609235,3.69661906286516
"2021-05-07","Northwestern","BS",2.02546626726015,4.09852892493445
"2021-05-07","Ticino","TI",4.18518231372621,4.69923547057612
"2021-05-07","Zurich","ZH",16.4257049730461,27.8181103812723
"2021-05-08","9999","9999",0.0134527789315791,0.028719985915311
"2021-05-08","Central","LU",5.40744471389326,7.91896681465107
"2021-05-08","Central","NW",0.578926642568437,0.747059515288209
"2021-05-08","Central","OW",0.339122671082822,0.526714345242101
"2021-05-08","Central","SZ",1.90701131409473,2.54132788979139
"2021-05-08","Central","UR",0.291517838435114,0.478213256601688
"2021-05-08","Central","ZG",1.85982059679799,2.72326645145371
"2021-05-08","Eastern","AI",0.181467661943356,0.221228861920426
"2021-05-08","Eastern","AR",0.334799093630573,0.467846871152966
"2021-05-08","Eastern","GL",0.362700973499825,0.557541596396169
"2021-05-08","Eastern","GR",2.11681601987353,3.02273603240022
"2021-05-08","Eastern","SG",6.03127474913311,8.45730510685534
"2021-05-08","Eastern","SH",0.878647269291484,1.43606727206358
"2021-05-08","Eastern","TG",3.00997523833073,4.3253998195909
"2021-05-08","Espace Mittelland","BE",10.6994593427239,17.4205917880553
"2021-05-08","Espace Mittelland","FR",3.01678797998523,4.35439171069831
"2021-05-08","Espace Mittelland","JU",0.670349675690964,0.923390032363515
"2021-05-08","Espace Mittelland","NE",1.92696526035118,2.69264312919371
"2021-05-08","Espace Mittelland","SO",2.48709319473521,3.88351989428326
"2021-05-08","Lake Geneva","GE",6.81718523059827,8.59635062446426
"2021-05-08","Lake Geneva","VD",10.6278626992916,14.5072975954744
"2021-05-08","Lake Geneva","VS",4.0349125568273,5.33834862460157
"2021-05-08","Northwestern","AG",7.83121165967814,11.1655148082966
"2021-05-08","Northwestern","BL",2.90835212067461,4.00434776402164
"2021-05-08","Northwestern","BS",2.75021829959402,4.66857816016711
"2021-05-08","Ticino","TI",4.63700708318601,5.36105270814173
"2021-05-08","Zurich","ZH",20.8320110958744,31.6680159961825
"2021-05-09","9999","9999",0.0106252313169388,0.0268506377196399
"2021-05-09","Central","LU",1.16776815016511,2.40262225367259
"2021-05-09","Central","NW",0.271153199430437,0.292298081504941
"2021-05-09","Central","OW",0.120210807109366,0.194820070137944
"2021-05-09","Central","SZ",0.520086384143446,0.857792904769965
"2021-05-09","Central","UR",0.0871790213938399,0.171946045852732
"2021-05-09","Central","ZG",0.381667949209374,0.84831021119556
"2021-05-09","Eastern","AI",0.052869167677878,0.0792943516454683
"2021-05-09","Eastern","AR",0.0950109467875852,0.143837846619641
"2021-05-09","Eastern","GL",0.0875767325310014,0.197165252419786
"2021-05-09","Eastern","GR",0.603022901476852,0.952177994576851
"2021-05-09","Eastern","SG",1.07758945635037,2.15576632739696
"2021-05-09","Eastern","SH",0.19407141609918,0.424715910056481
"2021-05-09","Eastern","TG",0.577890490708305,1.06634418710884
"2021-05-09","Espace Mittelland","BE",2.41882161377701,6.02980352810582
"2021-05-09","Espace Mittelland","FR",0.751746291998601,1.52984057518824
"2021-05-09","Espace Mittelland","JU",0.14722278285508,0.261164937009763
"2021-05-09","Espace Mittelland","NE",0.384686046511127,0.665623910254972
"2021-05-09","Espace Mittelland","SO",0.506752479958615,1.10141995688943
"2021-05-09","Lake Geneva","GE",1.11254577080121,2.08643050341207
"2021-05-09","Lake Geneva","VD",2.18775377311896,4.11467329571525
"2021-05-09","Lake Geneva","VS",0.900429457148146,1.61671428406343
"2021-05-09","Northwestern","AG",1.36882255303475,2.97814358089621
"2021-05-09","Northwestern","BL",0.44360396747326,1.03928962049513
"2021-05-09","Northwestern","BS",0.474671375019332,1.38273986626343
"2021-05-09","Ticino","TI",1.33719994371737,1.46529708021407
"2021-05-09","Zurich","ZH",3.97496020313844,9.40659410876616
"2021-05-10","9999","9999",0.00739457237157513,0.0203249131092971
"2021-05-10","Central","LU",3.02317663609819,5.34079577133045
"2021-05-10","Central","NW",0.283571479062931,0.486710293854739
"2021-05-10","Central","OW",0.162458056424441,0.311637338292884
"2021-05-10","Central","SZ",1.02288113703656,1.60206539183917
"2021-05-10","Central","UR",0.174373334851392,0.312215136826091
"2021-05-10","Central","ZG",0.992887122714488,2.01852218168569
"2021-05-10","Eastern","AI",0.0701446140116101,0.113078571763597
"2021-05-10","Eastern","AR",0.172722167908528,0.312317101273128
"2021-05-10","Eastern","GL",0.189759997893494,0.370742729425104
"2021-05-10","Eastern","GR",1.2592987172363,2.19492067505902
"2021-05-10","Eastern","SG",3.089218242565,5.63333176987848
"2021-05-10","Eastern","SH",0.455190668205501,0.930221650314968
"2021-05-10","Eastern","TG",1.53248515415714,2.77944886177088
"2021-05-10","Espace Mittelland","BE",6.01374263892234,12.5905019437822
"2021-05-10","Espace Mittelland","FR",1.70787270331657,3.04421654257593
"2021-05-10","Espace Mittelland","JU",0.35280555543405,0.590238195745907
"2021-05-10","Espace Mittelland","NE",0.980637909475502,1.72809344837642
"2021-05-10","Espace Mittelland","SO",1.19546154888508,2.45635751726088
"2021-05-10","Lake Geneva","GE",4.14627203550647,6.48351132926971
"2021-05-10","Lake Geneva","VD",5.84241276152753,9.78773721178899
"2021-05-10","Lake Geneva","VS",2.41670364533076,3.80038488179941
"2021-05-10","Northwestern","AG",3.80272404090242,7.23974764479121
"2021-05-10","Northwestern","BL",1.54113962027366,2.77771546617126
"2021-05-10","Northwestern","BS",1.37187289485701,3.20732566968549
"2021-05-10","Ticino","TI",2.833378331683,3.59931099224322
"2021-05-10","Zurich","ZH",11.2551182860317,24.0463095327921
"2021-05-11","9999","9999",0.00711475697580185,0.0182856241685649
"2021-05-11","Central","LU",3.18964870848027,5.5437050209333
"2021-05-11","Central","NW",0.332609019481607,0.511623607080683
"2021-05-11","Central","OW",0.203159013766762,0.319658541459764
"2021-05-11","Central","SZ",1.2193193455841,1.69481905049347
"2021-05-11","Central","UR",0.220506025392258,0.332336121041315
"2021-05-11","Central","ZG",1.13605317756611,2.06474606434229
"2021-05-11","Eastern","AI",0.0951884052150331,0.115083872555317
"2021-05-11","Eastern","AR",0.204925256915579,0.32176580669852
"2021-05-11","Eastern","GL",0.233560717248618,0.394330504839572
"2021-05-11","Eastern","GR",1.3677682230031,2.20943361468723
"2021-05-11","Eastern","SG",3.66579779418893,5.92427032542293
"2021-05-11","Eastern","SH",0.521821021083245,0.984126854648321
"2021-05-11","Eastern","TG",1.76169373832519,2.88899266603721
"2021-05-11","Espace Mittelland","BE",6.89476920060261,13.099508463389
"2021-05-11","Espace Mittelland","FR",1.86380057861331,3.13132816849421
"2021-05-11","Espace Mittelland","JU",0.391198954068268,0.62731926631822
"2021-05-11","Espace Mittelland","NE",1.09553470290675,1.84508065727642
"2021-05-11","Espace Mittelland","SO",1.38626465349278,2.55217010932628
"2021-05-11","Lake Geneva","GE",4.32274792534373,7.10631017176931
"2021-05-11","Lake Geneva","VD",5.98049857743277,10.1738425845676
"2021-05-11","Lake Geneva","VS",2.58810693246344,3.84263215102158
"2021-05-11","Northwestern","AG",4.53528158114942,7.68934287992463
"2021-05-11","Northwestern","BL",1.75295109515397,2.93480869090566
"2021-05-11","Northwestern","BS",1.49562358954453,3.35864090908782
"2021-05-11","Ticino","TI",2.71238534236779,3.42940423533122
"2021-05-11","Zurich","ZH",11.9786992360708,23.6569412977083
"2021-05-12","9999","9999",0.010424449065811,0.0268846258686521
"2021-05-12","Central","LU",3.72076945811235,6.29929556162357
"2021-05-12","Central","NW",0.44110500146935,0.64506108010259
"2021-05-12","Central","OW",0.260880605843917,0.412786069753198
"2021-05-12","Central","SZ",1.53324843372751,2.1082508950779
"2021-05-12","Central","UR",0.243378633334129,0.375874939925947
"2021-05-12","Central","ZG",1.49170658518596,2.54428485875545
"2021-05-12","Eastern","AI",0.119343752970914,0.143497965129519
"2021-05-12","Eastern","AR",0.286238136936824,0.401434027983123
"2021-05-12","Eastern","GL",0.303407748875194,0.513085097488208
"2021-05-12","Eastern","GR",1.76074998890689,2.7480438120836
"2021-05-12","Eastern","SG",4.65033144794262,7.26207785869223
"2021-05-12","Eastern","SH",0.680694433720529,1.2147024575471
"2021-05-12","Eastern","TG",2.2769866733522,3.61375595557341
"2021-05-12","Espace Mittelland","BE",8.0900071564117,15.2040546502246
"2021-05-12","Espace Mittelland","FR",2.48179227623277,3.99248590001638
"2021-05-12","Espace Mittelland","JU",0.550408596306149,0.82917488330169
"2021-05-12","Espace Mittelland","NE",1.45510836909898,2.30031792514586
"2021-05-12","Espace Mittelland","SO",1.87202612681784,3.32852740906301
"2021-05-12","Lake Geneva","GE",5.59232368085088,8.42426862601548
"2021-05-12","Lake Geneva","VD",8.06921637987024,12.7102082046032
"2021-05-12","Lake Geneva","VS",3.03447197700346,4.50332777966979
"2021-05-12","Northwestern","AG",5.99288124476631,9.71133185280956
"2021-05-12","Northwestern","BL",2.32436934618776,3.74257104032966
"2021-05-12","Northwestern","BS",1.90240827760466,4.03194614101955
"2021-05-12","Ticino","TI",3.64106993193097,4.62079082265596
"2021-05-12","Zurich","ZH",15.8534754946755,29.4674532883874
"2021-05-13","9999","9999",0.00782962668916165,0.0228400361362
"2021-05-13","Central","LU",0.813547516888596,2.00363537241835
"2021-05-13","Central","NW",0.119148061547655,0.177995936376904
"2021-05-13","Central","OW",0.0861190483753059,0.146862791881727
"2021-05-13","Central","SZ",0.324870134841188,0.578410319889661
"2021-05-13","Central","UR",0.0811782197920838,0.1584867388439
"2021-05-13","Central","ZG",0.227073886478227,0.617972525339864
"2021-05-13","Eastern","AI",0.0312836424177913,0.0433688781395703
"2021-05-13","Eastern","AR",0.0642383882435836,0.0906463934155439
"2021-05-13","Eastern","GL",0.0655624577478419,0.156379473605143
"2021-05-13","Eastern","GR",0.648811600862632,1.05387053642136
"2021-05-13","Eastern","SG",0.664914551217854,1.59581157242093
"2021-05-13","Eastern","SH",0.155706365544146,0.374141544326324
"2021-05-13","Eastern","TG",0.356854545379144,0.744578380410319
"2021-05-13","Espace Mittelland","BE",1.84907674527569,5.27883537568121
"2021-05-13","Espace Mittelland","FR",0.628536999022839,1.36136132053476
"2021-05-13","Espace Mittelland","JU",0.0997523911393326,0.207531637868508
"2021-05-13","Espace Mittelland","NE",0.256763872643981,0.539391924823653
"2021-05-13","Espace Mittelland","SO",0.307587890294242,0.840458948773741
"2021-05-13","Lake Geneva","GE",0.912450777519595,1.99095779283679
"2021-05-13","Lake Geneva","VD",1.76626655879385,3.74783920342655
"2021-05-13","Lake Geneva","VS",1.2304691553847,1.85187828707886
"2021-05-13","Northwestern","AG",0.907673650380512,2.36822624687224
"2021-05-13","Northwestern","BL",0.29736240252959,0.850859322371476
"2021-05-13","Northwestern","BS",0.442496716327914,1.37601021275902
"2021-05-13","Ticino","TI",1.6146267739631,1.87866094850048
"2021-05-13","Zurich","ZH",2.86353004418835,8.02123715502879
"2021-05-14","9999","9999",0.00992942479593524,0.023009976881261
"2021-05-14","Central","LU",5.73932127680923,8.01753244678645
"2021-05-14","Central","NW",0.585139892249182,0.711813804762555
"2021-05-14","Central","OW",0.32644167732017,0.479266889221066
"2021-05-14","Central","SZ",1.91395753333992,2.42192752231152
"2021-05-14","Central","UR",0.360429622325931,0.481883976695006
"2021-05-14","Central","ZG",1.83863048005446,2.63224618839903
"2021-05-14","Eastern","AI",0.186220682054472,0.224967558311768
"2021-05-14","Eastern","AR",0.328991128672448,0.41234422381604
"2021-05-14","Eastern","GL",0.373919713109763,0.531132804613687
"2021-05-14","Eastern","GR",2.6684059192904,3.5304510023445
"2021-05-14","Eastern","SG",6.17488231190565,8.05675477074654
"2021-05-14","Eastern","SH",0.8043430964695,1.29749758854083
"2021-05-14","Eastern","TG",2.67358491246539,3.72853393478762
"2021-05-14","Espace Mittelland","BE",12.0787107581806,18.0284698331386
"2021-05-14","Espace Mittelland","FR",3.27495141127871,4.50268200483855
"2021-05-14","Espace Mittelland","JU",0.663491809721443,0.871354176225834
"2021-05-14","Espace Mittelland","NE",1.79284500355432,2.46808342867009
"2021-05-14","Espace Mittelland","SO",2.33315611117251,3.51209740187791
"2021-05-14","Lake Geneva","GE",6.57884432779783,8.49523588115296
"2021-05-14","Lake Geneva","VD",10.5143011007815,13.6567781545931
"2021-05-14","Lake Geneva","VS",4.77539931602065,5.82414123843298
"2021-05-14","Northwestern","AG",7.26434588146563,9.79789966834364
"2021-05-14","Northwestern","BL",2.66939019561455,3.4883736738674
"2021-05-14","Northwestern","BS",2.52174971816492,4.31299414520145
"2021-05-14","Ticino","TI",4.58511238219859,5.47117431094126
"2021-05-14","Zurich","ZH",19.0869292223024,29.6824623190386
"2021-05-15","9999","9999",0.0093756797846088,0.0210386642385533
"2021-05-15","Central","LU",4.84606585345339,6.84208630134845
"2021-05-15","Central","NW",0.556374118470778,0.633097251650295
"2021-05-15","Central","OW",0.292705720461851,0.419481735108602
"2021-05-15","Central","SZ",1.77419703086706,2.25980405152331
"2021-05-15","Central","UR",0.348236408193496,0.43287306581941
"2021-05-15","Central","ZG",1.55296550767927,2.2188143438146
"2021-05-15","Eastern","AI",0.165528444360445,0.189755835935126
"2021-05-15","Eastern","AR",0.27879618462188,0.361124083254651
"2021-05-15","Eastern","GL",0.306608591233335,0.477839386962554
"2021-05-15","Eastern","GR",2.21617441226402,3.01641423668395
"2021-05-15","Eastern","SG",4.98834061007784,6.82097966081187
"2021-05-15","Eastern","SH",0.682774925841617,1.13819513412063
"2021-05-15","Eastern","TG",2.2940735750018,3.32533252305586
"2021-05-15","Espace Mittelland","BE",9.48787957100001,14.9165149095813
"2021-05-15","Espace Mittelland","FR",2.43745282197649,3.5758591694248
"2021-05-15","Espace Mittelland","JU",0.521070915008993,0.73179883638173
"2021-05-15","Espace Mittelland","NE",1.45604351110216,2.10203106380867
"2021-05-15","Espace Mittelland","SO",2.00254033877039,3.10821622716591
"2021-05-15","Lake Geneva","GE",5.58870231261468,7.24059734851652
"2021-05-15","Lake Geneva","VD",8.51315738756054,11.6877427178691
"2021-05-15","Lake Geneva","VS",3.86855490667559,4.83066764280631
"2021-05-15","Northwestern","AG",6.54966329910622,9.25626452568518
"2021-05-15","Northwestern","BL",2.21425221747749,3.09547067128634
"2021-05-15","Northwestern","BS",2.14705361464501,3.6752745052855
"2021-05-15","Ticino","TI",4.32224781416201,5.15865328077406
"2021-05-15","Zurich","ZH",17.5090627877138,26.5759454993233
"2021-05-16","9999","9999",0.00636667940065464,0.0177418137843697
"2021-05-16","Central","LU",0.841207323976687,1.55696311809998
"2021-05-16","Central","NW",0.263374884370166,0.146115052603458
"2021-05-16","Central","OW",0.107140936753916,0.121847514208746
"2021-05-16","Central","SZ",0.339675820858889,0.483243502655494
"2021-05-16","Central","UR",0.181441479424027,0.162871210066474
"2021-05-16","Central","ZG",0.191822139538127,0.477329564727371
"2021-05-16","Eastern","AI",0.0367902656103021,0.0407178025166185
"2021-05-16","Eastern","AR",0.0765692544455566,0.0854462066166769
"2021-05-16","Eastern","GL",0.0592541779748802,0.129698776630564
"2021-05-16","Eastern","GR",0.868066061887542,0.942729289151459
"2021-05-16","Eastern","SG",0.705271396008424,1.31772053720309
"2021-05-16","Eastern","SH",0.121691043632518,0.276289663320194
"2021-05-16","Eastern","TG",0.352840932771714,0.620487648366768
"2021-05-16","Espace Mittelland","BE",1.75216009406785,4.01631159247394
"2021-05-16","Espace Mittelland","FR",0.499518625022844,1.06379507593292
"2021-05-16","Espace Mittelland","JU",0.0788088701817238,0.155733698773912
"2021-05-16","Espace Mittelland","NE",0.257572229537111,0.394364492988585
"2021-05-16","Espace Mittelland","SO",0.260922581677702,0.664094443549423
"2021-05-16","Lake Geneva","GE",0.769300222280817,1.50506321455835
"2021-05-16","Lake Geneva","VD",1.5082496571905,2.67864001180069
"2021-05-16","Lake Geneva","VS",0.773248210201003,1.29311311731825
"2021-05-16","Northwestern","AG",0.763572191152269,1.94177694121614
"2021-05-16","Northwestern","BL",0.242135218207391,0.65787461228019
"2021-05-16","Northwestern","BS",0.372532384195208,1.02637412387049
"2021-05-16","Ticino","TI",1.57522087232221,1.48963259490681
"2021-05-16","Zurich","ZH",2.54131220325442,6.50968220400911
"2021-05-17","9999","9999",0.00718195981968554,0.0186255056586869
"2021-05-17","Central","LU",2.90537187563607,5.29773278653199
"2021-05-17","Central","NW",0.296587472795448,0.48936136947769
"2021-05-17","Central","OW",0.163993728147058,0.305485483321675
"2021-05-17","Central","SZ",1.0496081634824,1.66518138455483
"2021-05-17","Central","UR",0.219776940521082,0.345999356944221
"2021-05-17","Central","ZG",1.04819273711403,1.96604447961085
"2021-05-17","Eastern","AI",0.0698105695509745,0.0972740824729233
"2021-05-17","Eastern","AR",0.168546005167261,0.29583284900221
"2021-05-17","Eastern","GL",0.195144464713293,0.367513855268945
"2021-05-17","Eastern","GR",1.35295654938863,2.2639506057028
"2021-05-17","Eastern","SG",3.1100807097109,5.42348893787714
"2021-05-17","Eastern","SH",0.412510334331622,0.834069176759447
"2021-05-17","Eastern","TG",1.38782006587946,2.47025867020687
"2021-05-17","Espace Mittelland","BE",5.91775227950923,12.4614489419829
"2021-05-17","Espace Mittelland","FR",1.69187536022747,3.04836309675542
"2021-05-17","Espace Mittelland","JU",0.320649916858753,0.57654097169399
"2021-05-17","Espace Mittelland","NE",0.924908796937634,1.68700177622067
"2021-05-17","Espace Mittelland","SO",1.15661541901251,2.35772390882747
"2021-05-17","Lake Geneva","GE",3.820220495738,6.70953252020086
"2021-05-17","Lake Geneva","VD",5.38586011281423,9.66500600570593
"2021-05-17","Lake Geneva","VS",2.32940677518779,3.75069420794357
"2021-05-17","Northwestern","AG",3.71968097254173,6.88807226696196
"2021-05-17","Northwestern","BL",1.455354800412,2.6611361150594
"2021-05-17","Northwestern","BS",1.29203990674903,3.13105626330211
"2021-05-17","Ticino","TI",2.74729396750956,3.87308553253652
"2021-05-17","Zurich","ZH",10.5259892577971,22.8858521610685
"2021-05-18","9999","9999",0.00595014786446604,0.0176398493373331
"2021-05-18","Central","LU",2.74800745486735,5.2153115251774
"2021-05-18","Central","NW",0.283009937252923,0.476615813598115
"2021-05-18","Central","OW",0.182726909544765,0.305655424066736
"2021-05-18","Central","SZ",1.08059167810122,1.61195594320172
"2021-05-18","Central","UR",0.19580834782754,0.326728076454302
"2021-05-18","Central","ZG",1.0445444540625,1.98195093334856
"2021-05-18","Eastern","AI",0.0901419654496712,0.104921416000669
"2021-05-18","Eastern","AR",0.174791695169592,0.29073462665038
"2021-05-18","Eastern","GL",0.207125747681567,0.363877123324639
"2021-05-18","Eastern","GR",1.25319653375555,2.14754119533601
"2021-05-18","Eastern","SG",3.17123583805602,5.4328356788555
"2021-05-18","Eastern","SH",0.445729736634205,0.866323930172028
"2021-05-18","Eastern","TG",1.39849756433452,2.42821532987878
"2021-05-18","Espace Mittelland","BE",5.92663823731699,12.5077747890865
"2021-05-18","Espace Mittelland","FR",1.65303185800528,2.97878935572744
"2021-05-18","Espace Mittelland","JU",0.345607900200444,0.575419362776587
"2021-05-18","Espace Mittelland","NE",0.935203523877316,1.70114084620974
"2021-05-18","Espace Mittelland","SO",1.23106851812975,2.4430341628481
"2021-05-18","Lake Geneva","GE",3.98338191660482,6.85262262754223
"2021-05-18","Lake Geneva","VD",5.40360554437677,9.73284635113429
"2021-05-18","Lake Geneva","VS",2.19967736917545,3.62293275580671
"2021-05-18","Northwestern","AG",3.84116855144844,6.95659237537056
"2021-05-18","Northwestern","BL",1.47955655302191,2.68353430525844
"2021-05-18","Northwestern","BS",1.3176134416684,3.18880212847384
"2021-05-18","Ticino","TI",2.77292540863791,3.87159005397998
"2021-05-18","Zurich","ZH",10.7294456033235,23.0510685534168
"2021-05-19","9999","9999",0.00828874495847974,0.0197131264270774
"2021-05-19","Central","LU",2.86479410066408,5.26541005682139
"2021-05-19","Central","NW",0.316491368381911,0.485044874553141
"2021-05-19","Central","OW",0.177927974082298,0.300353272820833
"2021-05-19","Central","SZ",1.15372072337829,1.67412026774504
"2021-05-19","Central","UR",0.217665946509019,0.335768924091548
"2021-05-19","Central","ZG",1.10369152493505,2.01400175786707
"2021-05-19","Eastern","AI",0.089411721436149,0.106654811600291
"2021-05-19","Eastern","AR",0.181131675136088,0.298653865370223
"2021-05-19","Eastern","GL",0.213417149402135,0.372816006514848
"2021-05-19","Eastern","GR",1.32696707816833,2.21616326819165
"2021-05-19","Eastern","SG",3.30571936849753,5.54241347127084
"2021-05-19","Eastern","SH",0.455018002988292,0.863298984909942
"2021-05-19","Eastern","TG",1.41756040033284,2.42359294161312
"2021-05-19","Espace Mittelland","BE",6.23043441635853,12.7642153733836
"2021-05-19","Espace Mittelland","FR",1.76256786088234,3.07361629147149
"2021-05-19","Espace Mittelland","JU",0.365734836703884,0.602236012347215
"2021-05-19","Espace Mittelland","NE",1.02094174308388,1.7692530968302
"2021-05-19","Espace Mittelland","SO",1.26232199543441,2.44847226669005
"2021-05-19","Lake Geneva","GE",4.27739294491223,6.87311748139659
"2021-05-19","Lake Geneva","VD",5.82695537122225,10.1495750461729
"2021-05-19","Lake Geneva","VS",2.43062913895809,3.82672569728387
"2021-05-19","Northwestern","AG",4.07308843221874,7.1252415707691
"2021-05-19","Northwestern","BL",1.48329554679401,2.69814920933369
"2021-05-19","Northwestern","BS",1.35969791372039,3.22397986270147
"2021-05-19","Ticino","TI",2.89838517256127,4.02854732611833
"2021-05-19","Zurich","ZH",11.0739822053715,23.2400426619246
"2021-05-20","9999","9999",0.00859616830538523,0.0217184272187974
"2021-05-20","Central","LU",3.01814112203264,5.50879919189777
"2021-05-20","Central","NW",0.313394234019491,0.498946027499132
"2021-05-20","Central","OW",0.197475425565504,0.322717474870862
"2021-05-20","Central","SZ",1.183266936733,1.71759111033165
"2021-05-20","Central","UR",0.225722283427244,0.355855920157759
"2021-05-20","Central","ZG",1.17082877545967,2.12986735784966
"2021-05-20","Eastern","AI",0.0894049819632556,0.115831611833586
"2021-05-20","Eastern","AR",0.196706412939753,0.307932630050554
"2021-05-20","Eastern","GL",0.214657306399037,0.386751147609851
"2021-05-20","Eastern","GR",1.37508472165529,2.26632977613366
"2021-05-20","Eastern","SG",3.49159813097225,5.71782630832281
"2021-05-20","Eastern","SH",0.484229341685821,0.914723054365404
"2021-05-20","Eastern","TG",1.57023565563599,2.55801607095638
"2021-05-20","Espace Mittelland","BE",6.52104234763261,13.2793057716635
"2021-05-20","Espace Mittelland","FR",1.76405138294747,3.15083736602721
"2021-05-20","Espace Mittelland","JU",0.378910161600616,0.613044243733095
"2021-05-20","Espace Mittelland","NE",1.0423707058069,1.82890229834661
"2021-05-20","Espace Mittelland","SO",1.38664397499327,2.6441420405533
"2021-05-20","Lake Geneva","GE",4.45368378315647,7.3541857425153
"2021-05-20","Lake Geneva","VD",5.86102857584674,10.2366526839422
"2021-05-20","Lake Geneva","VS",2.32927121818972,3.7382205572561
"2021-05-20","Northwestern","AG",4.14186667977855,7.35330205064098
"2021-05-20","Northwestern","BL",1.59876255993877,2.83148471790856
"2021-05-20","Northwestern","BS",1.45308679352041,3.34334624203233
"2021-05-20","Ticino","TI",3.11298976931176,4.13999446672934
"2021-05-20","Zurich","ZH",11.7652815775858,24.3110772135972
"2021-05-21","9999","9999",0.00978854200871074,0.0249133132259444
"2021-05-21","Central","LU",4.21316113166864,6.51399869893366
"2021-05-21","Central","NW",0.427950071212262,0.585071997096053
"2021-05-21","Central","OW",0.260008030115239,0.387634839484169
"2021-05-21","Central","SZ",1.61030239764247,2.06834880813758
"2021-05-21","Central","UR",0.346398031929806,0.455033338975366
"2021-05-21","Central","ZG",1.55654338458138,2.41084738573354
"2021-05-21","Eastern","AI",0.146994796003028,0.152198931276642
"2021-05-21","Eastern","AR",0.278284341039932,0.367139985629811
"2021-05-21","Eastern","GL",0.305501206943261,0.476649801747127
"2021-05-21","Eastern","GR",1.89603091529753,2.73407468283959
"2021-05-21","Eastern","SG",4.56028243709381,6.71683997223848
"2021-05-21","Eastern","SH",0.61077486171285,1.03826997602476
"2021-05-21","Eastern","TG",2.07673858712852,3.00322683486722
"2021-05-21","Espace Mittelland","BE",8.93452821381251,15.1483480739936
"2021-05-21","Espace Mittelland","FR",2.49472987513213,3.81544163181182
"2021-05-21","Espace Mittelland","JU",0.504313245029687,0.740533790677866
"2021-05-21","Espace Mittelland","NE",1.43083146803769,2.13680094024815
"2021-05-21","Espace Mittelland","SO",1.79693222170068,2.95170080096472
"2021-05-21","Lake Geneva","GE",5.08578158131193,7.58669866990778
"2021-05-21","Lake Geneva","VD",7.7752081397701,11.7855266225772
"2021-05-21","Lake Geneva","VS",3.34434008042811,4.72132776743405
"2021-05-21","Northwestern","AG",5.55662092572186,8.50849125926772
"2021-05-21","Northwestern","BL",2.17134399856811,3.27258291578892
"2021-05-21","Northwestern","BS",1.68188707762933,3.55125174953997
"2021-05-21","Ticino","TI",3.75840880723873,4.45251549689654
"2021-05-21","Zurich","ZH",14.5670362857019,26.2055766395373
"2021-05-22","9999","9999",0.0110149106941325,0.0251512302690298
"2021-05-22","Central","LU",5.14748999649387,7.22757988744485
"2021-05-22","Central","NW",0.517733705036345,0.673135291186669
"2021-05-22","Central","OW",0.329669692951064,0.464516032549771
"2021-05-22","Central","SZ",1.91329337610417,2.45832882990359
"2021-05-22","Central","UR",0.322438211124284,0.469104432666418
"2021-05-22","Central","ZG",1.79974027536061,2.52599923458688
"2021-05-22","Eastern","AI",0.180092492275364,0.196961323525713
"2021-05-22","Eastern","AR",0.310543628870628,0.40894540891482
"2021-05-22","Eastern","GL",0.356747704566273,0.539561865568714
"2021-05-22","Eastern","GR",2.52561371525732,3.29389348521957
"2021-05-22","Eastern","SG",5.71836687322805,7.54615080813622
"2021-05-22","Eastern","SH",0.780709676050768,1.26918546041366
"2021-05-22","Eastern","TG",2.56107471871894,3.643257668916
"2021-05-22","Espace Mittelland","BE",10.4192142928266,16.2379061668777
"2021-05-22","Espace Mittelland","FR",2.70577637480479,3.92478150718408
"2021-05-22","Espace Mittelland","JU",0.595483342327586,0.804907344906978
"2021-05-22","Espace Mittelland","NE",1.74929481950268,2.45425025202212
"2021-05-22","Espace Mittelland","SO",2.23003611390214,3.42434000112841
"2021-05-22","Lake Geneva","GE",6.06159954195394,7.58292598536742
"2021-05-22","Lake Geneva","VD",9.960451410286,13.3994538784217
"2021-05-22","Lake Geneva","VS",3.7784546781824,4.98290056223196
"2021-05-22","Northwestern","AG",7.31329650578851,10.1378831229127
"2021-05-22","Northwestern","BL",2.55722669116196,3.47386073423919
"2021-05-22","Northwestern","BS",2.41014356146337,4.14944317215473
"2021-05-22","Ticino","TI",4.44638969197895,4.97287405827336
"2021-05-22","Zurich","ZH",19.8950228843873,30.0141186770997
"2021-05-23","9999","9999",0.00819705523254927,0.0209706879405289
"2021-05-23","Central","LU",0.904305617403131,2.10529392611384
"2021-05-23","Central","NW",0.163219890982897,0.231867152561245
"2021-05-23","Central","OW",0.111476485483698,0.20386091777519
"2021-05-23","Central","SZ",0.388097257540874,0.738256584694049
"2021-05-23","Central","UR",0.116726487875408,0.182890229834661
"2021-05-23","Central","ZG",0.252676775894282,0.684555309254769
"2021-05-23","Eastern","AI",0.0394482494967119,0.0680782624714415
"2021-05-23","Eastern","AR",0.0686048657106768,0.104037724126352
"2021-05-23","Eastern","GL",0.0651199512414604,0.144891479239019
"2021-05-23","Eastern","GR",0.643468040802766,1.00723879597662
"2021-05-23","Eastern","SG",0.774779159201767,1.78461574018371
"2021-05-23","Eastern","SH",0.183483300833423,0.411698448984808
"2021-05-23","Eastern","TG",0.305089903295691,0.554142781494948
"2021-05-23","Espace Mittelland","BE",2.05231444366119,5.46998472572583
"2021-05-23","Espace Mittelland","FR",0.623071509719505,1.39069309313229
"2021-05-23","Espace Mittelland","JU",0.0959705991689412,0.201957581430507
"2021-05-23","Espace Mittelland","NE",0.276392875273617,0.567228218864646
"2021-05-23","Espace Mittelland","SO",0.332832976747601,0.866629823513137
"2021-05-23","Lake Geneva","GE",0.858304618747177,1.86353622219005
"2021-05-23","Lake Geneva","VD",1.84178949538763,3.88691870918448
"2021-05-23","Lake Geneva","VS",0.882426092917626,1.67534384110948
"2021-05-23","Northwestern","AG",0.935286543531785,2.36513332531213
"2021-05-23","Northwestern","BL",0.294569327651661,0.8052472263971
"2021-05-23","Northwestern","BS",0.431878870627406,1.28206696888929
"2021-05-23","Ticino","TI",1.73842649332299,2.15984490527843
"2021-05-23","Zurich","ZH",2.99646147519731,8.03945480289932
"2021-05-24","9999","9999",0.00602930240577605,0.0151587144594423
"2021-05-24","Central","LU",2.04217880117637,3.1900596899873
"2021-05-24","Central","NW",0.338368774299819,0.317041453985824
"2021-05-24","Central","OW",0.111156444715722,0.150125654186898
"2021-05-24","Central","SZ",0.364299062688129,0.56481506028478
"2021-05-24","Central","UR",0.183400555300455,0.167969432418304
"2021-05-24","Central","ZG",0.226990114947643,0.584086340774699
"2021-05-24","Eastern","AI",0.0404997090846415,0.0478893019581932
"2021-05-24","Eastern","AR",0.0772667174436281,0.0895587726471534
"2021-05-24","Eastern","GL",0.0698954453996043,0.145163384431117
"2021-05-24","Eastern","GR",0.873606174895384,0.982903281283882
"2021-05-24","Eastern","SG",0.705761995174075,1.52409657800518
"2021-05-24","Eastern","SH",0.136195568021592,0.332540049935388
"2021-05-24","Eastern","TG",0.362850941456784,0.698898308137918
"2021-05-24","Espace Mittelland","BE",2.0393150421115,4.66545125045799
"2021-05-24","Espace Mittelland","FR",1.47651821380535,2.41873263630437
"2021-05-24","Espace Mittelland","JU",0.0854844179411943,0.18703678401415
"2021-05-24","Espace Mittelland","NE",0.28822156655057,0.516891770177574
"2021-05-24","Espace Mittelland","SO",0.562545310081288,1.15705855682241
"2021-05-24","Lake Geneva","GE",0.782478586010185,1.71925652963325
"2021-05-24","Lake Geneva","VD",1.60154680418836,3.16412673229098
"2021-05-24","Lake Geneva","VS",2.59217266340017,3.75725392070293
"2021-05-24","Northwestern","AG",0.851299843233438,2.19797960847012
"2021-05-24","Northwestern","BL",0.287010775798425,0.811433069517321
"2021-05-24","Northwestern","BS",0.381608104569771,1.1946494496299
"2021-05-24","Ticino","TI",2.1339275963742,2.34660978410048
"2021-05-24","Zurich","ZH",2.63923539728431,7.47409593223035
"2021-05-25","9999","9999",0.00836674035744433,0.0219563442618828
"2021-05-25","Central","LU",3.19006534966506,5.718336130558
"2021-05-25","Central","NW",0.31347235081512,0.512779204147098
"2021-05-25","Central","OW",0.202171514556966,0.336448687071792
"2021-05-25","Central","SZ",1.27397534293549,1.89551907041053
"2021-05-25","Central","UR",0.231890945287906,0.381075126724814
"2021-05-25","Central","ZG",1.20538553432724,2.21976601198694
"2021-05-25","Eastern","AI",0.0891646713917407,0.119298403032831
"2021-05-25","Eastern","AR",0.224351029780689,0.355278121624552
"2021-05-25","Eastern","GL",0.255297925683053,0.42808073680869
"2021-05-25","Eastern","GR",1.56224038907208,2.53075757544859
"2021-05-25","Eastern","SG",3.76568221007499,6.18917395882404
"2021-05-25","Eastern","SH",0.533785034396981,1.01335666279882
"2021-05-25","Eastern","TG",1.80590929357922,3.00319284671821
"2021-05-25","Espace Mittelland","BE",7.21053362226105,14.1092623823925
"2021-05-25","Espace Mittelland","FR",2.02854098631587,3.30290034470781
"2021-05-25","Espace Mittelland","JU",0.425290395604592,0.667935104387802
"2021-05-25","Espace Mittelland","NE",1.27880204298995,2.02681529004467
"2021-05-25","Espace Mittelland","SO",1.48211845732236,2.7781233239594
"2021-05-25","Lake Geneva","GE",4.84219718454741,7.5811925897678
"2021-05-25","Lake Geneva","VD",6.9133539922,11.3617283925441
"2021-05-25","Lake Geneva","VS",2.43731494669373,3.81105716058925
"2021-05-25","Northwestern","AG",4.70086109042941,8.06300859016478
"2021-05-25","Northwestern","BL",1.83085653527411,3.12306904828424
"2021-05-25","Northwestern","BS",1.60283675731386,3.59190157575856
"2021-05-25","Ticino","TI",3.33398564199355,3.82492432538622
"2021-05-25","Zurich","ZH",13.0163774321298,26.4031497497453
"2021-05-26","9999","9999",0.00874153102113388,0.0217184272187974
"2021-05-26","Central","LU",3.17311486262223,5.69444246180242
"2021-05-26","Central","NW",0.326682563546837,0.516110042750294
"2021-05-26","Central","OW",0.194696229067549,0.329956950610461
"2021-05-26","Central","SZ",1.26123551095075,1.81238405792668
"2021-05-26","Central","UR",0.216643727853161,0.351403472637161
"2021-05-26","Central","ZG",1.16297128236196,2.15576632739696
"2021-05-26","Eastern","AI",0.0900335386481182,0.117734948178269
"2021-05-26","Eastern","AR",0.217533522328099,0.332642014382425
"2021-05-26","Eastern","GL",0.252769260572564,0.417272505422809
"2021-05-26","Eastern","GR",1.44164010621864,2.34168150249371
"2021-05-26","Eastern","SG",3.69174441238663,6.03432395192444
"2021-05-26","Eastern","SH",0.501075850527451,0.965773254181732
"2021-05-26","Eastern","TG",1.72689381019045,2.874479726409
"2021-05-26","Espace Mittelland","BE",7.00121065369139,13.7214576021633
"2021-05-26","Espace Mittelland","FR",2.05832572062029,3.36598234927446
"2021-05-26","Espace Mittelland","JU",0.440117784213098,0.666405637682253
"2021-05-26","Espace Mittelland","NE",1.23272586847047,1.95401267486053
"2021-05-26","Espace Mittelland","SO",1.46024492434965,2.73757546218784
"2021-05-26","Lake Geneva","GE",4.72683144363304,7.41832137970133
"2021-05-26","Lake Geneva","VD",6.88680670330609,11.1850579939787
"2021-05-26","Lake Geneva","VS",2.57083717610885,3.97756510260003
"2021-05-26","Northwestern","AG",4.63802281691037,7.88654212049343
"2021-05-26","Northwestern","BL",1.70545075762229,2.94096054587686
"2021-05-26","Northwestern","BS",1.49403302303341,3.38858446836757
"2021-05-26","Ticino","TI",3.02811751558969,3.83648029605037
"2021-05-26","Zurich","ZH",12.4379128409307,25.2010229073327
"2021-05-27","9999","9999",0.00923187564539215,0.0230439650302732
"2021-05-27","Central","LU",3.39423292300491,5.82366540434681
"2021-05-27","Central","NW",0.365062538059568,0.516993734624611
"2021-05-27","Central","OW",0.214368981488681,0.326830040901339
"2021-05-27","Central","SZ",1.2860739264099,1.79970647834513
"2021-05-27","Central","UR",0.265441670416225,0.355448062369613
"2021-05-27","Central","ZG",1.22401652322952,2.18717137708424
"2021-05-27","Eastern","AI",0.0921394849085482,0.115219825151366
"2021-05-27","Eastern","AR",0.225923535600944,0.328835341693058
"2021-05-27","Eastern","GL",0.249726269122535,0.419583699555639
"2021-05-27","Eastern","GR",1.53126765134425,2.41801888517512
"2021-05-27","Eastern","SG",3.92290576763659,6.19671932790475
"2021-05-27","Eastern","SH",0.558928316041038,0.992895797093469
"2021-05-27","Eastern","TG",1.7930656713623,2.90843388727219
"2021-05-27","Espace Mittelland","BE",7.24274435142593,14.0151152096287
"2021-05-27","Espace Mittelland","FR",2.16937454131886,3.47637585726609
"2021-05-27","Espace Mittelland","JU",0.453623288457307,0.686934479685623
"2021-05-27","Espace Mittelland","NE",1.29014226150089,2.03167559535341
"2021-05-27","Espace Mittelland","SO",1.61336861109963,2.91142484438526
"2021-05-27","Lake Geneva","GE",5.11115628024282,7.83702138738265
"2021-05-27","Lake Geneva","VD",6.99257924902512,11.2664935990119
"2021-05-27","Lake Geneva","VS",2.69608480915095,4.06151583066017
"2021-05-27","Northwestern","AG",4.69832549787699,8.01138059181524
"2021-05-27","Northwestern","BL",1.73065297538898,2.97858542683337
"2021-05-27","Northwestern","BS",1.58199392901546,3.55108180879491
"2021-05-27","Ticino","TI",3.49169962249984,4.1457384639124
"2021-05-27","Zurich","ZH",12.5367973594831,25.15466307208
"2021-05-28","9999","9999",0.0122905507612771,0.0302834407698724
"2021-05-28","Central","LU",4.47883869930022,7.17000396301817
"2021-05-28","Central","NW",0.454121093102403,0.635272493187076
"2021-05-28","Central","OW",0.282914856252428,0.419005901022431
"2021-05-28","Central","SZ",1.66250116594643,2.21524558816832
"2021-05-28","Central","UR",0.333267541562508,0.467031155576674
"2021-05-28","Central","ZG",1.66547754978784,2.71575507052201
"2021-05-28","Eastern","AI",0.146768093606008,0.167357645736085
"2021-05-28","Eastern","AR",0.294398311079478,0.408129693338527
"2021-05-28","Eastern","GL",0.307617569820714,0.490177085053983
"2021-05-28","Eastern","GR",1.91030117153616,2.84820688722256
"2021-05-28","Eastern","SG",4.82846659130701,7.30330548344403
"2021-05-28","Eastern","SH",0.672556028741044,1.18639032941994
"2021-05-28","Eastern","TG",2.23629309379427,3.46380024213157
"2021-05-28","Espace Mittelland","BE",9.46143556325548,16.6873314612661
"2021-05-28","Espace Mittelland","FR",2.88058647135912,4.27319402270816
"2021-05-28","Espace Mittelland","JU",0.574982836959146,0.830432444815142
"2021-05-28","Espace Mittelland","NE",1.58979300682139,2.38049596866565
"2021-05-28","Espace Mittelland","SO",2.01048374937843,3.3349171810773
"2021-05-28","Lake Geneva","GE",6.06325825115409,8.46182553067396
"2021-05-28","Lake Geneva","VD",8.97542553221776,13.4052658519028
"2021-05-28","Lake Geneva","VS",3.7221451681913,5.06386033317903
"2021-05-28","Northwestern","AG",6.0457987674769,9.47776529279771
"2021-05-28","Northwestern","BL",2.26557995296521,3.56087039571042
"2021-05-28","Northwestern","BS",1.99717293013997,4.15651270714927
"2021-05-28","Ticino","TI",3.99466893596454,4.53561652123138
"2021-05-28","Zurich","ZH",16.5061068650844,30.1825979317532
"2021-05-29","9999","9999",0.0119555899516253,0.0273264718058107
"2021-05-29","Central","LU",5.23366664171247,7.52619976466606
"2021-05-29","Central","NW",0.548742160795701,0.709366658033677
"2021-05-29","Central","OW",0.315525853716463,0.451022737391926
"2021-05-29","Central","SZ",2.01555091664526,2.55760821316823
"2021-05-29","Central","UR",0.332202673517177,0.482087905589079
"2021-05-29","Central","ZG",1.85121284098517,2.62735189494127
"2021-05-29","Eastern","AI",0.176525098562637,0.213853433584778
"2021-05-29","Eastern","AR",0.313349787176179,0.423968170778213
"2021-05-29","Eastern","GL",0.372532493843809,0.554414686687046
"2021-05-29","Eastern","GR",2.30852953680903,3.06984360693114
"2021-05-29","Eastern","SG",5.88731543365099,7.9499640065502
"2021-05-29","Eastern","SH",0.777914020514713,1.29039406539728
"2021-05-29","Eastern","TG",2.76182129097544,3.89993617025616
"2021-05-29","Espace Mittelland","BE",10.6005088979506,16.829265971541
"2021-05-29","Espace Mittelland","FR",2.99032004534972,4.1443449498029
"2021-05-29","Espace Mittelland","JU",0.643553801672241,0.871422152523858
"2021-05-29","Espace Mittelland","NE",1.81892369349101,2.51699237509865
"2021-05-29","Espace Mittelland","SO",2.31428931120735,3.57626702721295
"2021-05-29","Lake Geneva","GE",6.57756707824587,7.94999799469921
"2021-05-29","Lake Geneva","VD",10.6307820501968,14.1627257407887
"2021-05-29","Lake Geneva","VS",3.85900624447604,5.03643189692618
"2021-05-29","Northwestern","AG",7.4887208381373,10.4907140978084
"2021-05-29","Northwestern","BL",2.64009638158953,3.62150525354819
"2021-05-29","Northwestern","BS",2.40403985856631,4.22160001250764
"2021-05-29","Ticino","TI",4.23536602271127,4.92977708532589
"2021-05-29","Zurich","ZH",20.2312827871587,30.9848881891862
"2021-05-30","9999","9999",0.0111314867362964,0.0281421873821036
"2021-05-30","Central","LU",0.961429358319513,2.3115680024689
"2021-05-30","Central","NW",0.184157851190065,0.291176472587538
"2021-05-30","Central","OW",0.114739204896568,0.195465844969176
"2021-05-30","Central","SZ",0.499033719752362,0.91404329138516
"2021-05-30","Central","UR",0.139620453798198,0.224627676821646
"2021-05-30","Central","ZG",0.296430643968931,0.767112523205409
"2021-05-30","Eastern","AI",0.0588748094821306,0.10169254184451
"2021-05-30","Eastern","AR",0.0911347865326002,0.137685991648432
"2021-05-30","Eastern","GL",0.0845504233322948,0.210760512024667
"2021-05-30","Eastern","GR",0.735707901172792,1.08765475653949
"2021-05-30","Eastern","SG",0.900805767228153,2.06865470147869
"2021-05-30","Eastern","SH",0.184047560362308,0.432057350243117
"2021-05-30","Eastern","TG",0.476436784055584,0.984466736138443
"2021-05-30","Espace Mittelland","BE",2.13730002312763,5.93416087678548
"2021-05-30","Espace Mittelland","FR",0.653462005548008,1.48609782740954
"2021-05-30","Espace Mittelland","JU",0.107434826330734,0.221636719708572
"2021-05-30","Espace Mittelland","NE",0.319399053459242,0.617054845316535
"2021-05-30","Espace Mittelland","SO",0.38026250086363,0.984058878350297
"2021-05-30","Lake Geneva","GE",0.930413783233184,1.98572361788891
"2021-05-30","Lake Geneva","VD",1.91264808234369,3.98820339324084
"2021-05-30","Lake Geneva","VS",0.850879783361935,1.67299865882764
"2021-05-30","Northwestern","AG",1.0769343921164,2.71827019354891
"2021-05-30","Northwestern","BL",0.349565870059274,0.971109393576648
"2021-05-30","Northwestern","BS",0.435654725909299,1.33270931091747
"2021-05-30","Ticino","TI",1.36375464955589,1.62228834050143
"2021-05-30","Zurich","ZH",3.38313697416315,9.21581862836066
"2021-05-31","9999","9999",0.0101352469666527,0.0245054554377979
"2021-05-31","Central","LU",3.06951267388423,5.76112721016436
"2021-05-31","Central","NW",0.313592145826905,0.536332991412554
"2021-05-31","Central","OW",0.19438097759379,0.338759881204622
"2021-05-31","Central","SZ",1.15687170303547,1.81941960477221
"2021-05-31","Central","UR",0.214758954567482,0.366494210798579
"2021-05-31","Central","ZG",1.12875154413131,2.20844795836588
"2021-05-31","Eastern","AI",0.0894864117130206,0.131806041869321
"2021-05-31","Eastern","AR",0.210573420786916,0.34661114362644
"2021-05-31","Eastern","GL",0.21623138645991,0.39861301161511
"2021-05-31","Eastern","GR",1.51352153447796,2.46944295463058
"2021-05-31","Eastern","SG",3.37260012353403,5.96777515615855
"2021-05-31","Eastern","SH",0.471038756053547,0.980931968641174
"2021-05-31","Eastern","TG",1.58448022669002,2.86972138554729
"2021-05-31","Espace Mittelland","BE",6.48427277427958,13.6353996088644
"2021-05-31","Espace Mittelland","FR",2.05352158468136,3.44320342383018
"2021-05-31","Espace Mittelland","JU",0.3965560988065,0.664026467251399
"2021-05-31","Espace Mittelland","NE",1.18234757629621,1.93423157213543
"2021-05-31","Espace Mittelland","SO",1.35510523510702,2.71745447797262
"2021-05-31","Lake Geneva","GE",4.84102548352125,7.39786051399598
"2021-05-31","Lake Geneva","VD",6.59446617142336,11.0832294995381
"2021-05-31","Lake Geneva","VS",2.67898113909756,4.0928189159004
"2021-05-31","Northwestern","AG",4.11787112919344,7.73230390027605
"2021-05-31","Northwestern","BL",1.56008626399991,2.94096054587686
"2021-05-31","Northwestern","BS",1.44863244444829,3.54846472132097
"2021-05-31","Ticino","TI",2.96535908974776,3.77628728414976
"2021-05-31","Zurich","ZH",12.2842447018883,25.9498158182205
"2021-06-01","9999","9999",0.00935472906991981,0.0229420005832366
"2021-06-01","Central","LU",3.20512887045021,5.97936511497171
"2021-06-01","Central","NW",0.348166992797501,0.554516651134083
"2021-06-01","Central","OW",0.219833953877186,0.361701881787858
"2021-06-01","Central","SZ",1.20640120931128,1.83801112228188
"2021-06-01","Central","UR",0.239736478856145,0.384473941626034
"2021-06-01","Central","ZG",1.21012623463492,2.28600891441172
"2021-06-01","Eastern","AI",0.101817281831015,0.139317422801018
"2021-06-01","Eastern","AR",0.217982662574795,0.354972228283442
"2021-06-01","Eastern","GL",0.223321844522694,0.407042072570136
"2021-06-01","Eastern","GR",1.43703085500254,2.40996369385923
"2021-06-01","Eastern","SG",3.43735026529107,6.04615182778069
"2021-06-01","Eastern","SH",0.489444323097818,0.987491681400529
"2021-06-01","Eastern","TG",1.63237421052861,2.88399640813241
"2021-06-01","Espace Mittelland","BE",6.61070461220429,14.0062443027365
"2021-06-01","Espace Mittelland","FR",2.1255662170501,3.48568861009543
"2021-06-01","Espace Mittelland","JU",0.419405069642976,0.683127806996257
"2021-06-01","Espace Mittelland","NE",1.15486607741222,1.99105975728383
"2021-06-01","Espace Mittelland","SO",1.4291855759757,2.80602759429842
"2021-06-01","Lake Geneva","GE",4.81254326493909,7.52657363430519
"2021-06-01","Lake Geneva","VD",6.58949706524934,11.0279307810952
"2021-06-01","Lake Geneva","VS",2.81082435474139,4.23094675348599
"2021-06-01","Northwestern","AG",4.31091734262842,7.94921626727193
"2021-06-01","Northwestern","BL",1.58179096554039,2.96505814352652
"2021-06-01","Northwestern","BS",1.52886762362195,3.59145972982141
"2021-06-01","Ticino","TI",2.97092537744289,3.7580016599812
"2021-06-01","Zurich","ZH",12.3573655900927,26.2568987445458
"2021-06-02","9999","9999",0.0125627534113765,0.0295696896406161
"2021-06-02","Central","LU",3.62794319702823,6.37165633087055
"2021-06-02","Central","NW",0.45136405345374,0.655189548508226
"2021-06-02","Central","OW",0.279112614818091,0.430799788729666
"2021-06-02","Central","SZ",1.4970809956627,2.14346261745455
"2021-06-02","Central","UR",0.287621577242092,0.439398790429753
"2021-06-02","Central","ZG",1.49814374905646,2.61056174932924
"2021-06-02","Eastern","AI",0.123337154991707,0.157603046969583
"2021-06-02","Eastern","AR",0.22728718824989,0.364284981112786
"2021-06-02","Eastern","GL",0.246509414152737,0.432907053968422
"2021-06-02","Eastern","GR",1.62891054439171,2.57766122108543
"2021-06-02","Eastern","SG",3.67030156736761,6.30724878849243
"2021-06-02","Eastern","SH",0.535202493180474,1.04448980729399
"2021-06-02","Eastern","TG",1.70560215492707,3.01393310180606
"2021-06-02","Espace Mittelland","BE",7.10824942144601,14.364139511835
"2021-06-02","Espace Mittelland","FR",2.58276083482168,3.94775749591632
"2021-06-02","Espace Mittelland","JU",0.523341573047093,0.810005567258808
"2021-06-02","Espace Mittelland","NE",1.27305214871372,2.0561470626422
"2021-06-02","Espace Mittelland","SO",1.71787794228753,3.15542576614386
"2021-06-02","Lake Geneva","GE",4.82608663319458,7.48874482445461
"2021-06-02","Lake Geneva","VD",7.11697039727062,11.5059061206538
"2021-06-02","Lake Geneva","VS",3.3068598705809,4.64917092708115
"2021-06-02","Northwestern","AG",4.85530971212437,8.61463624863283
"2021-06-02","Northwestern","BL",1.63195813716693,2.99884236364464
"2021-06-02","Northwestern","BS",1.58069078281374,3.65080303799671
"2021-06-02","Ticino","TI",3.83072259167687,4.58347183504056
"2021-06-02","Zurich","ZH",13.0854741188048,26.7579520372836
"2021-06-03","9999","9999",0.0104632255100821,0.0262048628884081
"2021-06-03","Central","LU",0.96532655935768,2.35639837101599
"2021-06-03","Central","NW",0.159392837636735,0.26667101714974
"2021-06-03","Central","OW",0.103573456888718,0.174970991114818
"2021-06-03","Central","SZ",0.414138259687257,0.741757364042306
"2021-06-03","Central","UR",0.12460802142872,0.210658547577631
"2021-06-03","Central","ZG",0.308658922157314,0.803071984860319
"2021-06-03","Eastern","AI",0.0338131142286967,0.0532934176511334
"2021-06-03","Eastern","AR",0.250782286959417,0.367275938225859
"2021-06-03","Eastern","GL",0.265324745848153,0.470124077136784
"2021-06-03","Eastern","GR",1.6843923562598,2.60002542313546
"2021-06-03","Eastern","SG",4.31345463081812,7.00291822247419
"2021-06-03","Eastern","SH",0.627034844527703,1.17887894848824
"2021-06-03","Eastern","TG",1.86419229040563,3.1764304422334
"2021-06-03","Espace Mittelland","BE",8.46162786340417,16.0524328377181
"2021-06-03","Espace Mittelland","FR",0.75427841887204,1.52396062540913
"2021-06-03","Espace Mittelland","JU",0.114919463279344,0.212357955028241
"2021-06-03","Espace Mittelland","NE",1.345028560073,2.15953901193732
"2021-06-03","Espace Mittelland","SO",0.413195399205824,1.03239002624565
"2021-06-03","Lake Geneva","GE",5.3217771162173,8.09716667992205
"2021-06-03","Lake Geneva","VD",7.68877038599013,12.2851184249076
"2021-06-03","Lake Geneva","VS",0.959535284482921,1.71477009396364
"2021-06-03","Northwestern","AG",3.87614400349604,6.65372397952282
"2021-06-03","Northwestern","BL",1.9133376623906,3.29521902303105
"2021-06-03","Northwestern","BS",1.81270766735107,4.07640263992751
"2021-06-03","Ticino","TI",2.1512519577317,2.68768085943793
"2021-06-03","Zurich","ZH",14.7442126891179,29.1837881967316
"2021-06-04","9999","9999",0.0104017322254538,0.0214465220266997
"2021-06-04","Central","LU",5.23224852112136,7.70592909664258
"2021-06-04","Central","NW",0.548191074762931,0.711711840315519
"2021-06-04","Central","OW",0.299341031101054,0.432771101372373
"2021-06-04","Central","SZ",1.86286025179775,2.42233538009967
"2021-06-04","Central","UR",0.372823787098414,0.519848739141636
"2021-06-04","Central","ZG",1.84168325764206,2.81228141371667
"2021-06-04","Eastern","AI",0.161830741118374,0.187376665504272
"2021-06-04","Eastern","AR",0.285199142045129,0.405750522907673
"2021-06-04","Eastern","GL",0.317436363095027,0.509244436649829
"2021-06-04","Eastern","GR",2.3442520482662,3.2920241370239
"2021-06-04","Eastern","SG",4.99064020359834,7.6171180632737
"2021-06-04","Eastern","SH",0.681246792460266,1.20073332830309
"2021-06-04","Eastern","TG",2.20965313616907,3.51264121226211
"2021-06-04","Espace Mittelland","BE",9.82560146163464,17.188486718451
"2021-06-04","Espace Mittelland","FR",3.12375288765952,4.36978834220084
"2021-06-04","Espace Mittelland","JU",0.627949932585104,0.869246910987077
"2021-06-04","Espace Mittelland","NE",1.62168192126058,2.42668586317323
"2021-06-04","Espace Mittelland","SO",2.19373233171895,3.47569609428584
"2021-06-04","Lake Geneva","GE",5.8516830690073,8.6064790928699
"2021-06-04","Lake Geneva","VD",8.96947222020797,13.5307840862048
"2021-06-04","Lake Geneva","VS",4.4672758784667,5.71707856904455
"2021-06-04","Northwestern","AG",6.42501634459237,9.84048681905593
"2021-06-04","Northwestern","BL",2.21630201582255,3.51294710560322
"2021-06-04","Northwestern","BS",1.98704484557653,4.24291058193829
"2021-06-04","Ticino","TI",4.22415268721092,4.64563615958388
"2021-06-04","Zurich","ZH",16.623098459779,30.6987079745034
"2021-06-05","9999","9999",0.0100923743639583,0.020154972364236
"2021-06-05","Central","LU",4.94370528865391,6.96077291769906
"2021-06-05","Central","NW",0.546630806509667,0.658452410813398
"2021-06-05","Central","OW",0.283032094102214,0.383964119390851
"2021-06-05","Central","SZ",1.92634102303797,2.35989915036425
"2021-06-05","Central","UR",0.332020977954534,0.448813507706133
"2021-06-05","Central","ZG",1.71447724969137,2.43124027514086
"2021-06-05","Eastern","AI",0.166590473290233,0.184657613583296
"2021-06-05","Eastern","AR",0.322755545921447,0.398239141975976
"2021-06-05","Eastern","GL",0.363144079157486,0.524301186662235
"2021-06-05","Eastern","GR",2.66080230969451,3.31364059979566
"2021-06-05","Eastern","SG",5.90635908506028,7.79083149287506
"2021-06-05","Eastern","SH",0.793252352020237,1.26333949878356
"2021-06-05","Eastern","TG",2.70815590998691,3.73577341052722
"2021-06-05","Espace Mittelland","BE",10.6950279572015,16.3255616031802
"2021-06-05","Espace Mittelland","FR",2.80126495089503,3.85027948454933
"2021-06-05","Espace Mittelland","JU",0.641944070152203,0.806674728655612
"2021-06-05","Espace Mittelland","NE",1.92748211252455,2.54343515503014
"2021-06-05","Espace Mittelland","SO",2.2388075907392,3.3610880558167
"2021-06-05","Lake Geneva","GE",6.70947027559005,8.23587231604084
"2021-06-05","Lake Geneva","VD",10.670514454041,14.0025056063452
"2021-06-05","Lake Geneva","VS",4.11061307324518,5.09196853241212
"2021-06-05","Northwestern","AG",7.36779963732707,10.2716944655737
"2021-06-05","Northwestern","BL",2.60671681401017,3.49483142217971
"2021-06-05","Northwestern","BS",2.5109804712436,4.16456789846516
"2021-06-05","Ticino","TI",3.9529247779235,4.64441258621944
"2021-06-05","Zurich","ZH",20.1916745564382,30.1941539024173
"2021-06-06","9999","9999",0.00793210897017303,0.0203249131092971
"2021-06-06","Central","LU",0.875380214842883,1.89558704670855
"2021-06-06","Central","NW",0.191997099543898,0.187138748461187
"2021-06-06","Central","OW",0.10644779312749,0.148732140077398
"2021-06-06","Central","SZ",0.423080745264462,0.610902990345326
"2021-06-06","Central","UR",0.159878498699354,0.214635161012058
"2021-06-06","Central","ZG",0.255774391927338,0.638671308088296
"2021-06-06","Eastern","AI",0.0392174391932037,0.0421792929241432
"2021-06-06","Eastern","AR",0.0899202598960045,0.0974100350689722
"2021-06-06","Eastern","GL",0.0766695907468204,0.161681624851047
"2021-06-06","Eastern","GR",0.960639191345959,1.11304390385161
"2021-06-06","Eastern","SG",0.850141503672423,1.65481499910611
"2021-06-06","Eastern","SH",0.15653100133839,0.333253801064645
"2021-06-06","Eastern","TG",0.387395056156863,0.692542524272637
"2021-06-06","Espace Mittelland","BE",2.04710882154043,5.16888371362673
"2021-06-06","Espace Mittelland","FR",0.651673217863776,1.36513400507511
"2021-06-06","Espace Mittelland","JU",0.112199982192284,0.189008096656858
"2021-06-06","Espace Mittelland","NE",0.329842722358266,0.561076363893438
"2021-06-06","Espace Mittelland","SO",0.373368568336671,0.859866181859709
"2021-06-06","Lake Geneva","GE",1.01460661898396,2.0781713832021
"2021-06-06","Lake Geneva","VD",1.93517611564328,3.80595893823742
"2021-06-06","Lake Geneva","VS",0.983205076908762,1.75909064027555
"2021-06-06","Northwestern","AG",1.04538420178347,2.43436718484999
"2021-06-06","Northwestern","BL",0.32270577328898,0.823906720204799
"2021-06-06","Northwestern","BS",0.418839619643573,1.26612652700256
"2021-06-06","Ticino","TI",1.58967592169644,1.79950254945106
"2021-06-06","Zurich","ZH",3.29884286226596,8.18084550279009
"2021-06-07","9999","9999",0.00861316383842265,0.0218543798148462
"2021-06-07","Central","LU",2.86740186157556,5.32234020641683
"2021-06-07","Central","NW",0.300313112934452,0.493270006614094
"2021-06-07","Central","OW",0.1797717231274,0.313744603531641
"2021-06-07","Central","SZ",1.06745492993167,1.67544580555652
"2021-06-07","Central","UR",0.218426042353957,0.355108180879491
"2021-06-07","Central","ZG",1.01981859680752,2.02212492548098
"2021-06-07","Eastern","AI",0.069313226996408,0.0977499165590942
"2021-06-07","Eastern","AR",0.180769364832719,0.299367616499479
"2021-06-07","Eastern","GL",0.192121397980336,0.363911111473651
"2021-06-07","Eastern","GR",1.48216573936519,2.40537529374258
"2021-06-07","Eastern","SG",3.1084232340575,5.54812348030489
"2021-06-07","Eastern","SH",0.420685824034117,0.880157106819994
"2021-06-07","Eastern","TG",1.42342804937368,2.60192875948014
"2021-06-07","Espace Mittelland","BE",6.06401827651064,12.9450323261285
"2021-06-07","Espace Mittelland","FR",1.92135077818023,3.30881428263593
"2021-06-07","Espace Mittelland","JU",0.375789116011301,0.619468003896401
"2021-06-07","Espace Mittelland","NE",1.023067727626,1.83892880230521
"2021-06-07","Espace Mittelland","SO",1.24153805626639,2.53320472217747
"2021-06-07","Lake Geneva","GE",4.36706568484125,7.22839560302114
"2021-06-07","Lake Geneva","VD",6.00348677849542,10.5384674471705
"2021-06-07","Lake Geneva","VS",2.67233679028088,4.07446531543381
"2021-06-07","Northwestern","AG",3.81489395862333,7.23033292751483
"2021-06-07","Northwestern","BL",1.40527886033689,2.67847007105562
"2021-06-07","Northwestern","BS",1.37565028130329,3.29919563646548
"2021-06-07","Ticino","TI",2.92115670798984,3.72081862496185
"2021-06-07","Zurich","ZH",10.785620366933,23.3698094148532
"2021-06-08","9999","9999",0.00685872749423809,0.0183536004665893
"2021-06-08","Central","LU",2.87852873132258,5.41006361901732
"2021-06-08","Central","NW",0.298813965943779,0.485894578278446
"2021-06-08","Central","OW",0.188834963141643,0.318570920691373
"2021-06-08","Central","SZ",1.11225052628097,1.68051003975934
"2021-06-08","Central","UR",0.232518127449244,0.353340797130856
"2021-06-08","Central","ZG",1.10531619999289,2.07300518455225
"2021-06-08","Eastern","AI",0.0865471047625842,0.109237910925219
"2021-06-08","Eastern","AR",0.188376573252312,0.304499827000322
"2021-06-08","Eastern","GL",0.21491769441246,0.384236024582948
"2021-06-08","Eastern","GR",1.40014936567286,2.32179843532157
"2021-06-08","Eastern","SG",3.27989397074341,5.65059774957668
"2021-06-08","Eastern","SH",0.460517291472652,0.926075096135479
"2021-06-08","Eastern","TG",1.45436208897767,2.64839055917983
"2021-06-08","Espace Mittelland","BE",6.25653924965434,13.0038658120686
"2021-06-08","Espace Mittelland","FR",1.86184372703706,3.22567927015208
"2021-06-08","Espace Mittelland","JU",0.372159817831695,0.616748951975425
"2021-06-08","Espace Mittelland","NE",1.06844405820638,1.84739185140925
"2021-06-08","Espace Mittelland","SO",1.31444064977181,2.59781619344967
"2021-06-08","Lake Geneva","GE",4.6099786679823,7.49523656091594
"2021-06-08","Lake Geneva","VD",5.99487277662841,10.4990411943164
"2021-06-08","Lake Geneva","VS",2.72757205727133,4.06219559364041
"2021-06-08","Northwestern","AG",4.0791044318997,7.47752873528058
"2021-06-08","Northwestern","BL",1.45760878403082,2.76350841988415
"2021-06-08","Northwestern","BS",1.45535237639473,3.43355078951071
"2021-06-08","Ticino","TI",2.8451140331149,3.68710238114174
"2021-06-08","Zurich","ZH",11.5340671406653,24.7360310406967
"2021-06-09","9999","9999",0.00759099609084335,0.0216844390697851
"2021-06-09","Central","LU",3.16340038041094,5.79137666278522
"2021-06-09","Central","NW",0.321510897247956,0.515226350875977
"2021-06-09","Central","OW",0.192501537929309,0.32747581573257
"2021-06-09","Central","SZ",1.17086648674611,1.76055213068307
"2021-06-09","Central","UR",0.233672680217529,0.362857478854273
"2021-06-09","Central","ZG",1.21727103532719,2.23342924788985
"2021-06-09","Eastern","AI",0.0920536966269236,0.115151848853342
"2021-06-09","Eastern","AR",0.205331540223667,0.327951649818741
"2021-06-09","Eastern","GL",0.224995258383343,0.402793553943611
"2021-06-09","Eastern","GR",1.45774688644282,2.40863815604775
"2021-06-09","Eastern","SG",3.48274340343546,6.07548360037822
"2021-06-09","Eastern","SH",0.4749099233812,0.951056385659448
"2021-06-09","Eastern","TG",1.57330260530517,2.79029108130577
"2021-06-09","Espace Mittelland","BE",6.59385396021198,13.7621754046799
"2021-06-09","Espace Mittelland","FR",1.96488906535874,3.37628075842515
"2021-06-09","Espace Mittelland","JU",0.407203044462308,0.66327872797313
"2021-06-09","Espace Mittelland","NE",1.13643888609757,1.95710559642064
"2021-06-09","Espace Mittelland","SO",1.39711324684046,2.72785485157035
"2021-06-09","Lake Geneva","GE",4.99471053586027,7.69974325352236
"2021-06-09","Lake Geneva","VD",6.4927103319687,11.1419950091802
"2021-06-09","Lake Geneva","VS",2.76991327543681,4.21561809828149
"2021-06-09","Northwestern","AG",4.35983901580482,7.93110058384842
"2021-06-09","Northwestern","BL",1.5235860659295,2.8778445531612
"2021-06-09","Northwestern","BS",1.56646111222128,3.57521339459357
"2021-06-09","Ticino","TI",2.82525322942834,3.8089838834995
"2021-06-09","Zurich","ZH",12.3285611338546,26.0221425993185
"2021-06-10","9999","9999",0.00988511501337339,0.0232139057753343
"2021-06-10","Central","LU",3.22707831941449,6.01393106251712
"2021-06-10","Central","NW",0.346008094095197,0.549010570994106
"2021-06-10","Central","OW",0.213783054613184,0.361192059552675
"2021-06-10","Central","SZ",1.20895731006796,1.84511464542543
"2021-06-10","Central","UR",0.245533020779737,0.384405965328009
"2021-06-10","Central","ZG",1.26785050135471,2.34559013963011
"2021-06-10","Eastern","AI",0.099936491139138,0.133199555978821
"2021-06-10","Eastern","AR",0.208804365934707,0.34382411540744
"2021-06-10","Eastern","GL",0.231945456306311,0.415912979462321
"2021-06-10","Eastern","GR",1.5299997924117,2.48351404832163
"2021-06-10","Eastern","SG",3.71870944678338,6.34582533762128
"2021-06-10","Eastern","SH",0.508066880805945,0.996668481633824
"2021-06-10","Eastern","TG",1.62754624559923,2.92192718243003
"2021-06-10","Espace Mittelland","BE",7.146605147954,14.5131095689555
"2021-06-10","Espace Mittelland","FR",2.08038259388465,3.58374441999564
"2021-06-10","Espace Mittelland","JU",0.434725661571389,0.698660391094833
"2021-06-10","Espace Mittelland","NE",1.2490661140607,2.1107320299558
"2021-06-10","Espace Mittelland","SO",1.56285701755565,2.95374008990545
"2021-06-10","Lake Geneva","GE",5.35173363071809,8.19012426747042
"2021-06-10","Lake Geneva","VD",6.98231721303239,11.7538496676979
"2021-06-10","Lake Geneva","VS",2.80264406399661,4.36509797763716
"2021-06-10","Northwestern","AG",4.46388597842561,8.12296368502231
"2021-06-10","Northwestern","BL",1.63289502179965,3.02192031682393
"2021-06-10","Northwestern","BS",1.59917629935167,3.71908522936223
"2021-06-10","Ticino","TI",3.16028959479779,4.04676497398887
"2021-06-10","Zurich","ZH",13.0803646702545,27.2620642634326
"2021-06-11","9999","9999",0.0133253868382057,0.0289579029583965
"2021-06-11","Central","LU",4.44133084234165,7.30231982712268
"2021-06-11","Central","NW",0.472993026971672,0.676534106087889
"2021-06-11","Central","OW",0.283005006981933,0.447012135808486
"2021-06-11","Central","SZ",1.6299258825979,2.26881091101155
"2021-06-11","Central","UR",0.348495962094354,0.51002616407711
"2021-06-11","Central","ZG",1.67649056512759,2.78271172407605
"2021-06-11","Eastern","AI",0.157080105864314,0.179729331976526
"2021-06-11","Eastern","AR",0.283963468892772,0.420161498088846
"2021-06-11","Eastern","GL",0.305789739402754,0.508530685520573
"2021-06-11","Eastern","GR",2.09578564547646,3.05288352057405
"2021-06-11","Eastern","SG",4.76827284230871,7.44014177136716
"2021-06-11","Eastern","SH",0.653721794410151,1.16433202071102
"2021-06-11","Eastern","TG",2.12676564350804,3.46906840522847
"2021-06-11","Espace Mittelland","BE",9.22331404380799,17.0527040631473
"2021-06-11","Espace Mittelland","FR",2.73336489072262,4.30864366212789
"2021-06-11","Espace Mittelland","JU",0.569243766566166,0.853170516504305
"2021-06-11","Espace Mittelland","NE",1.50215579133929,2.41237685243909
"2021-06-11","Espace Mittelland","SO",1.92956262422575,3.38882238541066
"2021-06-11","Lake Geneva","GE",5.84527186444291,8.72591344849878
"2021-06-11","Lake Geneva","VD",8.63850943348222,13.5029817803128
"2021-06-11","Lake Geneva","VS",3.66032883920662,5.26207921821819
"2021-06-11","Northwestern","AG",5.73557636984476,9.57357788486311
"2021-06-11","Northwestern","BL",2.15594838741703,3.53595708248448
"2021-06-11","Northwestern","BS",1.93785693385069,4.18268358188867
"2021-06-11","Ticino","TI",3.47815458993525,4.37359501489021
"2021-06-11","Zurich","ZH",16.2439977484913,31.0498395419485
"2021-06-12","9999","9999",0.0128486033961845,0.0267826614216155
"2021-06-12","Central","LU",4.76653751223311,7.31707068379397
"2021-06-12","Central","NW",0.534860918210615,0.724117514704973
"2021-06-12","Central","OW",0.344760136383592,0.497348584495558
"2021-06-12","Central","SZ",1.87189152924502,2.52960197838218
"2021-06-12","Central","UR",0.343479503389115,0.540819427082165
"2021-06-12","Central","ZG",1.76809245469722,2.65155145703796
"2021-06-12","Eastern","AI",0.172856554016188,0.22761863393472
"2021-06-12","Eastern","AR",0.327348193206645,0.43147955170991
"2021-06-12","Eastern","GL",0.353580446007978,0.568995602613281
"2021-06-12","Eastern","GR",2.42006695558629,3.33875784191568
"2021-06-12","Eastern","SG",5.35194240165295,7.66823623938805
"2021-06-12","Eastern","SH",0.748116504316315,1.27707071098449
"2021-06-12","Eastern","TG",2.5164796931556,3.76157041562748
"2021-06-12","Espace Mittelland","BE",9.91070412622603,16.784469591143
"2021-06-12","Espace Mittelland","FR",2.76297568710287,4.12850647236322
"2021-06-12","Espace Mittelland","JU",0.602661632835185,0.841648533989169
"2021-06-12","Espace Mittelland","NE",1.70482996640794,2.50764563412029
"2021-06-12","Espace Mittelland","SO",2.20530963791577,3.51362686858346
"2021-06-12","Lake Geneva","GE",6.13489844074482,7.90788667807309
"2021-06-12","Lake Geneva","VD",9.65053458372263,13.8040827924119
"2021-06-12","Lake Geneva","VS",3.87834206632873,5.26010790557548
"2021-06-12","Northwestern","AG",6.85270174366376,10.1678266821925
"2021-06-12","Northwestern","BL",2.35195080151893,3.44221776750882
"2021-06-12","Northwestern","BS",2.24061037820007,4.05930660097437
"2021-06-12","Ticino","TI",3.93358829034716,4.77978738373504
"2021-06-12","Zurich","ZH",18.6259466056664,30.4469917429191
"2021-06-13","9999","9999",0.00989989407827736,0.0257970051002616
"2021-06-13","Central","LU",1.00638869527317,2.34688168929258
"2021-06-13","Central","NW",0.228919299832441,0.317619252519032
"2021-06-13","Central","OW",0.142706795605536,0.233396619266794
"2021-06-13","Central","SZ",0.505478684337567,0.881006810545299
"2021-06-13","Central","UR",0.174985698787612,0.278430916707962
"2021-06-13","Central","ZG",0.319866199572506,0.831588041881557
"2021-06-13","Eastern","AI",0.0624396499488801,0.0962204498535451
"2021-06-13","Eastern","AR",0.103049117282363,0.135136880472517
"2021-06-13","Eastern","GL",0.105891483122122,0.251818196031408
"2021-06-13","Eastern","GR",1.00020839891282,1.38760017157218
"2021-06-13","Eastern","SG",0.92175334126795,2.07116982450559
"2021-06-13","Eastern","SH",0.181133445177777,0.426381329358079
"2021-06-13","Eastern","TG",0.484303456307541,1.00676296189045
"2021-06-13","Espace Mittelland","BE",2.41424352625951,6.39422446181465
"2021-06-13","Espace Mittelland","FR",0.723777851512981,1.5586965136996
"2021-06-13","Espace Mittelland","JU",0.121520739776236,0.235707813399624
"2021-06-13","Espace Mittelland","NE",0.358937884447817,0.674256900104072
"2021-06-13","Espace Mittelland","SO",0.408441196456234,1.02117393707162
"2021-06-13","Lake Geneva","GE",1.02077703522223,2.18720536523325
"2021-06-13","Lake Geneva","VD",1.9722910155147,4.28468201707429
"2021-06-13","Lake Geneva","VS",1.07160367660685,2.00200394126576
"2021-06-13","Northwestern","AG",1.1476970091351,2.85065403395144
"2021-06-13","Northwestern","BL",0.359276357928698,0.96743867348333
"2021-06-13","Northwestern","BS",0.439837036804222,1.40133138377311
"2021-06-13","Ticino","TI",1.51941996344731,1.87607784917555
"2021-06-13","Zurich","ZH",3.71273620222447,10.0392495144793
"2021-06-14","9999","9999",0.00843308559263328,0.022500154646078
"2021-06-14","Central","LU",2.93716055950658,5.80809883209922
"2021-06-14","Central","NW",0.32781866402211,0.562062020214792
"2021-06-14","Central","OW",0.208395243511077,0.367683796014006
"2021-06-14","Central","SZ",1.16030032469653,1.87352873799963
"2021-06-14","Central","UR",0.262161152685923,0.40772183555038
"2021-06-14","Central","ZG",1.08672555002743,2.22139744313953
"2021-06-14","Eastern","AI",0.0863457821004981,0.136768311625103
"2021-06-14","Eastern","AR",0.189091568278358,0.343586198364354
"2021-06-14","Eastern","GL",0.207938474854621,0.41265011715715
"2021-06-14","Eastern","GR",1.6073507904687,2.72986015236207
"2021-06-14","Eastern","SG",3.18603227443109,5.98504113585675
"2021-06-14","Eastern","SH",0.438908434556842,0.964719621562354
"2021-06-14","Eastern","TG",1.48371640944991,2.86968739739828
"2021-06-14","Espace Mittelland","BE",6.42820586573254,14.210954924237
"2021-06-14","Espace Mittelland","FR",1.85192566653534,3.48901944869863
"2021-06-14","Espace Mittelland","JU",0.375558716890044,0.673747077868889
"2021-06-14","Espace Mittelland","NE",1.06759473972902,1.97668277025167
"2021-06-14","Espace Mittelland","SO",1.28214479021691,2.73495837471391
"2021-06-14","Lake Geneva","GE",4.39885952611199,7.71106130714343
"2021-06-14","Lake Geneva","VD",6.07800760520342,11.3027249658589
"2021-06-14","Lake Geneva","VS",2.68571083368545,4.40744721130636
"2021-06-14","Northwestern","AG",3.9177868736426,7.82420785520505
"2021-06-14","Northwestern","BL",1.47174906360193,2.9196159882972
"2021-06-14","Northwestern","BS",1.49947832524623,3.60471510793617
"2021-06-14","Ticino","TI",2.85570054672789,3.91217190390055
"2021-06-14","Zurich","ZH",11.635099788861,26.6042236393014
"2021-06-15","9999","9999",0.0087252873642124,0.024675396182859
"2021-06-15","Central","LU",2.92683967745971,5.79110475759312
"2021-06-15","Central","NW",0.332450326628887,0.563149640983182
"2021-06-15","Central","OW",0.218937310280754,0.361124083254651
"2021-06-15","Central","SZ",1.15235060929397,1.85289793154923
"2021-06-15","Central","UR",0.234656435710831,0.388042697272315
"2021-06-15","Central","ZG",1.14285379913427,2.27588044600609
"2021-06-15","Eastern","AI",0.105988298920114,0.140948853953603
"2021-06-15","Eastern","AR",0.211869569058327,0.357385386863309
"2021-06-15","Eastern","GL",0.217964014480711,0.41574303871726
"2021-06-15","Eastern","GR",1.49278905966367,2.58891129840847
"2021-06-15","Eastern","SG",3.33162020057259,5.98504113585675
"2021-06-15","Eastern","SH",0.476827364117708,0.985452392459797
"2021-06-15","Eastern","TG",1.56295051648348,2.83756859658174
"2021-06-15","Espace Mittelland","BE",6.49092316943336,14.1207843649076
"2021-06-15","Espace Mittelland","FR",1.92594909194845,3.46784483186403
"2021-06-15","Espace Mittelland","JU",0.394760270115724,0.670008381477546
"2021-06-15","Espace Mittelland","NE",1.11291142147086,2.02447010776283
"2021-06-15","Espace Mittelland","SO",1.33750809544427,2.76157109539046
"2021-06-15","Lake Geneva","GE",4.52122995638762,7.7051473692153
"2021-06-15","Lake Geneva","VD",6.28461762460977,11.2776077237389
"2021-06-15","Lake Geneva","VS",2.6410842410733,4.33960686587801
"2021-06-15","Northwestern","AG",4.07383759844785,7.9134947226601
"2021-06-15","Northwestern","BL",1.52613830157302,2.95231258764694
"2021-06-15","Northwestern","BS",1.52607924013771,3.64217004814761
"2021-06-15","Ticino","TI",2.7862550482754,3.83474690045075
"2021-06-15","Zurich","ZH",12.0677861391928,26.6546620524356
"2021-06-16","9999","9999",0.0104635622879257,0.0260349221433471
"2021-06-16","Central","LU",3.13279941017825,6.02062672787252
"2021-06-16","Central","NW",0.341306863367588,0.568553756676122
"2021-06-16","Central","OW",0.218211350394684,0.373529757644105
"2021-06-16","Central","SZ",1.21056282011689,1.89708252526509
"2021-06-16","Central","UR",0.253210408219507,0.404424985096197
"2021-06-16","Central","ZG",1.21875890809214,2.36924589134261
"2021-06-16","Eastern","AI",0.105922427523519,0.146862791881727
"2021-06-16","Eastern","AR",0.220059618528525,0.358880865419845
"2021-06-16","Eastern","GL",0.235091376463796,0.427876807914616
"2021-06-16","Eastern","GR",1.60155413106447,2.68384019859955
"2021-06-16","Eastern","SG",3.48670635447355,6.22588115975722
"2021-06-16","Eastern","SH",0.489806002921736,1.0208340555815
"2021-06-16","Eastern","TG",1.58161032338752,2.93739179023058
"2021-06-16","Espace Mittelland","BE",6.8335236865667,14.59519094882
"2021-06-16","Espace Mittelland","FR",2.03551238949492,3.60600665759863
"2021-06-16","Espace Mittelland","JU",0.397997977899675,0.700121881502358
"2021-06-16","Espace Mittelland","NE",1.15188172055117,2.09734069924499
"2021-06-16","Espace Mittelland","SO",1.42413995465882,2.89470267507126
"2021-06-16","Lake Geneva","GE",4.16347801553593,6.96502143632558
"2021-06-16","Lake Geneva","VD",6.7259343418621,11.8642431756895
"2021-06-16","Lake Geneva","VS",2.8791913495619,4.60043192139765
"2021-06-16","Northwestern","AG",4.34390943946668,8.25103103050028
"2021-06-16","Northwestern","BL",1.58625043285253,3.03245664301771
"2021-06-16","Northwestern","BS",1.55636360786924,3.7644254201445
"2021-06-16","Ticino","TI",2.75907246713975,3.97977433228582
"2021-06-16","Zurich","ZH",12.5438318380195,27.5272737901748
"2021-06-17","9999","9999",0.0115678255089143,0.0244374791397735
"2021-06-17","Central","LU",3.16763345077573,6.00196723406483
"2021-06-17","Central","NW",0.359571328327434,0.577492639866331
"2021-06-17","Central","OW",0.2355281694949,0.375671011031873
"2021-06-17","Central","SZ",1.23293695377399,1.8920862673603
"2021-06-17","Central","UR",0.254575615528963,0.402589625049538
"2021-06-17","Central","ZG",1.27137599363806,2.40007314249667
"2021-06-17","Eastern","AI",0.107510601345544,0.141900522125945
"2021-06-17","Eastern","AR",0.217304376333701,0.355719967561711
"2021-06-17","Eastern","GL",0.246571236383166,0.441370103072461
"2021-06-17","Eastern","GR",1.70725847535415,2.69029794691187
"2021-06-17","Eastern","SG",3.64118622993561,6.27900463666329
"2021-06-17","Eastern","SH",0.510743739915682,1.01706137104115
"2021-06-17","Eastern","TG",1.64867767292948,2.96600981169886
"2021-06-17","Espace Mittelland","BE",6.98073170210494,14.6589867045159
"2021-06-17","Espace Mittelland","FR",2.01457490312634,3.52881957119192
"2021-06-17","Espace Mittelland","JU",0.430045154429226,0.708007132073189
"2021-06-17","Espace Mittelland","NE",1.25559667504248,2.15036221170402
"2021-06-17","Espace Mittelland","SO",1.5051642708924,2.93902322138317
"2021-06-17","Lake Geneva","GE",5.19267479838178,8.29807062873317
"2021-06-17","Lake Geneva","VD",6.68149175134923,11.5216766217955
"2021-06-17","Lake Geneva","VS",2.77600561403966,4.41920711086458
"2021-06-17","Northwestern","AG",4.37168137399658,8.20698238938047
"2021-06-17","Northwestern","BL",1.60445454800601,2.98232412322471
"2021-06-17","Northwestern","BS",1.55544570419243,3.74522211595261
"2021-06-17","Ticino","TI",2.96758737643391,4.08503562977661
"2021-06-17","Zurich","ZH",12.7553160118281,27.4905665892417
"2021-06-18","9999","9999",0.0119137903388047,0.0262728391864325
"2021-06-18","Central","LU",4.24486651784715,7.07487113393302
"2021-06-18","Central","NW",0.465815923018569,0.665657898403984
"2021-06-18","Central","OW",0.293719652816348,0.426245376762031
"2021-06-18","Central","SZ",1.60944584627352,2.23540056053255
"2021-06-18","Central","UR",0.358114537024626,0.515634208664123
"2021-06-18","Central","ZG",1.61027157855376,2.73730355699575
"2021-06-18","Eastern","AI",0.149321049797472,0.173203607366184
"2021-06-18","Eastern","AR",0.266252842928768,0.395554078204012
"2021-06-18","Eastern","GL",0.32100295793938,0.520290585078795
"2021-06-18","Eastern","GR",2.2480607852053,3.23951244680005
"2021-06-18","Eastern","SG",4.60455588680876,7.26636036546777
"2021-06-18","Eastern","SH",0.644559310664626,1.15580099530896
"2021-06-18","Eastern","TG",2.08215869365942,3.39653769523642
"2021-06-18","Espace Mittelland","BE",9.01871039798498,16.4744636840027
"2021-06-18","Espace Mittelland","FR",2.70030752163904,4.17812916992103
"2021-06-18","Espace Mittelland","JU",0.543755843707465,0.811229140623248
"2021-06-18","Espace Mittelland","NE",1.50977803336518,2.35316949685983
"2021-06-18","Espace Mittelland","SO",1.83747898569891,3.24851930628828
"2021-06-18","Lake Geneva","GE",5.76826103550407,8.70609835762466
"2021-06-18","Lake Geneva","VD",8.30338269417004,13.0544741659478
"2021-06-18","Lake Geneva","VS",3.64668424962903,5.26727940501706
"2021-06-18","Northwestern","AG",5.63316715004534,9.40856542140886
"2021-06-18","Northwestern","BL",2.13578292509469,3.442693601595
"2021-06-18","Northwestern","BS",1.87780111495944,4.11331376975476
"2021-06-18","Ticino","TI",3.40547508433906,4.39687689696357
"2021-06-18","Zurich","ZH",15.7756952850048,30.4239817660378
"2021-06-19","9999","9999",0.0131029764006803,0.027530400699884
"2021-06-19","Central","LU",4.86762203988086,7.31000114879944
"2021-06-19","Central","NW",0.544498117738842,0.728841867417669
"2021-06-19","Central","OW",0.343450928180688,0.5083267566265
"2021-06-19","Central","SZ",1.94501813092471,2.49772109460873
"2021-06-19","Central","UR",0.345176053104415,0.537692517373042
"2021-06-19","Central","ZG",1.73423935397363,2.61892283398625
"2021-06-19","Eastern","AI",0.177027657257758,0.222350470837828
"2021-06-19","Eastern","AR",0.309677099479049,0.432057350243117
"2021-06-19","Eastern","GL",0.350128923453556,0.57654097169399
"2021-06-19","Eastern","GR",2.66410720074223,3.54081738779322
"2021-06-19","Eastern","SG",5.38134055023712,7.62880998653389
"2021-06-19","Eastern","SH",0.734300831594173,1.26194598467406
"2021-06-19","Eastern","TG",2.49001377918715,3.71123396694041
"2021-06-19","Espace Mittelland","BE",9.86388881440834,16.3031294248322
"2021-06-19","Espace Mittelland","FR",2.65384953894545,3.96984979277426
"2021-06-19","Espace Mittelland","JU",0.599196388541648,0.816497303720139
"2021-06-19","Espace Mittelland","NE",1.69825099948517,2.44153868429156
"2021-06-19","Espace Mittelland","SO",2.18369892872182,3.48626640862864
"2021-06-19","Lake Geneva","GE",6.09480620935481,7.96573450769186
"2021-06-19","Lake Geneva","VD",9.47093811038659,13.4082228208668
"2021-06-19","Lake Geneva","VS",3.83253167610021,5.10940445285538
"2021-06-19","Northwestern","AG",6.79562220679736,10.0671537848183
"2021-06-19","Northwestern","BL",2.34143376595828,3.37186229905357
"2021-06-19","Northwestern","BS",2.24355960834883,4.04526949543233
"2021-06-19","Ticino","TI",3.90731648572931,4.69033057553492
"2021-06-19","Zurich","ZH",18.5367437922259,30.2168579859575
"2021-06-20","9999","9999",0.0104041327465948,0.0252871828650786
"2021-06-20","Central","LU",0.880352124888252,1.9854177245478
"2021-06-20","Central","NW",0.205420249857284,0.241383834284662
"2021-06-20","Central","OW",0.145268617669534,0.190639527809443
"2021-06-20","Central","SZ",0.423325383039665,0.680646672118366
"2021-06-20","Central","UR",0.144558126068141,0.228604290256074
"2021-06-20","Central","ZG",0.270113718952083,0.717013991561422
"2021-06-20","Eastern","AI",0.0515322262111556,0.0734483900153694
"2021-06-20","Eastern","AR",0.0858964225566015,0.116851256303952
"2021-06-20","Eastern","GL",0.113196864189443,0.221772672304621
"2021-06-20","Eastern","GR",1.04802815848109,1.34548885494606
"2021-06-20","Eastern","SG",0.865434221360247,1.84966905739307
"2021-06-20","Eastern","SH",0.161964430174219,0.382366676387277
"2021-06-20","Eastern","TG",0.413120297746701,0.840458948773741
"2021-06-20","Espace Mittelland","BE",1.95113292791051,5.00050642342028
"2021-06-20","Espace Mittelland","FR",0.60857820864787,1.28604358232372
"2021-06-20","Espace Mittelland","JU",0.107530075720151,0.189551907041053
"2021-06-20","Espace Mittelland","NE",0.30765134550561,0.527598037116418
"2021-06-20","Espace Mittelland","SO",0.339973078214144,0.840356984326705
"2021-06-20","Lake Geneva","GE",0.928981811674245,1.97015704564133
"2021-06-20","Lake Geneva","VD",1.68416158903253,3.39867894862419
"2021-06-20","Lake Geneva","VS",1.03887830782072,1.76650005676021
"2021-06-20","Northwestern","AG",1.02089287505236,2.43283771814444
"2021-06-20","Northwestern","BL",0.307030127444921,0.819352308237164
"2021-06-20","Northwestern","BS",0.392197171428737,1.22928337347334
"2021-06-20","Ticino","TI",1.40994599426584,1.67561574630158
"2021-06-20","Zurich","ZH",3.2291795664492,8.77281709413562
"2021-06-21","9999","9999",0.00791195320783579,0.0213105694306509
"2021-06-21","Central","LU",2.77926407673723,5.38644185545384
"2021-06-21","Central","NW",0.307940101178324,0.513934801213513
"2021-06-21","Central","OW",0.188574551632091,0.340017442718073
"2021-06-21","Central","SZ",1.08859238793493,1.7592265928716
"2021-06-21","Central","UR",0.219561128579678,0.38318239196357
"2021-06-21","Central","ZG",1.03553668840793,2.11389292781393
"2021-06-21","Eastern","AI",0.0736738852556455,0.115933576280622
"2021-06-21","Eastern","AR",0.183785202590102,0.318944790330508
"2021-06-21","Eastern","GL",0.204651323384005,0.389640140275889
"2021-06-21","Eastern","GR",1.71360843725929,2.76544574437785
"2021-06-21","Eastern","SG",3.07769783224365,5.74124414299222
"2021-06-21","Eastern","SH",0.434124094106271,0.907891436413951
"2021-06-21","Eastern","TG",1.38451709759826,2.65851902758546
"2021-06-21","Espace Mittelland","BE",6.02189784363379,13.024360665923
"2021-06-21","Espace Mittelland","FR",1.74824534925364,3.21453115727608
"2021-06-21","Espace Mittelland","JU",0.354092454062827,0.601454284919934
"2021-06-21","Espace Mittelland","NE",0.968944520655225,1.8402883282657
"2021-06-21","Espace Mittelland","SO",1.17661759107296,2.50999081640214
"2021-06-21","Lake Geneva","GE",4.33556040344216,7.56073172406245
"2021-06-21","Lake Geneva","VD",5.82672829680319,10.6059679111088
"2021-06-21","Lake Geneva","VS",2.57489504367455,4.10410298137246
"2021-06-21","Northwestern","AG",3.69040696966916,7.33460856868427
"2021-06-21","Northwestern","BL",1.36175261884032,2.70185391757602
"2021-06-21","Northwestern","BS",1.37686916255572,3.39660567153445
"2021-06-21","Ticino","TI",2.64221122505067,3.73924020172646
"2021-06-21","Zurich","ZH",11.0980379765342,24.9183434719982
"2021-06-22","9999","9999",0.00739056236562344,0.0195431856820164
"2021-06-22","Central","LU",2.85538641523627,5.42461054679454
"2021-06-22","Central","NW",0.314468140242298,0.496634833366302
"2021-06-22","Central","OW",0.206121170702284,0.323941048235301
"2021-06-22","Central","SZ",1.09533737458653,1.68129176718662
"2021-06-22","Central","UR",0.239662665768076,0.363503253685505
"2021-06-22","Central","ZG",1.06848688381682,2.06794095034943
"2021-06-22","Eastern","AI",0.0956432354408775,0.121133763079489
"2021-06-22","Eastern","AR",0.190166574903189,0.306777032984139
"2021-06-22","Eastern","GL",0.221240667097855,0.385663526841461
"2021-06-22","Eastern","GR",1.64902362209528,2.66592844407012
"2021-06-22","Eastern","SG",3.26125836485186,5.68563953120826
"2021-06-22","Eastern","SH",0.473112332480778,0.931105342189285
"2021-06-22","Eastern","TG",1.46649639831565,2.64570549540786
"2021-06-22","Espace Mittelland","BE",6.2346620199574,13.0468608205691
"2021-06-22","Espace Mittelland","FR",1.77176254215612,3.14152461319787
"2021-06-22","Espace Mittelland","JU",0.421018862077243,0.689245673818453
"2021-06-22","Espace Mittelland","NE",1.04836105163142,1.87145546090989
"2021-06-22","Espace Mittelland","SO",1.26920024429551,2.54122592534435
"2021-06-22","Lake Geneva","GE",4.55683133355368,7.48854089556054
"2021-06-22","Lake Geneva","VD",5.88331681157362,10.4425189025091
"2021-06-22","Lake Geneva","VS",2.55841744754843,3.93871664827908
"2021-06-22","Northwestern","AG",3.96948976006799,7.43827242317149
"2021-06-22","Northwestern","BL",1.45083721150969,2.71242423191881
"2021-06-22","Northwestern","BS",1.45287646792504,3.44463092608869
"2021-06-22","Ticino","TI",2.56172458247644,3.70151335632292
"2021-06-22","Zurich","ZH",11.419021095909,24.7204984565982
"2021-06-23","9999","9999",0.00826234314195017,0.0208687234934923
"2021-06-23","Central","LU",3.08819463372153,5.67326784496782
"2021-06-23","Central","NW",0.315513694469901,0.514172718256598
"2021-06-23","Central","OW",0.210520499673214,0.33270999068045
"2021-06-23","Central","SZ",1.14880923362767,1.72816142467444
"2021-06-23","Central","UR",0.239656313981304,0.376622679204215
"2021-06-23","Central","ZG",1.15578363647914,2.23689603908909
"2021-06-23","Eastern","AI",0.0997245638909999,0.125246329109966
"2021-06-23","Eastern","AR",0.198358829093456,0.31775520511508
"2021-06-23","Eastern","GL",0.219285981081458,0.398035213081903
"2021-06-23","Eastern","GR",1.72124655092006,2.70409713541083
"2021-06-23","Eastern","SG",3.368164242419,5.84847675312572
"2021-06-23","Eastern","SH",0.473634663168135,0.944122803260959
"2021-06-23","Eastern","TG",1.48647222729989,2.63958762858566
"2021-06-23","Espace Mittelland","BE",6.64323604786078,13.5527744186157
"2021-06-23","Espace Mittelland","FR",1.85907095673028,3.30439582326434
"2021-06-23","Espace Mittelland","JU",0.092228257198508,0.188294345527601
"2021-06-23","Espace Mittelland","NE",1.14967316669704,1.97841616585129
"2021-06-23","Espace Mittelland","SO",1.32975614695633,2.64536561391774
"2021-06-23","Lake Geneva","GE",4.86918773965586,7.75867870390952
"2021-06-23","Lake Geneva","VD",6.51099147917986,11.1548425295068
"2021-06-23","Lake Geneva","VS",2.569167196599,3.94095986611388
"2021-06-23","Northwestern","AG",4.14706623989813,7.67584958476678
"2021-06-23","Northwestern","BL",1.50042681305047,2.79858418966475
"2021-06-23","Northwestern","BS",1.57950701652554,3.65518750921929
"2021-06-23","Ticino","TI",2.61039215285381,3.69243852053666
"2021-06-23","Zurich","ZH",11.9927712398081,25.4540646767285
"2021-06-24","9999","9999",0.00854204888912321,0.020154972364236
"2021-06-24","Central","LU",3.07155639456402,5.47997724153542
"2021-06-24","Central","NW",0.324346335645792,0.50169906756912
"2021-06-24","Central","OW",0.206734278682577,0.327441827583558
"2021-06-24","Central","SZ",1.16750248335478,1.7138184257913
"2021-06-24","Central","UR",0.241004737222881,0.373291840601019
"2021-06-24","Central","ZG",1.20023679241786,2.21810059268534
"2021-06-24","Eastern","AI",0.0942376852785754,0.116715303707903
"2021-06-24","Eastern","AR",0.206579779888815,0.313336745743494
"2021-06-24","Eastern","GL",0.226845214322424,0.396403781929317
"2021-06-24","Eastern","GR",1.79453603167939,2.75470548928999
"2021-06-24","Eastern","SG",3.56135937823323,5.98055470018714
"2021-06-24","Eastern","SH",0.499221857170269,0.944802566241203
"2021-06-24","Eastern","TG",1.5639510991209,2.7040291591128
"2021-06-24","Espace Mittelland","BE",6.71101903074029,13.305544622701
"2021-06-24","Espace Mittelland","FR",1.908186140106,3.26259039997933
"2021-06-24","Espace Mittelland","JU",0.45133688801303,0.698830331839894
"2021-06-24","Espace Mittelland","NE",1.25749443385524,2.05567122855603
"2021-06-24","Espace Mittelland","SO",1.44502248749856,2.70202385832108
"2021-06-24","Lake Geneva","GE",5.01033364827675,7.84647009280804
"2021-06-24","Lake Geneva","VD",6.38655987451689,10.8194474750544
"2021-06-24","Lake Geneva","VS",2.67333661321014,3.92474751903506
"2021-06-24","Northwestern","AG",4.25782836475125,7.50318978778479
"2021-06-24","Northwestern","BL",1.56427482094902,2.79814234372759
"2021-06-24","Northwestern","BS",1.60623846415958,3.60135028118396
"2021-06-24","Ticino","TI",3.08938893802343,3.98782952360171
"2021-06-24","Zurich","ZH",12.1452943733425,25.0087179602216
"2021-06-25","9999","9999",0.0123251488106747,0.0271565310607497
"2021-06-25","Central","LU",4.69517602588807,7.44299677588419
"2021-06-25","Central","NW",0.462621761393,0.649207634282079
"2021-06-25","Central","OW",0.309708447230654,0.433246935458544
"2021-06-25","Central","SZ",1.73746840343418,2.23257954416454
"2021-06-25","Central","UR",0.376883710575361,0.517843438349916
"2021-06-25","Central","ZG",1.76213586889351,2.76898051187512
"2021-06-25","Eastern","AI",0.13866728243232,0.159506383314266
"2021-06-25","Eastern","AR",0.280891757341523,0.395316161160926
"2021-06-25","Eastern","GL",0.343557244246686,0.52963732605715
"2021-06-25","Eastern","GR",2.56030376766257,3.3984070434321
"2021-06-25","Eastern","SG",5.1772288624392,7.64991662707047
"2021-06-25","Eastern","SH",0.693623006190482,1.19526123631212
"2021-06-25","Eastern","TG",2.30639314739795,3.43487632732219
"2021-06-25","Espace Mittelland","BE",9.95636450933737,16.9289532125938
"2021-06-25","Espace Mittelland","FR",2.98514563783583,4.28614350748181
"2021-06-25","Espace Mittelland","JU",0.622081617820611,0.847154614129145
"2021-06-25","Espace Mittelland","NE",1.69993425039167,2.45499799130039
"2021-06-25","Espace Mittelland","SO",2.04858869387359,3.3491242273644
"2021-06-25","Lake Geneva","GE",6.15505317708444,8.62724585191635
"2021-06-25","Lake Geneva","VD",9.22302145435029,13.5035935669951
"2021-06-25","Lake Geneva","VS",3.850917608213,5.11803744270448
"2021-06-25","Northwestern","AG",6.21385744727243,9.76132842000651
"2021-06-25","Northwestern","BL",2.23380357715009,3.50098327715092
"2021-06-25","Northwestern","BS",2.12759969733384,4.30759002950851
"2021-06-25","Ticino","TI",4.46719643805582,4.51107707764457
"2021-06-25","Zurich","ZH",17.0782628945569,30.8436334418915
"2021-06-26","9999","9999",0.0133931183449835,0.0281081992330914
"2021-06-26","Central","LU",5.17461693488091,7.60280905253956
"2021-06-26","Central","NW",0.552232945381052,0.734857769792829
"2021-06-26","Central","OW",0.355005212087472,0.511317713739573
"2021-06-26","Central","SZ",1.98860341427649,2.53238900660118
"2021-06-26","Central","UR",0.39107844242456,0.561654162426645
"2021-06-26","Central","ZG",1.7560428058267,2.64631728209008
"2021-06-26","Eastern","AI",0.177707075229047,0.220039276704999
"2021-06-26","Eastern","AR",0.338389231595807,0.4412001623274
"2021-06-26","Eastern","GL",0.374544016995345,0.595336418097738
"2021-06-26","Eastern","GR",2.90785888211051,3.71272944549694
"2021-06-26","Eastern","SG",5.88548424328664,8.04587856306263
"2021-06-26","Eastern","SH",0.808865243620765,1.31279225559632
"2021-06-26","Eastern","TG",2.69738407849145,3.82560408836647
"2021-06-26","Espace Mittelland","BE",10.5177015231722,16.9720161973923
"2021-06-26","Espace Mittelland","FR",2.93317054484433,4.11790216987141
"2021-06-26","Espace Mittelland","JU",0.634471263504356,0.833457390077228
"2021-06-26","Espace Mittelland","NE",1.88180362956212,2.58867338136539
"2021-06-26","Espace Mittelland","SO",2.36025353842201,3.60073849450174
"2021-06-26","Lake Geneva","GE",6.48438641722169,8.06209091014145
"2021-06-26","Lake Geneva","VD",10.2844868216617,14.1176914433475
"2021-06-26","Lake Geneva","VS",3.8522997405671,5.09720270736
"2021-06-26","Northwestern","AG",7.45658276291814,10.62897788799
"2021-06-26","Northwestern","BL",2.48831739394475,3.48793182793024
"2021-06-26","Northwestern","BS",2.47793450953047,4.34708425866069
"2021-06-26","Ticino","TI",3.87457805701169,4.62972970584617
"2021-06-26","Zurich","ZH",19.8821857275218,31.2536664715747
"2021-06-27","9999","9999",0.0114343635823133,0.0247433724808834
"2021-06-27","Central","LU",1.06197764557176,2.41648941846957
"2021-06-27","Central","NW",0.206424121952708,0.302392561761565
"2021-06-27","Central","OW",0.179217061767058,0.258038027300641
"2021-06-27","Central","SZ",0.528806756900755,0.882196395760726
"2021-06-27","Central","UR",0.221835706555236,0.296172730492332
"2021-06-27","Central","ZG",0.315662945794936,0.788593033381121
"2021-06-27","Eastern","AI",0.0596832799398822,0.100333015884022
"2021-06-27","Eastern","AR",0.108156459013116,0.14506141998408
"2021-06-27","Eastern","GL",0.113786507369285,0.256610525042128
"2021-06-27","Eastern","GR",1.29575648913045,1.63160109333078
"2021-06-27","Eastern","SG",1.0388392298428,2.22673358253444
"2021-06-27","Eastern","SH",0.194457539728909,0.443885226099364
"2021-06-27","Eastern","TG",0.51097765562419,1.02705388685073
"2021-06-27","Espace Mittelland","BE",2.42822675770691,6.12327093788938
"2021-06-27","Espace Mittelland","FR",0.719118909900872,1.53405510566576
"2021-06-27","Espace Mittelland","JU",0.116475008810755,0.219359513724754
"2021-06-27","Espace Mittelland","NE",0.353699453899454,0.634966599845966
"2021-06-27","Espace Mittelland","SO",0.420827196324021,1.03123442917923
"2021-06-27","Lake Geneva","GE",1.05572647313942,2.20538902495478
"2021-06-27","Lake Geneva","VD",1.99300707045111,4.12201473590189
"2021-06-27","Lake Geneva","VS",1.21310455690693,2.02851469749528
"2021-06-27","Northwestern","AG",1.24570354784924,2.95326425581928
"2021-06-27","Northwestern","BL",0.375524181496989,1.00203860917775
"2021-06-27","Northwestern","BS",0.487452372221425,1.49632826026221
"2021-06-27","Ticino","TI",1.48725073627762,1.81571489652988
"2021-06-27","Zurich","ZH",3.873040180569,10.4945207704977
"2021-06-28","9999","9999",0.00782955620077578,0.0206308064504069
"2021-06-28","Central","LU",3.07383469667596,5.79766447035248
"2021-06-28","Central","NW",0.308120884307972,0.541261273019324
"2021-06-28","Central","OW",0.218978514658316,0.371014634617202
"2021-06-28","Central","SZ",1.17522035070815,1.8260812819786
"2021-06-28","Central","UR",0.250642645550988,0.395825983396109
"2021-06-28","Central","ZG",1.07074788103003,2.17153682853862
"2021-06-28","Eastern","AI",0.0850031232424773,0.132315864104504
"2021-06-28","Eastern","AR",0.204735936859198,0.34011940716511
"2021-06-28","Eastern","GL",0.232507041192555,0.426211388613018
"2021-06-28","Eastern","GR",1.84186658618564,2.90285983083418
"2021-06-28","Eastern","SG",3.39397282477707,6.10852008121808
"2021-06-28","Eastern","SH",0.458592257570577,0.971211358023684
"2021-06-28","Eastern","TG",1.56298580766867,2.8898083816135
"2021-06-28","Espace Mittelland","BE",6.50397493602171,13.6336322251157
"2021-06-28","Espace Mittelland","FR",1.99179742317722,3.35119750445415
"2021-06-28","Espace Mittelland","JU",0.403474870657434,0.648255966109737
"2021-06-28","Espace Mittelland","NE",1.15173488541136,1.93297401062198
"2021-06-28","Espace Mittelland","SO",1.32086835253452,2.65376068672375
"2021-06-28","Lake Geneva","GE",4.96269465225802,7.76272329364197
"2021-06-28","Lake Geneva","VD",6.8757831969449,11.4082581685418
"2021-06-28","Lake Geneva","VS",2.80960753331623,4.20956820775732
"2021-06-28","Northwestern","AG",4.16308785840412,7.83005381683515
"2021-06-28","Northwestern","BL",1.5490066175554,2.90503507237097
"2021-06-28","Northwestern","BS",1.53973618867896,3.66446627389962
"2021-06-28","Ticino","TI",3.45369827635181,3.98531440057481
"2021-06-28","Zurich","ZH",12.3056413613505,26.1771965351121
"2021-06-29","9999","9999",0.00799307359190726,0.0213785457286753
"2021-06-29","Central","LU",2.98317096053,5.52871624721892
"2021-06-29","Central","NW",0.308877953068339,0.501053292737888
"2021-06-29","Central","OW",0.219588133463509,0.345149653218916
"2021-06-29","Central","SZ",1.16576252454185,1.76969494276736
"2021-06-29","Central","UR",0.259930042548317,0.369213262719555
"2021-06-29","Central","ZG",1.10559173909325,2.14240898483517
"2021-06-29","Eastern","AI",0.0917492533723318,0.118006853370367
"2021-06-29","Eastern","AR",0.200923815302776,0.320270328141983
"2021-06-29","Eastern","GL",0.240064715856989,0.409149337808893
"2021-06-29","Eastern","GR",1.75503779808506,2.65148348073994
"2021-06-29","Eastern","SG",3.5537253098226,5.96706140502929
"2021-06-29","Eastern","SH",0.479455229883244,0.953911390176473
"2021-06-29","Eastern","TG",1.55604671949852,2.72629139671579
"2021-06-29","Espace Mittelland","BE",6.74236192256242,13.7414086456334
"2021-06-29","Espace Mittelland","FR",2.0309874737165,3.32876532610609
"2021-06-29","Espace Mittelland","JU",0.409039345234637,0.637753628064966
"2021-06-29","Espace Mittelland","NE",1.1774297856671,1.99918292489775
"2021-06-29","Espace Mittelland","SO",1.38109358634518,2.65654771494275
"2021-06-29","Lake Geneva","GE",5.17307954010886,7.74708874509636
"2021-06-29","Lake Geneva","VD",6.63481624541286,10.9927870350166
"2021-06-29","Lake Geneva","VS",2.79057659722855,4.02307523412736
"2021-06-29","Northwestern","AG",4.236249751269,7.78019320223425
"2021-06-29","Northwestern","BL",1.55475584610799,2.84949843688503
"2021-06-29","Northwestern","BS",1.54818110065633,3.61644101934537
"2021-06-29","Ticino","TI",1.80098072605912,2.39018259113412
"2021-06-29","Zurich","ZH",12.0012757614638,25.2405511246339
"2021-06-30","9999","9999",0.00970369357223106,0.0232478939243465
"2021-06-30","Central","LU",3.35739535185564,6.12514028608505
"2021-06-30","Central","NW",0.350580448557308,0.545951637583008
"2021-06-30","Central","OW",0.226493559513385,0.347902693288904
"2021-06-30","Central","SZ",1.31212356729957,1.88855149986303
"2021-06-30","Central","UR",0.269284951755223,0.386819123907876
"2021-06-30","Central","ZG",1.33277905704843,2.37023154766396
"2021-06-30","Eastern","AI",0.100531138994376,0.126605855070454
"2021-06-30","Eastern","AR",0.214246468758018,0.331112547676876
"2021-06-30","Eastern","GL",0.255460511061083,0.429372286471153
"2021-06-30","Eastern","GR",1.89348186337943,2.73142360721664
"2021-06-30","Eastern","SG",3.95790014189978,6.42403206849836
"2021-06-30","Eastern","SH",0.537235053199171,1.01369654428894
"2021-06-30","Eastern","TG",1.71164525739239,2.87764062426713
"2021-06-30","Espace Mittelland","BE",7.42574888339446,14.5790805661882
"2021-06-30","Espace Mittelland","FR",2.25003084552186,3.60400135680691
"2021-06-30","Espace Mittelland","JU",0.454744821332834,0.697198900687308
"2021-06-30","Espace Mittelland","NE",1.37844308597574,2.15134786802538
"2021-06-30","Espace Mittelland","SO",1.50539062867953,2.82958138156388
"2021-06-30","Lake Geneva","GE",5.4930512216348,8.09747257326316
"2021-06-30","Lake Geneva","VD",7.48757884404976,11.9401727005828
"2021-06-30","Lake Geneva","VS",2.87998280099049,4.13476029178146
"2021-06-30","Northwestern","AG",4.80448143384279,8.32325584715121
"2021-06-30","Northwestern","BL",1.65250710330066,2.94921966608683
"2021-06-30","Northwestern","BS",1.68802524543106,3.8036817322536
"2021-06-30","Ticino","TI",3.28282292764919,3.96944193498611
"2021-06-30","Zurich","ZH",13.3063990684224,26.8093421185901
"2021-07-01","9999","9999",0.00925926038330245,0.0231799176263221
"2021-07-01","Central","LU",3.43202283140748,6.19712718569289
"2021-07-01","Central","NW",0.35225812304928,0.535687216581322
"2021-07-01","Central","OW",0.230961786965481,0.352423117107527
"2021-07-01","Central","SZ",1.29488361970017,1.8642499733193
"2021-07-01","Central","UR",0.254324441913981,0.39059180844823
"2021-07-01","Central","ZG",1.3251896704424,2.40347195739789
"2021-07-01","Eastern","AI",0.101954557962496,0.122357336443929
"2021-07-01","Eastern","AR",0.238377439280453,0.324110988980362
"2021-07-01","Eastern","GL",0.258642470363853,0.425225732291665
"2021-07-01","Eastern","GR",1.94703291220608,2.80259479124819
"2021-07-01","Eastern","SG",3.9986751747036,6.4433713252863
"2021-07-01","Eastern","SH",0.569031549532441,1.05502613348778
"2021-07-01","Eastern","TG",1.72862408076634,2.91427984890228
"2021-07-01","Espace Mittelland","BE",7.65403242106259,14.8706309084149
"2021-07-01","Espace Mittelland","FR",2.22160039282707,3.61069702216231
"2021-07-01","Espace Mittelland","JU",0.481133460450261,0.715688453749946
"2021-07-01","Espace Mittelland","NE",1.37436672695682,2.20916170949513
"2021-07-01","Espace Mittelland","SO",1.62473469493216,3.00360070450635
"2021-07-01","Lake Geneva","GE",5.85780764429863,8.48432568532004
"2021-07-01","Lake Geneva","VD",7.36959696977008,11.7647938516798
"2021-07-01","Lake Geneva","VS",2.99409464358873,4.24277462934224
"2021-07-01","Northwestern","AG",4.85998150611884,8.42576410457202
"2021-07-01","Northwestern","BL",1.68902645071589,3.04017195284348
"2021-07-01","Northwestern","BS",1.74069254220385,3.95853173915319
"2021-07-01","Ticino","TI",3.37464662458904,4.07082858348951
"2021-07-01","Zurich","ZH",13.4577433659396,27.3011846229457
"2021-07-02","9999","9999",0.0128155443432117,0.0282441518291402
"2021-07-02","Central","LU",4.20244688135239,7.04540340873944
"2021-07-02","Central","NW",0.421212634649998,0.628508851533647
"2021-07-02","Central","OW",0.296420419236959,0.440928257135302
"2021-07-02","Central","SZ",1.48784825457657,2.14832292276329
"2021-07-02","Central","UR",0.33703088907193,0.497756442283705
"2021-07-02","Central","ZG",1.51692964793475,2.68336436451338
"2021-07-02","Eastern","AI",0.13500396577449,0.165488297540414
"2021-07-02","Eastern","AR",0.271331687771523,0.386411266119729
"2021-07-02","Eastern","GL",0.300901835849255,0.49259024363385
"2021-07-02","Eastern","GR",2.26553164100874,3.20212548288663
"2021-07-02","Eastern","SG",4.48433489804366,7.15246607812788
"2021-07-02","Eastern","SH",0.609224297360707,1.17306697500715
"2021-07-02","Eastern","TG",1.95766733050932,3.26646504896673
"2021-07-02","Espace Mittelland","BE",8.84216358508348,16.5473682636338
"2021-07-02","Espace Mittelland","FR",2.67932900711387,4.16854451189959
"2021-07-02","Espace Mittelland","JU",0.531797543869005,0.798959418829842
"2021-07-02","Espace Mittelland","NE",1.53276785174469,2.37050345285606
"2021-07-02","Espace Mittelland","SO",1.85173400078212,3.26238647108526
"2021-07-02","Lake Geneva","GE",5.97390421271371,8.56127485468367
"2021-07-02","Lake Geneva","VD",8.55953679920001,13.2115673906822
"2021-07-02","Lake Geneva","VS",3.59107884812438,5.01593704307182
"2021-07-02","Northwestern","AG",5.41657167149231,9.09182986076415
"2021-07-02","Northwestern","BL",1.98758682294344,3.38328231712167
"2021-07-02","Northwestern","BS",1.97498544581263,4.32244285062684
"2021-07-02","Ticino","TI",3.59562969579676,4.27183449674767
"2021-07-02","Zurich","ZH",15.5001864476547,30.4641897463193
"2021-07-03","9999","9999",0.0111786669625717,0.0241315857986637
"2021-07-03","Central","LU",4.96953884348068,7.3823279298974
"2021-07-03","Central","NW",0.525187311431085,0.683467688486379
"2021-07-03","Central","OW",0.331786181141203,0.475188311339602
"2021-07-03","Central","SZ",1.89625692064273,2.49704133162849
"2021-07-03","Central","UR",0.350876738655267,0.517299627965721
"2021-07-03","Central","ZG",1.63990847913291,2.4508514371209
"2021-07-03","Eastern","AI",0.158393081279841,0.200258173979897
"2021-07-03","Eastern","AR",0.307509871399148,0.419515723257615
"2021-07-03","Eastern","GL",0.349774797634991,0.566412503288353
"2021-07-03","Eastern","GR",2.81523900318818,3.57599512202085
"2021-07-03","Eastern","SG",5.46274986620227,7.68917293917957
"2021-07-03","Eastern","SH",0.715408013582579,1.2520214451625
"2021-07-03","Eastern","TG",2.48023604148158,3.64733624679747
"2021-07-03","Espace Mittelland","BE",10.0702818196547,16.1280224811213
"2021-07-03","Espace Mittelland","FR",2.80294458339772,4.01083950048297
"2021-07-03","Espace Mittelland","JU",0.593628405209237,0.789782618596548
"2021-07-03","Espace Mittelland","NE",1.81080200209102,2.51427332317767
"2021-07-03","Espace Mittelland","SO",2.18234675784773,3.37910177479317
"2021-07-03","Lake Geneva","GE",6.07696209013603,7.64366280765223
"2021-07-03","Lake Geneva","VD",9.92779555088038,13.2604763371108
"2021-07-03","Lake Geneva","VS",4.05445666011217,5.13499752906157
"2021-07-03","Northwestern","AG",6.76972850188132,9.86373471298028
"2021-07-03","Northwestern","BL",2.23568322436371,3.20382489033724
"2021-07-03","Northwestern","BS",2.26334801263106,4.05968047061351
"2021-07-03","Ticino","TI",3.92077714761204,4.60328692591467
"2021-07-03","Zurich","ZH",18.9269474542017,30.1497653798074
"2021-07-04","9999","9999",0.00972456205046986,0.0216164627717607
"2021-07-04","Central","LU",1.00140136785141,2.07902108692741
"2021-07-04","Central","NW",0.161644894573008,0.189687859637102
"2021-07-04","Central","OW",0.140553167868087,0.169804792464963
"2021-07-04","Central","SZ",0.4477487785469,0.6567869915118
"2021-07-04","Central","UR",0.174479925038891,0.22639506057028
"2021-07-04","Central","ZG",0.27381715916556,0.66389051465535
"2021-07-04","Eastern","AI",0.041383159604851,0.0542110976744629
"2021-07-04","Eastern","AR",0.0924275866056826,0.109203922776206
"2021-07-04","Eastern","GL",0.084605780211331,0.17500497926383
"2021-07-04","Eastern","GR",1.38546054548291,1.60284711926645
"2021-07-04","Eastern","SG",0.88646971399733,1.81309780905594
"2021-07-04","Eastern","SH",0.169263831476806,0.381856854152094
"2021-07-04","Eastern","TG",0.433605413150894,0.778226647932399
"2021-07-04","Espace Mittelland","BE",2.16102854412696,5.22945059516648
"2021-07-04","Espace Mittelland","FR",0.683648758613177,1.41037223141035
"2021-07-04","Espace Mittelland","JU",0.113123611092439,0.196383524992506
"2021-07-04","Espace Mittelland","NE",0.314548262040903,0.55478855632618
"2021-07-04","Espace Mittelland","SO",0.365324210528022,0.838487636131034
"2021-07-04","Lake Geneva","GE",1.06731289975016,2.22754929811073
"2021-07-04","Lake Geneva","VD",1.88910957453653,3.7844784280617
"2021-07-04","Lake Geneva","VS",1.3390091534534,2.00288763314008
"2021-07-04","Northwestern","AG",1.08243901813798,2.48415982315286
"2021-07-04","Northwestern","BL",0.336820586972688,0.830840302603288
"2021-07-04","Northwestern","BS",0.454442386997239,1.36836287923127
"2021-07-04","Ticino","TI",1.68172302765929,1.8519802515259
"2021-07-04","Zurich","ZH",3.65868802622444,9.20871510521711
"2021-07-05","9999","9999",0.00919388240540849,0.0226021190931146
"2021-07-05","Central","LU",3.12015747089739,6.02429744796584
"2021-07-05","Central","NW",0.317566504235449,0.542688775277836
"2021-07-05","Central","OW",0.215105585121017,0.376894584396313
"2021-07-05","Central","SZ",1.1939416665609,1.89429549704609
"2021-07-05","Central","UR",0.216214715956652,0.383930131241839
"2021-07-05","Central","ZG",1.05490155147561,2.12201609542785
"2021-07-05","Eastern","AI",0.0825689556452889,0.1270137128586
"2021-07-05","Eastern","AR",0.196168089220847,0.333593682554767
"2021-07-05","Eastern","GL",0.21565711366421,0.399870573128562
"2021-07-05","Eastern","GR",2.00334761875763,2.96699546802021
"2021-07-05","Eastern","SG",3.44059772005238,6.15290860382802
"2021-07-05","Eastern","SH",0.479424908129256,0.996498540888763
"2021-07-05","Eastern","TG",1.52631624167111,2.83631103506829
"2021-07-05","Espace Mittelland","BE",6.77968045554858,13.9130827862941
"2021-07-05","Espace Mittelland","FR",2.0987536881922,3.53503940246115
"2021-07-05","Espace Mittelland","JU",0.406553454826306,0.648935729089981
"2021-07-05","Espace Mittelland","NE",1.17101751202885,1.96182994913334
"2021-07-05","Espace Mittelland","SO",1.31246950080129,2.71075881261722
"2021-07-05","Lake Geneva","GE",4.87566078211477,7.56936471391155
"2021-07-05","Lake Geneva","VD",6.81184837085108,11.1812173331403
"2021-07-05","Lake Geneva","VS",3.10094079399692,4.49605431578117
"2021-07-05","Northwestern","AG",4.02886068247396,7.3870522826101
"2021-07-05","Northwestern","BL",1.43543045144557,2.64760883175254
"2021-07-05","Northwestern","BS",1.5739850072848,3.51600603901432
"2021-07-05","Ticino","TI",3.16667762826334,3.96855824311179
"2021-07-05","Zurich","ZH",12.0019856930741,26.4889358378521
"2021-07-06","9999","9999",0.00754454424455535,0.0193732449369554
"2021-07-06","Central","LU",3.04435355193346,5.78624445228438
"2021-07-06","Central","NW",0.3059113906087,0.533308046150468
"2021-07-06","Central","OW",0.226397542583767,0.362109739576005
"2021-07-06","Central","SZ",1.13596277229522,1.81085459122113
"2021-07-06","Central","UR",0.234584991815731,0.363197360344395
"2021-07-06","Central","ZG",1.05694957977898,2.03402077763525
"2021-07-06","Eastern","AI",0.0871695446219619,0.120691917142331
"2021-07-06","Eastern","AR",0.205131819214348,0.333049872170572
"2021-07-06","Eastern","GL",0.219342023264245,0.385595550543437
"2021-07-06","Eastern","GR",1.76868439658165,2.79939990524104
"2021-07-06","Eastern","SG",3.34750041937653,5.94972744903307
"2021-07-06","Eastern","SH",0.477876055078481,0.98456870058548
"2021-07-06","Eastern","TG",1.52508199003453,2.78209993739383
"2021-07-06","Espace Mittelland","BE",6.63170554986821,13.4122334224503
"2021-07-06","Espace Mittelland","FR",2.01929155514637,3.39286697514311
"2021-07-06","Espace Mittelland","JU",0.397711133245422,0.634150884269673
"2021-07-06","Espace Mittelland","NE",1.15167340387479,1.92488483115707
"2021-07-06","Espace Mittelland","SO",1.37889810417061,2.65892688537361
"2021-07-06","Lake Geneva","GE",4.85249039207077,7.04220852273229
"2021-07-06","Lake Geneva","VD",6.33450749492629,10.3966349013426
"2021-07-06","Lake Geneva","VS",2.99551327326264,4.30201597307051
"2021-07-06","Northwestern","AG",3.9471901600469,7.15270399517096
"2021-07-06","Northwestern","BL",1.42162291229995,2.54646010029223
"2021-07-06","Northwestern","BS",1.56952992200065,3.40126204794912
"2021-07-06","Ticino","TI",2.9431457361828,3.86509831751865
"2021-07-06","Zurich","ZH",11.9262510955217,25.5986502626264
"2021-07-07","9999","9999",0.0099116264785032,0.0209366997915167
"2021-07-07","Central","LU",3.46456609736474,6.22475955083981
"2021-07-07","Central","NW",0.363948390800471,0.562911723940097
"2021-07-07","Central","OW",0.225881520606945,0.35493824013443
"2021-07-07","Central","SZ",1.2826166355559,1.91948071546413
"2021-07-07","Central","UR",0.245775461666914,0.364420933708834
"2021-07-07","Central","ZG",1.16809357154654,2.15984490527843
"2021-07-07","Eastern","AI",0.0967835652193027,0.117293102241111
"2021-07-07","Eastern","AR",0.225813663787481,0.342872447235098
"2021-07-07","Eastern","GL",0.237141562494981,0.40123009908905
"2021-07-07","Eastern","GR",2.00153832286913,2.90024274336024
"2021-07-07","Eastern","SG",3.82845499596754,6.39922071971945
"2021-07-07","Eastern","SH",0.510377106324646,1.01056963457981
"2021-07-07","Eastern","TG",1.64130037804449,2.87138680484889
"2021-07-07","Espace Mittelland","BE",7.04959221744311,13.8926219205887
"2021-07-07","Espace Mittelland","FR",2.13012513564266,3.61892215422327
"2021-07-07","Espace Mittelland","JU",0.413343123282499,0.642647921522723
"2021-07-07","Espace Mittelland","NE",1.18686638699721,1.97800830806314
"2021-07-07","Espace Mittelland","SO",1.45346787331453,2.82050654577762
"2021-07-07","Lake Geneva","GE",4.9585088169438,7.58866998255048
"2021-07-07","Lake Geneva","VD",6.67206612271119,11.1155862173977
"2021-07-07","Lake Geneva","VS",3.09064237816504,4.38168419435511
"2021-07-07","Northwestern","AG",4.18842674140294,7.44530797001701
"2021-07-07","Northwestern","BL",1.47473267641891,2.65233318446524
"2021-07-07","Northwestern","BS",1.55667846774086,3.57120279301013
"2021-07-07","Ticino","TI",3.001481121544,3.90795737342303
"2021-07-07","Zurich","ZH",12.8925655887675,26.5481431934313
"2021-07-08","9999","9999",0.00928067710454246,0.0217184272187974
"2021-07-08","Central","LU",3.39699169745107,5.98759024703266
"2021-07-08","Central","NW",0.359817352374225,0.527700001563455
"2021-07-08","Central","OW",0.227661297525849,0.339133750843756
"2021-07-08","Central","SZ",1.23798004142501,1.83100956358537
"2021-07-08","Central","UR",0.246214200960673,0.368703440484372
"2021-07-08","Central","ZG",1.14656117103327,2.08615859821997
"2021-07-08","Eastern","AI",0.0872177116856394,0.102610221867839
"2021-07-08","Eastern","AR",0.209993458012068,0.321561877804447
"2021-07-08","Eastern","GL",0.224422336615039,0.382060783046167
"2021-07-08","Eastern","GR",2.07341688460077,2.82509494589427
"2021-07-08","Eastern","SG",3.76708877840287,6.22961985614856
"2021-07-08","Eastern","SH",0.529767670241014,1.00166473953862
"2021-07-08","Eastern","TG",1.63268752748778,2.78356142780135
"2021-07-08","Espace Mittelland","BE",7.15002904297719,13.7419864441666
"2021-07-08","Espace Mittelland","FR",2.10667780847865,3.53279618462634
"2021-07-08","Espace Mittelland","JU",0.465624390410076,0.700971585227663
"2021-07-08","Espace Mittelland","NE",1.23793582171094,2.04826181207137
"2021-07-08","Espace Mittelland","SO",1.55395259570681,2.90085453004246
"2021-07-08","Lake Geneva","GE",4.81421767346919,7.54604884368918
"2021-07-08","Lake Geneva","VD",6.71673539212495,10.8905166946389
"2021-07-08","Lake Geneva","VS",3.05795752845273,4.33865519770566
"2021-07-08","Northwestern","AG",4.36267245703172,7.49962103213851
"2021-07-08","Northwestern","BL",1.51556351252822,2.62473480746733
"2021-07-08","Northwestern","BS",1.55671506296119,3.5020369097703
"2021-07-08","Ticino","TI",3.18685853929025,3.97787099594114
"2021-07-08","Zurich","ZH",12.4941760283043,25.6496664742937
"2021-07-09","9999","9999",0.0136800608997724,0.0264427799314935
"2021-07-09","Central","LU",4.2795724262232,7.12853842122329
"2021-07-09","Central","NW",0.464750267852929,0.641322383711248
"2021-07-09","Central","OW",0.295113834768417,0.426007459718945
"2021-07-09","Central","SZ",1.56389587538659,2.19342519650248
"2021-07-09","Central","UR",0.307299220773999,0.478315221048725
"2021-07-09","Central","ZG",1.45757623797665,2.45849877064865
"2021-07-09","Eastern","AI",0.126659910929231,0.152742741660838
"2021-07-09","Eastern","AR",0.282093768373605,0.392801038134023
"2021-07-09","Eastern","GL",0.294682774792697,0.490177085053983
"2021-07-09","Eastern","GR",2.6156602903408,3.42828262641382
"2021-07-09","Eastern","SG",4.62491790991112,7.24926432651463
"2021-07-09","Eastern","SH",0.63245099587695,1.16049135987264
"2021-07-09","Eastern","TG",2.02016321061001,3.24325114319139
"2021-07-09","Espace Mittelland","BE",8.90225733455836,15.9151547038579
"2021-07-09","Espace Mittelland","FR",2.69040171045237,4.2164678020068
"2021-07-09","Espace Mittelland","JU",0.508404524090281,0.754978754008052
"2021-07-09","Espace Mittelland","NE",1.43394905969609,2.19447882912186
"2021-07-09","Espace Mittelland","SO",1.80715386001626,3.18030509122079
"2021-07-09","Lake Geneva","GE",5.5296813532965,8.03343890052416
"2021-07-09","Lake Geneva","VD",8.00372022036533,12.486838089295
"2021-07-09","Lake Geneva","VS",3.81696482907974,5.28559901733464
"2021-07-09","Northwestern","AG",5.15842105733699,8.4017684713694
"2021-07-09","Northwestern","BL",1.83438557155686,3.00788321128189
"2021-07-09","Northwestern","BS",1.82098670449241,3.81615538294108
"2021-07-09","Ticino","TI",3.74398055911521,4.4161821656025
"2021-07-09","Zurich","ZH",15.938706416801,30.3653182208428
"2021-07-10","9999","9999",0.0128759842180733,0.0262048628884081
"2021-07-10","Central","LU",4.68809312183063,7.15212619663776
"2021-07-10","Central","NW",0.526044089929286,0.701583371909883
"2021-07-10","Central","OW",0.368680076426797,0.532458342425163
"2021-07-10","Central","SZ",1.76149718929324,2.41744108664191
"2021-07-10","Central","UR",0.348625441427153,0.534293702471822
"2021-07-10","Central","ZG",1.45178252342054,2.26782525469019
"2021-07-10","Eastern","AI",0.167361741544332,0.206545981547154
"2021-07-10","Eastern","AR",0.303062998011949,0.414553453501833
"2021-07-10","Eastern","GL",0.334522622517107,0.553564982961741
"2021-07-10","Eastern","GR",2.97362788649304,3.82410860980993
"2021-07-10","Eastern","SG",5.16838110933658,7.41410684922381
"2021-07-10","Eastern","SH",0.712274926227345,1.24022755745527
"2021-07-10","Eastern","TG",2.38362312081243,3.53588910618646
"2021-07-10","Espace Mittelland","BE",9.30427878560745,15.5713645765994
"2021-07-10","Espace Mittelland","FR",2.65882485984549,3.96638300157501
"2021-07-10","Espace Mittelland","JU",0.569465777569505,0.774657892286118
"2021-07-10","Espace Mittelland","NE",1.59896663164791,2.3043285267293
"2021-07-10","Espace Mittelland","SO",2.0386802119603,3.28594025835072
"2021-07-10","Lake Geneva","GE",5.52198825477872,7.19437346585992
"2021-07-10","Lake Geneva","VD",8.97674705239206,12.7870554095198
"2021-07-10","Lake Geneva","VS",4.11143856664812,5.46036607955538
"2021-07-10","Northwestern","AG",6.10781681464183,9.12792527501511
"2021-07-10","Northwestern","BL",1.9962406938247,2.94901573719276
"2021-07-10","Northwestern","BS",2.00911082359073,3.68764619152594
"2021-07-10","Ticino","TI",3.98086534025251,4.84535052317958
"2021-07-10","Zurich","ZH",18.5622661721572,30.5150700053905
"2021-07-11","9999","9999",0.0108729549170342,0.0255930762061884
"2021-07-11","Central","LU",1.03729916434413,2.3469496655906
"2021-07-11","Central","NW",0.196452466781594,0.272313049885766
"2021-07-11","Central","OW",0.177234458433835,0.236625493422953
"2021-07-11","Central","SZ",0.498331534032437,0.850485452732341
"2021-07-11","Central","UR",0.178720690385807,0.295289038618015
"2021-07-11","Central","ZG",0.288981862112601,0.73502771053789
"2021-07-11","Eastern","AI",0.0554101447597659,0.0803479842648465
"2021-07-11","Eastern","AR",0.0999395887120948,0.126265973580332
"2021-07-11","Eastern","GL",0.103858668562031,0.23009976881261
"2021-07-11","Eastern","GR",1.66082687489698,2.02185302028889
"2021-07-11","Eastern","SG",0.952014310771396,2.02348445144147
"2021-07-11","Eastern","SH",0.185486831385206,0.436781702955813
"2021-07-11","Eastern","TG",0.479353460318134,0.920467051548466
"2021-07-11","Espace Mittelland","BE",2.47151512048127,6.12381474827357
"2021-07-11","Espace Mittelland","FR",0.749786460330035,1.5642705701376
"2021-07-11","Espace Mittelland","JU",0.120483945688589,0.211168369812814
"2021-07-11","Espace Mittelland","NE",0.343079043204905,0.623376641032805
"2021-07-11","Espace Mittelland","SO",0.385564370959275,0.961082889618048
"2021-07-11","Lake Geneva","GE",1.0942114205228,2.38345293762971
"2021-07-11","Lake Geneva","VD",2.10174698141417,4.38732622709114
"2021-07-11","Lake Geneva","VS",1.64660726456359,2.63170237801483
"2021-07-11","Northwestern","AG",1.0472971900036,2.56223060143389
"2021-07-11","Northwestern","BL",0.332562927909292,0.873631382209651
"2021-07-11","Northwestern","BS",0.472557396998934,1.49119604976137
"2021-07-11","Ticino","TI",1.65520072689816,2.08812991086268
"2021-07-11","Zurich","ZH",4.08126839401772,10.8232201595948
"2021-07-12","9999","9999",0.00690964360496449,0.0173679441452354
"2021-07-12","Central","LU",2.8072603836314,5.34810322336808
"2021-07-12","Central","NW",0.309323991826057,0.520494513972868
"2021-07-12","Central","OW",0.218308064376119,0.36003646248626
"2021-07-12","Central","SZ",1.0467632326486,1.73781405899391
"2021-07-12","Central","UR",0.24355459975741,0.404119091755087
"2021-07-12","Central","ZG",0.984424381091511,1.97433758796983
"2021-07-12","Eastern","AI",0.0801207216990981,0.134593070088322
"2021-07-12","Eastern","AR",0.181561086466783,0.316837525091751
"2021-07-12","Eastern","GL",0.196149648675899,0.387872756527254
"2021-07-12","Eastern","GR",2.04995957941413,3.06838211652361
"2021-07-12","Eastern","SG",2.94365340920191,5.46107983068464
"2021-07-12","Eastern","SH",0.434613741678714,0.929541887334724
"2021-07-12","Eastern","TG",1.36628040897847,2.61192127528973
"2021-07-12","Espace Mittelland","BE",6.14163046144944,13.0407429537469
"2021-07-12","Espace Mittelland","FR",1.80413985495691,3.28203162121432
"2021-07-12","Espace Mittelland","JU",0.364405175121013,0.616273117889254
"2021-07-12","Espace Mittelland","NE",1.01745482752771,1.83117950433043
"2021-07-12","Espace Mittelland","SO",1.17522726640201,2.43593063970455
"2021-07-12","Lake Geneva","GE",4.27398821489796,7.06912713674996
"2021-07-12","Lake Geneva","VD",5.9212783239516,10.2877368719075
"2021-07-12","Lake Geneva","VS",2.96957649994282,4.53850551389741
"2021-07-12","Northwestern","AG",3.43909498598607,6.65640904329478
"2021-07-12","Northwestern","BL",1.28211141005018,2.45900859288383
"2021-07-12","Northwestern","BS",1.39869557012645,3.22985981248058
"2021-07-12","Ticino","TI",3.0333517168349,4.04455574430308
"2021-07-12","Zurich","ZH",11.6220155897832,26.3938030087669
"2021-07-13","9999","9999",0.0084073455837266,0.0181496715725161
"2021-07-13","Central","LU",2.84133335721062,5.03867511476099
"2021-07-13","Central","NW",0.327291790749885,0.48147611890686
"2021-07-13","Central","OW",0.198994841883135,0.289952899223099
"2021-07-13","Central","SZ",1.0945159029376,1.64842522709182
"2021-07-13","Central","UR",0.205044542844578,0.282135624950292
"2021-07-13","Central","ZG",0.98793251756785,1.83046575320117
"2021-07-13","Eastern","AI",0.0910673722235589,0.109679756862377
"2021-07-13","Eastern","AR",0.190095557854425,0.286350155427805
"2021-07-13","Eastern","GL",0.222965823349753,0.380531316340618
"2021-07-13","Eastern","GR",2.10300019051053,3.04176939584706
"2021-07-13","Eastern","SG",3.36874077475907,5.5069298437021
"2021-07-13","Eastern","SH",0.465059590470232,0.88287615874097
"2021-07-13","Eastern","TG",1.41667555179297,2.47681838296623
"2021-07-13","Espace Mittelland","BE",6.58160705350962,12.7159861899353
"2021-07-13","Espace Mittelland","FR",1.86193361539313,3.2084472786029
"2021-07-13","Espace Mittelland","JU",0.389608019451129,0.61651103493234
"2021-07-13","Espace Mittelland","NE",1.1146963910342,1.86156490954734
"2021-07-13","Espace Mittelland","SO",1.23798269648754,2.35816575476463
"2021-07-13","Lake Geneva","GE",4.52289673650796,7.02212152666608
"2021-07-13","Lake Geneva","VD",5.97529784642278,10.0213717480989
"2021-07-13","Lake Geneva","VS",3.05909063708762,4.38715628634608
"2021-07-13","Northwestern","AG",3.82306746290295,6.61769654156989
"2021-07-13","Northwestern","BL",1.3558917171044,2.40306409960975
"2021-07-13","Northwestern","BS",1.31673613930184,3.11365433100786
"2021-07-13","Ticino","TI",3.0436105691022,3.93824081419291
"2021-07-13","Zurich","ZH",11.2192598690505,23.7066319715642
"2021-07-14","9999","9999",0.00850137317445507,0.0200869960662116
"2021-07-14","Central","LU",3.14198976816436,5.54030620603208
"2021-07-14","Central","NW",0.340589228943094,0.510366045567232
"2021-07-14","Central","OW",0.205586868737393,0.330602725441693
"2021-07-14","Central","SZ",1.23082341043198,1.74824842074066
"2021-07-14","Central","UR",0.261799038183625,0.393718718157353
"2021-07-14","Central","ZG",1.12830883399181,2.0383372725598
"2021-07-14","Eastern","AI",0.0869150932970374,0.117191137794074
"2021-07-14","Eastern","AR",0.200093712742605,0.303174289188846
"2021-07-14","Eastern","GL",0.234433672831376,0.392665085537975
"2021-07-14","Eastern","GR",2.06181699470832,2.93977096066144
"2021-07-14","Eastern","SG",3.41393573089057,5.67687058876311
"2021-07-14","Eastern","SH",0.484655443978402,0.953027698302156
"2021-07-14","Eastern","TG",1.45384443401991,2.54965498629938
"2021-07-14","Espace Mittelland","BE",6.80838210447595,13.1573562930078
"2021-07-14","Espace Mittelland","FR",1.9558191955202,3.33841796042556
"2021-07-14","Espace Mittelland","JU",0.39336667556687,0.638263450300149
"2021-07-14","Espace Mittelland","NE",1.08666994252303,1.87325683280754
"2021-07-14","Espace Mittelland","SO",1.31322327618763,2.47539088070772
"2021-07-14","Lake Geneva","GE",4.7170850027708,7.32481998176876
"2021-07-14","Lake Geneva","VD",6.30022063217219,10.3482357771492
"2021-07-14","Lake Geneva","VS",3.01173556045513,4.44714536935261
"2021-07-14","Northwestern","AG",4.07338337912135,7.09261294771739
"2021-07-14","Northwestern","BL",1.35584296263751,2.45302667865769
"2021-07-14","Northwestern","BS",1.48205033029742,3.3747512917196
"2021-07-14","Ticino","TI",3.00970323931374,4.10604030586615
"2021-07-14","Zurich","ZH",12.9181233734487,26.5216324372018
"2021-07-15","9999","9999",0.00931593696156296,0.0206647945994191
"2021-07-15","Central","LU",3.14185239021633,5.31676614997883
"2021-07-15","Central","NW",0.317049025498653,0.482087905589079
"2021-07-15","Central","OW",0.210765834500233,0.308034594497591
"2021-07-15","Central","SZ",1.16211122223779,1.68421474800167
"2021-07-15","Central","UR",0.246101580100161,0.365712483371298
"2021-07-15","Central","ZG",1.09768587529875,2.0246740366569
"2021-07-15","Eastern","AI",0.0919468988902884,0.107334574580535
"2021-07-15","Eastern","AR",0.203946784135196,0.287029918408049
"2021-07-15","Eastern","GL",0.210474216215848,0.36897534567647
"2021-07-15","Eastern","GR",2.17051774937304,2.96318879533084
"2021-07-15","Eastern","SG",3.52923882329399,5.63669659663069
"2021-07-15","Eastern","SH",0.460706239506996,0.904118751873597
"2021-07-15","Eastern","TG",1.49202152729402,2.53459823628697
"2021-07-15","Espace Mittelland","BE",6.87316678554207,13.0706185367286
"2021-07-15","Espace Mittelland","FR",1.94655330922863,3.29127639774563
"2021-07-15","Espace Mittelland","JU",0.427158271257769,0.650397219497506
"2021-07-15","Espace Mittelland","NE",1.16959858473732,1.90717700552171
"2021-07-15","Espace Mittelland","SO",1.34148736845971,2.45037560303473
"2021-07-15","Lake Geneva","GE",4.59234987903429,7.2965418417906
"2021-07-15","Lake Geneva","VD",6.16884637967558,10.0114472085873
"2021-07-15","Lake Geneva","VS",3.14097166524704,4.46794611654808
"2021-07-15","Northwestern","AG",4.03755937222057,6.9561505294334
"2021-07-15","Northwestern","BL",1.39592113159454,2.44381589027538
"2021-07-15","Northwestern","BS",1.42793069082217,3.24831537739421
"2021-07-15","Ticino","TI",3.34942052692363,4.37549835123489
"2021-07-15","Zurich","ZH",12.5790797903348,26.1005192709406
"2021-07-16","9999","9999",0.00971078157103238,0.0217864035168218
"2021-07-16","Central","LU",3.82369533428406,6.05865946661718
"2021-07-16","Central","NW",0.398383811743817,0.555672248200497
"2021-07-16","Central","OW",0.267199204333366,0.359730569145151
"2021-07-16","Central","SZ",1.35604773139846,1.86894033788299
"2021-07-16","Central","UR",0.32400478025604,0.468866515623332
"2021-07-16","Central","ZG",1.36118726282543,2.2903933856343
"2021-07-16","Eastern","AI",0.122189741130502,0.139317422801018
"2021-07-16","Eastern","AR",0.240060396485344,0.328529448351949
"2021-07-16","Eastern","GL",0.269491615870549,0.446740230616389
"2021-07-16","Eastern","GR",2.57099178846724,3.35789316980955
"2021-07-16","Eastern","SG",4.15606964702083,6.26173865696509
"2021-07-16","Eastern","SH",0.598244145272851,1.0450676058272
"2021-07-16","Eastern","TG",1.83774524382847,2.9143138370513
"2021-07-16","Espace Mittelland","BE",8.3922342835639,14.6352289883563
"2021-07-16","Espace Mittelland","FR",2.45261060139763,3.82227324976327
"2021-07-16","Espace Mittelland","JU",0.499562625439712,0.713921070001312
"2021-07-16","Espace Mittelland","NE",1.3207565344584,2.04663038091878
"2021-07-16","Espace Mittelland","SO",1.66242135351352,2.79321406212082
"2021-07-16","Lake Geneva","GE",5.37856228575226,7.58911182848764
"2021-07-16","Lake Geneva","VD",7.56665875773924,11.6104196788664
"2021-07-16","Lake Geneva","VS",3.935719886548,5.28886187963981
"2021-07-16","Northwestern","AG",4.88541261925455,7.87049971415967
"2021-07-16","Northwestern","BL",1.73370859992416,2.79889008300586
"2021-07-16","Northwestern","BS",1.67350262902295,3.53905000404459
"2021-07-16","Ticino","TI",3.683737323354,4.58843410479634
"2021-07-16","Zurich","ZH",15.269027336285,28.9421324572548
"2021-07-17","9999","9999",0.0100235111269853,0.0205968183013947
"2021-07-17","Central","LU",4.24247181983003,6.29729026083185
"2021-07-17","Central","NW",0.460090695761369,0.573074180494745
"2021-07-17","Central","OW",0.310757753006793,0.403405340625831
"2021-07-17","Central","SZ",1.66233334093172,2.09183461910501
"2021-07-17","Central","UR",0.353121206341995,0.511079796696488
"2021-07-17","Central","ZG",1.43788849502546,2.12344359768636
"2021-07-17","Eastern","AI",0.146022459628237,0.157195189181436
"2021-07-17","Eastern","AR",0.277826244852209,0.333355765511681
"2021-07-17","Eastern","GL",0.311749422779419,0.485010886404129
"2021-07-17","Eastern","GR",3.21539983497181,3.73404001492759
"2021-07-17","Eastern","SG",4.79229966624102,6.53823224917936
"2021-07-17","Eastern","SH",0.644729336483386,1.10818359854286
"2021-07-17","Eastern","TG",2.15043263597855,3.11800481408143
"2021-07-17","Espace Mittelland","BE",8.99631597542081,14.578604732102
"2021-07-17","Espace Mittelland","FR",2.44984021203188,3.69842043476281
"2021-07-17","Espace Mittelland","JU",0.511764306010493,0.693698121339052
"2021-07-17","Espace Mittelland","NE",1.45818702767226,2.11579626415861
"2021-07-17","Espace Mittelland","SO",1.91065682068707,2.99190878124615
"2021-07-17","Lake Geneva","GE",5.39606289157057,6.86037192551701
"2021-07-17","Lake Geneva","VD",8.36976194000516,11.9404785939239
"2021-07-17","Lake Geneva","VS",4.1425816943847,5.50570627033766
"2021-07-17","Northwestern","AG",5.91095518236037,8.60569736544262
"2021-07-17","Northwestern","BL",1.95180327246012,2.8513677850807
"2021-07-17","Northwestern","BS",2.0147620262947,3.67775564016339
"2021-07-17","Ticino","TI",4.08891780148432,5.05604305890622
"2021-07-17","Zurich","ZH",18.1452958026903,28.7459868493054
"2021-07-18","9999","9999",0.00787299662657858,0.019985031619175
"2021-07-18","Central","LU",0.890172179121468,1.99078785209173
"2021-07-18","Central","NW",0.181150656091994,0.206987827484313
"2021-07-18","Central","OW",0.15799888672993,0.200258173979897
"2021-07-18","Central","SZ",0.443686924471385,0.70617177202653
"2021-07-18","Central","UR",0.171441002335135,0.279620501923389
"2021-07-18","Central","ZG",0.261810555202672,0.630106294537221
"2021-07-18","Eastern","AI",0.050985941220667,0.0686900491536611
"2021-07-18","Eastern","AR",0.0870360161229965,0.1027801626129
"2021-07-18","Eastern","GL",0.0912928058296339,0.200326150277921
"2021-07-18","Eastern","GR",1.63660349018465,1.896844608222
"2021-07-18","Eastern","SG",0.830738592540464,1.74247043540858
"2021-07-18","Eastern","SH",0.180370181271497,0.420569355876993
"2021-07-18","Eastern","TG",0.449718365024866,0.818808497852969
"2021-07-18","Espace Mittelland","BE",2.45916479556878,5.80894853582453
"2021-07-18","Espace Mittelland","FR",0.689381962806043,1.49677010619937
"2021-07-18","Espace Mittelland","JU",0.119746304310572,0.205730265970861
"2021-07-18","Espace Mittelland","NE",0.322899072023141,0.589592420914675
"2021-07-18","Espace Mittelland","SO",0.373776535533977,0.891339207845009
"2021-07-18","Lake Geneva","GE",1.11710835478983,2.25134100241928
"2021-07-18","Lake Geneva","VD",1.96915076967228,4.03272786844683
"2021-07-18","Lake Geneva","VS",1.80277031261172,2.81279123595185
"2021-07-18","Northwestern","AG",1.01512939218174,2.44408779546748
"2021-07-18","Northwestern","BL",0.328495344694414,0.858676596644282
"2021-07-18","Northwestern","BS",0.476710741083287,1.45550849329856
"2021-07-18","Ticino","TI",1.80832925385063,2.27523467117486
"2021-07-18","Zurich","ZH",3.92654502034269,9.87039639018667
"2021-07-19","9999","9999",0.00765669909851659,0.0201209842152238
"2021-07-19","Central","LU",2.66581623473387,5.0551593670319
"2021-07-19","Central","NW",0.332581662155847,0.524097257768161
"2021-07-19","Central","OW",0.244408402079318,0.390931689938352
"2021-07-19","Central","SZ",1.03136594152432,1.68672987102857
"2021-07-19","Central","UR",0.249349767157477,0.424579957460433
"2021-07-19","Central","ZG",0.954037871772831,1.92627834526657
"2021-07-19","Eastern","AI",0.0918140909392674,0.146420945944568
"2021-07-19","Eastern","AR",0.171268450682548,0.292332069653953
"2021-07-19","Eastern","GL",0.2137290957538,0.395350149309939
"2021-07-19","Eastern","GR",2.3577135990858,3.47284108976882
"2021-07-19","Eastern","SG",2.94654809308807,5.15029219611706
"2021-07-19","Eastern","SH",0.425716623209859,0.897593027263254
"2021-07-19","Eastern","TG",1.32085327193596,2.48470363353706
"2021-07-19","Espace Mittelland","BE",6.58036830236441,13.2130288810897
"2021-07-19","Espace Mittelland","FR",1.82298594700071,3.26785856307623
"2021-07-19","Espace Mittelland","JU",0.369514024520019,0.60787804508324
"2021-07-19","Espace Mittelland","NE",1.00075534962696,1.74869026667781
"2021-07-19","Espace Mittelland","SO",1.15826777642589,2.36289010747732
"2021-07-19","Lake Geneva","GE",4.26584762477851,6.88294005646111
"2021-07-19","Lake Geneva","VD",5.91945881899521,10.1333626990941
"2021-07-19","Lake Geneva","VS",3.30358081744261,5.06746307697432
"2021-07-19","Northwestern","AG",3.42943449396233,6.49676670738447
"2021-07-19","Northwestern","BL",1.33505762153381,2.4831401786825
"2021-07-19","Northwestern","BS",1.31930632207161,3.22724272500664
"2021-07-19","Ticino","TI",3.21087068597421,4.3771977586855
"2021-07-19","Zurich","ZH",11.0365262004527,24.2866737226064
"2021-07-20","9999","9999",0.00964445983197206,0.0213785457286753
"2021-07-20","Central","LU",2.72399602481531,5.0707599274285
"2021-07-20","Central","NW",0.33753744994096,0.50880259071267
"2021-07-20","Central","OW",0.241757940870089,0.405648558460636
"2021-07-20","Central","SZ",1.06522717974045,1.67962634788502
"2021-07-20","Central","UR",0.260676122952531,0.404357008798172
"2021-07-20","Central","ZG",0.969322451968108,1.9149263034965
"2021-07-20","Eastern","AI",0.106952090536129,0.152436848319728
"2021-07-20","Eastern","AR",0.177198795226606,0.287063906557062
"2021-07-20","Eastern","GL",0.216521399175506,0.385833467586522
"2021-07-20","Eastern","GR",2.30587135712155,3.43361876580874
"2021-07-20","Eastern","SG",2.92507853688683,5.03809731622778
"2021-07-20","Eastern","SH",0.450935989234419,0.917951928521563
"2021-07-20","Eastern","TG",1.35852775560668,2.46543235304714
"2021-07-20","Espace Mittelland","BE",6.5035722672014,13.0706525248776
"2021-07-20","Espace Mittelland","FR",1.8031128039306,3.17870764821722
"2021-07-20","Espace Mittelland","JU",0.370409837919906,0.598701244849946
"2021-07-20","Espace Mittelland","NE",1.02630934359935,1.76017826104394
"2021-07-20","Espace Mittelland","SO",1.19472528986263,2.35041645678985
"2021-07-20","Lake Geneva","GE",4.12569543009344,6.79484277422149
"2021-07-20","Lake Geneva","VD",5.73743399335381,9.89170695961732
"2021-07-20","Lake Geneva","VS",3.27347368100928,4.98344437261616
"2021-07-20","Northwestern","AG",3.50425183398151,6.4748443512716
"2021-07-20","Northwestern","BL",1.3050352669646,2.42393282310324
"2021-07-20","Northwestern","BS",1.33479126550372,3.19699327238579
"2021-07-20","Ticino","TI",3.06401677275841,4.21962869986493
"2021-07-20","Zurich","ZH",11.0741004848829,24.0109278696704
"2021-07-21","9999","9999",0.00937813513004992,0.022330213901017
"2021-07-21","Central","LU",2.80736194564737,5.1075011165107
"2021-07-21","Central","NW",0.340339065661643,0.519508857651514
"2021-07-21","Central","OW",0.261331989970897,0.410882733408515
"2021-07-21","Central","SZ",1.05560810747546,1.66042304369312
"2021-07-21","Central","UR",0.257408927527159,0.413125951243321
"2021-07-21","Central","ZG",1.02537207519652,1.94517575611736
"2021-07-21","Eastern","AI",0.106022928297683,0.158452750694888
"2021-07-21","Eastern","AR",0.190627893976555,0.300795118757991
"2021-07-21","Eastern","GL",0.21463728769745,0.390115974362059
"2021-07-21","Eastern","GR",2.34116511905565,3.45322992778878
"2021-07-21","Eastern","SG",2.95962631240123,5.02830872931226
"2021-07-21","Eastern","SH",0.443878096805906,0.896709335388937
"2021-07-21","Eastern","TG",1.36994395276554,2.48079499640066
"2021-07-21","Espace Mittelland","BE",6.62187888147479,13.1175561705145
"2021-07-21","Espace Mittelland","FR",1.83483229170231,3.18057699641289
"2021-07-21","Espace Mittelland","JU",0.367625777723326,0.5910539113222
"2021-07-21","Espace Mittelland","NE",1.03512363429878,1.73761013009984
"2021-07-21","Espace Mittelland","SO",1.22876242792969,2.37566965150591
"2021-07-21","Lake Geneva","GE",4.28897578053131,6.79790170763258
"2021-07-21","Lake Geneva","VD",5.92073142414574,10.0416286849101
"2021-07-21","Lake Geneva","VS",3.3592529401205,5.030348018253
"2021-07-21","Northwestern","AG",3.50262794212795,6.4492172869164
"2021-07-21","Northwestern","BL",1.27779604841091,2.41822281406919
"2021-07-21","Northwestern","BS",1.35656921230917,3.19920250207158
"2021-07-21","Ticino","TI",3.04806925712607,4.23665676252004
"2021-07-21","Zurich","ZH",11.384959306487,24.0828807811292
"2021-07-22","9999","9999",0.0104038507930513,0.0210046760895411
"2021-07-22","Central","LU",3.02921163239914,5.30942470979219
"2021-07-22","Central","NW",0.387461659849467,0.548330808013862
"2021-07-22","Central","OW",0.273839190702165,0.413397856435418
"2021-07-22","Central","SZ",1.14886105042333,1.74393192581611
"2021-07-22","Central","UR",0.29864320782901,0.443239451268132
"2021-07-22","Central","ZG",1.06347708626404,2.00006661677206
"2021-07-22","Eastern","AI",0.114605359199866,0.161239778913888
"2021-07-22","Eastern","AR",0.191436125556999,0.302834407698724
"2021-07-22","Eastern","GL",0.239607387209468,0.418869948426383
"2021-07-22","Eastern","GR",2.60891593808468,3.60869172137059
"2021-07-22","Eastern","SG",3.26488457329055,5.28695854329512
"2021-07-22","Eastern","SH",0.483390670870745,0.936373505286177
"2021-07-22","Eastern","TG",1.50575303688344,2.57375258394903
"2021-07-22","Espace Mittelland","BE",7.01271082601396,13.5903992995722
"2021-07-22","Espace Mittelland","FR",1.90290667748502,3.28876127471873
"2021-07-22","Espace Mittelland","JU",0.408410420443759,0.615865260101108
"2021-07-22","Espace Mittelland","NE",1.11343723350128,1.7971233790202
"2021-07-22","Espace Mittelland","SO",1.35674145459606,2.53585579780042
"2021-07-22","Lake Geneva","GE",4.51077579646717,7.13214116501858
"2021-07-22","Lake Geneva","VD",6.20559027567604,10.1350621065447
"2021-07-22","Lake Geneva","VS",3.46455530089364,5.15613815774716
"2021-07-22","Northwestern","AG",3.76684740658954,6.6901592752639
"2021-07-22","Northwestern","BL",1.37788894936227,2.48643702913668
"2021-07-22","Northwestern","BS",1.47772623201432,3.29569485711722
"2021-07-22","Ticino","TI",3.43063572962217,4.56916282430642
"2021-07-22","Zurich","ZH",11.7686926985471,24.5867890783842
"2021-07-23","9999","9999",0.0124714826997398,0.0249473013749566
"2021-07-23","Central","LU",3.87100899115781,6.25290173822192
"2021-07-23","Central","NW",0.4807423438932,0.635204516889051
"2021-07-23","Central","OW",0.347518378250837,0.485792613831409
"2021-07-23","Central","SZ",1.49556874174828,2.01553122457262
"2021-07-23","Central","UR",0.368239195069312,0.541125320423275
"2021-07-23","Central","ZG",1.31780816975038,2.22224714686483
"2021-07-23","Eastern","AI",0.142633123494238,0.185201423967491
"2021-07-23","Eastern","AR",0.249351372726266,0.354904251985418
"2021-07-23","Eastern","GL",0.30048572332736,0.485758625682397
"2021-07-23","Eastern","GR",3.20432592158268,4.07460126802986
"2021-07-23","Eastern","SG",4.00200185841063,6.11327842207979
"2021-07-23","Eastern","SH",0.589046781524385,1.07507914140497
"2021-07-23","Eastern","TG",1.92350401823155,3.02596490655638
"2021-07-23","Espace Mittelland","BE",8.80069361903143,15.3793995109785
"2021-07-23","Espace Mittelland","FR",2.51471627737426,3.84127262506109
"2021-07-23","Espace Mittelland","JU",0.475301415876319,0.688294005646111
"2021-07-23","Espace Mittelland","NE",1.35758762459219,1.99337095141666
"2021-07-23","Espace Mittelland","SO",1.68920591806233,2.85038212875934
"2021-07-23","Lake Geneva","GE",5.14763975690169,7.32247479948692
"2021-07-23","Lake Geneva","VD",7.76293069201656,11.5763635535561
"2021-07-23","Lake Geneva","VS",4.41471811672953,5.9497954253311
"2021-07-23","Northwestern","AG",4.7430080739316,7.7257441875167
"2021-07-23","Northwestern","BL",1.80381091698823,2.94167429700612
"2021-07-23","Northwestern","BS",1.66686441661186,3.55145567843404
"2021-07-23","Ticino","TI",4.11782446979801,4.74250238426865
"2021-07-23","Zurich","ZH",14.3601272858909,27.2086688813345
"2021-07-24","9999","9999",0.0117450293949688,0.0214805101757119
"2021-07-24","Central","LU",4.34973255942777,6.47933078694121
"2021-07-24","Central","NW",0.502973546683872,0.618312406829986
"2021-07-24","Central","OW",0.362765474288917,0.46604549925532
"2021-07-24","Central","SZ",1.65062241225143,2.1099163143795
"2021-07-24","Central","UR",0.384306693682463,0.545713720539922
"2021-07-24","Central","ZG",1.31996377507866,1.98116920592128
"2021-07-24","Eastern","AI",0.157728489365713,0.184555649136259
"2021-07-24","Eastern","AR",0.256427952409077,0.333695647001803
"2021-07-24","Eastern","GL",0.327624699564304,0.500033648267522
"2021-07-24","Eastern","GR",3.71631916995446,4.25572411411589
"2021-07-24","Eastern","SG",4.47919318930877,6.18798437360861
"2021-07-24","Eastern","SH",0.650218678273295,1.07732235923978
"2021-07-24","Eastern","TG",2.14112823953216,3.01128202618311
"2021-07-24","Espace Mittelland","BE",9.40822817272209,14.7332508101075
"2021-07-24","Espace Mittelland","FR",2.43696994128909,3.5555002681665
"2021-07-24","Espace Mittelland","JU",0.489127364238713,0.64166226520137
"2021-07-24","Espace Mittelland","NE",1.4185557120054,1.97532324429118
"2021-07-24","Espace Mittelland","SO",1.93846151273629,2.91730479416437
"2021-07-24","Lake Geneva","GE",5.19113188593552,6.63268531528427
"2021-07-24","Lake Geneva","VD",8.28873092345891,11.4667517729918
"2021-07-24","Lake Geneva","VS",4.49716696408132,5.74032646296889
"2021-07-24","Northwestern","AG",5.8827969166516,8.44275817907812
"2021-07-24","Northwestern","BL",2.04833836611924,2.89300326762065
"2021-07-24","Northwestern","BS",1.87826929881839,3.51117972185458
"2021-07-24","Ticino","TI",4.32435401104781,5.13350205050503
"2021-07-24","Zurich","ZH",16.2138082424631,25.6853880189056
"2021-07-25","9999","9999",0.00849777043473285,0.0179457426784429
"2021-07-25","Central","LU",0.908497107452304,1.87227117648618
"2021-07-25","Central","NW",0.179803176611584,0.179831296423563
"2021-07-25","Central","OW",0.157656101709446,0.174189263687537
"2021-07-25","Central","SZ",0.384168849727874,0.55941094459184
"2021-07-25","Central","UR",0.186565393757502,0.262218569629142
"2021-07-25","Central","ZG",0.229282980743313,0.532662271319236
"2021-07-25","Eastern","AI",0.0411689454001936,0.0475494204680712
"2021-07-25","Eastern","AR",0.0720405636224705,0.0880632940906165
"2021-07-25","Eastern","GL",0.0842010515637541,0.162565316725364
"2021-07-25","Eastern","GR",1.89020257919588,1.98891850389606
"2021-07-25","Eastern","SG",0.773118867928954,1.55699710624899
"2021-07-25","Eastern","SH",0.166720246324641,0.359288723207992
"2021-07-25","Eastern","TG",0.383775833900416,0.673781066017901
"2021-07-25","Espace Mittelland","BE",2.44067933777117,5.21806456524739
"2021-07-25","Espace Mittelland","FR",0.641349907883623,1.33400086057993
"2021-07-25","Espace Mittelland","JU",0.106646550795534,0.173339559962232
"2021-07-25","Espace Mittelland","NE",0.275804050542256,0.491264705822374
"2021-07-25","Espace Mittelland","SO",0.337503376638434,0.782951000645095
"2021-07-25","Lake Geneva","GE",1.11962488806591,2.2062727168291
"2021-07-25","Lake Geneva","VD",1.88330583496553,3.69828448216676
"2021-07-25","Lake Geneva","VS",1.77518796442766,2.61943265622143
"2021-07-25","Northwestern","AG",0.965973952105656,2.21718291266201
"2021-07-25","Northwestern","BL",0.303670255456215,0.759499177826675
"2021-07-25","Northwestern","BS",0.461135834890699,1.35503952481849
"2021-07-25","Ticino","TI",1.7698921015089,2.05319009367814
"2021-07-25","Zurich","ZH",3.48017730116003,8.56548938516118
"2021-07-26","9999","9999",0.00845411462775101,0.0190333634468334
"2021-07-26","Central","LU",3.17680399369337,5.31992704783696
"2021-07-26","Central","NW",0.386114803016466,0.506049550642682
"2021-07-26","Central","OW",0.23200452557367,0.346135309540269
"2021-07-26","Central","SZ",1.15228818008022,1.65529083319228
"2021-07-26","Central","UR",0.273268657706938,0.422132810731554
"2021-07-26","Central","ZG",0.975178192387766,1.83145140952253
"2021-07-26","Eastern","AI",0.0787504901341381,0.112568749528414
"2021-07-26","Eastern","AR",0.187082050129797,0.265651372679374
"2021-07-26","Eastern","GL",0.232364039837733,0.373937615432251
"2021-07-26","Eastern","GR",2.83327497221318,3.71714790486853
"2021-07-26","Eastern","SG",3.54771502753294,5.37604148185611
"2021-07-26","Eastern","SH",0.489852102326094,0.937631066799628
"2021-07-26","Eastern","TG",1.55014604664889,2.52066309519197
"2021-07-26","Espace Mittelland","BE",7.38175279764585,13.4604286177496
"2021-07-26","Espace Mittelland","FR",2.11465315032549,3.29990938759473
"2021-07-26","Espace Mittelland","JU",0.401766208687829,0.594248797329347
"2021-07-26","Espace Mittelland","NE",1.1218403027896,1.71086145682723
"2021-07-26","Espace Mittelland","SO",1.28679020589098,2.33889447427471
"2021-07-26","Lake Geneva","GE",4.64863409152691,6.90635789113052
"2021-07-26","Lake Geneva","VD",6.56794113336325,10.0923729913854
"2021-07-26","Lake Geneva","VS",3.75421217545341,5.21408795181296
"2021-07-26","Northwestern","AG",4.01931072015528,6.80820011678328
"2021-07-26","Northwestern","BL",1.50425654887132,2.56311429330821
"2021-07-26","Northwestern","BS",1.54443275934106,3.3056533847778
"2021-07-26","Ticino","TI",3.85941917718852,4.57449896370134
"2021-07-26","Zurich","ZH",11.4744834725627,22.5269033193506
"2021-07-27","9999","9999",0.00809138139406659,0.017469908592272
"2021-07-27","Central","LU",3.1792781007932,5.29593141463435
"2021-07-27","Central","NW",0.404661730602576,0.514852481236842
"2021-07-27","Central","OW",0.250601445089448,0.371592433150409
"2021-07-27","Central","SZ",1.15377501118347,1.67537782925849
"2021-07-27","Central","UR",0.285721464900443,0.416286849101455
"2021-07-27","Central","ZG",0.993120016341401,1.85932169171253
"2021-07-27","Eastern","AI",0.0999153955316558,0.139283434652006
"2021-07-27","Eastern","AR",0.183175591616953,0.277445260386608
"2021-07-27","Eastern","GL",0.221758126254544,0.361837834383907
"2021-07-27","Eastern","GR",2.6565871747079,3.60046658930964
"2021-07-27","Eastern","SG",3.42002304915394,5.25225664315367
"2021-07-27","Eastern","SH",0.49194512179976,0.936849339372348
"2021-07-27","Eastern","TG",1.48847148155626,2.42879312841199
"2021-07-27","Espace Mittelland","BE",7.19681525483958,13.5023699936306
"2021-07-27","Espace Mittelland","FR",1.99075100742491,3.16157762111507
"2021-07-27","Espace Mittelland","JU",0.384598499935877,0.571782630832281
"2021-07-27","Espace Mittelland","NE",1.08592976356312,1.64747355891948
"2021-07-27","Espace Mittelland","SO",1.29383519111283,2.35561664358871
"2021-07-27","Lake Geneva","GE",4.63156575965097,6.75738783401004
"2021-07-27","Lake Geneva","VD",6.17778374309674,9.7596290125559
"2021-07-27","Lake Geneva","VS",3.62292580239387,5.07538231569416
"2021-07-27","Northwestern","AG",3.88355151440244,6.76581689496506
"2021-07-27","Northwestern","BL",1.42508839155478,2.51389945353854
"2021-07-27","Northwestern","BS",1.51805889145649,3.35731537127634
"2021-07-27","Ticino","TI",3.68401081829117,4.43745874688414
"2021-07-27","Zurich","ZH",11.3512134930027,22.349859051146
"2021-07-28","9999","9999",0.00870497496101767,0.0185575293606625
"2021-07-28","Central","LU",3.32564889052827,5.45146118451418
"2021-07-28","Central","NW",0.393048005406397,0.530045183845297
"2021-07-28","Central","OW",0.248783483045509,0.356059849051833
"2021-07-28","Central","SZ",1.20426477290794,1.69148821189028
"2021-07-28","Central","UR",0.303430520539852,0.414383512756772
"2021-07-28","Central","ZG",1.06112883226117,1.88787173688278
"2021-07-28","Eastern","AI",0.0861721848701872,0.11620548147272
"2021-07-28","Eastern","AR",0.193716362183534,0.262830356311361
"2021-07-28","Eastern","GL",0.237855139921267,0.380327387446545
"2021-07-28","Eastern","GR",2.75518362680736,3.59241139799375
"2021-07-28","Eastern","SG",3.57233833593454,5.33291052075962
"2021-07-28","Eastern","SH",0.50761270455568,0.926448965774614
"2021-07-28","Eastern","TG",1.53158498222539,2.42502044387163
"2021-07-28","Espace Mittelland","BE",7.60555865067012,14.1432505314047
"2021-07-28","Espace Mittelland","FR",2.09662139885557,3.2624884355323
"2021-07-28","Espace Mittelland","JU",0.399114455191526,0.580823478469527
"2021-07-28","Espace Mittelland","NE",1.1134996940432,1.68819136143609
"2021-07-28","Espace Mittelland","SO",1.37400512936935,2.42026210300992
"2021-07-28","Lake Geneva","GE",4.70087994998865,6.85904638770553
"2021-07-28","Lake Geneva","VD",6.49111183551416,9.97446810246203
"2021-07-28","Lake Geneva","VS",3.84965690776764,5.25351420466712
"2021-07-28","Northwestern","AG",4.15332033368246,6.99289171851559
"2021-07-28","Northwestern","BL",1.50266277513864,2.57908872334394
"2021-07-28","Northwestern","BS",1.49376153701523,3.38552553495647
"2021-07-28","Ticino","TI",3.33998937277934,4.14186381492501
"2021-07-28","Zurich","ZH",11.5585727530426,22.4839762871482
"2021-07-29","9999","9999",0.00919396855788011,0.0215144983247241
"2021-07-29","Central","LU",3.25560425254396,5.46478453892697
"2021-07-29","Central","NW",0.395371690290777,0.550404085103606
"2021-07-29","Central","OW",0.306353160903051,0.440112541559009
"2021-07-29","Central","SZ",1.17209170412123,1.74260638800463
"2021-07-29","Central","UR",0.283016743298181,0.454523516740183
"2021-07-29","Central","ZG",1.02657168570747,1.92909936163459
"2021-07-29","Eastern","AI",0.117083112115651,0.162429364129315
"2021-07-29","Eastern","AR",0.185145052782232,0.288457420666562
"2021-07-29","Eastern","GL",0.217775356231953,0.396199853035244
"2021-07-29","Eastern","GR",2.58435122902786,3.58313263331342
"2021-07-29","Eastern","SG",3.2799227769971,5.27897132827726
"2021-07-29","Eastern","SH",0.513324249233978,0.954523176858693
"2021-07-29","Eastern","TG",1.47864483274295,2.47573076219784
"2021-07-29","Espace Mittelland","BE",7.45885617391932,14.0985901036027
"2021-07-29","Espace Mittelland","FR",2.03524702421825,3.23733720526327
"2021-07-29","Espace Mittelland","JU",0.413422563693374,0.603459585711654
"2021-07-29","Espace Mittelland","NE",1.07065469146789,1.6898907688867
"2021-07-29","Espace Mittelland","SO",1.42614594838808,2.56590132152721
"2021-07-29","Lake Geneva","GE",4.90472201579459,7.22608440888831
"2021-07-29","Lake Geneva","VD",6.21855128846758,9.91937331291325
"2021-07-29","Lake Geneva","VS",3.65052258111693,5.25616528029007
"2021-07-29","Northwestern","AG",3.99185440128914,6.92481345604415
"2021-07-29","Northwestern","BL",1.46887995133576,2.58479873237799
"2021-07-29","Northwestern","BS",1.53834258238204,3.39816912638901
"2021-07-29","Ticino","TI",3.76827155002163,4.54384165329233
"2021-07-29","Zurich","ZH",11.5362697343348,23.2894614305884
"2021-07-30","9999","9999",0.010365708744253,0.0215484864737363
"2021-07-30","Central","LU",3.96573717378548,6.10304798922712
"2021-07-30","Central","NW",0.445382596997883,0.588606764593322
"2021-07-30","Central","OW",0.352309473838386,0.428998416832019
"2021-07-30","Central","SZ",1.46701489130199,1.91846107099377
"2021-07-30","Central","UR",0.406718174436019,0.539425912972665
"2021-07-30","Central","ZG",1.28822569403716,2.12568681552116
"2021-07-30","Eastern","AI",0.137586061081468,0.164094783430913
"2021-07-30","Eastern","AR",0.239429482355576,0.324858728258631
"2021-07-30","Eastern","GL",0.278962646861132,0.424376028566359
"2021-07-30","Eastern","GR",3.41357665913693,4.07837395257022
"2021-07-30","Eastern","SG",4.11556476487187,5.89752165215033
"2021-07-30","Eastern","SH",0.576810040813676,1.03109847658318
"2021-07-30","Eastern","TG",1.86932019124893,2.80650342838459
"2021-07-30","Espace Mittelland","BE",9.4071248219341,15.4851366425555
"2021-07-30","Espace Mittelland","FR",2.60441291286609,3.75446689248393
"2021-07-30","Espace Mittelland","JU",0.481225275488877,0.658384434515373
"2021-07-30","Espace Mittelland","NE",1.30466095797155,1.82764473683316
"2021-07-30","Espace Mittelland","SO",1.75353977890856,2.80837277658026
"2021-07-30","Lake Geneva","GE",5.45449845267616,7.31910997273471
"2021-07-30","Lake Geneva","VD",7.67950092437099,11.085710634416
"2021-07-30","Lake Geneva","VS",4.70993020839182,6.05189582496375
"2021-07-30","Northwestern","AG",5.10114280196276,7.89874386598881
"2021-07-30","Northwestern","BL",1.9102954972211,2.96906874510996
"2021-07-30","Northwestern","BS",1.70114095281744,3.55274722809651
"2021-07-30","Ticino","TI",4.43428561824249,4.92080421398667
"2021-07-30","Zurich","ZH",13.3543498933121,24.4942733367729
"2021-07-31","9999","9999",0.0118367387010064,0.0220922968579316
"2021-07-31","Central","LU",4.50741878317411,6.68448325437886
"2021-07-31","Central","NW",0.531674435903084,0.653524129206628
"2021-07-31","Central","OW",0.391195284756181,0.484059218231787
"2021-07-31","Central","SZ",1.7246410092101,2.19804758476814
"2021-07-31","Central","UR",0.408808190321242,0.594622666968481
"2021-07-31","Central","ZG",1.42208769313627,2.11321316483369
"2021-07-31","Eastern","AI",0.150346859444988,0.181666656470222
"2021-07-31","Eastern","AR",0.259447381158118,0.35031585186877
"2021-07-31","Eastern","GL",0.325373300519632,0.489327381328678
"2021-07-31","Eastern","GR",3.75893289230369,4.20392617502129
"2021-07-31","Eastern","SG",4.74947874328152,6.53415367129789
"2021-07-31","Eastern","SH",0.695985541923541,1.15413557600736
"2021-07-31","Eastern","TG",2.2448464521533,3.17775598004488
"2021-07-31","Espace Mittelland","BE",9.89185553576054,15.9173979216927
"2021-07-31","Espace Mittelland","FR",2.40964648911428,3.52351741994601
"2021-07-31","Espace Mittelland","JU",0.484164758660278,0.672013682269266
"2021-07-31","Espace Mittelland","NE",1.35052918000465,1.94024747451059
"2021-07-31","Espace Mittelland","SO",1.98364561365636,3.09084828302068
"2021-07-31","Lake Geneva","GE",5.31001773068774,6.69420386499635
"2021-07-31","Lake Geneva","VD",7.90016146422109,11.0944116005631
"2021-07-31","Lake Geneva","VS",4.60420311593361,5.790764876103
"2021-07-31","Northwestern","AG",6.23626169513439,9.03612328453315
"2021-07-31","Northwestern","BL",2.20083243102652,3.33080461504683
"2021-07-31","Northwestern","BS",1.94780801032915,3.65743072705409
"2021-07-31","Ticino","TI",4.18525444292506,4.96539666549068
"2021-07-31","Zurich","ZH",16.0987464631327,25.7010225674512
"2021-08-01","9999","9999",0.00992429089183108,0.0193392567879432
"2021-08-01","Central","LU",0.906428680593263,1.90568152696518
"2021-08-01","Central","NW",0.181431470073234,0.173713429601367
"2021-08-01","Central","OW",0.137878411661862,0.15648143805218
"2021-08-01","Central","SZ",0.366062345324741,0.537046742541811
"2021-08-01","Central","UR",0.17974150318997,0.271973168395644
"2021-08-01","Central","ZG",0.227970432174123,0.55771153714123
"2021-08-01","Eastern","AI",0.0334611343898788,0.0355516038667637
"2021-08-01","Eastern","AR",0.0698824402924114,0.0824892376526153
"2021-08-01","Eastern","GL",0.0686882338910532,0.139147482055957
"2021-08-01","Eastern","GR",1.62726048959894,1.76792755901872
"2021-08-01","Eastern","SG",0.744148803144214,1.53130206559577
"2021-08-01","Eastern","SH",0.157686427379456,0.336142793730682
"2021-08-01","Eastern","TG",0.330063961905382,0.605362922056337
"2021-08-01","Espace Mittelland","BE",2.2746136622618,4.97029095894843
"2021-08-01","Espace Mittelland","FR",0.591585420741475,1.20260267649876
"2021-08-01","Espace Mittelland","JU",0.0940817336408606,0.167221693140036
"2021-08-01","Espace Mittelland","NE",0.269882552290624,0.476105991362932
"2021-08-01","Espace Mittelland","SO",0.315934283004298,0.728739902970632
"2021-08-01","Lake Geneva","GE",1.15632620516529,2.24831605715719
"2021-08-01","Lake Geneva","VD",1.70823567934359,3.30884827078494
"2021-08-01","Lake Geneva","VS",1.79671826595344,2.47083646874008
"2021-08-01","Northwestern","AG",0.937697974708509,2.16236002830533
"2021-08-01","Northwestern","BL",0.328113207574508,0.8837938387643
"2021-08-01","Northwestern","BS",0.478433669118988,1.42264195320376
"2021-08-01","Ticino","TI",1.3212163615276,1.87563600323839
"2021-08-01","Zurich","ZH",3.2816574139369,7.96852153591086
"2021-08-02","9999","9999",0.00696180501050792,0.0179797308274551
"2021-08-02","Central","LU",2.96973053273003,5.13115686822319
"2021-08-02","Central","NW",0.389957015281612,0.493609888104216
"2021-08-02","Central","OW",0.251497744075993,0.368193618249189
"2021-08-02","Central","SZ",1.10275727186873,1.65372737833772
"2021-08-02","Central","UR",0.281943420562567,0.435660094038411
"2021-08-02","Central","ZG",0.943873505270771,1.83542802295696
"2021-08-02","Eastern","AI",0.102632084495431,0.146352969646544
"2021-08-02","Eastern","AR",0.188490772269463,0.274862161061681
"2021-08-02","Eastern","GL",0.216500056858673,0.369893025699799
"2021-08-02","Eastern","GR",2.83243852961431,3.55118377324195
"2021-08-02","Eastern","SG",3.18744103181495,5.20008483441993
"2021-08-02","Eastern","SH",0.483057268637626,0.909760784609622
"2021-08-02","Eastern","TG",1.38600782122682,2.41077940943552
"2021-08-02","Espace Mittelland","BE",6.94851370088826,13.2310426000662
"2021-08-02","Espace Mittelland","FR",1.93004746292386,3.04037588173756
"2021-08-02","Espace Mittelland","JU",0.39684694171864,0.584528186711857
"2021-08-02","Espace Mittelland","NE",1.08255515166972,1.6631420956141
"2021-08-02","Espace Mittelland","SO",1.16941340783162,2.2996041740166
"2021-08-02","Lake Geneva","GE",4.65063607525022,6.5584212096926
"2021-08-02","Lake Geneva","VD",6.24966632266637,9.63251333525026
"2021-08-02","Lake Geneva","VS",3.82361532605008,5.19491863577008
"2021-08-02","Northwestern","AG",3.74906638622419,6.77281845366158
"2021-08-02","Northwestern","BL",1.41667252862442,2.50288729325859
"2021-08-02","Northwestern","BS",1.49524351616792,3.38674910832091
"2021-08-02","Ticino","TI",3.54787205999257,4.25317500293998
"2021-08-02","Zurich","ZH",10.6434710248111,21.887450283835
"2021-08-03","9999","9999",0.00710725779474962,0.0177418137843697
"2021-08-03","Central","LU",3.05983556226551,5.25031931865997
"2021-08-03","Central","NW",0.332412446953525,0.496362928174204
"2021-08-03","Central","OW",0.250321288999809,0.356773600181089
"2021-08-03","Central","SZ",1.10071779224016,1.6333344889304
"2021-08-03","Central","UR",0.269470708232096,0.409353266702966
"2021-08-03","Central","ZG",1.00132714749711,1.89059078880376
"2021-08-03","Eastern","AI",0.102524848164395,0.134389141194248
"2021-08-03","Eastern","AR",0.192758934102354,0.273672575846254
"2021-08-03","Eastern","GL",0.206075126122226,0.359934498039224
"2021-08-03","Eastern","GR",2.60958876930791,3.5176374701669
"2021-08-03","Eastern","SG",3.33776249586091,5.29912630064149
"2021-08-03","Eastern","SH",0.486750053356771,0.923356044214503
"2021-08-03","Eastern","TG",1.41335845450643,2.38926491111079
"2021-08-03","Espace Mittelland","BE",7.16050684783508,13.5458408362172
"2021-08-03","Espace Mittelland","FR",1.91202602625441,3.01287946918668
"2021-08-03","Espace Mittelland","JU",0.389468291890229,0.572734299004623
"2021-08-03","Espace Mittelland","NE",1.03885361338954,1.65586863172549
"2021-08-03","Espace Mittelland","SO",1.26664865087951,2.33699113793003
"2021-08-03","Lake Geneva","GE",4.44812215944287,6.47025595115495
"2021-08-03","Lake Geneva","VD",6.13933359739588,9.49652675105244
"2021-08-03","Lake Geneva","VS",3.63973045679838,5.00349738053336
"2021-08-03","Northwestern","AG",3.94460704657434,6.99506696005237
"2021-08-03","Northwestern","BL",1.41736067149147,2.49938651391033
"2021-08-03","Northwestern","BS",1.450141279676,3.32896925500017
"2021-08-03","Ticino","TI",3.59931143341943,4.38134431286499
"2021-08-03","Zurich","ZH",10.7052753981823,21.6640121922288
"2021-08-04","9999","9999",0.00842368714118401,0.0171640152511622
"2021-08-04","Central","LU",3.37442650894008,5.58544246792029
"2021-08-04","Central","NW",0.374663475229287,0.515702184962147
"2021-08-04","Central","OW",0.237443444671553,0.332845943276498
"2021-08-04","Central","SZ",1.21576131507863,1.69916953356704
"2021-08-04","Central","UR",0.303783123026078,0.430425919090532
"2021-08-04","Central","ZG",1.06691328151056,1.94602545984266
"2021-08-04","Eastern","AI",0.0938049531617011,0.12082786973838
"2021-08-04","Eastern","AR",0.203129565285554,0.279382584880304
"2021-08-04","Eastern","GL",0.226039904093972,0.360512296572431
"2021-08-04","Eastern","GR",2.88642677873829,3.66195115087271
"2021-08-04","Eastern","SG",3.70601141049543,5.60355815134379
"2021-08-04","Eastern","SH",0.506186176266539,0.935319872666799
"2021-08-04","Eastern","TG",1.48738464071465,2.43616855674763
"2021-08-04","Espace Mittelland","BE",7.82480065874686,13.9230753021037
"2021-08-04","Espace Mittelland","FR",2.01067211784161,3.07568956856123
"2021-08-04","Espace Mittelland","JU",0.391943573796486,0.584698127456918
"2021-08-04","Espace Mittelland","NE",1.11728115706779,1.72092194893485
"2021-08-04","Espace Mittelland","SO",1.35508665750132,2.4157416791913
"2021-08-04","Lake Geneva","GE",4.8646061316351,6.46859053185335
"2021-08-04","Lake Geneva","VD",6.17654592396464,9.41227012965119
"2021-08-04","Lake Geneva","VS",4.12768391529086,5.33651326455491
"2021-08-04","Northwestern","AG",4.43122863484787,7.52174731714546
"2021-08-04","Northwestern","BL",1.51420726507581,2.60753680406716
"2021-08-04","Northwestern","BS",1.52055817465814,3.45312796334174
"2021-08-04","Ticino","TI",3.55784797187899,4.22751395043576
"2021-08-04","Zurich","ZH",11.2952546509833,22.2268899280199
"2021-08-05","9999","9999",0.0081088076894621,0.0182856241685649
"2021-08-05","Central","LU",3.42103406798848,5.70144402049893
"2021-08-05","Central","NW",0.388417082927671,0.516857782028562
"2021-08-05","Central","OW",0.253698313162409,0.357759256502443
"2021-08-05","Central","SZ",1.18725579616892,1.67884462045774
"2021-08-05","Central","UR",0.308016259963235,0.432839077670398
"2021-08-05","Central","ZG",1.05208002670194,1.95955274314952
"2021-08-05","Eastern","AI",0.107813948114134,0.13194199446537
"2021-08-05","Eastern","AR",0.198099588474314,0.280912051585853
"2021-08-05","Eastern","GL",0.234241024156773,0.373903627283239
"2021-08-05","Eastern","GR",2.75657525159743,3.59931099224322
"2021-08-05","Eastern","SG",3.67821086551291,5.66806765816895
"2021-08-05","Eastern","SH",0.519818583101443,0.961456759257182
"2021-08-05","Eastern","TG",1.52819567350355,2.50652402520289
"2021-08-05","Espace Mittelland","BE",7.90372353214466,14.4648803855072
"2021-08-05","Espace Mittelland","FR",1.91739033339585,3.07915635976048
"2021-08-05","Espace Mittelland","JU",0.425000406385125,0.608761736957558
"2021-08-05","Espace Mittelland","NE",1.11427185123417,1.75956647436172
"2021-08-05","Espace Mittelland","SO",1.46060752835463,2.58972701398476
"2021-08-05","Lake Geneva","GE",4.75424335090007,7.02286926594435
"2021-08-05","Lake Geneva","VD",6.23281034880093,9.69291027604495
"2021-08-05","Lake Geneva","VS",3.80867482316236,5.10182509562566
"2021-08-05","Northwestern","AG",4.35691402974478,7.55291444978965
"2021-08-05","Northwestern","BL",1.48713138377626,2.57827300776765
"2021-08-05","Northwestern","BS",1.55002350650608,3.48568861009543
"2021-08-05","Ticino","TI",3.63445864216726,4.55060529494576
"2021-08-05","Zurich","ZH",11.8686610856808,22.8656971887042
"2021-08-06","9999","9999",0.00900944954378096,0.0199510434701628
"2021-08-06","Central","LU",3.95755524614374,6.28219952267044
"2021-08-06","Central","NW",0.467274519607259,0.592685342474786
"2021-08-06","Central","OW",0.346626966459045,0.483209514506482
"2021-08-06","Central","SZ",1.41419755216784,1.92739995418398
"2021-08-06","Central","UR",0.378313841604224,0.539629841866738
"2021-08-06","Central","ZG",1.29657218073174,2.21341022812166
"2021-08-06","Eastern","AI",0.149942910085677,0.177350161545672
"2021-08-06","Eastern","AR",0.250038372115058,0.329583080971327
"2021-08-06","Eastern","GL",0.279539402414424,0.465195795530015
"2021-08-06","Eastern","GR",3.13611303395378,4.04034121382556
"2021-08-06","Eastern","SG",4.11435337888447,6.25915555764016
"2021-08-06","Eastern","SH",0.593984849312494,1.07015085979821
"2021-08-06","Eastern","TG",1.83798266829219,2.83294620831608
"2021-08-06","Espace Mittelland","BE",9.11997724384279,16.0388375781133
"2021-08-06","Espace Mittelland","FR",2.21193425781645,3.44299949493611
"2021-08-06","Espace Mittelland","JU",0.485764304608558,0.683127806996257
"2021-08-06","Espace Mittelland","NE",1.26815458041931,1.91462041015539
"2021-08-06","Espace Mittelland","SO",1.63737675560968,2.81693779013134
"2021-08-06","Lake Geneva","GE",4.81394868587269,7.05050163109127
"2021-08-06","Lake Geneva","VD",7.04189896620049,10.6103523823313
"2021-08-06","Lake Geneva","VS",4.43081496983937,5.86839380844687
"2021-08-06","Northwestern","AG",5.09219192826763,8.4443896102307
"2021-08-06","Northwestern","BL",1.79912798191277,2.94028078289662
"2021-08-06","Northwestern","BS",1.78622621069354,3.77958413460395
"2021-08-06","Ticino","TI",3.76298375019101,4.6362214423075
"2021-08-06","Zurich","ZH",13.3614029063779,25.0692168654633
"2021-08-07","9999","9999",0.0103595762546824,0.019815090874114
"2021-08-07","Central","LU",4.33876450393013,6.40221167683252
"2021-08-07","Central","NW",0.51957533551385,0.605634827248435
"2021-08-07","Central","OW",0.344568157348655,0.43827718151235
"2021-08-07","Central","SZ",1.64810957961561,2.09316015691649
"2021-08-07","Central","UR",0.394178451146714,0.574637635349306
"2021-08-07","Central","ZG",1.38228681374118,2.05716670711256
"2021-08-07","Eastern","AI",0.151619401939175,0.180035225317636
"2021-08-07","Eastern","AR",0.259728085490758,0.346203285838294
"2021-08-07","Eastern","GL",0.300494561787744,0.478349209197737
"2021-08-07","Eastern","GR",3.52578774716601,4.16504373255133
"2021-08-07","Eastern","SG",4.55726015356514,6.43636976658978
"2021-08-07","Eastern","SH",0.650124685926759,1.08660112392011
"2021-08-07","Eastern","TG",2.07513361357453,3.04285701661545
"2021-08-07","Espace Mittelland","BE",9.60219381708225,14.9933961026469
"2021-08-07","Espace Mittelland","FR",2.18743354046594,3.20385887848625
"2021-08-07","Espace Mittelland","JU",0.488534999423973,0.674902674935304
"2021-08-07","Espace Mittelland","NE",1.41296675054615,1.98861261055495
"2021-08-07","Espace Mittelland","SO",1.88951318320197,2.93739179023058
"2021-08-07","Lake Geneva","GE",4.72161601971062,6.17350542212941
"2021-08-07","Lake Geneva","VD",7.45532448257403,10.2354291105777
"2021-08-07","Lake Geneva","VS",4.34801923739265,5.46118179513167
"2021-08-07","Northwestern","AG",6.41239809724121,9.33888971593385
"2021-08-07","Northwestern","BL",2.10991697693859,2.99506967910429
"2021-08-07","Northwestern","BS",1.95975502810985,3.5376904780841
"2021-08-07","Ticino","TI",4.17251929841797,4.94935425915692
"2021-08-07","Zurich","ZH",15.3054192406986,24.7323943087524
"2021-08-08","9999","9999",0.00876436142611272,0.0210726523875655
"2021-08-08","Central","LU",1.03151765994286,2.27859949792706
"2021-08-08","Central","NW",0.212464859141081,0.207293720825423
"2021-08-08","Central","OW",0.162336726332253,0.199646387297677
"2021-08-08","Central","SZ",0.425718115214026,0.644585246016419
"2021-08-08","Central","UR",0.197240045264979,0.290224804415196
"2021-08-08","Central","ZG",0.258536420587313,0.637379758425832
"2021-08-08","Eastern","AI",0.0470241728210435,0.0547888962076703
"2021-08-08","Eastern","AR",0.076278301884816,0.100265039585997
"2021-08-08","Eastern","GL",0.0811902654740246,0.171334259170512
"2021-08-08","Eastern","GR",1.91435017714534,1.95234725555893
"2021-08-08","Eastern","SG",0.897853674467725,1.83094158728734
"2021-08-08","Eastern","SH",0.197922968075454,0.435388188846313
"2021-08-08","Eastern","TG",0.410681051069709,0.769797586977373
"2021-08-08","Espace Mittelland","BE",2.74240416076964,6.04203926175021
"2021-08-08","Espace Mittelland","FR",0.66846088065127,1.39538345769597
"2021-08-08","Espace Mittelland","JU",0.11749621321706,0.208415329742825
"2021-08-08","Espace Mittelland","NE",0.312634651173361,0.57932799991299
"2021-08-08","Espace Mittelland","SO",0.384968720602549,0.905206372641987
"2021-08-08","Lake Geneva","GE",1.17376342626061,2.35850563625475
"2021-08-08","Lake Geneva","VD",1.97360878022445,3.85479990836795
"2021-08-08","Lake Geneva","VS",2.015872375013,2.9081959702291
"2021-08-08","Northwestern","AG",1.10955551641188,2.65688759643288
"2021-08-08","Northwestern","BL",0.362034145537456,0.926007119837455
"2021-08-08","Northwestern","BS",0.558008101911576,1.6946151215994
"2021-08-08","Ticino","TI",1.69956916754512,2.20501515531564
"2021-08-08","Zurich","ZH",3.64181897676341,9.09094616888983
"2021-08-09","9999","9999",0.00741156790461255,0.0203589012583093
"2021-08-09","Central","LU",3.03228129195515,5.51484908242194
"2021-08-09","Central","NW",0.372171871345679,0.539799782611799
"2021-08-09","Central","OW",0.255505232025895,0.405852487354709
"2021-08-09","Central","SZ",1.1677121040663,1.7906996188569
"2021-08-09","Central","UR",0.279862783548686,0.458432153876586
"2021-08-09","Central","ZG",0.993589598219999,2.0257956455743
"2021-08-09","Eastern","AI",0.103340457529226,0.157331141777485
"2021-08-09","Eastern","AR",0.190517407347726,0.322037711890618
"2021-08-09","Eastern","GL",0.230853880994779,0.420229474386871
"2021-08-09","Eastern","GR",2.5891106831622,3.61005124733108
"2021-08-09","Eastern","SG",3.34418927835859,5.76452602506558
"2021-08-09","Eastern","SH",0.468631064677296,0.965535337138646
"2021-08-09","Eastern","TG",1.47787322379498,2.69022997061385
"2021-08-09","Espace Mittelland","BE",7.20105971691073,14.3246452826828
"2021-08-09","Espace Mittelland","FR",1.86415057302926,3.17187603026577
"2021-08-09","Espace Mittelland","JU",0.398452549668104,0.642002146691492
"2021-08-09","Espace Mittelland","NE",1.08069069861928,1.88573048349501
"2021-08-09","Espace Mittelland","SO",1.25713076469243,2.51525897949903
"2021-08-09","Lake Geneva","GE",4.47402361416534,6.97209097132012
"2021-08-09","Lake Geneva","VD",6.10775187525833,10.1233701832845
"2021-08-09","Lake Geneva","VS",3.7195915658563,5.28706050774216
"2021-08-09","Northwestern","AG",3.82438730310406,7.49989293733061
"2021-08-09","Northwestern","BL",1.46672218436365,2.7082097014413
"2021-08-09","Northwestern","BS",1.49910355024663,3.58109334437268
"2021-08-09","Ticino","TI",3.25820340212429,4.31710671123193
"2021-08-09","Zurich","ZH",11.1519513317482,23.5681302643394
"2021-08-10","9999","9999",0.00906337707499256,0.0205628301523825
"2021-08-10","Central","LU",2.90975465158439,5.49853477089608
"2021-08-10","Central","NW",0.344802593888014,0.550981883636814
"2021-08-10","Central","OW",0.281097074345475,0.437937300022228
"2021-08-10","Central","SZ",1.13592897703021,1.76881125089304
"2021-08-10","Central","UR",0.290917038510198,0.455509173061537
"2021-08-10","Central","ZG",1.04273832231932,2.10138528897744
"2021-08-10","Eastern","AI",0.111603129616977,0.166881811649914
"2021-08-10","Eastern","AR",0.200961734138352,0.342260660552878
"2021-08-10","Eastern","GL",0.225288619297268,0.411290591196662
"2021-08-10","Eastern","GR",2.46154893990813,3.58496799336008
"2021-08-10","Eastern","SG",3.32425733622659,5.68682911642369
"2021-08-10","Eastern","SH",0.502995433327685,0.991842164474091
"2021-08-10","Eastern","TG",1.47921159069351,2.69763938709851
"2021-08-10","Espace Mittelland","BE",7.29841360757613,15.2329785650339
"2021-08-10","Espace Mittelland","FR",1.80439550850042,3.16263125373445
"2021-08-10","Espace Mittelland","JU",0.396671977796848,0.656413121872665
"2021-08-10","Espace Mittelland","NE",1.08810617862931,1.93494532326468
"2021-08-10","Espace Mittelland","SO",1.30159647539587,2.60339024988767
"2021-08-10","Lake Geneva","GE",4.42331898426064,6.85928430474862
"2021-08-10","Lake Geneva","VD",6.104968042191,10.2114334773751
"2021-08-10","Lake Geneva","VS",3.68552171334616,5.34382071659254
"2021-08-10","Northwestern","AG",3.92335318483386,7.60114363323796
"2021-08-10","Northwestern","BL",1.42121897860473,2.70637434139464
"2021-08-10","Northwestern","BS",1.48374010137961,3.64720029420142
"2021-08-10","Ticino","TI",2.98026172470818,4.11348371049982
"2021-08-10","Zurich","ZH",10.8926946060098,23.7691701657466
"2021-08-11","9999","9999",0.00929273061852615,0.0223981901990414
"2021-08-11","Central","LU",3.01737199584227,5.62619425858592
"2021-08-11","Central","NW",0.408611676533481,0.571204832299074
"2021-08-11","Central","OW",0.28181092197724,0.439670695621851
"2021-08-11","Central","SZ",1.14737185404313,1.81323376165199
"2021-08-11","Central","UR",0.316628170674798,0.482631715973274
"2021-08-11","Central","ZG",1.0804933037267,2.15651406667523
"2021-08-11","Eastern","AI",0.112786202769389,0.174019322942476
"2021-08-11","Eastern","AR",0.206742463167381,0.349364183696429
"2021-08-11","Eastern","GL",0.223909142005695,0.423424360394018
"2021-08-11","Eastern","GR",2.51356950182455,3.66252894940592
"2021-08-11","Eastern","SG",3.29801770564087,5.83753256914379
"2021-08-11","Eastern","SH",0.477590091529052,0.992317998560262
"2021-08-11","Eastern","TG",1.48605049528723,2.75657483748567
"2021-08-11","Espace Mittelland","BE",7.39320076548664,14.9855448402251
"2021-08-11","Espace Mittelland","FR",1.79093326846104,3.16643792642381
"2021-08-11","Espace Mittelland","JU",0.399687619753159,0.653660081802677
"2021-08-11","Espace Mittelland","NE",1.12904951028644,1.941403071577
"2021-08-11","Espace Mittelland","SO",1.33876650893311,2.70032445087047
"2021-08-11","Lake Geneva","GE",4.32654960287098,6.84596095033584
"2021-08-11","Lake Geneva","VD",5.88216862625619,10.1147032052864
"2021-08-11","Lake Geneva","VS",3.63332816509877,5.26364267307275
"2021-08-11","Northwestern","AG",3.99678120659959,7.85000486030531
"2021-08-11","Northwestern","BL",1.45735212798582,2.77329700679967
"2021-08-11","Northwestern","BS",1.54891865196585,3.67068610516885
"2021-08-11","Ticino","TI",2.90228104606817,4.12833653161816
"2021-08-11","Zurich","ZH",11.1722572460954,24.4087931420072
"2021-08-12","9999","9999",0.00924121144049842,0.0217864035168218
"2021-08-12","Central","LU",3.23822926094529,5.79311005838484
"2021-08-12","Central","NW",0.401637696612325,0.588300871252212
"2021-08-12","Central","OW",0.301674126184948,0.473488903888992
"2021-08-12","Central","SZ",1.18218699200513,1.83960856528546
"2021-08-12","Central","UR",0.319891453994754,0.507680981795268
"2021-08-12","Central","ZG",1.12205552732779,2.22680155883247
"2021-08-12","Eastern","AI",0.11985074068628,0.175752718542099
"2021-08-12","Eastern","AR",0.224373613476317,0.365610518924261
"2021-08-12","Eastern","GL",0.237273755630637,0.444700941675656
"2021-08-12","Eastern","GR",2.63883871214477,3.77761282196124
"2021-08-12","Eastern","SG",3.40015974312967,5.99601930798769
"2021-08-12","Eastern","SH",0.513789637053617,1.02470870456889
"2021-08-12","Eastern","TG",1.58400939168456,2.8366169284094
"2021-08-12","Espace Mittelland","BE",7.67287898302897,15.4514543868844
"2021-08-12","Espace Mittelland","FR",1.85400665990717,3.22289224193308
"2021-08-12","Espace Mittelland","JU",0.425078433112261,0.688158053050063
"2021-08-12","Espace Mittelland","NE",1.18884670337391,2.08738217158441
"2021-08-12","Espace Mittelland","SO",1.43158989174147,2.84779902943442
"2021-08-12","Lake Geneva","GE",4.5649869533634,7.13186925982648
"2021-08-12","Lake Geneva","VD",6.11958181574612,10.3061924368211
"2021-08-12","Lake Geneva","VS",3.6517112189358,5.32611289095718
"2021-08-12","Northwestern","AG",4.11253768421694,7.9794997080418
"2021-08-12","Northwestern","BL",1.48797913192903,2.83236840978288
"2021-08-12","Northwestern","BS",1.57959662684408,3.85361032315252
"2021-08-12","Ticino","TI",3.14340371427663,4.39878023330825
"2021-08-12","Zurich","ZH",11.575477301238,25.2060871415355
"2021-08-13","9999","9999",0.0111065769239344,0.0247093843318712
"2021-08-13","Central","LU",4.14066503685248,6.75110002644278
"2021-08-13","Central","NW",0.508668855537292,0.66157932052252
"2021-08-13","Central","OW",0.377899467795848,0.517333616114733
"2021-08-13","Central","SZ",1.52878841425634,2.15223155989969
"2021-08-13","Central","UR",0.422131603484643,0.601862142708081
"2021-08-13","Central","ZG",1.48736418733468,2.61110555971344
"2021-08-13","Eastern","AI",0.151816561870474,0.204710621500495
"2021-08-13","Eastern","AR",0.280428127815509,0.402657601347562
"2021-08-13","Eastern","GL",0.30564158456372,0.520766419164965
"2021-08-13","Eastern","GR",3.32080247330588,4.26993116040299
"2021-08-13","Eastern","SG",4.31324719916259,6.92019106777849
"2021-08-13","Eastern","SH",0.608236602349839,1.17106167421543
"2021-08-13","Eastern","TG",1.98423827608873,3.28179370417123
"2021-08-13","Espace Mittelland","BE",9.52440660556532,17.1924633318854
"2021-08-13","Espace Mittelland","FR",2.3641156714882,3.77367019667582
"2021-08-13","Espace Mittelland","JU",0.519734889891287,0.790190476384694
"2021-08-13","Espace Mittelland","NE",1.47352422744758,2.34647383150443
"2021-08-13","Espace Mittelland","SO",1.75848157083305,3.19491999529604
"2021-08-13","Lake Geneva","GE",4.98254596350862,7.46481716755002
"2021-08-13","Lake Geneva","VD",7.53242993825488,11.720881163156
"2021-08-13","Lake Geneva","VS",4.51260410855576,6.15685122911343
"2021-08-13","Northwestern","AG",5.16435352828069,9.01542450178472
"2021-08-13","Northwestern","BL",1.91669121783673,3.24060006756844
"2021-08-13","Northwestern","BS",1.76150011064523,4.05719933573562
"2021-08-13","Ticino","TI",3.44242193206653,4.58483136100105
"2021-08-13","Zurich","ZH",13.9173001983304,27.5112313838411
"2021-08-14","9999","9999",0.0104283063469266,0.0238596806065661
"2021-08-14","Central","LU",4.26528041256946,6.7246912346603
"2021-08-14","Central","NW",0.544068201241381,0.697504794028418
"2021-08-14","Central","OW",0.419686600256138,0.610223227365082
"2021-08-14","Central","SZ",1.72889389855939,2.33974417800001
"2021-08-14","Central","UR",0.438715147570745,0.679151193561829
"2021-08-14","Central","ZG",1.50454824547613,2.54207562906966
"2021-08-14","Eastern","AI",0.177783790089002,0.226463036868305
"2021-08-14","Eastern","AR",0.304997947280303,0.423798230033152
"2021-08-14","Eastern","GL",0.344004673192014,0.59397689213725
"2021-08-14","Eastern","GR",3.41792489577617,4.33797543472542
"2021-08-14","Eastern","SG",4.64639991906054,7.10845142515708
"2021-08-14","Eastern","SH",0.681349020199884,1.23387177358998
"2021-08-14","Eastern","TG",2.24852511178313,3.52776593857254
"2021-08-14","Espace Mittelland","BE",9.7745371764891,16.7940202610154
"2021-08-14","Espace Mittelland","FR",2.19876879346169,3.51824925684912
"2021-08-14","Espace Mittelland","JU",0.543850333388723,0.78410659771151
"2021-08-14","Espace Mittelland","NE",1.56969096055021,2.437188201218
"2021-08-14","Espace Mittelland","SO",1.94773695803619,3.29416539041167
"2021-08-14","Lake Geneva","GE",4.69839030411576,6.65063105796271
"2021-08-14","Lake Geneva","VD",7.84237720405288,11.6164355812415
"2021-08-14","Lake Geneva","VS",4.2680240202646,5.91607918151099
"2021-08-14","Northwestern","AG",5.99046096729716,9.4574063915394
"2021-08-14","Northwestern","BL",2.10588248802088,3.25392342198122
"2021-08-14","Northwestern","BS",1.94750239226813,3.85758693658695
"2021-08-14","Ticino","TI",3.5551406147943,4.73794797230102
"2021-08-14","Zurich","ZH",15.4094693674647,27.2666186754003
"2021-08-15","9999","9999",0.00981201464120528,0.0245734317358224
"2021-08-15","Central","LU",1.15729742155795,2.55383552862788
"2021-08-15","Central","NW",0.243397461565199,0.323941048235301
"2021-08-15","Central","OW",0.240600165216161,0.35354472602493
"2021-08-15","Central","SZ",0.532381790771306,0.883148063933068
"2021-08-15","Central","UR",0.229425621824163,0.383454297155668
"2021-08-15","Central","ZG",0.323554308562055,0.804431510820807
"2021-08-15","Eastern","AI",0.0603480676550817,0.0981237861982284
"2021-08-15","Eastern","AR",0.107272949752585,0.153354528343057
"2021-08-15","Eastern","GL",0.121972683894281,0.274012457336376
"2021-08-15","Eastern","GR",1.94305712053369,2.23499270274441
"2021-08-15","Eastern","SG",0.984257554662265,2.18492815924943
"2021-08-15","Eastern","SH",0.195026600300076,0.449969104772548
"2021-08-15","Eastern","TG",0.501572127924187,0.983073222028943
"2021-08-15","Espace Mittelland","BE",3.11553617791538,7.0447236457592
"2021-08-15","Espace Mittelland","FR",0.719352347854764,1.55257864687741
"2021-08-15","Espace Mittelland","JU",0.122562119524986,0.224559700523621
"2021-08-15","Espace Mittelland","NE",0.360288140387426,0.682855901804159
"2021-08-15","Espace Mittelland","SO",0.406417192944377,0.977533153739954
"2021-08-15","Lake Geneva","GE",1.23697845237008,2.55539898348244
"2021-08-15","Lake Geneva","VD",2.16671640079159,4.37305120450601
"2021-08-15","Lake Geneva","VS",1.99668988106365,3.06630883943387
"2021-08-15","Northwestern","AG",1.10308968334843,2.74879155136187
"2021-08-15","Northwestern","BL",0.373612093961786,0.972876777325282
"2021-08-15","Northwestern","BS",0.516552037735629,1.54703857858842
"2021-08-15","Ticino","TI",1.61318482046551,2.08629455081602
"2021-08-15","Zurich","ZH",3.9488506510368,10.5902653862651
"2021-08-16","9999","9999",0.00767526104012889,0.0196111619800408
"2021-08-16","Central","LU",2.99501003709581,5.52841035387781
"2021-08-16","Central","NW",0.357842036756897,0.526408451900991
"2021-08-16","Central","OW",0.225524003513815,0.345251617665952
"2021-08-16","Central","SZ",1.13264160234637,1.76092600032221
"2021-08-16","Central","UR",0.291134557836948,0.433586816948666
"2021-08-16","Central","ZG",1.06745752625388,2.14098148257666
"2021-08-16","Eastern","AI",0.0779281687085631,0.106858740494364
"2021-08-16","Eastern","AR",0.172735133855506,0.299469580946516
"2021-08-16","Eastern","GL",0.212038192941413,0.399496703489427
"2021-08-16","Eastern","GR",2.32122111949365,3.25854581024688
"2021-08-16","Eastern","SG",3.07172962760434,5.58585032570843
"2021-08-16","Eastern","SH",0.486764902910061,1.00713683152958
"2021-08-16","Eastern","TG",1.41496115676798,2.68655925052053
"2021-08-16","Espace Mittelland","BE",6.90657877386291,14.2398108627484
"2021-08-16","Espace Mittelland","FR",1.88585825857808,3.32359912745624
"2021-08-16","Espace Mittelland","JU",0.354760405923347,0.641594288903345
"2021-08-16","Espace Mittelland","NE",1.09637783407024,2.00186798866971
"2021-08-16","Espace Mittelland","SO",1.23623536380624,2.62245760148351
"2021-08-16","Lake Geneva","GE",4.76492240009962,7.27764443093982
"2021-08-16","Lake Geneva","VD",6.25419826770327,10.6753717113917
"2021-08-16","Lake Geneva","VS",3.52257654301514,5.16256191791046
"2021-08-16","Northwestern","AG",3.73919421757768,7.41210154843209
"2021-08-16","Northwestern","BL",1.42231515915747,2.80245883865214
"2021-08-16","Northwestern","BS",1.49843650690308,3.7003577592565
"2021-08-16","Ticino","TI",3.02155273641259,4.17778928843091
"2021-08-16","Zurich","ZH",11.4610363718622,24.6149652539153
"2021-08-17","9999","9999",0.00903334902261215,0.0206647945994191
"2021-08-17","Central","LU",3.12156466970472,5.71062082073223
"2021-08-17","Central","NW",0.356457225844127,0.519746774694599
"2021-08-17","Central","OW",0.233118633672552,0.370402847934982
"2021-08-17","Central","SZ",1.10966559577447,1.74192662502439
"2021-08-17","Central","UR",0.27223611250255,0.438481110406424
"2021-08-17","Central","ZG",1.11775153781477,2.21867839121855
"2021-08-17","Eastern","AI",0.0965227660236284,0.129460859587479
"2021-08-17","Eastern","AR",0.191611790446628,0.318231039201251
"2021-08-17","Eastern","GL",0.21774488566915,0.411120650451601
"2021-08-17","Eastern","GR",2.22280929214087,3.23675940673006
"2021-08-17","Eastern","SG",3.17835895965361,5.80786091505614
"2021-08-17","Eastern","SH",0.493801684067005,0.990040792576444
"2021-08-17","Eastern","TG",1.4575701994716,2.67191035829627
"2021-08-17","Espace Mittelland","BE",6.86083879761585,14.2982704790494
"2021-08-17","Espace Mittelland","FR",1.79411907329687,3.19770702351504
"2021-08-17","Espace Mittelland","JU",0.363245292647552,0.636937912488673
"2021-08-17","Espace Mittelland","NE",1.04544916074707,1.91682963984118
"2021-08-17","Espace Mittelland","SO",1.25422829967168,2.6196365851155
"2021-08-17","Lake Geneva","GE",4.6360888701435,7.1514124455085
"2021-08-17","Lake Geneva","VD",6.16089940940405,10.6001219494787
"2021-08-17","Lake Geneva","VS",3.24787803231687,5.00359934498039
"2021-08-17","Northwestern","AG",3.78412438800368,7.40720725497433
"2021-08-17","Northwestern","BL",1.4059292370932,2.73859510665821
"2021-08-17","Northwestern","BS",1.51065064825408,3.76823209283387
"2021-08-17","Ticino","TI",2.71295203374599,3.93997420979253
"2021-08-17","Zurich","ZH",11.7959147649269,25.2026543384853
"2021-08-18","9999","9999",0.00880076084537144,0.0214805101757119
"2021-08-18","Central","LU",3.20469521415227,5.82709820739704
"2021-08-18","Central","NW",0.374337129666797,0.542960680469934
"2021-08-18","Central","OW",0.233443726108182,0.389912045467986
"2021-08-18","Central","SZ",1.17595811348283,1.82750878423711
"2021-08-18","Central","UR",0.297055742806865,0.448405649917987
"2021-08-18","Central","ZG",1.13862725286119,2.31364127955864
"2021-08-18","Eastern","AI",0.106741537811515,0.140167126526323
"2021-08-18","Eastern","AR",0.199846799758947,0.328529448351949
"2021-08-18","Eastern","GL",0.221453361886194,0.41914185361848
"2021-08-18","Eastern","GR",2.22740858491444,3.29148032663971
"2021-08-18","Eastern","SG",3.36557117441996,6.02219018272709
"2021-08-18","Eastern","SH",0.492372622111994,1.01005981234463
"2021-08-18","Eastern","TG",1.48469492922255,2.74029451410882
"2021-08-18","Espace Mittelland","BE",7.18457029831589,15.1583405898031
"2021-08-18","Espace Mittelland","FR",1.82523001133723,3.28492061388035
"2021-08-18","Espace Mittelland","JU",0.372123136458893,0.643395660800992
"2021-08-18","Espace Mittelland","NE",1.10997892056569,2.00292162128909
"2021-08-18","Espace Mittelland","SO",1.31436647640977,2.70589850730847
"2021-08-18","Lake Geneva","GE",4.52710779100023,7.21649975086687
"2021-08-18","Lake Geneva","VD",6.4063974131201,10.9553660829542
"2021-08-18","Lake Geneva","VS",3.44442244336578,5.22387653872848
"2021-08-18","Northwestern","AG",3.97706738294563,7.76629204928825
"2021-08-18","Northwestern","BL",1.45897179836827,2.81241736631271
"2021-08-18","Northwestern","BS",1.55287653958823,3.84049089763381
"2021-08-18","Ticino","TI",2.78788500604616,4.06097202027597
"2021-08-18","Zurich","ZH",12.1202808020765,25.9082143238296
"2021-08-19","9999","9999",0.0101142610077708,0.0221262850069438
"2021-08-19","Central","LU",3.31457761262158,5.93283533897401
"2021-08-19","Central","NW",0.362836009667044,0.558323323823449
"2021-08-19","Central","OW",0.262634133671128,0.414213572011711
"2021-08-19","Central","SZ",1.20700029401881,1.84966905739307
"2021-08-19","Central","UR",0.276339707450564,0.452960061885622
"2021-08-19","Central","ZG",1.18655976251868,2.33434006230707
"2021-08-19","Eastern","AI",0.106325014107369,0.142308379914092
"2021-08-19","Eastern","AR",0.20578696568477,0.33580291224056
"2021-08-19","Eastern","GL",0.225408535705718,0.427265021232397
"2021-08-19","Eastern","GR",2.28802081171159,3.29487914154093
"2021-08-19","Eastern","SG",3.38256775695113,6.01726190112032
"2021-08-19","Eastern","SH",0.499978933762679,1.02324721416137
"2021-08-19","Eastern","TG",1.53770329188242,2.75684674267776
"2021-08-19","Espace Mittelland","BE",7.38176088814614,15.0340459288655
"2021-08-19","Espace Mittelland","FR",1.90027049800597,3.39109959139447
"2021-08-19","Espace Mittelland","JU",0.394087121694756,0.652810378077372
"2021-08-19","Espace Mittelland","NE",1.14581012902989,2.02521784704109
"2021-08-19","Espace Mittelland","SO",1.39567268353048,2.82611459036463
"2021-08-19","Lake Geneva","GE",4.94008526752909,7.53598835158157
"2021-08-19","Lake Geneva","VD",6.53356265528763,11.0008762144815
"2021-08-19","Lake Geneva","VS",3.30294058318182,5.11970286200608
"2021-08-19","Northwestern","AG",4.01431119432674,7.7073565989011
"2021-08-19","Northwestern","BL",1.4986674464353,2.8171077308764
"2021-08-19","Northwestern","BS",1.60300294934763,3.97433622844387
"2021-08-19","Ticino","TI",3.07516325002477,4.30099632860014
"2021-08-19","Zurich","ZH",12.5413403633646,26.388636810117
"2021-08-20","9999","9999",0.0129711983632973,0.0259329576963104
"2021-08-20","Central","LU",4.11130426277691,6.89928835613598
"2021-08-20","Central","NW",0.481123043833238,0.669362606646315
"2021-08-20","Central","OW",0.336193972634458,0.49289613697496
"2021-08-20","Central","SZ",1.48703876986927,2.1386023121458
"2021-08-20","Central","UR",0.395906301621362,0.582794791112235
"2021-08-20","Central","ZG",1.49566403421393,2.66290349880804
"2021-08-20","Eastern","AI",0.137818586602366,0.179287486039368
"2021-08-20","Eastern","AR",0.249995914610636,0.395588066353024
"2021-08-20","Eastern","GL",0.294405806344508,0.508156815881438
"2021-08-20","Eastern","GR",2.87071796810868,3.80789626273111
"2021-08-20","Eastern","SG",4.17126431144789,6.89079131888293
"2021-08-20","Eastern","SH",0.598585684998517,1.14659020692665
"2021-08-20","Eastern","TG",1.90111438887762,3.16579215159258
"2021-08-20","Espace Mittelland","BE",9.23875570345516,16.971200481816
"2021-08-20","Espace Mittelland","FR",2.4709896452287,4.0279015512871
"2021-08-20","Espace Mittelland","JU",0.480572361150675,0.763611743857152
"2021-08-20","Espace Mittelland","NE",1.41022295488199,2.25372017285013
"2021-08-20","Espace Mittelland","SO",1.70395620412476,3.1547120150146
"2021-08-20","Lake Geneva","GE",5.25896557346059,7.75198303855412
"2021-08-20","Lake Geneva","VD",7.91829076770103,12.4766756327404
"2021-08-20","Lake Geneva","VS",4.27419055964164,6.06025690962075
"2021-08-20","Northwestern","AG",5.07738319558526,8.85520436734119
"2021-08-20","Northwestern","BL",1.88621763969742,3.24172167648584
"2021-08-20","Northwestern","BS",1.81734958601799,4.14526262982623
"2021-08-20","Ticino","TI",3.30826604730663,4.40204309561342
"2021-08-20","Zurich","ZH",15.2257354686714,29.3425128526185
"2021-08-21","9999","9999",0.01258379811058,0.025185218418042
"2021-08-21","Central","LU",4.26374099713035,6.89524376640353
"2021-08-21","Central","NW",0.539409514170666,0.719359173843264
"2021-08-21","Central","OW",0.386952667131125,0.601998095304129
"2021-08-21","Central","SZ",1.71557577985697,2.38719163402105
"2021-08-21","Central","UR",0.377082918585871,0.62052163651578
"2021-08-21","Central","ZG",1.46730556190919,2.39130420005153
"2021-08-21","Eastern","AI",0.165907115801379,0.221670707857584
"2021-08-21","Eastern","AR",0.299161888784388,0.426687222699189
"2021-08-21","Eastern","GL",0.328582856025471,0.570117211530683
"2021-08-21","Eastern","GR",3.08336997783027,3.93222491181775
"2021-08-21","Eastern","SG",4.49899683474645,6.86737348421353
"2021-08-21","Eastern","SH",0.643940884727222,1.1940716510967
"2021-08-21","Eastern","TG",2.16561248609651,3.40748187921835
"2021-08-21","Espace Mittelland","BE",9.21010498238658,16.166123196164
"2021-08-21","Espace Mittelland","FR",2.30244584478151,3.75062623164555
"2021-08-21","Espace Mittelland","JU",0.507451387968597,0.738766406929232
"2021-08-21","Espace Mittelland","NE",1.51321042223886,2.27989104758953
"2021-08-21","Espace Mittelland","SO",1.88366686864591,3.21534687285237
"2021-08-21","Lake Geneva","GE",5.18744015071012,6.94755152773331
"2021-08-21","Lake Geneva","VD",8.35095287002803,12.4289222833782
"2021-08-21","Lake Geneva","VS",4.21815971373601,5.8640093372243
"2021-08-21","Northwestern","AG",5.76406024098797,9.12591997422339
"2021-08-21","Northwestern","BL",2.03004835695156,3.17904752970734
"2021-08-21","Northwestern","BS",1.95809822209611,3.89024954778768
"2021-08-21","Ticino","TI",3.39341058199922,4.51325231918135
"2021-08-21","Zurich","ZH",16.5411525274803,29.1958879777799
"2021-08-22","9999","9999",0.00849822077719813,0.0215824746227485
"2021-08-22","Central","LU",1.0403955037542,2.18237904807352
"2021-08-22","Central","NW",0.195675974554899,0.195023999032018
"2021-08-22","Central","OW",0.177950616518248,0.184487672838235
"2021-08-22","Central","SZ",0.423839846439955,0.637209817680771
"2021-08-22","Central","UR",0.193564894390365,0.268438400898375
"2021-08-22","Central","ZG",0.279033965443547,0.671945705971242
"2021-08-22","Eastern","AI",0.0423565102291943,0.0549588369527313
"2021-08-22","Eastern","AR",0.0887716164040681,0.104037724126352
"2021-08-22","Eastern","GL",0.0838465458911092,0.17051854359422
"2021-08-22","Eastern","GR",1.67127413870369,1.80059017021945
"2021-08-22","Eastern","SG",0.872445160691727,1.78971396253554
"2021-08-22","Eastern","SH",0.184807362505638,0.398239141975976
"2021-08-22","Eastern","TG",0.402811574946402,0.763645732006164
"2021-08-22","Espace Mittelland","BE",2.59070123792526,5.665416582546
"2021-08-22","Espace Mittelland","FR",0.674027834070042,1.4210784983492
"2021-08-22","Espace Mittelland","JU",0.108006694689272,0.194310247902761
"2021-08-22","Espace Mittelland","NE",0.326886314142214,0.581503241449771
"2021-08-22","Espace Mittelland","SO",0.380396992703869,0.876758291918774
"2021-08-22","Lake Geneva","GE",1.25892298672746,2.46910307314046
"2021-08-22","Lake Geneva","VD",2.07994779410845,4.01841885771269
"2021-08-22","Lake Geneva","VS",1.82622769611879,2.5823175975001
"2021-08-22","Northwestern","AG",1.04127551600759,2.47957142303622
"2021-08-22","Northwestern","BL",0.346934315401544,0.889367895202301
"2021-08-22","Northwestern","BS",0.519906458622493,1.51903234380236
"2021-08-22","Ticino","TI",1.5932072057755,2.00689823472352
"2021-08-22","Zurich","ZH",3.91061265971332,9.74878679302101
"2021-08-23","9999","9999",0.00723541351230324,0.0199510434701628
"2021-08-23","Central","LU",2.87714778552297,5.65154941774902
"2021-08-23","Central","NW",0.332411593260851,0.509652294437975
"2021-08-23","Central","OW",0.220456319332156,0.372272196130653
"2021-08-23","Central","SZ",1.08625547081411,1.7620136210906
"2021-08-23","Central","UR",0.251600198944854,0.422914538158835
"2021-08-23","Central","ZG",1.04254411115216,2.18312678735179
"2021-08-23","Eastern","AI",0.0766046161191345,0.11851667560555
"2021-08-23","Eastern","AR",0.171091168476065,0.307116914474261
"2021-08-23","Eastern","GL",0.195505584546145,0.384983763861217
"2021-08-23","Eastern","GR",2.07381631095532,2.98776222706667
"2021-08-23","Eastern","SG",2.9564808778304,5.59210414512668
"2021-08-23","Eastern","SH",0.428346721107614,0.9523139471729
"2021-08-23","Eastern","TG",1.34609714442268,2.59883583792003
"2021-08-23","Espace Mittelland","BE",6.4358451816119,13.9616518512325
"2021-08-23","Espace Mittelland","FR",1.8182286349301,3.32577436899302
"2021-08-23","Espace Mittelland","JU",0.321713010946373,0.587247238632833
"2021-08-23","Espace Mittelland","NE",0.978872371210543,1.88209375155071
"2021-08-23","Espace Mittelland","SO",1.1634830515395,2.54598426620606
"2021-08-23","Lake Geneva","GE",4.74432065774499,7.58989355591492
"2021-08-23","Lake Geneva","VD",6.14590150939013,11.1765269685766
"2021-08-23","Lake Geneva","VS",2.96624334305236,4.65205991974718
"2021-08-23","Northwestern","AG",3.53877160602661,7.17952064474159
"2021-08-23","Northwestern","BL",1.39355654386625,2.72391222628494
"2021-08-23","Northwestern","BS",1.388348822758,3.55512639852736
"2021-08-23","Ticino","TI",2.82832035140246,3.99190810148317
"2021-08-23","Zurich","ZH",11.5735671756295,26.4817303502615
"2021-08-24","9999","9999",0.00863900174786526,0.0209027116425045
"2021-08-24","Central","LU",2.90991001973491,5.59944558531331
"2021-08-24","Central","NW",0.331275821731379,0.504554072086145
"2021-08-24","Central","OW",0.227615366510413,0.368533499739311
"2021-08-24","Central","SZ",1.10585908979279,1.73628459228836
"2021-08-24","Central","UR",0.259005900649353,0.407110048868161
"2021-08-24","Central","ZG",1.08705806332369,2.14618166937552
"2021-08-24","Eastern","AI",0.087987711148792,0.120352035652209
"2021-08-24","Eastern","AR",0.183919048286804,0.320202351843959
"2021-08-24","Eastern","GL",0.208190905512484,0.390217938809096
"2021-08-24","Eastern","GR",1.9352771568284,2.89599422473372
"2021-08-24","Eastern","SG",3.14100095317137,5.60743280033118
"2021-08-24","Eastern","SH",0.47095998919836,0.977329224845881
"2021-08-24","Eastern","TG",1.41710089437739,2.60104506760583
"2021-08-24","Espace Mittelland","BE",6.64531775786454,14.0392467954274
"2021-08-24","Espace Mittelland","FR",1.83907932659954,3.28019626116766
"2021-08-24","Espace Mittelland","JU",0.345023825603087,0.6138939474584
"2021-08-24","Espace Mittelland","NE",1.10754436136635,1.95605196380126
"2021-08-24","Espace Mittelland","SO",1.23201274530267,2.56593530967622
"2021-08-24","Lake Geneva","GE",4.7705228394177,7.52337874829804
"2021-08-24","Lake Geneva","VD",6.13497761095022,10.9635912150151
"2021-08-24","Lake Geneva","VS",2.96472536783062,4.6184116522251
"2021-08-24","Northwestern","AG",3.7748178181654,7.28410217925214
"2021-08-24","Northwestern","BL",1.4111203268584,2.70702011622587
"2021-08-24","Northwestern","BS",1.47050907107793,3.59360098320917
"2021-08-24","Ticino","TI",2.81983383169732,3.93909051791821
"2021-08-24","Zurich","ZH",11.9532086503175,26.1354930762742
"2021-08-25","9999","9999",0.0100469367672226,0.022670095391139
"2021-08-25","Central","LU",3.4329508932439,6.23097938210905
"2021-08-25","Central","NW",0.386144173177245,0.553123137024582
"2021-08-25","Central","OW",0.249709579039169,0.394228540392536
"2021-08-25","Central","SZ",1.23833945778853,1.89395561555597
"2021-08-25","Central","UR",0.279745866812657,0.447487969894657
"2021-08-25","Central","ZG",1.25400194188454,2.38916294666376
"2021-08-25","Eastern","AI",0.103307508124854,0.138535695373737
"2021-08-25","Eastern","AR",0.214652231235255,0.35232115266049
"2021-08-25","Eastern","GL",0.249952196147311,0.451804464819207
"2021-08-25","Eastern","GR",2.17113467547423,3.08768738516254
"2021-08-25","Eastern","SG",3.7204456227196,6.35095754812212
"2021-08-25","Eastern","SH",0.532224163076416,1.05862887728307
"2021-08-25","Eastern","TG",1.66226168557146,2.910711093256
"2021-08-25","Espace Mittelland","BE",7.60896211580947,15.2406938748597
"2021-08-25","Espace Mittelland","FR",2.24052883096966,3.67381301487797
"2021-08-25","Espace Mittelland","JU",0.441621305399715,0.693664133190039
"2021-08-25","Espace Mittelland","NE",1.30314619388738,2.15851936746695
"2021-08-25","Espace Mittelland","SO",1.50637230084943,2.8965040469689
"2021-08-25","Lake Geneva","GE",5.43141647464815,7.92019038801551
"2021-08-25","Lake Geneva","VD",7.40439622826516,12.1321377662037
"2021-08-25","Lake Geneva","VS",3.38418258321505,5.01213037038246
"2021-08-25","Northwestern","AG",4.56946526848672,8.24888977711252
"2021-08-25","Northwestern","BL",1.59384299926797,2.95142889577262
"2021-08-25","Northwestern","BS",1.61690179053306,3.89517782939445
"2021-08-25","Ticino","TI",3.63185456231594,4.23366580540697
"2021-08-25","Zurich","ZH",13.5775739195353,28.1212506823121
"2021-08-26","9999","9999",0.00925270496341659,0.0222622376029926
"2021-08-26","Central","LU",3.39832619140439,6.19202896334106
"2021-08-26","Central","NW",0.343555889303269,0.543266573811043
"2021-08-26","Central","OW",0.24370879701752,0.400244442767696
"2021-08-26","Central","SZ",1.23007528978059,1.8517083463338
"2021-08-26","Central","UR",0.300031648893653,0.448745531408109
"2021-08-26","Central","ZG",1.2578974786136,2.35575259618476
"2021-08-26","Eastern","AI",0.094064279933315,0.13472902268437
"2021-08-26","Eastern","AR",0.231414060029327,0.350519780762844
"2021-08-26","Eastern","GL",0.250618052936363,0.448507614365023
"2021-08-26","Eastern","GR",2.1916397704198,3.07687915377666
"2021-08-26","Eastern","SG",3.78067280670894,6.36281941212738
"2021-08-26","Eastern","SH",0.558273952774904,1.10770776445669
"2021-08-26","Eastern","TG",1.72166499347471,2.93181773379258
"2021-08-26","Espace Mittelland","BE",7.57443178225455,15.3199202502072
"2021-08-26","Espace Mittelland","FR",2.13619018349212,3.56389534097251
"2021-08-26","Espace Mittelland","JU",0.435746168925879,0.69876235554187
"2021-08-26","Espace Mittelland","NE",1.30639077428896,2.17299831894615
"2021-08-26","Espace Mittelland","SO",1.53697154411666,2.97987697649584
"2021-08-26","Lake Geneva","GE",5.53473226515834,8.31197178167916
"2021-08-26","Lake Geneva","VD",7.08297976195814,11.7846769188519
"2021-08-26","Lake Geneva","VS",3.32590103531657,4.9451397286794
"2021-08-26","Northwestern","AG",4.48506933611614,8.14665342488381
"2021-08-26","Northwestern","BL",1.59516097544288,2.93018630264
"2021-08-26","Northwestern","BS",1.63992123361473,3.8658120686479
"2021-08-26","Ticino","TI",3.33284310749506,4.31499944599317
"2021-08-26","Zurich","ZH",13.7448382108862,28.4605543739009
"2021-08-27","9999","9999",0.0109129100837579,0.0247773606298956
"2021-08-27","Central","LU",4.45875807758231,7.32431015953357
"2021-08-27","Central","NW",0.465442542122597,0.628134981894513
"2021-08-27","Central","OW",0.307055170402011,0.454047682654012
"2021-08-27","Central","SZ",1.56337435531567,2.18492815924943
"2021-08-27","Central","UR",0.38927445666113,0.553361054067668
"2021-08-27","Central","ZG",1.60137850533505,2.74202790970844
"2021-08-27","Eastern","AI",0.140262348452075,0.166745859053865
"2021-08-27","Eastern","AR",0.276905584296303,0.389572163977864
"2021-08-27","Eastern","GL",0.311518929673647,0.515192362726964
"2021-08-27","Eastern","GR",2.84910642871819,3.63309521236135
"2021-08-27","Eastern","SG",4.7327155908722,7.33787143098944
"2021-08-27","Eastern","SH",0.660123843316427,1.23037099424173
"2021-08-27","Eastern","TG",2.11348294130349,3.32638615567524
"2021-08-27","Espace Mittelland","BE",9.62090813892072,17.3738580831636
"2021-08-27","Espace Mittelland","FR",2.7663118162536,4.27305807011211
"2021-08-27","Espace Mittelland","JU",0.549828762760008,0.813234441414967
"2021-08-27","Espace Mittelland","NE",1.61398698612875,2.44816637334894
"2021-08-27","Espace Mittelland","SO",1.87974754600265,3.33199420026225
"2021-08-27","Lake Geneva","GE",6.24442024021212,8.75599296037458
"2021-08-27","Lake Geneva","VD",8.72089003632842,13.5096774456682
"2021-08-27","Lake Geneva","VS",4.30208447040727,5.94292981923063
"2021-08-27","Northwestern","AG",5.66178693846059,9.39772320187397
"2021-08-27","Northwestern","BL",2.05067338005364,3.43178340576208
"2021-08-27","Northwestern","BS",1.96984771575552,4.31353795558565
"2021-08-27","Ticino","TI",4.06865876974576,4.70477553886511
"2021-08-27","Zurich","ZH",16.5822766422671,31.4240150744238
"2021-08-28","9999","9999",0.0109510991248135,0.023009976881261
"2021-08-28","Central","LU",5.06193214531868,7.54142645542352
"2021-08-28","Central","NW",0.536131984364721,0.666235696937192
"2021-08-28","Central","OW",0.346166622475017,0.468764551176296
"2021-08-28","Central","SZ",1.89521188332996,2.4313422395879
"2021-08-28","Central","UR",0.370869418279754,0.557201714906047
"2021-08-28","Central","ZG",1.67059743845127,2.55108248855789
"2021-08-28","Eastern","AI",0.152892202890778,0.168819136143609
"2021-08-28","Eastern","AR",0.302326014525534,0.385731503139485
"2021-08-28","Eastern","GL",0.363981825791502,0.535823169177371
"2021-08-28","Eastern","GR",3.06481477569086,3.75412701099381
"2021-08-28","Eastern","SG",5.55222931131316,7.60165345547315
"2021-08-28","Eastern","SH",0.756480006124031,1.28233887408139
"2021-08-28","Eastern","TG",2.47464023873288,3.54200697300865
"2021-08-28","Espace Mittelland","BE",10.3791211411716,16.9010489422548
"2021-08-28","Espace Mittelland","FR",2.74748785364694,4.02028820590836
"2021-08-28","Espace Mittelland","JU",0.598245390567668,0.797905786210464
"2021-08-28","Espace Mittelland","NE",1.80429336691327,2.52844638131576
"2021-08-28","Espace Mittelland","SO",2.21214488494547,3.47579805873288
"2021-08-28","Lake Geneva","GE",6.57150958048575,8.26771921166528
"2021-08-28","Lake Geneva","VD",9.83029148470889,13.7744451264733
"2021-08-28","Lake Geneva","VS",4.42988800057293,5.80881258322848
"2021-08-28","Northwestern","AG",7.05945214852262,10.2909317579147
"2021-08-28","Northwestern","BL",2.39898361308327,3.40034436792579
"2021-08-28","Northwestern","BS",2.39746824984782,4.31928195276871
"2021-08-28","Ticino","TI",4.05100292500564,5.13367199125009
"2021-08-28","Zurich","ZH",19.8725285406202,31.165331272292
"2021-08-29","9999","9999",0.00952587487081094,0.0233158702223709
"2021-08-29","Central","LU",1.09231822779103,2.37366435071419
"2021-08-29","Central","NW",0.211838753885638,0.203215142943958
"2021-08-29","Central","OW",0.145957680801623,0.184215767646137
"2021-08-29","Central","SZ",0.430831338808978,0.645163044549626
"2021-08-29","Central","UR",0.175631591699377,0.264189882271849
"2021-08-29","Central","ZG",0.29582345309703,0.682617984761073
"2021-08-29","Eastern","AI",0.0301203216775083,0.0392223239600816
"2021-08-29","Eastern","AR",0.0784720335978035,0.102814150761912
"2021-08-29","Eastern","GL",0.0906663990405403,0.177588078588758
"2021-08-29","Eastern","GR",1.44227636963369,1.5790214268089
"2021-08-29","Eastern","SG",0.913296497173257,1.84528458617049
"2021-08-29","Eastern","SH",0.171532057665593,0.390999666236377
"2021-08-29","Eastern","TG",0.393492364190918,0.741995281085391
"2021-08-29","Espace Mittelland","BE",2.66328689215168,6.10899591530425
"2021-08-29","Espace Mittelland","FR",0.765924588305827,1.66018512665004
"2021-08-29","Espace Mittelland","JU",0.114139274328411,0.210760512024667
"2021-08-29","Espace Mittelland","NE",0.335626004633272,0.629970341941172
"2021-08-29","Espace Mittelland","SO",0.409739498539436,0.953231627196229
"2021-08-29","Lake Geneva","GE",1.35268282340619,2.6073668633221
"2021-08-29","Lake Geneva","VD",2.10232554225335,4.31431968301293
"2021-08-29","Lake Geneva","VS",1.78169813076979,2.6636512380863
"2021-08-29","Northwestern","AG",1.17058835132353,2.74450904458633
"2021-08-29","Northwestern","BL",0.37550208730404,0.949017096718716
"2021-08-29","Northwestern","BS",0.589890327786149,1.80392100882264
"2021-08-29","Ticino","TI",1.72504111303636,2.23883336358279
"2021-08-29","Zurich","ZH",4.22225807687939,10.197192442939
"2021-08-30","9999","9999",0.00785387077787932,0.0216844390697851
"2021-08-30","Central","LU",3.09694755253301,5.85496848958705
"2021-08-30","Central","NW",0.335195148290666,0.511181761143524
"2021-08-30","Central","OW",0.207518818333326,0.344435902089659
"2021-08-30","Central","SZ",1.12509594986775,1.77346762730771
"2021-08-30","Central","UR",0.245138892802191,0.408503562977661
"2021-08-30","Central","ZG",1.08572161135965,2.24413551482869
"2021-08-30","Eastern","AI",0.0739818685936166,0.103425937444132
"2021-08-30","Eastern","AR",0.17309053629706,0.307490784113395
"2021-08-30","Eastern","GL",0.216832096316333,0.412446188263076
"2021-08-30","Eastern","GR",1.93232922288274,2.85327112142538
"2021-08-30","Eastern","SG",3.34624079192104,5.88457216737668
"2021-08-30","Eastern","SH",0.450218679839703,0.953945378325486
"2021-08-30","Eastern","TG",1.50723033247449,2.70073230865862
"2021-08-30","Espace Mittelland","BE",6.75111200225835,14.2286287617234
"2021-08-30","Espace Mittelland","FR",1.99007606546612,3.41159444524883
"2021-08-30","Espace Mittelland","JU",0.37651744509034,0.631499808646721
"2021-08-30","Espace Mittelland","NE",1.13176630889882,1.96329143954086
"2021-08-30","Espace Mittelland","SO",1.32577093725239,2.66076224542027
"2021-08-30","Lake Geneva","GE",5.32796201390284,8.38776535397638
"2021-08-30","Lake Geneva","VD",6.52373583416937,11.2271353224558
"2021-08-30","Lake Geneva","VS",2.98565151340111,4.58265611946427
"2021-08-30","Northwestern","AG",4.05280404032536,7.6282661761497
"2021-08-30","Northwestern","BL",1.523376629271,2.85279528733921
"2021-08-30","Northwestern","BS",1.5922297903209,3.71758975080569
"2021-08-30","Ticino","TI",3.23791490624044,4.2649349024982
"2021-08-30","Zurich","ZH",12.470492823505,26.5693517984149
"2021-08-31","9999","9999",0.0089211824205866,0.0212765812816387
"2021-08-31","Central","LU",3.14452677831654,5.88498002516483
"2021-08-31","Central","NW",0.316899570540502,0.507816934391316
"2021-08-31","Central","OW",0.211959026652039,0.345421558411013
"2021-08-31","Central","SZ",1.12685826916309,1.75440027571186
"2021-08-31","Central","UR",0.241416898479145,0.399938549426586
"2021-08-31","Central","ZG",1.13728689270775,2.2497435594157
"2021-08-31","Eastern","AI",0.0898710315905175,0.107776420517694
"2021-08-31","Eastern","AR",0.192403774454129,0.315783892472373
"2021-08-31","Eastern","GL",0.223500646145495,0.412548152710113
"2021-08-31","Eastern","GR",1.87366933640514,2.78522684710295
"2021-08-31","Eastern","SG",3.36185565328035,5.8748855449082
"2021-08-31","Eastern","SH",0.500207903536111,0.985792273949919
"2021-08-31","Eastern","TG",1.49815727107848,2.71408965122041
"2021-08-31","Espace Mittelland","BE",6.73049755633018,14.2503811770912
"2021-08-31","Espace Mittelland","FR",1.97436453320161,3.36547252703927
"2021-08-31","Espace Mittelland","JU",0.393693412731503,0.641696253350382
"2021-08-31","Espace Mittelland","NE",1.15546795032701,1.97763443842401
"2021-08-31","Espace Mittelland","SO",1.34029941594459,2.71256018451486
"2021-08-31","Lake Geneva","GE",5.59881824967963,8.29446788493788
"2021-08-31","Lake Geneva","VD",6.426657055758,11.1437963810778
"2021-08-31","Lake Geneva","VS",2.94769049052582,4.53452890046299
"2021-08-31","Northwestern","AG",3.99940241512868,7.66704665417262
"2021-08-31","Northwestern","BL",1.48801398451982,2.80667336912965
"2021-08-31","Northwestern","BS",1.70393209318077,3.74053175138893
"2021-08-31","Ticino","TI",3.16648243025878,4.11450335497019
"2021-08-31","Zurich","ZH",12.747001765738,27.3536963131695
"2021-09-01","9999","9999",0.010698637138779,0.0241315857986637
"2021-09-01","Central","LU",3.24021243210162,6.09295350897049
"2021-09-01","Central","NW",0.350298722143073,0.544592111622519
"2021-09-01","Central","OW",0.21876100707963,0.385935432033559
"2021-09-01","Central","SZ",1.15971941816051,1.86064722952401
"2021-09-01","Central","UR",0.254526665260998,0.426687222699189
"2021-09-01","Central","ZG",1.24377316466188,2.37410619665135
"2021-09-01","Eastern","AI",0.0926878258102913,0.130446515908833
"2021-09-01","Eastern","AR",0.203716204876953,0.345761439901135
"2021-09-01","Eastern","GL",0.234542436410773,0.435999975528533
"2021-09-01","Eastern","GR",1.92163065231632,2.93426488052146
"2021-09-01","Eastern","SG",3.54415175347477,6.20915899044321
"2021-09-01","Eastern","SH",0.511942900084158,1.02895722319542
"2021-09-01","Eastern","TG",1.51219000886889,2.80460009203991
"2021-09-01","Espace Mittelland","BE",7.13229438830564,14.9749065495843
"2021-09-01","Espace Mittelland","FR",2.06485823178075,3.48521277600926
"2021-09-01","Espace Mittelland","JU",0.40723651078151,0.671877729673218
"2021-09-01","Espace Mittelland","NE",1.21018605186237,2.07385488827756
"2021-09-01","Espace Mittelland","SO",1.40788930763907,2.85520844591908
"2021-09-01","Lake Geneva","GE",5.68183472042272,8.64804659911182
"2021-09-01","Lake Geneva","VD",7.08196930311465,11.6883884927004
"2021-09-01","Lake Geneva","VS",3.13079295044243,4.76500253891473
"2021-09-01","Northwestern","AG",4.27353664280195,7.97725649020699
"2021-09-01","Northwestern","BL",1.49909177085415,2.88810897416289
"2021-09-01","Northwestern","BS",1.63164418972831,3.92450960199198
"2021-09-01","Ticino","TI",3.15280133944537,4.14886537362153
"2021-09-01","Zurich","ZH",12.9539779997211,28.0817904413089
"2021-09-02","9999","9999",0.0109731228293762,0.0240636095006393
"2021-09-02","Central","LU",3.22409538798525,6.1464508555157
"2021-09-02","Central","NW",0.348948446623357,0.556589928223827
"2021-09-02","Central","OW",0.241236608768198,0.415845003164297
"2021-09-02","Central","SZ",1.16366509954407,1.84457083504124
"2021-09-02","Central","UR",0.261997592218555,0.436067951826557
"2021-09-02","Central","ZG",1.17929985429228,2.4254962779578
"2021-09-02","Eastern","AI",0.102522067789174,0.143735882172604
"2021-09-02","Eastern","AR",0.206971851955107,0.350451804464819
"2021-09-02","Eastern","GL",0.230686819604247,0.447080112106511
"2021-09-02","Eastern","GR",2.03277044219287,3.03803069945571
"2021-09-02","Eastern","SG",3.57270141377811,6.29834389345123
"2021-09-02","Eastern","SH",0.506915460854809,1.05087957930829
"2021-09-02","Eastern","TG",1.54529333246403,2.85354302661748
"2021-09-02","Espace Mittelland","BE",7.20446250849439,15.1716299560669
"2021-09-02","Espace Mittelland","FR",1.98550982782949,3.459415770909
"2021-09-02","Espace Mittelland","JU",0.415153715374093,0.689959424947709
"2021-09-02","Espace Mittelland","NE",1.21759911960319,2.10271082678892
"2021-09-02","Espace Mittelland","SO",1.44917932467404,2.95030728685522
"2021-09-02","Lake Geneva","GE",5.80749126833931,8.61878280281232
"2021-09-02","Lake Geneva","VD",6.78080278729248,11.6034181201699
"2021-09-02","Lake Geneva","VS",3.09051253464225,4.66218838815282
"2021-09-02","Northwestern","AG",4.23746069866201,8.04615046825473
"2021-09-02","Northwestern","BL",1.54743639085962,2.94469924226821
"2021-09-02","Northwestern","BS",1.60896153623829,3.91645441067609
"2021-09-02","Ticino","TI",3.30699679035443,4.28978023942612
"2021-09-02","Zurich","ZH",12.8456235192519,28.2759987247647
"2021-09-03","9999","9999",0.0126322197156509,0.0288899266603721
"2021-09-03","Central","LU",4.198484607786,7.2775764546418
"2021-09-03","Central","NW",0.459907790148102,0.650023349858371
"2021-09-03","Central","OW",0.303055545823155,0.475596169127749
"2021-09-03","Central","SZ",1.48284660234839,2.17255647300899
"2021-09-03","Central","UR",0.377260502326005,0.569369472252415
"2021-09-03","Central","ZG",1.52740973583314,2.73179747685577
"2021-09-03","Eastern","AI",0.13778293122718,0.17823385341999
"2021-09-03","Eastern","AR",0.26628832599901,0.401569980579172
"2021-09-03","Eastern","GL",0.297068469876536,0.534089773577749
"2021-09-03","Eastern","GR",2.54966454440104,3.45367177372594
"2021-09-03","Eastern","SG",4.56718820775357,7.34008066067524
"2021-09-03","Eastern","SH",0.626411535311566,1.18734199759228
"2021-09-03","Eastern","TG",1.92426917357619,3.25705033169035
"2021-09-03","Espace Mittelland","BE",9.29668486816461,17.4631449506186
"2021-09-03","Espace Mittelland","FR",2.69520224365159,4.23220431499945
"2021-09-03","Espace Mittelland","JU",0.51682588119871,0.802868055966246
"2021-09-03","Espace Mittelland","NE",1.52001985093923,2.36095278298363
"2021-09-03","Espace Mittelland","SO",1.80034950647968,3.30140486615127
"2021-09-03","Lake Geneva","GE",6.44055998526981,9.00631567784945
"2021-09-03","Lake Geneva","VD",8.45632104737346,13.2813450606043
"2021-09-03","Lake Geneva","VS",3.99626200481336,5.53959245490282
"2021-09-03","Northwestern","AG",5.39214886338829,9.29993929716586
"2021-09-03","Northwestern","BL",1.9806798696452,3.38100511113785
"2021-09-03","Northwestern","BS",1.90513730595198,4.28322052666676
"2021-09-03","Ticino","TI",3.73084376786942,4.58336987059352
"2021-09-03","Zurich","ZH",15.7216388344515,31.527508988166
"2021-09-04","9999","9999",0.0122469380305311,0.0259669458453227
"2021-09-04","Central","LU",4.56346680474976,7.33239933899848
"2021-09-04","Central","NW",0.517830140980257,0.710828148441201
"2021-09-04","Central","OW",0.363707614222406,0.562062020214792
"2021-09-04","Central","SZ",1.70521607437358,2.4290990217531
"2021-09-04","Central","UR",0.377351643808934,0.5882668831032
"2021-09-04","Central","ZG",1.61645562254663,2.52684893831219
"2021-09-04","Eastern","AI",0.169072713966585,0.225375416099914
"2021-09-04","Eastern","AR",0.29678695884348,0.430527883537568
"2021-09-04","Eastern","GL",0.328818741492762,0.57392388422005
"2021-09-04","Eastern","GR",2.83141817498465,3.77649121304384
"2021-09-04","Eastern","SG",5.18698491713407,7.6469256699574
"2021-09-04","Eastern","SH",0.713510474067015,1.2522933503546
"2021-09-04","Eastern","TG",2.25407909925492,3.523483431797
"2021-09-04","Espace Mittelland","BE",10.024545007553,18.0557963049444
"2021-09-04","Espace Mittelland","FR",2.64712453575125,4.0741594220927
"2021-09-04","Espace Mittelland","JU",0.549570951488691,0.786213862950267
"2021-09-04","Espace Mittelland","NE",1.69433782891158,2.46267931297715
"2021-09-04","Espace Mittelland","SO",2.02188528495304,3.39497424038186
"2021-09-04","Lake Geneva","GE",6.79392954960737,8.55471514192431
"2021-09-04","Lake Geneva","VD",9.6483802471853,13.7308383312906
"2021-09-04","Lake Geneva","VS",4.1190442204072,5.44999969410666
"2021-09-04","Northwestern","AG",6.35875177944504,9.81244659612086
"2021-09-04","Northwestern","BL",2.22807782514602,3.34963404959959
"2021-09-04","Northwestern","BS",2.17904823816688,4.214258572321
"2021-09-04","Ticino","TI",3.87125214476089,4.91703152944631
"2021-09-04","Zurich","ZH",18.3506937703857,31.7378616424025
"2021-09-05","9999","9999",0.0107331686158122,0.0271905192097619
"2021-09-05","Central","LU",1.22337224763461,2.8151704063827
"2021-09-05","Central","NW",0.242328180163709,0.356127825349857
"2021-09-05","Central","OW",0.229816695304988,0.365984388563396
"2021-09-05","Central","SZ",0.56837574908644,1.00713683152958
"2021-09-05","Central","UR",0.249491253012003,0.365134684838091
"2021-09-05","Central","ZG",0.332698778608969,0.817652900786554
"2021-09-05","Eastern","AI",0.0705173370159808,0.118584651903574
"2021-09-05","Eastern","AR",0.121982830305825,0.169125029484719
"2021-09-05","Eastern","GL",0.138163705571626,0.303174289188846
"2021-09-05","Eastern","GR",1.52828742588582,1.93691663590739
"2021-09-05","Eastern","SG",1.16430489912648,2.45129328305806
"2021-09-05","Eastern","SH",0.196645742019627,0.479844687754274
"2021-09-05","Eastern","TG",0.520507736302024,1.05366660752729
"2021-09-05","Espace Mittelland","BE",2.95047138657708,7.14220165712619
"2021-09-05","Espace Mittelland","FR",0.779588295900078,1.77193816060216
"2021-09-05","Espace Mittelland","JU",0.119923958539092,0.238290912724551
"2021-09-05","Espace Mittelland","NE",0.363656228189107,0.686934479685623
"2021-09-05","Espace Mittelland","SO",0.474310948322274,1.12181284629675
"2021-09-05","Lake Geneva","GE",1.32509575250027,2.76439211175847
"2021-09-05","Lake Geneva","VD",2.24082742760425,4.70902405749163
"2021-09-05","Lake Geneva","VS",1.590677260126,2.50754366967326
"2021-09-05","Northwestern","AG",1.26296926678572,3.10808027456986
"2021-09-05","Northwestern","BL",0.413252976469015,1.10165787393252
"2021-09-05","Northwestern","BS",0.634050013162336,2.03707971104635
"2021-09-05","Ticino","TI",1.64209076431524,2.08048257733493
"2021-09-05","Zurich","ZH",4.50581281495067,12.0157283558369
"2021-09-06","9999","9999",0.009008948293037,0.0231459294773099
"2021-09-06","Central","LU",2.80669238038602,5.79008511312276
"2021-09-06","Central","NW",0.334764554321497,0.535041441750091
"2021-09-06","Central","OW",0.227991144011504,0.394806338925743
"2021-09-06","Central","SZ",1.05467762162177,1.79940058500402
"2021-09-06","Central","UR",0.239173143508319,0.427570914573507
"2021-09-06","Central","ZG",1.00946767887623,2.23312335454874
"2021-09-06","Eastern","AI",0.0829766448050723,0.135000927876468
"2021-09-06","Eastern","AR",0.188847106724119,0.34212470795683
"2021-09-06","Eastern","GL",0.20094478168155,0.416524766144541
"2021-09-06","Eastern","GR",1.79398718169486,2.89602821288273
"2021-09-06","Eastern","SG",3.0439264314753,5.86587868541997
"2021-09-06","Eastern","SH",0.45761151349776,0.986200131738066
"2021-09-06","Eastern","TG",1.37564657674701,2.76344044358613
"2021-09-06","Espace Mittelland","BE",6.40765856782395,14.3206006929504
"2021-09-06","Espace Mittelland","FR",1.84467691505402,3.37549903099787
"2021-09-06","Espace Mittelland","JU",0.344340331053482,0.629800401196111
"2021-09-06","Espace Mittelland","NE",1.02697469130561,1.93627086107616
"2021-09-06","Espace Mittelland","SO",1.22184295119489,2.7012421308938
"2021-09-06","Lake Geneva","GE",5.11587372329918,8.16905161508285
"2021-09-06","Lake Geneva","VD",6.03215792553182,11.0739167467088
"2021-09-06","Lake Geneva","VS",2.93188937927093,4.53915128872865
"2021-09-06","Northwestern","AG",3.64085206016229,7.57619633186301
"2021-09-06","Northwestern","BL",1.39753223763811,2.86261786240374
"2021-09-06","Northwestern","BS",1.45913703880883,3.73944413062054
"2021-09-06","Ticino","TI",2.92758201806346,3.99969138760697
"2021-09-06","Zurich","ZH",11.6183088718597,27.2162142504152
"2021-09-07","9999","9999",0.00846612898152032,0.0231459294773099
"2021-09-07","Central","LU",2.86877037792313,5.83579917354417
"2021-09-07","Central","NW",0.325136439963003,0.527122203030247
"2021-09-07","Central","OW",0.22280805076207,0.388382578762437
"2021-09-07","Central","SZ",1.07486726146046,1.77554090439745
"2021-09-07","Central","UR",0.236358228978835,0.401128134642013
"2021-09-07","Central","ZG",1.07873118414845,2.35942331627808
"2021-09-07","Eastern","AI",0.0925734153279822,0.132655745594626
"2021-09-07","Eastern","AR",0.194650470357055,0.339983454569061
"2021-09-07","Eastern","GL",0.215095599266352,0.425361684887713
"2021-09-07","Eastern","GR",1.71993434696076,2.80813485953718
"2021-09-07","Eastern","SG",3.15839364518693,5.87107887221883
"2021-09-07","Eastern","SH",0.460417241040953,1.00696689078452
"2021-09-07","Eastern","TG",1.40214639171304,2.69638182558506
"2021-09-07","Espace Mittelland","BE",6.44488014011932,14.4746349842737
"2021-09-07","Espace Mittelland","FR",1.79181898635767,3.32560442824796
"2021-09-07","Espace Mittelland","JU",0.378766662911072,0.6910470457161
"2021-09-07","Espace Mittelland","NE",1.05696734676824,1.96692817148517
"2021-09-07","Espace Mittelland","SO",1.24841117905543,2.71925584987027
"2021-09-07","Lake Geneva","GE",4.8819761068103,8.13050905410302
"2021-09-07","Lake Geneva","VD",5.97812162290878,10.9774583798121
"2021-09-07","Lake Geneva","VS",2.87854656880023,4.5473764207896
"2021-09-07","Northwestern","AG",3.78300632080713,7.64403667729136
"2021-09-07","Northwestern","BL",1.41189362361161,2.84742515979528
"2021-09-07","Northwestern","BS",1.49067945975524,3.763031906035
"2021-09-07","Ticino","TI",2.82094164283373,3.92202846711409
"2021-09-07","Zurich","ZH",11.6777555731965,27.0447780267976
"2021-09-08","9999","9999",0.0109859712957117,0.0256270643552006
"2021-09-08","Central","LU",3.00105736103224,6.07646925669957
"2021-09-08","Central","NW",0.342947688097837,0.551185812530887
"2021-09-08","Central","OW",0.239042790902739,0.408809456318771
"2021-09-08","Central","SZ",1.13027589463595,1.84372113131593
"2021-09-08","Central","UR",0.25736479004954,0.424749898205494
"2021-09-08","Central","ZG",1.12912243443765,2.34987264640565
"2021-09-08","Eastern","AI",0.0997254763239948,0.150057677888874
"2021-09-08","Eastern","AR",0.206527512750693,0.348786385163221
"2021-09-08","Eastern","GL",0.214370023150383,0.436917655551862
"2021-09-08","Eastern","GR",1.8430658716668,2.93892125693613
"2021-09-08","Eastern","SG",3.4332148565849,6.29511501929507
"2021-09-08","Eastern","SH",0.473782316756424,1.01757119327633
"2021-09-08","Eastern","TG",1.46126895612344,2.80551777206324
"2021-09-08","Espace Mittelland","BE",6.71668059132096,14.9264734372419
"2021-09-08","Espace Mittelland","FR",1.89425985935836,3.47821121731275
"2021-09-08","Espace Mittelland","JU",0.376811025301465,0.674052971209999
"2021-09-08","Espace Mittelland","NE",1.10370934283259,2.03966281037128
"2021-09-08","Espace Mittelland","SO",1.30032127392313,2.81228141371667
"2021-09-08","Lake Geneva","GE",5.55252200650344,8.89582020541078
"2021-09-08","Lake Geneva","VD",6.38710991497194,11.5632101398884
"2021-09-08","Lake Geneva","VS",3.05225967026935,4.76626010042818
"2021-09-08","Northwestern","AG",3.95748044230225,7.96080622608509
"2021-09-08","Northwestern","BL",1.42086481754197,2.90054863670135
"2021-09-08","Northwestern","BS",1.5043452154287,3.81986009118341
"2021-09-08","Ticino","TI",2.89194202501001,4.0490761681217
"2021-09-08","Zurich","ZH",12.1589283661661,27.8523364473275
"2021-09-09","9999","9999",0.00993675950408711,0.0245734317358224
"2021-09-09","Central","LU",3.14077600123593,6.08989457555939
"2021-09-09","Central","NW",0.356667982201855,0.536536920306627
"2021-09-09","Central","OW",0.224119682982244,0.373563745793117
"2021-09-09","Central","SZ",1.15834503169681,1.83175730286364
"2021-09-09","Central","UR",0.266565047737848,0.426925139742275
"2021-09-09","Central","ZG",1.1545400921237,2.33379625192288
"2021-09-09","Eastern","AI",0.107288950616178,0.133879318959065
"2021-09-09","Eastern","AR",0.20362363796222,0.325198609748753
"2021-09-09","Eastern","GL",0.232615612886901,0.436101939975569
"2021-09-09","Eastern","GR",1.94616242371683,2.91043918806391
"2021-09-09","Eastern","SG",3.47551573189753,6.17952132450457
"2021-09-09","Eastern","SH",0.493867661196179,1.0266800172116
"2021-09-09","Eastern","TG",1.50499372424279,2.82638649555673
"2021-09-09","Espace Mittelland","BE",7.11145477114483,15.0037284999466
"2021-09-09","Espace Mittelland","FR",1.97629951771416,3.49428761179552
"2021-09-09","Espace Mittelland","JU",0.420861857029762,0.689891448649685
"2021-09-09","Espace Mittelland","NE",1.17298358583559,2.07507846164199
"2021-09-09","Espace Mittelland","SO",1.4063238506574,2.83903008698927
"2021-09-09","Lake Geneva","GE",1.26434060658475,2.55400546937294
"2021-09-09","Lake Geneva","VD",6.95315109655042,11.9890816470113
"2021-09-09","Lake Geneva","VS",3.05030308498256,4.76085598473524
"2021-09-09","Northwestern","AG",4.10003692142492,7.95682961265066
"2021-09-09","Northwestern","BL",1.47332541887126,2.877266754628
"2021-09-09","Northwestern","BS",1.50575120810142,3.85704312620276
"2021-09-09","Ticino","TI",3.08799724274497,4.22744597413774
"2021-09-09","Zurich","ZH",12.6098886856417,28.2216176863451
"2021-09-10","9999","9999",0.00929695992167832,0.0235537872654563
"2021-09-10","Central","LU",4.26726934027731,7.10274141612303
"2021-09-10","Central","NW",0.411638220693474,0.603323633115605
"2021-09-10","Central","OW",0.283581092895559,0.432397231733239
"2021-09-10","Central","SZ",1.47664297824834,2.12419133696463
"2021-09-10","Central","UR",0.358680844632723,0.523791364427052
"2021-09-10","Central","ZG",1.63028675963743,3.09696614984287
"2021-09-10","Eastern","AI",0.140525477680505,0.160594004082656
"2021-09-10","Eastern","AR",0.256202424818488,0.38117709117185
"2021-09-10","Eastern","GL",0.281160944655116,0.497926383028765
"2021-09-10","Eastern","GR",2.46818488885883,3.41023491928834
"2021-09-10","Eastern","SG",4.39135903319258,7.04543739688845
"2021-09-10","Eastern","SH",0.595570430728328,1.15348980117613
"2021-09-10","Eastern","TG",1.89345417710787,3.16820531017245
"2021-09-10","Espace Mittelland","BE",8.97574981012093,16.9521331302202
"2021-09-10","Espace Mittelland","FR",2.63989993437414,4.28039951029875
"2021-09-10","Espace Mittelland","JU",0.518195028025732,0.793419350540853
"2021-09-10","Espace Mittelland","NE",1.42663697048405,2.33199488002523
"2021-09-10","Espace Mittelland","SO",1.7052477354069,3.15634344616719
"2021-09-10","Lake Geneva","GE",6.00680886087726,8.42409868527042
"2021-09-10","Lake Geneva","VD",8.27752895616878,13.3469761763468
"2021-09-10","Lake Geneva","VS",3.96632242710529,5.57334268687194
"2021-09-10","Northwestern","AG",5.18567605354105,9.08938271403527
"2021-09-10","Northwestern","BL",1.90696641690895,3.28131787008506
"2021-09-10","Northwestern","BS",1.81112300620027,4.19678866372873
"2021-09-10","Ticino","TI",3.60917319328095,4.57925730456305
"2021-09-10","Zurich","ZH",15.2456253918934,30.4385626819641
"2021-09-11","9999","9999",0.0124548591887389,0.0247773606298956
"2021-09-11","Central","LU",4.68383468347897,7.45553840286969
"2021-09-11","Central","NW",0.518200220670158,0.674222911955059
"2021-09-11","Central","OW",0.33015787984751,0.492250362143728
"2021-09-11","Central","SZ",1.68890001804777,2.35870956514882
"2021-09-11","Central","UR",0.34313794016732,0.5339538209817
"2021-09-11","Central","ZG",1.87587234908894,3.31873882214749
"2021-09-11","Eastern","AI",0.167595661168861,0.199170553211506
"2021-09-11","Eastern","AR",0.282633948286673,0.398273130124988
"2021-09-11","Eastern","GL",0.324416722215104,0.533036140958371
"2021-09-11","Eastern","GR",2.86864603641045,3.78661968144947
"2021-09-11","Eastern","SG",5.10603368169255,7.52286892606286
"2021-09-11","Eastern","SH",0.704321890038611,1.25892103941198
"2021-09-11","Eastern","TG",2.23730960289087,3.43932877484279
"2021-09-11","Espace Mittelland","BE",9.69489842304441,16.9562796843996
"2021-09-11","Espace Mittelland","FR",2.45476292118392,3.84361780734294
"2021-09-11","Espace Mittelland","JU",0.558045484252215,0.779314268700789
"2021-09-11","Espace Mittelland","NE",1.61658649206704,2.43983927684095
"2021-09-11","Espace Mittelland","SO",2.02189688029252,3.39273102254706
"2021-09-11","Lake Geneva","GE",5.36523929160316,7.50050472401283
"2021-09-11","Lake Geneva","VD",9.02610752751856,13.250007987215
"2021-09-11","Lake Geneva","VS",4.20098637766126,5.56780261858295
"2021-09-11","Northwestern","AG",6.37413346522389,9.85428600755488
"2021-09-11","Northwestern","BL",2.20198072207652,3.31700542654787
"2021-09-11","Northwestern","BS",2.25089851447567,4.28233683479244
"2021-09-11","Ticino","TI",3.81116252277259,4.90415002097069
"2021-09-11","Zurich","ZH",18.0597369450977,30.7548903848206
"2021-09-12","9999","9999",0.010353741382741,0.023009976881261
"2021-09-12","Central","LU",1.13999330603128,2.60022935202953
"2021-09-12","Central","NW",0.239743179168824,0.29073462665038
"2021-09-12","Central","OW",0.219733680232265,0.325504503089863
"2021-09-12","Central","SZ",0.569028910133993,0.925667238347333
"2021-09-12","Central","UR",0.216457434881351,0.331112547676876
"2021-09-12","Central","ZG",0.322161947559954,0.787471424463718
"2021-09-12","Eastern","AI",0.0715489423752237,0.102712186314876
"2021-09-12","Eastern","AR",0.110187194165824,0.144653562195934
"2021-09-12","Eastern","GL",0.122801404098885,0.269356080921704
"2021-09-12","Eastern","GR",1.5044822213547,1.88967310878043
"2021-09-12","Eastern","SG",1.06863600591315,2.30643579196806
"2021-09-12","Eastern","SH",0.209118317289348,0.469172408964442
"2021-09-12","Eastern","TG",0.473720921372332,0.934062311153347
"2021-09-12","Espace Mittelland","BE",3.01164354961545,6.90353687476251
"2021-09-12","Espace Mittelland","FR",0.726667370166865,1.55417608988098
"2021-09-12","Espace Mittelland","JU",0.134450714181864,0.234178346694075
"2021-09-12","Espace Mittelland","NE",0.373267997074121,0.672897374143584
"2021-09-12","Espace Mittelland","SO",0.445535051628455,1.07117050426857
"2021-09-12","Lake Geneva","GE",1.31973374014739,2.63955364043665
"2021-09-12","Lake Geneva","VD",2.08700755447919,4.42226604427568
"2021-09-12","Lake Geneva","VS",1.68244924600277,2.61314484865417
"2021-09-12","Northwestern","AG",1.22088870292312,2.88892468973918
"2021-09-12","Northwestern","BL",0.39743990568466,1.03589080559391
"2021-09-12","Northwestern","BS",0.552275567358375,1.72166968821311
"2021-09-12","Ticino","TI",1.59023255673159,2.07477256830088
"2021-09-12","Zurich","ZH",4.29200487793728,10.9143423870965
"2021-09-13","9999","9999",0.00798198733521857,0.0227380716891634
"2021-09-13","Central","LU",2.61422456723332,5.71816618981294
"2021-09-13","Central","NW",0.297070893893805,0.525218866685564
"2021-09-13","Central","OW",0.213665914663933,0.386377277970717
"2021-09-13","Central","SZ",1.04508810748658,1.82397401673984
"2021-09-13","Central","UR",0.229573353732881,0.412786069753198
"2021-09-13","Central","ZG",1.00420124485857,2.24257205997413
"2021-09-13","Eastern","AI",0.0833478170649539,0.134049259704126
"2021-09-13","Eastern","AR",0.172540628986742,0.327407839434546
"2021-09-13","Eastern","GL",0.203815260639207,0.419617687704651
"2021-09-13","Eastern","GR",1.72477620201818,2.92287885060237
"2021-09-13","Eastern","SG",2.91767546283271,5.91822043489876
"2021-09-13","Eastern","SH",0.419098237615307,0.970089749106282
"2021-09-13","Eastern","TG",1.30984941225433,2.69906688935702
"2021-09-13","Espace Mittelland","BE",5.95911983376865,14.0099150228298
"2021-09-13","Espace Mittelland","FR",1.63675427267407,3.22972385988454
"2021-09-13","Espace Mittelland","JU",0.314463072910559,0.616307106038267
"2021-09-13","Espace Mittelland","NE",0.93890706590735,1.87808314996727
"2021-09-13","Espace Mittelland","SO",1.14638561579224,2.6399614982248
"2021-09-13","Lake Geneva","GE",4.59360944383344,8.06263472052565
"2021-09-13","Lake Geneva","VD",5.64252427180436,10.8748481579443
"2021-09-13","Lake Geneva","VS",2.68464069075924,4.43270040602243
"2021-09-13","Northwestern","AG",3.58541827829713,7.54577693849709
"2021-09-13","Northwestern","BL",1.33241312834125,2.80269675569522
"2021-09-13","Northwestern","BS",1.38346532472862,3.67660004309697
"2021-09-13","Ticino","TI",2.70158224927319,3.92610704499555
"2021-09-13","Zurich","ZH",11.1372208881664,25.8554647165626
"2021-09-14","9999","9999",0.00811300174842134,0.0229420005832366
"2021-09-14","Central","LU",2.67326991553302,5.70011848268746
"2021-09-14","Central","NW",0.294927216766828,0.51342497897833
"2021-09-14","Central","OW",0.197945680999789,0.363979087771676
"2021-09-14","Central","SZ",0.955577753218493,1.65359142574167
"2021-09-14","Central","UR",0.217975695972658,0.39089770178934
"2021-09-14","Central","ZG",1.05473286102016,2.31455895958197
"2021-09-14","Eastern","AI",0.0851608135937103,0.125722163196137
"2021-09-14","Eastern","AR",0.172660012816277,0.327033969795412
"2021-09-14","Eastern","GL",0.199054870575746,0.400550336108806
"2021-09-14","Eastern","GR",1.58410161398941,2.69597396779691
"2021-09-14","Eastern","SG",2.95212704911255,5.85394884511669
"2021-09-14","Eastern","SH",0.43934087688813,0.959927292551633
"2021-09-14","Eastern","TG",1.3339011812432,2.61610181761823
"2021-09-14","Espace Mittelland","BE",6.27176776808673,14.8852458124901
"2021-09-14","Espace Mittelland","FR",1.68110528310961,3.21517693210731
"2021-09-14","Espace Mittelland","JU",0.348132755022075,0.661069498287337
"2021-09-14","Espace Mittelland","NE",0.976183975501652,1.89715050156311
"2021-09-14","Espace Mittelland","SO",1.21158683231056,2.64764281990156
"2021-09-14","Lake Geneva","GE",4.79961605916062,8.01155053256031
"2021-09-14","Lake Geneva","VD",5.66708128587905,10.7559916008486
"2021-09-14","Lake Geneva","VS",2.6261239583613,4.33209548494631
"2021-09-14","Northwestern","AG",3.60437807202336,7.46875979283544
"2021-09-14","Northwestern","BL",1.31659231949854,2.73760945033686
"2021-09-14","Northwestern","BS",1.43591373156715,3.65386197140781
"2021-09-14","Ticino","TI",2.53023198115476,3.77771478640828
"2021-09-14","Zurich","ZH",11.1606650590172,26.3888407390111
"2021-09-15","9999","9999",0.0086317414441207,0.0223981901990414
"2021-09-15","Central","LU",3.12369321532486,6.04621980407871
"2021-09-15","Central","NW",0.316350207557164,0.509380389245878
"2021-09-15","Central","OW",0.208505824124421,0.344333937642623
"2021-09-15","Central","SZ",1.15947938562652,1.79824498793761
"2021-09-15","Central","UR",0.235045320135673,0.397287473803634
"2021-09-15","Central","ZG",1.16673034182791,2.33151904593906
"2021-09-15","Eastern","AI",0.0856137915414148,0.116579351111854
"2021-09-15","Eastern","AR",0.188004034300949,0.323635154894192
"2021-09-15","Eastern","GL",0.21452099360883,0.409489219299015
"2021-09-15","Eastern","GR",1.72915413384798,2.79521936291254
"2021-09-15","Eastern","SG",3.26662292261867,6.06668066978406
"2021-09-15","Eastern","SH",0.453530267284088,0.962510391876561
"2021-09-15","Eastern","TG",1.44618285555868,2.7043010643049
"2021-09-15","Espace Mittelland","BE",6.72267659188043,14.4360584351448
"2021-09-15","Espace Mittelland","FR",1.85713432357271,3.34977000219563
"2021-09-15","Espace Mittelland","JU",0.376675178517809,0.640540656283967
"2021-09-15","Espace Mittelland","NE",1.06445945940178,1.95506630747991
"2021-09-15","Espace Mittelland","SO",1.3292375286573,2.74083832449302
"2021-09-15","Lake Geneva","GE",4.69834323353808,8.23427487303727
"2021-09-15","Lake Geneva","VD",6.23845601816661,11.2565010832023
"2021-09-15","Lake Geneva","VS",2.81086203078363,4.42015877903693
"2021-09-15","Northwestern","AG",4.08252990899554,7.79756114637948
"2021-09-15","Northwestern","BL",1.43034712275827,2.78604256267925
"2021-09-15","Northwestern","BS",1.52127552712909,3.73560346978216
"2021-09-15","Ticino","TI",2.68371125831531,3.87434309404997
"2021-09-15","Zurich","ZH",11.9480304677589,26.859304697638
"2021-09-16","9999","9999",0.00819892317477481,0.0202229486622604
"2021-09-16","Central","LU",3.03588458775241,5.89041812900678
"2021-09-16","Central","NW",0.342901667013907,0.501869008314181
"2021-09-16","Central","OW",0.198403573554398,0.338793869353634
"2021-09-16","Central","SZ",1.13453329132591,1.75222503417508
"2021-09-16","Central","UR",0.237489493167633,0.381143103022838
"2021-09-16","Central","ZG",1.16089106827839,2.26150345897392
"2021-09-16","Eastern","AI",0.101815977795876,0.119944177864062
"2021-09-16","Eastern","AR",0.198315721529476,0.317211394730885
"2021-09-16","Eastern","GL",0.225559326027178,0.413397856435418
"2021-09-16","Eastern","GR",1.85921216846331,2.81177159148148
"2021-09-16","Eastern","SG",3.48187082770678,6.1534184260632
"2021-09-16","Eastern","SH",0.483063949370197,0.98055809900204
"2021-09-16","Eastern","TG",1.48093473019437,2.73247723983601
"2021-09-16","Espace Mittelland","BE",6.84327511644025,14.47269765978
"2021-09-16","Espace Mittelland","FR",1.83104344306129,3.30194867653547
"2021-09-16","Espace Mittelland","JU",0.391444891962588,0.654373832931933
"2021-09-16","Espace Mittelland","NE",1.09926469374557,1.98908844464112
"2021-09-16","Espace Mittelland","SO",1.39711165301973,2.83559728393904
"2021-09-16","Lake Geneva","GE",5.30791656197346,8.37349033139125
"2021-09-16","Lake Geneva","VD",6.19770965063971,10.9733458137817
"2021-09-16","Lake Geneva","VS",2.76213944422109,4.40584976830279
"2021-09-16","Northwestern","AG",4.10554702987651,7.79871674344589
"2021-09-16","Northwestern","BL",1.46635878540632,2.83386388833941
"2021-09-16","Northwestern","BS",1.60069933015709,3.84198637619035
"2021-09-16","Ticino","TI",2.76658471987154,4.00108490171647
"2021-09-16","Zurich","ZH",12.4050512141787,27.0024967694264
"2021-09-17","9999","9999",0.0110062327906277,0.0266806969745789
"2021-09-17","Central","LU",3.92800101277713,7.05770711868186
"2021-09-17","Central","NW",0.409375711895985,0.597579635932543
"2021-09-17","Central","OW",0.281646394252578,0.418326138042187
"2021-09-17","Central","SZ",1.39373052095064,2.05784647009281
"2021-09-17","Central","UR",0.323602734083148,0.492488279186813
"2021-09-17","Central","ZG",1.4764409702825,2.65573199936646
"2021-09-17","Eastern","AI",0.123770521504054,0.155053935793667
"2021-09-17","Eastern","AR",0.2635457638816,0.374957259902617
"2021-09-17","Eastern","GL",0.275285263854299,0.489735239116825
"2021-09-17","Eastern","GR",2.22106036172282,3.21915354554174
"2021-09-17","Eastern","SG",4.18001978350534,7.03544488107887
"2021-09-17","Eastern","SH",0.576297288714754,1.14067626899853
"2021-09-17","Eastern","TG",1.75814657086319,3.09234376157721
"2021-09-17","Espace Mittelland","BE",8.29754983897966,16.542202064984
"2021-09-17","Espace Mittelland","FR",2.32006356313692,3.91839173516978
"2021-09-17","Espace Mittelland","JU",0.460632747532684,0.753891133239662
"2021-09-17","Espace Mittelland","NE",1.29415486377479,2.2104532591576
"2021-09-17","Espace Mittelland","SO",1.70018464863441,3.14692872889081
"2021-09-17","Lake Geneva","GE",5.74048706464302,9.04305686693164
"2021-09-17","Lake Geneva","VD",7.68658908764521,12.860129929896
"2021-09-17","Lake Geneva","VS",3.53721387535524,5.32553509242397
"2021-09-17","Northwestern","AG",4.99175220487769,8.86835778100892
"2021-09-17","Northwestern","BL",1.79769292452894,3.22170265671766
"2021-09-17","Northwestern","BS",1.87299428088174,4.24947029469765
"2021-09-17","Ticino","TI",2.99858194989727,4.28369636075293
"2021-09-17","Zurich","ZH",15.0049678021389,30.9419951451328
"2021-09-18","9999","9999",0.0113357659945676,0.0252192065670542
"2021-09-18","Central","LU",4.49920179930847,7.2188109449997
"2021-09-18","Central","NW",0.49850538188812,0.66558992210596
"2021-09-18","Central","OW",0.330230894067207,0.516891770177574
"2021-09-18","Central","SZ",1.64378888043912,2.36584707644139
"2021-09-18","Central","UR",0.333198709653706,0.543130621214995
"2021-09-18","Central","ZG",1.57106317753804,2.55322374194566
"2021-09-18","Eastern","AI",0.169288944922282,0.218407845552413
"2021-09-18","Eastern","AR",0.290282388495979,0.423798230033152
"2021-09-18","Eastern","GL",0.328755470334401,0.573278109388818
"2021-09-18","Eastern","GR",2.62351671436466,3.50876656327472
"2021-09-18","Eastern","SG",4.83637526288888,7.40809094684865
"2021-09-18","Eastern","SH",0.697452514882086,1.24794286728104
"2021-09-18","Eastern","TG",2.11400452011474,3.36669610040371
"2021-09-18","Espace Mittelland","BE",9.21293413948603,16.2621397171234
"2021-09-18","Espace Mittelland","FR",2.27366658422528,3.67819748610055
"2021-09-18","Espace Mittelland","JU",0.49434825884308,0.774487951541057
"2021-09-18","Espace Mittelland","NE",1.47130757917715,2.26986454363093
"2021-09-18","Espace Mittelland","SO",1.959451634349,3.33916569970383
"2021-09-18","Lake Geneva","GE",6.02367285083858,8.21850437189561
"2021-09-18","Lake Geneva","VD",8.65270254801456,12.7539509523819
"2021-09-18","Lake Geneva","VS",3.91138722134145,5.46791144863609
"2021-09-18","Northwestern","AG",6.04137644362809,9.473006951936
"2021-09-18","Northwestern","BL",2.06822895898088,3.19882863243244
"2021-09-18","Northwestern","BS",2.24307024664595,4.2574235215665
"2021-09-18","Ticino","TI",3.60007781056275,4.59360030344619
"2021-09-18","Zurich","ZH",17.782176778238,30.8369717646851
"2021-09-19","9999","9999",0.00856312100047675,0.0214805101757119
"2021-09-19","Central","LU",0.928338769626086,2.0542097381485
"2021-09-19","Central","NW",0.146316764303328,0.166745859053865
"2021-09-19","Central","OW",0.11877028687563,0.137278133860286
"2021-09-19","Central","SZ",0.385501260357793,0.559580885336901
"2021-09-19","Central","UR",0.161604966818434,0.21218801428318
"2021-09-19","Central","ZG",0.271239054284426,0.652674425481323
"2021-09-19","Eastern","AI",0.0316380110296858,0.0388824424699596
"2021-09-19","Eastern","AR",0.0799635560947378,0.104615522659559
"2021-09-19","Eastern","GL",0.0723436401855807,0.1456732066663
"2021-09-19","Eastern","GR",1.26246852512455,1.3709459785562
"2021-09-19","Eastern","SG",0.811877231929076,1.72374296530286
"2021-09-19","Eastern","SH",0.164785575093809,0.377302442184459
"2021-09-19","Eastern","TG",0.295022007981737,0.513289026382281
"2021-09-19","Espace Mittelland","BE",2.09914841923705,5.12055256573138
"2021-09-19","Espace Mittelland","FR",0.595359192699963,1.30218795310451
"2021-09-19","Espace Mittelland","JU",0.10174933885908,0.182652312791576
"2021-09-19","Espace Mittelland","NE",0.26978276031634,0.508972531457731
"2021-09-19","Espace Mittelland","SO",0.331231907466982,0.812622654732748
"2021-09-19","Lake Geneva","GE",1.29033628469902,2.48616512394458
"2021-09-19","Lake Geneva","VD",1.70368451447347,3.58088941547861
"2021-09-19","Lake Geneva","VS",1.37061107442952,2.05822033973194
"2021-09-19","Northwestern","AG",1.0087141227871,2.46692783160368
"2021-09-19","Northwestern","BL",0.338667742956441,0.858778561091319
"2021-09-19","Northwestern","BS",0.556054512381181,1.55995407521305
"2021-09-19","Ticino","TI",1.38926411444851,1.61117421577444
"2021-09-19","Zurich","ZH",3.86860372771485,9.77533153739954
"2021-09-20","9999","9999",0.00821623982157009,0.0216164627717607
"2021-09-20","Central","LU",2.78015720374641,5.72907638564585
"2021-09-20","Central","NW",0.31452351278542,0.490720895438179
"2021-09-20","Central","OW",0.189969618605005,0.326218254219119
"2021-09-20","Central","SZ",1.04255679122958,1.69437720455632
"2021-09-20","Central","UR",0.226853966630336,0.35925473505898
"2021-09-20","Central","ZG",1.03641424139986,2.20583087089194
"2021-09-20","Eastern","AI",0.072293804896771,0.102270340377717
"2021-09-20","Eastern","AR",0.173229884003881,0.310447753077457
"2021-09-20","Eastern","GL",0.200276481295122,0.38919829433873
"2021-09-20","Eastern","GR",1.67651256533603,2.61198925158776
"2021-09-20","Eastern","SG",3.10086611546811,5.78852165826819
"2021-09-20","Eastern","SH",0.433618179380779,0.926754859115724
"2021-09-20","Eastern","TG",1.34047263332082,2.64288447903985
"2021-09-20","Espace Mittelland","BE",6.57434327625404,14.194096802327
"2021-09-20","Espace Mittelland","FR",2.19385762874086,3.88494739654177
"2021-09-20","Espace Mittelland","JU",0.341006457531098,0.619400027598377
"2021-09-20","Espace Mittelland","NE",0.225393040008891,0.510060152226122
"2021-09-20","Espace Mittelland","SO",1.20904045895113,2.58965903768674
"2021-09-20","Lake Geneva","GE",5.09837872913959,8.65018785249959
"2021-09-20","Lake Geneva","VD",1.46631389996861,3.32495865341673
"2021-09-20","Lake Geneva","VS",3.08511076683974,4.69233587632664
"2021-09-20","Northwestern","AG",3.66290988893588,7.33454059238625
"2021-09-20","Northwestern","BL",1.40206115559044,2.78757202938479
"2021-09-20","Northwestern","BS",1.63213881848002,3.92953984804578
"2021-09-20","Ticino","TI",2.58562375194194,3.7989573795409
"2021-09-20","Zurich","ZH",11.5871263411155,27.0516096447491
"2021-09-21","9999","9999",0.008038107838435,0.0209366997915167
"2021-09-21","Central","LU",2.73635625334602,5.65780323716726
"2021-09-21","Central","NW",0.293230063984227,0.485248803447214
"2021-09-21","Central","OW",0.214733621824805,0.340017442718073
"2021-09-21","Central","SZ",1.02971456703231,1.66429769268052
"2021-09-21","Central","UR",0.218079772074395,0.361565929191809
"2021-09-21","Central","ZG",1.05318449355604,2.21677505487387
"2021-09-21","Eastern","AI",0.0851214497462236,0.116749291856915
"2021-09-21","Eastern","AR",0.17507830877858,0.312758947210287
"2021-09-21","Eastern","GL",0.198527766258257,0.391985322557731
"2021-09-21","Eastern","GR",1.45691053782846,2.51906565218839
"2021-09-21","Eastern","SG",3.01401210427345,5.75694666783586
"2021-09-21","Eastern","SH",0.4357395234375,0.941743632830105
"2021-09-21","Eastern","TG",1.32335020160873,2.551388381899
"2021-09-21","Espace Mittelland","BE",6.11678206013562,14.1010032621825
"2021-09-21","Espace Mittelland","FR",1.71113484315827,3.34487570873788
"2021-09-21","Espace Mittelland","JU",0.315282476900163,0.594282785478359
"2021-09-21","Espace Mittelland","NE",1.06535251200655,2.01230235041646
"2021-09-21","Espace Mittelland","SO",1.18094135257822,2.59186826737253
"2021-09-21","Lake Geneva","GE",4.72646258574183,8.10987824765261
"2021-09-21","Lake Geneva","VD",6.34768035664554,11.6759148420129
"2021-09-21","Lake Geneva","VS",2.46688861135871,4.11518311795043
"2021-09-21","Northwestern","AG",3.60353376996946,7.3642122464739
"2021-09-21","Northwestern","BL",1.36454720530252,2.72720907673912
"2021-09-21","Northwestern","BS",1.63738209706292,3.94966083226101
"2021-09-21","Ticino","TI",2.43511488277407,3.68241201657806
"2021-09-21","Zurich","ZH",11.5735445919339,27.6498350555128
"2021-09-22","9999","9999",0.0097711548735296,0.0227720598381756
"2021-09-22","Central","LU",2.9583302346182,5.94622666968481
"2021-09-22","Central","NW",0.333460750228176,0.51220140561389
"2021-09-22","Central","OW",0.212481576636596,0.363061407748346
"2021-09-22","Central","SZ",1.08147824577449,1.75181717638694
"2021-09-22","Central","UR",0.229801434569448,0.374957259902617
"2021-09-22","Central","ZG",1.15902219012373,2.3374669720162
"2021-09-22","Eastern","AI",0.0294681866275723,0.0514580576044745
"2021-09-22","Eastern","AR",0.204764049977096,0.342634530192013
"2021-09-22","Eastern","GL",0.212102948271898,0.404764866586319
"2021-09-22","Eastern","GR",1.57763264027677,2.65474634304511
"2021-09-22","Eastern","SG",3.27731512573423,6.06311191413778
"2021-09-22","Eastern","SH",0.453987235657637,0.965399384542598
"2021-09-22","Eastern","TG",1.39004081422435,2.62612832157683
"2021-09-22","Espace Mittelland","BE",6.50728078257866,14.4793593369864
"2021-09-22","Espace Mittelland","FR",1.81910735881244,3.3326739632425
"2021-09-22","Espace Mittelland","JU",0.357187101751634,0.633709038332514
"2021-09-22","Espace Mittelland","NE",1.0534937887612,1.96832168559467
"2021-09-22","Espace Mittelland","SO",1.28183950110169,2.73893498814833
"2021-09-22","Lake Geneva","GE",5.01487163573472,8.25014733862597
"2021-09-22","Lake Geneva","VD",6.27480535151115,11.4017324439315
"2021-09-22","Lake Geneva","VS",2.63202565720855,4.3036474042231
"2021-09-22","Northwestern","AG",3.90776848467166,7.67323249729284
"2021-09-22","Northwestern","BL",1.39845233428692,2.80283270829127
"2021-09-22","Northwestern","BS",1.72908702498861,4.05332468674822
"2021-09-22","Ticino","TI",2.56798919077833,3.80154047886583
"2021-09-22","Zurich","ZH",12.4552840574847,28.254688155334
"2021-09-23","9999","9999",0.00977880286339644,0.0229420005832366
"2021-09-23","Central","LU",3.1016760348538,6.08952070592026
"2021-09-23","Central","NW",0.323611016468487,0.525320831132601
"2021-09-23","Central","OW",0.217832028894192,0.379307742976179
"2021-09-23","Central","SZ",1.08572858579382,1.73288577738714
"2021-09-23","Central","UR",0.241639077871406,0.392359192196865
"2021-09-23","Central","ZG",1.1361049082093,2.33518976603238
"2021-09-23","Eastern","AI",0.107467004278884,0.150057677888874
"2021-09-23","Eastern","AR",0.200250149966978,0.339303691588817
"2021-09-23","Eastern","GL",0.208358150956024,0.413125951243321
"2021-09-23","Eastern","GR",1.75165769201358,2.75681275452875
"2021-09-23","Eastern","SG",3.32235920930781,6.06120857779309
"2021-09-23","Eastern","SH",0.501608746640646,0.993745500818775
"2021-09-23","Eastern","TG",1.46483712520841,2.68346632896042
"2021-09-23","Espace Mittelland","BE",6.68301754686578,14.709493093948
"2021-09-23","Espace Mittelland","FR",1.77983257340131,3.36625425446655
"2021-09-23","Espace Mittelland","JU",0.375962247235061,0.644687210463456
"2021-09-23","Espace Mittelland","NE",1.10236382919494,2.00353340797131
"2021-09-23","Espace Mittelland","SO",1.38163201971269,2.8399477670126
"2021-09-23","Lake Geneva","GE",4.94773296761035,8.54166369270363
"2021-09-23","Lake Geneva","VD",6.09409431581774,11.2030037366571
"2021-09-23","Lake Geneva","VS",2.62178949436946,4.31272224000935
"2021-09-23","Northwestern","AG",3.95556010370988,7.6831230486554
"2021-09-23","Northwestern","BL",1.43631759085797,2.81819535164479
"2021-09-23","Northwestern","BS",1.80794581269559,4.19879396452045
"2021-09-23","Ticino","TI",2.84631522178248,4.02191963706095
"2021-09-23","Zurich","ZH",12.6606398887894,28.8857461180436
"2021-09-24","9999","9999",0.0130302832947417,0.02855004517025
"2021-09-24","Central","LU",4.46061145220811,7.66048694141327
"2021-09-24","Central","NW",0.490818223974865,0.640642620731004
"2021-09-24","Central","OW",0.329105077064228,0.492930125123972
"2021-09-24","Central","SZ",1.53654121252093,2.23506067904243
"2021-09-24","Central","UR",0.357744214541396,0.529127503821967
"2021-09-24","Central","ZG",1.64469959430057,2.90333566492036
"2021-09-24","Eastern","AI",0.146734407989605,0.183468028367869
"2021-09-24","Eastern","AR",0.296773840171666,0.423900194480189
"2021-09-24","Eastern","GL",0.324357453230652,0.549758310272374
"2021-09-24","Eastern","GR",2.42436267837806,3.41676064389869
"2021-09-24","Eastern","SG",4.77991449656977,7.68220536863207
"2021-09-24","Eastern","SH",0.668335207691307,1.22041246658115
"2021-09-24","Eastern","TG",2.09853051804652,3.39310489218619
"2021-09-24","Espace Mittelland","BE",9.42893076829282,17.90145612028
"2021-09-24","Espace Mittelland","FR",2.69327944971378,4.2983792411262
"2021-09-24","Espace Mittelland","JU",0.538896816896044,0.823804755757762
"2021-09-24","Espace Mittelland","NE",1.58939348256631,2.45707126839014
"2021-09-24","Espace Mittelland","SO",1.94276180944109,3.43055983239764
"2021-09-24","Lake Geneva","GE",6.40398976482008,9.41362965561168
"2021-09-24","Lake Geneva","VD",8.67424701378988,13.9801753924442
"2021-09-24","Lake Geneva","VS",3.82468678867551,5.51926754179353
"2021-09-24","Northwestern","AG",5.70375543753772,9.64243787476183
"2021-09-24","Northwestern","BL",2.13480893615885,3.5037023290719
"2021-09-24","Northwestern","BS",2.23662704035437,4.89548304297258
"2021-09-24","Ticino","TI",4.01878505301766,4.51131499468765
"2021-09-24","Zurich","ZH",17.1436152655867,33.9656828457054
"2021-09-25","9999","9999",0.0124794596354074,0.0277343295939572
"2021-09-25","Central","LU",4.98032942097077,7.65800580653538
"2021-09-25","Central","NW",0.545572768005723,0.742777008512672
"2021-09-25","Central","OW",0.314335829626,0.475902062468858
"2021-09-25","Central","SZ",1.82212671707309,2.53782711044313
"2021-09-25","Central","UR",0.344160632661772,0.555468319306424
"2021-09-25","Central","ZG",1.66233816547013,2.56406596148055
"2021-09-25","Eastern","AI",0.192189474097,0.247943547044017
"2021-09-25","Eastern","AR",0.331914121477577,0.449221365494279
"2021-09-25","Eastern","GL",0.357815736756925,0.614913591928766
"2021-09-25","Eastern","GR",2.76902933541392,3.74053175138893
"2021-09-25","Eastern","SG",5.41957759779943,8.01199237849747
"2021-09-25","Eastern","SH",0.759122435573292,1.300760450846
"2021-09-25","Eastern","TG",2.43687781296876,3.62293275580671
"2021-09-25","Espace Mittelland","BE",9.86421665589102,17.2561911112833
"2021-09-25","Espace Mittelland","FR",2.66782744851972,4.11086662302588
"2021-09-25","Espace Mittelland","JU",0.571720199782726,0.841308652499047
"2021-09-25","Espace Mittelland","NE",1.74499363386101,2.54992689149147
"2021-09-25","Espace Mittelland","SO",2.19633724176683,3.54751305314863
"2021-09-25","Lake Geneva","GE",6.87053810916009,8.5686162948703
"2021-09-25","Lake Geneva","VD",9.93928070526074,14.1939608497309
"2021-09-25","Lake Geneva","VS",4.12357359261802,5.48956189955686
"2021-09-25","Northwestern","AG",6.98786195086155,10.4246071479796
"2021-09-25","Northwestern","BL",2.38292505474706,3.47304501866289
"2021-09-25","Northwestern","BS",2.61086505943461,4.98898444090515
"2021-09-25","Ticino","TI",3.93382335344995,4.84667606099105
"2021-09-25","Zurich","ZH",19.6970462785663,32.8690552178266
"2021-09-26","9999","9999",0.00970781714280442,0.0253891473121152
"2021-09-26","Central","LU",1.0439924125205,2.45108935416399
"2021-09-26","Central","NW",0.189543739525646,0.206444017100118
"2021-09-26","Central","OW",0.156614201129845,0.192372923409066
"2021-09-26","Central","SZ",0.439763129731638,0.712765472934897
"2021-09-26","Central","UR",0.151630805393601,0.223132198265109
"2021-09-26","Central","ZG",0.293143465086165,0.750186424997332
"2021-09-26","Eastern","AI",0.0612018543129045,0.0751477974659796
"2021-09-26","Eastern","AR",0.0891274770201303,0.118244770413452
"2021-09-26","Eastern","GL",0.0931069458366499,0.200054245085823
"2021-09-26","Eastern","GR",1.27998790434963,1.54183839178955
"2021-09-26","Eastern","SG",0.993975349827691,2.07334506604237
"2021-09-26","Eastern","SH",0.185617176158743,0.411086662302588
"2021-09-26","Eastern","TG",0.415820273130982,0.855073852848989
"2021-09-26","Espace Mittelland","BE",2.30989152123284,5.7033133686946
"2021-09-26","Espace Mittelland","FR",0.673174877608764,1.43712090468296
"2021-09-26","Espace Mittelland","JU",0.102331608170555,0.202569368112726
"2021-09-26","Espace Mittelland","NE",0.313427355728807,0.604105360542886
"2021-09-26","Espace Mittelland","SO",0.375326602551397,0.933382548173103
"2021-09-26","Lake Geneva","GE",1.28656490151361,2.56875632604423
"2021-09-26","Lake Geneva","VD",1.88407193015531,4.01767111843442
"2021-09-26","Lake Geneva","VS",1.31177950174008,2.02430016701776
"2021-09-26","Northwestern","AG",1.16486763923905,2.75569114561135
"2021-09-26","Northwestern","BL",0.378675082833741,0.969579926871099
"2021-09-26","Northwestern","BS",0.756359212526779,2.18672953114708
"2021-09-26","Ticino","TI",1.49635883823345,1.70759859452206
"2021-09-26","Zurich","ZH",4.48609393962905,11.6331577505555
"2021-09-27","9999","9999",0.00843795320727971,0.0226361072421268
"2021-09-27","Central","LU",3.01630632501254,6.05237165904992
"2021-09-27","Central","NW",0.326361109095122,0.517911414647941
"2021-09-27","Central","OW",0.222328941203315,0.387057040950961
"2021-09-27","Central","SZ",1.14756351196431,1.81819603140777
"2021-09-27","Central","UR",0.220373452402524,0.385323645351339
"2021-09-27","Central","ZG",1.11817132748079,2.30392066894115
"2021-09-27","Eastern","AI",0.0844705913192762,0.122085431251831
"2021-09-27","Eastern","AR",0.211290244594973,0.341241016082512
"2021-09-27","Eastern","GL",0.22765647690346,0.426653234550177
"2021-09-27","Eastern","GR",1.71581950128316,2.79419971844217
"2021-09-27","Eastern","SG",3.45328541021168,6.2765235017854
"2021-09-27","Eastern","SH",0.479802702381388,1.00547141222798
"2021-09-27","Eastern","TG",1.52830433135036,2.81856922128392
"2021-09-27","Espace Mittelland","BE",6.55428716883034,13.9273238207302
"2021-09-27","Espace Mittelland","FR",1.99811958524618,3.45982362869715
"2021-09-27","Espace Mittelland","JU",0.383776245082667,0.648187989811712
"2021-09-27","Espace Mittelland","NE",1.12025617421772,1.97991164440783
"2021-09-27","Espace Mittelland","SO",1.37002094566302,2.76245478726478
"2021-09-27","Lake Geneva","GE",5.29865068742996,8.41505783763317
"2021-09-27","Lake Geneva","VD",6.47395883925475,11.4598861668913
"2021-09-27","Lake Geneva","VS",2.8092142668634,4.41533246187719
"2021-09-27","Northwestern","AG",4.11526160215629,7.91220317299764
"2021-09-27","Northwestern","BL",1.54536409105538,2.95676503516754
"2021-09-27","Northwestern","BS",1.66182776298407,3.97698730406682
"2021-09-27","Ticino","TI",3.10832906549,3.89351241009285
"2021-09-27","Zurich","ZH",12.7519812258727,29.1585010138665
"2021-09-28","9999","9999",0.00885954032714373,0.0227040835401512
"2021-09-28","Central","LU",3.23647386909188,6.12136760154469
"2021-09-28","Central","NW",0.339020772289004,0.513255038233269
"2021-09-28","Central","OW",0.211138788549868,0.367819748610055
"2021-09-28","Central","SZ",1.15871951691082,1.77628864367572
"2021-09-28","Central","UR",0.22721193014991,0.370572788680043
"2021-09-28","Central","ZG",1.18610374573834,2.31251967064124
"2021-09-28","Eastern","AI",0.0923575798904498,0.115253813300378
"2021-09-28","Eastern","AR",0.203755036145524,0.332132192147242
"2021-09-28","Eastern","GL",0.245408076199762,0.438209205214326
"2021-09-28","Eastern","GR",1.69093470055008,2.68278656598017
"2021-09-28","Eastern","SG",3.60292713517261,6.36523257070724
"2021-09-28","Eastern","SH",0.511413732023371,1.01706137104115
"2021-09-28","Eastern","TG",1.58826125112021,2.8095963499447
"2021-09-28","Espace Mittelland","BE",6.56147923590135,13.9173652930696
"2021-09-28","Espace Mittelland","FR",2.04736835194516,3.5983933122199
"2021-09-28","Espace Mittelland","JU",0.399556801141028,0.659098185644629
"2021-09-28","Espace Mittelland","NE",1.16175785612739,2.02260075956715
"2021-09-28","Espace Mittelland","SO",1.42242743932412,2.8449780130664
"2021-09-28","Lake Geneva","GE",5.04133542721955,8.36346382743265
"2021-09-28","Lake Geneva","VD",6.51956452729468,11.6119151574229
"2021-09-28","Lake Geneva","VS",2.75109342073663,4.34086442739146
"2021-09-28","Northwestern","AG",4.23809450673162,7.98436001335054
"2021-09-28","Northwestern","BL",1.56393074755749,2.938547387297
"2021-09-28","Northwestern","BS",1.6719501262402,4.0064550292604
"2021-09-28","Ticino","TI",2.92147985807884,3.88273816685598
"2021-09-28","Zurich","ZH",13.1240018173942,29.3136569141072
"2021-09-29","9999","9999",0.00944878798881977,0.0231119413282976
"2021-09-29","Central","LU",3.37138036900881,6.40676608880016
"2021-09-29","Central","NW",0.337956315425925,0.531132804613687
"2021-09-29","Central","OW",0.218708101630014,0.354496394197271
"2021-09-29","Central","SZ",1.22763311000354,1.86102109916314
"2021-09-29","Central","UR",0.242360052662186,0.371524456852385
"2021-09-29","Central","ZG",1.27929355067258,2.42056799635103
"2021-09-29","Eastern","AI",0.100670717746462,0.1228331705301
"2021-09-29","Eastern","AR",0.233862211739068,0.348888349610258
"2021-09-29","Eastern","GL",0.253880368999025,0.440622363794192
"2021-09-29","Eastern","GR",1.81164418166131,2.81190754407753
"2021-09-29","Eastern","SG",3.81626652805308,6.60399931751797
"2021-09-29","Eastern","SH",0.524392601872664,1.04431986654893
"2021-09-29","Eastern","TG",1.65758675875985,2.89194963500127
"2021-09-29","Espace Mittelland","BE",6.85600655247504,14.032653094519
"2021-09-29","Espace Mittelland","FR",2.14904832631652,3.60777404134726
"2021-09-29","Espace Mittelland","JU",0.433045566978168,0.689585555308575
"2021-09-29","Espace Mittelland","NE",1.24405292914938,2.10451219868656
"2021-09-29","Espace Mittelland","SO",1.45708884994858,2.89772762033334
"2021-09-29","Lake Geneva","GE",5.63577351293717,8.68152492588884
"2021-09-29","Lake Geneva","VD",7.07843381322858,12.1839357052983
"2021-09-29","Lake Geneva","VS",3.01493182498421,4.60294704442455
"2021-09-29","Northwestern","AG",4.5304121964613,8.30391659036327
"2021-09-29","Northwestern","BL",1.58438821976636,2.96091158934703
"2021-09-29","Northwestern","BS",1.67092381925796,4.04513354283628
"2021-09-29","Ticino","TI",2.97559803687809,4.0602242809977
"2021-09-29","Zurich","ZH",13.7220934414641,29.7785808044451
"2021-09-30","9999","9999",0.0110041964594804,0.0248113487789078
"2021-09-30","Central","LU",3.39273697931977,6.55128369840004
"2021-09-30","Central","NW",0.323301400149577,0.527292143775308
"2021-09-30","Central","OW",0.241762604851621,0.391577464769584
"2021-09-30","Central","SZ",1.25606605328796,1.88725995020056
"2021-09-30","Central","UR",0.241052422615921,0.389708116573913
"2021-09-30","Central","ZG",1.28216605029729,2.46210151444394
"2021-09-30","Eastern","AI",0.101582590750263,0.130956338144016
"2021-09-30","Eastern","AR",0.234430974692606,0.349602100739514
"2021-09-30","Eastern","GL",0.247256759431876,0.452246310756366
"2021-09-30","Eastern","GR",1.83013063412836,2.82013267613848
"2021-09-30","Eastern","SG",3.81566514464097,6.66079351451736
"2021-09-30","Eastern","SH",0.525502625561187,1.05920667581628
"2021-09-30","Eastern","TG",1.66446111901166,2.90738025465281
"2021-09-30","Espace Mittelland","BE",7.1172502126664,14.4554656682308
"2021-09-30","Espace Mittelland","FR",2.14965855602106,3.62351055433991
"2021-09-30","Espace Mittelland","JU",0.440289654477955,0.715178631514763
"2021-09-30","Espace Mittelland","NE",1.31732442362224,2.21735285340707
"2021-09-30","Espace Mittelland","SO",1.56631726500583,2.98266400471484
"2021-09-30","Lake Geneva","GE",6.04888927201502,9.19117722032682
"2021-09-30","Lake Geneva","VD",7.03288946183241,12.0751056521612
"2021-09-30","Lake Geneva","VS",3.00645571406405,4.55335833501575
"2021-09-30","Northwestern","AG",4.57682366465226,8.39802977497806
"2021-09-30","Northwestern","BL",1.63429013968084,2.99680307470391
"2021-09-30","Northwestern","BS",1.82428647730011,4.35986380268928
"2021-09-30","Ticino","TI",3.21257208764007,4.18842757907173
"2021-09-30","Zurich","ZH",14.0993681824441,30.8123983329493
"2021-10-01","9999","9999",0.0128030992270843,0.0291958200014819
"2021-10-01","Central","LU",4.33569955534791,7.47181872624653
"2021-10-01","Central","NW",0.471525619334748,0.647814120172578
"2021-10-01","Central","OW",0.320337958759023,0.483617372294628
"2021-10-01","Central","SZ",1.54910420089359,2.22935067000838
"2021-10-01","Central","UR",0.347549193423526,0.505301811364413
"2021-10-01","Central","ZG",1.60534084547381,2.88549188668895
"2021-10-01","Eastern","AI",0.134996427433223,0.168649195398548
"2021-10-01","Eastern","AR",0.291805893139991,0.408265645934576
"2021-10-01","Eastern","GL",0.311973994860778,0.540887403380189
"2021-10-01","Eastern","GR",2.33194767786527,3.36757979227803
"2021-10-01","Eastern","SG",4.59393811551266,7.48962851632893
"2021-10-01","Eastern","SH",0.674762620668431,1.21500835088821
"2021-10-01","Eastern","TG",1.99937078933956,3.27305874987509
"2021-10-01","Espace Mittelland","BE",8.72367251836836,16.3148213480923
"2021-10-01","Espace Mittelland","FR",2.8197501463192,4.33518840650642
"2021-10-01","Espace Mittelland","JU",0.549444616721105,0.829718693685886
"2021-10-01","Espace Mittelland","NE",1.50971840019074,2.41363441395254
"2021-10-01","Espace Mittelland","SO",1.90632809366663,3.36183579509497
"2021-10-01","Lake Geneva","GE",6.7848845347569,9.67221149329652
"2021-10-01","Lake Geneva","VD",9.04552606357605,14.1820310094276
"2021-10-01","Lake Geneva","VS",3.88762546115215,5.54740972917563
"2021-10-01","Northwestern","AG",5.64215734059569,9.51192338255497
"2021-10-01","Northwestern","BL",2.03519425191336,3.43786728443526
"2021-10-01","Northwestern","BS",2.10144184893981,4.63000161103826
"2021-10-01","Ticino","TI",3.80860833303438,4.59543566349285
"2021-10-01","Zurich","ZH",16.9568499785149,33.889549391918
"2021-10-02","9999","9999",0.0140475834276745,0.0310991563461652
"2021-10-02","Central","LU",4.19243808271794,6.67856931645074
"2021-10-02","Central","NW",0.534396055137848,0.72330179912868
"2021-10-02","Central","OW",0.387679582526426,0.553293077769643
"2021-10-02","Central","SZ",1.90368599707919,2.56488167705684
"2021-10-02","Central","UR",0.343266056724659,0.519406893204477
"2021-10-02","Central","ZG",1.69900682686674,2.57259698688261
"2021-10-02","Eastern","AI",0.176858461635543,0.223642020500292
"2021-10-02","Eastern","AR",0.317656173294318,0.427638890871531
"2021-10-02","Eastern","GL",0.370115016329986,0.607776080636204
"2021-10-02","Eastern","GR",2.96603921260291,3.85157103421179
"2021-10-02","Eastern","SG",5.48560500868853,7.84765967802347
"2021-10-02","Eastern","SH",0.748434234631643,1.27673082949437
"2021-10-02","Eastern","TG",2.41000912444743,3.61277029925206
"2021-10-02","Espace Mittelland","BE",9.38904128891272,16.0529426599533
"2021-10-02","Espace Mittelland","FR",2.88504161929961,4.31690278233785
"2021-10-02","Espace Mittelland","JU",0.599466633181028,0.869382863583126
"2021-10-02","Espace Mittelland","NE",1.7167909526371,2.46366496929851
"2021-10-02","Espace Mittelland","SO",2.12018202826782,3.45815820939555
"2021-10-02","Lake Geneva","GE",7.22950775645779,8.98248998539189
"2021-10-02","Lake Geneva","VD",10.4150755633343,14.645527397507
"2021-10-02","Lake Geneva","VS",4.2558814128772,5.68346428967148
"2021-10-02","Northwestern","AG",6.85745024860216,10.2515734813585
"2021-10-02","Northwestern","BL",2.31848226584854,3.36316133290644
"2021-10-02","Northwestern","BS",2.46797092136352,4.44942257533643
"2021-10-02","Ticino","TI",4.01125742990174,4.88205772411276
"2021-10-02","Zurich","ZH",20.5549382465545,34.0382475438464
"2021-10-03","9999","9999",0.00879913961249644,0.022500154646078
"2021-10-03","Central","LU",1.068988906017,2.5436050957752
"2021-10-03","Central","NW",0.182766089339244,0.243491099523418
"2021-10-03","Central","OW",0.184819498256072,0.213445575796631
"2021-10-03","Central","SZ",0.448249504543989,0.774216046348959
"2021-10-03","Central","UR",0.155640427575187,0.218577786297474
"2021-10-03","Central","ZG",0.276044646983336,0.723743645065838
"2021-10-03","Eastern","AI",0.0464643618925109,0.079090422751395
"2021-10-03","Eastern","AR",0.0834379912905882,0.127761452136869
"2021-10-03","Eastern","GL",0.114380650057757,0.238290912724551
"2021-10-03","Eastern","GR",1.33597852879907,1.71929051778226
"2021-10-03","Eastern","SG",1.00247826199857,2.23723592057921
"2021-10-03","Eastern","SH",0.188490596048499,0.430629847984605
"2021-10-03","Eastern","TG",0.409659975892111,0.856875224746635
"2021-10-03","Espace Mittelland","BE",2.34287049939929,5.85700777852778
"2021-10-03","Espace Mittelland","FR",0.690608264919101,1.4843304436609
"2021-10-03","Espace Mittelland","JU",0.111074337494248,0.204404728159385
"2021-10-03","Espace Mittelland","NE",0.286915718294059,0.545849673135971
"2021-10-03","Espace Mittelland","SO",0.370763376335256,0.907143697135683
"2021-10-03","Lake Geneva","GE",1.35722944177541,2.64917228660711
"2021-10-03","Lake Geneva","VD",1.95827352279575,4.08608926239599
"2021-10-03","Lake Geneva","VS",1.25916019581,2.09169866650896
"2021-10-03","Northwestern","AG",1.14380048556864,2.72652931375888
"2021-10-03","Northwestern","BL",0.345505092889654,0.877845912687164
"2021-10-03","Northwestern","BS",0.544229463004165,1.69125029484719
"2021-10-03","Ticino","TI",1.39461514236126,1.65175606569501
"2021-10-03","Zurich","ZH",4.48719687140276,11.7651337331699
"2021-10-04","9999","9999",0.00722274126693248,0.0182856241685649
"2021-10-04","Central","LU",3.22931827976055,5.89510849357046
"2021-10-04","Central","NW",0.32585906731483,0.492216373994716
"2021-10-04","Central","OW",0.19145422149206,0.310413764928445
"2021-10-04","Central","SZ",1.13714463931302,1.75018574523435
"2021-10-04","Central","UR",0.220289598635489,0.359764557294163
"2021-10-04","Central","ZG",1.0637831859957,2.08153620995431
"2021-10-04","Eastern","AI",0.0833528569845436,0.108762076839048
"2021-10-04","Eastern","AR",0.177478685026787,0.299707497989601
"2021-10-04","Eastern","GL",0.220278343989878,0.416456789846516
"2021-10-04","Eastern","GR",1.94098771075327,3.0290918162655
"2021-10-04","Eastern","SG",3.44314486095201,5.89500652912343
"2021-10-04","Eastern","SH",0.465212981029927,0.932464868149773
"2021-10-04","Eastern","TG",1.47327173413338,2.73448254062773
"2021-10-04","Espace Mittelland","BE",6.78492543760081,13.6925336873539
"2021-10-04","Espace Mittelland","FR",2.02289092709015,3.48208586630014
"2021-10-04","Espace Mittelland","JU",0.392468093539827,0.644925127506541
"2021-10-04","Espace Mittelland","NE",1.12711692629504,1.89616484524176
"2021-10-04","Espace Mittelland","SO",1.27771094543303,2.52266839598369
"2021-10-04","Lake Geneva","GE",5.16878212951186,8.36037090587254
"2021-10-04","Lake Geneva","VD",6.62642150158612,11.3501384337309
"2021-10-04","Lake Geneva","VS",2.93840944531526,4.50152640777214
"2021-10-04","Northwestern","AG",4.12894464314838,7.41903513083058
"2021-10-04","Northwestern","BL",1.52557535391132,2.72986015236207
"2021-10-04","Northwestern","BS",1.53059835628838,3.59564027214991
"2021-10-04","Ticino","TI",3.03441898931739,3.88107274755438
"2021-10-04","Zurich","ZH",12.4879683237099,28.3674608337565
"2021-10-05","9999","9999",0.00666036926037989,0.0174359204432598
"2021-10-05","Central","LU",3.25051972163807,5.7774075335412
"2021-10-05","Central","NW",0.329648714824225,0.482019929291055
"2021-10-05","Central","OW",0.203901628492004,0.310583705673506
"2021-10-05","Central","SZ",1.16554858054268,1.71548384509289
"2021-10-05","Central","UR",0.222816853978261,0.349160254802356
"2021-10-05","Central","ZG",1.0923077367696,2.08051656548395
"2021-10-05","Eastern","AI",0.0767057865329644,0.100944802566241
"2021-10-05","Eastern","AR",0.189105254773281,0.309835966395237
"2021-10-05","Eastern","GL",0.232661348101266,0.415199228333065
"2021-10-05","Eastern","GR",1.83765645979045,2.92083956166164
"2021-10-05","Eastern","SG",3.43043940380344,5.87396786488487
"2021-10-05","Eastern","SH",0.462122331599007,0.935761718603957
"2021-10-05","Eastern","TG",1.47579014318372,2.7338367657965
"2021-10-05","Espace Mittelland","BE",6.61471199050559,13.598182585696
"2021-10-05","Espace Mittelland","FR",1.99301086115986,3.46339238434343
"2021-10-05","Espace Mittelland","JU",0.378931229795948,0.647474238682456
"2021-10-05","Espace Mittelland","NE",1.10105185236488,1.89439746149313
"2021-10-05","Espace Mittelland","SO",1.29080548672354,2.47919755339708
"2021-10-05","Lake Geneva","GE",5.26878604279208,8.69039583278103
"2021-10-05","Lake Geneva","VD",6.45120311672073,11.361456487352
"2021-10-05","Lake Geneva","VS",2.93642280847996,4.49207770234675
"2021-10-05","Northwestern","AG",4.04572609003504,7.3438873333646
"2021-10-05","Northwestern","BL",1.44860569802187,2.65066776516364
"2021-10-05","Northwestern","BS",1.56475664039461,3.65175470616905
"2021-10-05","Ticino","TI",3.01477377827503,3.93399229556638
"2021-10-05","Zurich","ZH",12.6813966742648,28.3900289647006
"2021-10-06","9999","9999",0.00961050009406871,0.022670095391139
"2021-10-06","Central","LU",3.20820688679597,5.79018707756979
"2021-10-06","Central","NW",0.330389050424991,0.480184569244396
"2021-10-06","Central","OW",0.200518859525955,0.317891157711129
"2021-10-06","Central","SZ",1.14948217058348,1.72319915491866
"2021-10-06","Central","UR",0.216885456024436,0.350995614849014
"2021-10-06","Central","ZG",1.1538445793043,2.13476165130742
"2021-10-06","Eastern","AI",0.104302357706887,0.124702518725771
"2021-10-06","Eastern","AR",0.188842266521623,0.306709056686115
"2021-10-06","Eastern","GL",0.237198348721842,0.426925139742275
"2021-10-06","Eastern","GR",1.94690363259038,3.00496023046684
"2021-10-06","Eastern","SG",3.53657477282465,6.02603084356547
"2021-10-06","Eastern","SH",0.474322030662941,0.95972336365756
"2021-10-06","Eastern","TG",1.55284070799208,2.80544979576521
"2021-10-06","Espace Mittelland","BE",6.74235314675838,13.7979649255897
"2021-10-06","Espace Mittelland","FR",2.03912954800807,3.59186758760955
"2021-10-06","Espace Mittelland","JU",0.414406769529141,0.690911093120051
"2021-10-06","Espace Mittelland","NE",1.08477963589906,1.89922377865286
"2021-10-06","Espace Mittelland","SO",1.3362532768631,2.55437933901207
"2021-10-06","Lake Geneva","GE",5.63659235301968,9.02293588271641
"2021-10-06","Lake Geneva","VD",6.96764265107649,12.0924735963064
"2021-10-06","Lake Geneva","VS",3.11213209012863,4.72747962240526
"2021-10-06","Northwestern","AG",4.04423688190678,7.39160669457774
"2021-10-06","Northwestern","BL",1.44354114665736,2.64937621550118
"2021-10-06","Northwestern","BS",1.57769282169422,3.63112389971865
"2021-10-06","Ticino","TI",3.19575707535886,4.28532779190552
"2021-10-06","Zurich","ZH",13.2777198308857,29.3684458103149
"2021-10-07","9999","9999",0.00855663215295532,0.0214805101757119
"2021-10-07","Central","LU",3.31709631537353,5.94792607713542
"2021-10-07","Central","NW",0.329343656754267,0.492488279186813
"2021-10-07","Central","OW",0.225787833710081,0.339949466420049
"2021-10-07","Central","SZ",1.15783917962766,1.73937751384847
"2021-10-07","Central","UR",0.237229257879046,0.356093837200845
"2021-10-07","Central","ZG",1.14886419107252,2.13078503787299
"2021-10-07","Eastern","AI",0.0999290311183002,0.121099774930477
"2021-10-07","Eastern","AR",0.191290551376092,0.308102570795615
"2021-10-07","Eastern","GL",0.246422834834782,0.442015877903693
"2021-10-07","Eastern","GR",1.99010796929277,3.01811364413456
"2021-10-07","Eastern","SG",3.60618820594045,6.12296504454827
"2021-10-07","Eastern","SH",0.49092646672341,0.983175186475979
"2021-10-07","Eastern","TG",1.61817661998376,2.86370548317213
"2021-10-07","Espace Mittelland","BE",7.12618043326446,14.4264058008254
"2021-10-07","Espace Mittelland","FR",2.07314553955936,3.6390771265875
"2021-10-07","Espace Mittelland","JU",0.443929897937477,0.718101612329813
"2021-10-07","Espace Mittelland","NE",1.13174280885417,1.97637687691056
"2021-10-07","Espace Mittelland","SO",1.46429571566461,2.73196741760083
"2021-10-07","Lake Geneva","GE",6.01329415656724,9.36580832995151
"2021-10-07","Lake Geneva","VD",6.75137629846117,11.9539379009327
"2021-10-07","Lake Geneva","VS",3.01521776895354,4.73794797230102
"2021-10-07","Northwestern","AG",4.2410837468714,7.55512367947544
"2021-10-07","Northwestern","BL",1.47225111713029,2.68938026688854
"2021-10-07","Northwestern","BS",1.66826334478191,3.78036586203123
"2021-10-07","Ticino","TI",3.32480047665186,4.53333931524756
"2021-10-07","Zurich","ZH",13.6264762358177,29.9267351459893
"2021-10-08","9999","9999",0.0100086615736954,0.0236897398615051
"2021-10-08","Central","LU",4.14689534080659,6.80701053156785
"2021-10-08","Central","NW",0.418691688017762,0.57762859246238
"2021-10-08","Central","OW",0.289903889359988,0.416150896505406
"2021-10-08","Central","SZ",1.43983810196205,2.03527833914871
"2021-10-08","Central","UR",0.298236062996207,0.456732746425976
"2021-10-08","Central","ZG",1.40669918173205,2.41788293257907
"2021-10-08","Eastern","AI",0.138723093569843,0.166541930159792
"2021-10-08","Eastern","AR",0.234620725511345,0.351267520041112
"2021-10-08","Eastern","GL",0.307515964728505,0.529331432716041
"2021-10-08","Eastern","GR",2.60940854225331,3.65889221746162
"2021-10-08","Eastern","SG",4.30711298654251,6.97712121737393
"2021-10-08","Eastern","SH",0.588246315414451,1.10498871253571
"2021-10-08","Eastern","TG",1.95414548404193,3.24970889150371
"2021-10-08","Espace Mittelland","BE",8.72298643924461,16.1619086656864
"2021-10-08","Espace Mittelland","FR",2.76915988382057,4.53449491231397
"2021-10-08","Espace Mittelland","JU",0.522419851249377,0.81435605033237
"2021-10-08","Espace Mittelland","NE",1.34127174840336,2.15950502378831
"2021-10-08","Espace Mittelland","SO",1.68426832411282,2.93837744655194
"2021-10-08","Lake Geneva","GE",6.66438028449716,9.65858224554262
"2021-10-08","Lake Geneva","VD",8.58502653517664,13.97963158206
"2021-10-08","Lake Geneva","VS",3.98341387917179,5.7865843337745
"2021-10-08","Northwestern","AG",5.11036650095539,8.51073447710252
"2021-10-08","Northwestern","BL",1.81990920727794,3.06702259056312
"2021-10-08","Northwestern","BS",1.8671708045627,4.12636521897545
"2021-10-08","Ticino","TI",4.06150817334176,4.94473187089126
"2021-10-08","Zurich","ZH",16.2749731060375,32.8200443069511
"2021-10-09","9999","9999",0.0102235415019971,0.0224321783480536
"2021-10-09","Central","LU",4.65141427094624,7.08510156678569
"2021-10-09","Central","NW",0.488937488107288,0.616477046783328
"2021-10-09","Central","OW",0.401493038780435,0.530826911272578
"2021-10-09","Central","SZ",1.72441001093757,2.29926429252648
"2021-10-09","Central","UR",0.339803765111286,0.497042691154448
"2021-10-09","Central","ZG",1.5340146777261,2.36027302000339
"2021-10-09","Eastern","AI",0.169439629511164,0.208109436401715
"2021-10-09","Eastern","AR",0.261006345376244,0.37145648055436
"2021-10-09","Eastern","GL",0.357587095929293,0.578206390995588
"2021-10-09","Eastern","GR",3.23017494077811,4.08214663711057
"2021-10-09","Eastern","SG",4.92432751446356,7.20616735356716
"2021-10-09","Eastern","SH",0.67028034644744,1.17813120920997
"2021-10-09","Eastern","TG",2.21072482983976,3.40496675619145
"2021-10-09","Espace Mittelland","BE",9.58922124419543,16.0566133800466
"2021-10-09","Espace Mittelland","FR",2.75979539602523,4.0908476032577
"2021-10-09","Espace Mittelland","JU",0.561163483176852,0.830058575176008
"2021-10-09","Espace Mittelland","NE",1.53257398518742,2.28505724623938
"2021-10-09","Espace Mittelland","SO",2.00711835188348,3.24406685876769
"2021-10-09","Lake Geneva","GE",7.14125082275121,9.09883141946066
"2021-10-09","Lake Geneva","VD",10.4052843310188,14.72353019949
"2021-10-09","Lake Geneva","VS",4.46268702580627,5.9965971065209
"2021-10-09","Northwestern","AG",6.26011540350703,9.4100608999654
"2021-10-09","Northwestern","BL",2.03653821480652,3.02484329763898
"2021-10-09","Northwestern","BS",2.17375752873233,4.28247278738849
"2021-10-09","Ticino","TI",4.51135375423904,5.33511975044541
"2021-10-09","Zurich","ZH",19.1418702198619,31.8008076943731
"2021-10-10","9999","9999",0.00962057210120517,0.0237577161595295
"2021-10-10","Central","LU",1.04145542586445,2.44011118203305
"2021-10-10","Central","NW",0.228686962280572,0.255217010932628
"2021-10-10","Central","OW",0.246064667682094,0.326524147560229
"2021-10-10","Central","SZ",0.463626040754654,0.80432954637377
"2021-10-10","Central","UR",0.173176978554265,0.255522904273738
"2021-10-10","Central","ZG",0.256031647123612,0.673713089719877
"2021-10-10","Eastern","AI",0.060203734852971,0.0992793832646433
"2021-10-10","Eastern","AR",0.0941588518510233,0.13333550857487
"2021-10-10","Eastern","GL",0.116917346928214,0.255047070187567
"2021-10-10","Eastern","GR",1.5920243910805,1.92012649029536
"2021-10-10","Eastern","SG",1.0003222180759,2.21847446232448
"2021-10-10","Eastern","SH",0.189863126318042,0.419345782512553
"2021-10-10","Eastern","TG",0.376548228934858,0.785296182926937
"2021-10-10","Espace Mittelland","BE",2.58905102649162,6.39405452106959
"2021-10-10","Espace Mittelland","FR",0.70351009487866,1.51464787257979
"2021-10-10","Espace Mittelland","JU",0.114036995680515,0.214227303223912
"2021-10-10","Espace Mittelland","NE",0.293519066366292,0.557983442333327
"2021-10-10","Espace Mittelland","SO",0.386821617473729,0.933994334855323
"2021-10-10","Lake Geneva","GE",1.31319447776598,2.69638182558506
"2021-10-10","Lake Geneva","VD",2.03884921178144,4.23505931951647
"2021-10-10","Lake Geneva","VS",1.50952970669779,2.45367245348892
"2021-10-10","Northwestern","AG",1.07739137615404,2.618243071006
"2021-10-10","Northwestern","BL",0.354178876739924,0.916558414412063
"2021-10-10","Northwestern","BS",0.568648296346426,1.80565440442227
"2021-10-10","Ticino","TI",1.71029363084528,2.10396838830237
"2021-10-10","Zurich","ZH",4.26661689194566,11.0175643956465
"2021-10-11","9999","9999",0.00778473733542709,0.0209027116425045
"2021-10-11","Central","LU",2.84444926497981,5.58588431385744
"2021-10-11","Central","NW",0.315219327138467,0.506457408430828
"2021-10-11","Central","OW",0.244505519410961,0.403813198413977
"2021-10-11","Central","SZ",1.09770643049528,1.77187018430414
"2021-10-11","Central","UR",0.213328243967446,0.364013075920688
"2021-10-11","Central","ZG",0.986783721351077,2.01009312073066
"2021-10-11","Eastern","AI",0.0891214698432456,0.146217017050495
"2021-10-11","Eastern","AR",0.17903824056415,0.307082926325249
"2021-10-11","Eastern","GL",0.211586542524975,0.413193927541345
"2021-10-11","Eastern","GR",2.19387198095943,3.25514699534566
"2021-10-11","Eastern","SG",3.11135341276197,5.74685218757924
"2021-10-11","Eastern","SH",0.445135496045196,0.893004627146607
"2021-10-11","Eastern","TG",1.31285082338874,2.50659200150092
"2021-10-11","Espace Mittelland","BE",6.53818586320412,14.15511239541
"2021-10-11","Espace Mittelland","FR",1.8143929702528,3.46709709258576
"2021-10-11","Espace Mittelland","JU",0.347340653533931,0.61280632669001
"2021-10-11","Espace Mittelland","NE",0.973297875534482,1.81122846086027
"2021-10-11","Espace Mittelland","SO",1.18179999901864,2.44055302797021
"2021-10-11","Lake Geneva","GE",4.76881760396685,8.40540520331371
"2021-10-11","Lake Geneva","VD",6.04618364972783,11.4357885692417
"2021-10-11","Lake Geneva","VS",2.93439634179062,4.71493799541976
"2021-10-11","Northwestern","AG",3.69824424826421,7.05373050524743
"2021-10-11","Northwestern","BL",1.39602993825018,2.65182336223006
"2021-10-11","Northwestern","BS",1.51017579541062,3.56912951592039
"2021-10-11","Ticino","TI",3.0665719258379,4.39351207021136
"2021-10-11","Zurich","ZH",11.4099438756982,25.8632480026864
"2021-10-12","9999","9999",0.00784316829129147,0.0203249131092971
"2021-10-12","Central","LU",3.09386679105622,5.77808729652145
"2021-10-12","Central","NW",0.332006520003388,0.501019304588876
"2021-10-12","Central","OW",0.247555089777004,0.353034903789747
"2021-10-12","Central","SZ",1.15518576573826,1.74471365324339
"2021-10-12","Central","UR",0.240868921767396,0.347494835500758
"2021-10-12","Central","ZG",1.07827575085531,2.06539183917352
"2021-10-12","Eastern","AI",0.0876431365065119,0.110019638352499
"2021-10-12","Eastern","AR",0.179249184890907,0.293691595614441
"2021-10-12","Eastern","GL",0.228339928376829,0.394092587796487
"2021-10-12","Eastern","GR",2.16084492971382,3.11120718427899
"2021-10-12","Eastern","SG",3.39315903636221,5.8205724827867
"2021-10-12","Eastern","SH",0.431713340401256,0.88889206111613
"2021-10-12","Eastern","TG",1.4044147236344,2.54214360536768
"2021-10-12","Espace Mittelland","BE",6.84203818624502,14.3758654232442
"2021-10-12","Espace Mittelland","FR",1.83097904408875,3.53724863214694
"2021-10-12","Espace Mittelland","JU",0.356396398283143,0.613520077819266
"2021-10-12","Espace Mittelland","NE",1.01529213420063,1.84572643210765
"2021-10-12","Espace Mittelland","SO",1.29240752717747,2.52929608504107
"2021-10-12","Lake Geneva","GE",4.82824959281111,8.44863812885723
"2021-10-12","Lake Geneva","VD",6.02319171278072,11.4904415128533
"2021-10-12","Lake Geneva","VS",2.91257397163799,4.64651985145819
"2021-10-12","Northwestern","AG",4.02186156561119,7.41305321660443
"2021-10-12","Northwestern","BL",1.43974760270664,2.71837215799595
"2021-10-12","Northwestern","BS",1.52257487870603,3.65987787378297
"2021-10-12","Ticino","TI",3.02342130911759,4.41546841447324
"2021-10-12","Zurich","ZH",11.715950637093,25.8696717628497
"2021-10-13","9999","9999",0.00803572298137975,0.0212765812816387
"2021-10-13","Central","LU",3.18373562184269,5.88858276896012
"2021-10-13","Central","NW",0.360169997936687,0.498810074903083
"2021-10-13","Central","OW",0.231593378566958,0.337332378946109
"2021-10-13","Central","SZ",1.14981897192321,1.74773859850547
"2021-10-13","Central","UR",0.248349286336617,0.350485792613831
"2021-10-13","Central","ZG",1.13633833833115,2.1845542896103
"2021-10-13","Eastern","AI",0.0942653010617505,0.116035540727659
"2021-10-13","Eastern","AR",0.182194636078978,0.299945415032686
"2021-10-13","Eastern","GL",0.211522887596514,0.396029912290183
"2021-10-13","Eastern","GR",2.13239382392198,3.06929979654694
"2021-10-13","Eastern","SG",3.47241988199015,5.89153973792418
"2021-10-13","Eastern","SH",0.447651876596437,0.903065119254218
"2021-10-13","Eastern","TG",1.3945663565662,2.53187918436599
"2021-10-13","Espace Mittelland","BE",7.06364632887852,14.6296209437693
"2021-10-13","Espace Mittelland","FR",1.9741440259505,3.63197360344395
"2021-10-13","Espace Mittelland","JU",0.365874564264784,0.617734608296779
"2021-10-13","Espace Mittelland","NE",1.02626887151779,1.84644018323691
"2021-10-13","Espace Mittelland","SO",1.31764601905073,2.55030076113061
"2021-10-13","Lake Geneva","GE",5.14695660304595,8.62170578362736
"2021-10-13","Lake Geneva","VD",6.63120667223324,11.9616192226095
"2021-10-13","Lake Geneva","VS",3.01961334245991,4.74664893844814
"2021-10-13","Northwestern","AG",4.08813241988896,7.49163381712065
"2021-10-13","Northwestern","BL",1.45820286014693,2.70939928665673
"2021-10-13","Northwestern","BS",1.57129985012564,3.69288036647382
"2021-10-13","Ticino","TI",3.14753380502569,4.49867140325511
"2021-10-13","Zurich","ZH",11.8877863861371,26.1179212032349
"2021-10-14","9999","9999",0.00916508398375937,0.0208687234934923
"2021-10-14","Central","LU",3.23970431657208,6.11259865909955
"2021-10-14","Central","NW",0.354730922197947,0.53194852018998
"2021-10-14","Central","OW",0.259014562888773,0.408469574828649
"2021-10-14","Central","SZ",1.18187186584406,1.83328676956919
"2021-10-14","Central","UR",0.270870450934607,0.362687538109212
"2021-10-14","Central","ZG",1.17868628422146,2.1717407574327
"2021-10-14","Eastern","AI",0.110391285455066,0.149275950461593
"2021-10-14","Eastern","AR",0.190719987052693,0.317687228817056
"2021-10-14","Eastern","GL",0.225529184410176,0.413193927541345
"2021-10-14","Eastern","GR",2.13628643929904,3.11980618597907
"2021-10-14","Eastern","SG",3.54093352398144,6.11977015854112
"2021-10-14","Eastern","SH",0.460953179902804,0.922914198277345
"2021-10-14","Eastern","TG",1.44737802530131,2.57184924760435
"2021-10-14","Espace Mittelland","BE",7.28839076608881,14.9951974745446
"2021-10-14","Espace Mittelland","FR",1.93191499396715,3.58697329415179
"2021-10-14","Espace Mittelland","JU",0.392605095549807,0.650363231348493
"2021-10-14","Espace Mittelland","NE",1.12898058830915,1.93905788929516
"2021-10-14","Espace Mittelland","SO",1.42260761547044,2.71011303778598
"2021-10-14","Lake Geneva","GE",5.24349116412615,8.94826391933661
"2021-10-14","Lake Geneva","VD",6.48269412422169,11.8899042281937
"2021-10-14","Lake Geneva","VS",3.02373101158897,4.65352141015471
"2021-10-14","Northwestern","AG",4.15305915854873,7.54231014729784
"2021-10-14","Northwestern","BL",1.49510668646289,2.74576660609979
"2021-10-14","Northwestern","BS",1.6300119763292,3.84620090666786
"2021-10-14","Ticino","TI",3.38290910087572,4.73720023302275
"2021-10-14","Zurich","ZH",12.152958187852,26.6641107578609
"2021-10-15","9999","9999",0.0139751879393651,0.0260689102923593
"2021-10-15","Central","LU",4.17403335370226,7.1372053992214
"2021-10-15","Central","NW",0.461638746027749,0.62823694634155
"2021-10-15","Central","OW",0.333664234534095,0.467608954109881
"2021-10-15","Central","SZ",1.54243872514126,2.17986392504661
"2021-10-15","Central","UR",0.343857395541783,0.47083782826604
"2021-10-15","Central","ZG",1.4615626538152,2.4784158259698
"2021-10-15","Eastern","AI",0.135544122191429,0.175548789648026
"2021-10-15","Eastern","AR",0.24159854313351,0.3526270460016
"2021-10-15","Eastern","GL",0.284561813472247,0.484399099721909
"2021-10-15","Eastern","GR",2.76875867567627,3.62140328910116
"2021-10-15","Eastern","SG",4.26669433910162,7.01879068806289
"2021-10-15","Eastern","SH",0.550707032383856,1.04955404149681
"2021-10-15","Eastern","TG",1.80000288375819,2.95696896406161
"2021-10-15","Espace Mittelland","BE",9.15636523615095,17.1067792082257
"2021-10-15","Espace Mittelland","FR",2.62368492314947,4.46685849577969
"2021-10-15","Espace Mittelland","JU",0.481092902216236,0.73411003051456
"2021-10-15","Espace Mittelland","NE",1.39594537568326,2.22268899280199
"2021-10-15","Espace Mittelland","SO",1.71747832796395,3.03554956457782
"2021-10-15","Lake Geneva","GE",6.02083269363492,9.48830161899149
"2021-10-15","Lake Geneva","VD",8.19084771200789,13.7187725383913
"2021-10-15","Lake Geneva","VS",3.81331298636472,5.47409729175631
"2021-10-15","Northwestern","AG",5.18613837119988,8.743247404495
"2021-10-15","Northwestern","BL",1.94929235867481,3.24770359071199
"2021-10-15","Northwestern","BS",1.91853305977939,4.20300849499796
"2021-10-15","Ticino","TI",3.77139838740665,5.05179454027969
"2021-10-15","Zurich","ZH",14.6060786278286,29.0288362253849
"2021-10-16","9999","9999",0.0120590042457387,0.02484533692792
"2021-10-16","Central","LU",4.59935130243368,7.14536255498433
"2021-10-16","Central","NW",0.561394818227233,0.699442118522114
"2021-10-16","Central","OW",0.378502445028683,0.527394108222345
"2021-10-16","Central","SZ",1.76241175651979,2.41621751327747
"2021-10-16","Central","UR",0.338513862894067,0.495887094088033
"2021-10-16","Central","ZG",1.55606563779808,2.32754243250463
"2021-10-16","Eastern","AI",0.161231300052897,0.20987682015035
"2021-10-16","Eastern","AR",0.276364820896041,0.371320527958311
"2021-10-16","Eastern","GL",0.330877288229716,0.543232585662031
"2021-10-16","Eastern","GR",3.01524458586834,3.77737490491815
"2021-10-16","Eastern","SG",4.81177398993991,7.11769620168839
"2021-10-16","Eastern","SH",0.657207112229576,1.13000399020869
"2021-10-16","Eastern","TG",2.03235761521296,3.12463250313881
"2021-10-16","Espace Mittelland","BE",9.74477505720847,16.9074047261201
"2021-10-16","Espace Mittelland","FR",2.60928374256612,4.01264087238062
"2021-10-16","Espace Mittelland","JU",0.51634722198242,0.777376944207094
"2021-10-16","Espace Mittelland","NE",1.56064869474678,2.33750096016521
"2021-10-16","Espace Mittelland","SO",1.99312995128779,3.30490564549953
"2021-10-16","Lake Geneva","GE",6.94280463896755,8.84358042037902
"2021-10-16","Lake Geneva","VD",9.46401759590612,13.8343662331818
"2021-10-16","Lake Geneva","VS",4.05725036546955,5.43756003156819
"2021-10-16","Northwestern","AG",6.35618086829528,9.55682172740009
"2021-10-16","Northwestern","BL",2.21465266982966,3.22703879611257
"2021-10-16","Northwestern","BS",2.28695171436311,4.13962059709021
"2021-10-16","Ticino","TI",4.28439709386253,5.26279296934745
"2021-10-16","Zurich","ZH",17.1598392523325,28.847849331895
"2021-10-17","9999","9999",0.0104828251973752,0.0242335502457003
"2021-10-17","Central","LU",1.05047707773103,2.48626708839162
"2021-10-17","Central","NW",0.224088366558811,0.281999672354244
"2021-10-17","Central","OW",0.220802992961927,0.28672402506694
"2021-10-17","Central","SZ",0.512590790166856,0.884201696552446
"2021-10-17","Central","UR",0.172643784823441,0.241587763178735
"2021-10-17","Central","ZG",0.266498342228687,0.699985928906309
"2021-10-17","Eastern","AI",0.0641571073026332,0.105533202682889
"2021-10-17","Eastern","AR",0.103234004402477,0.136020572346834
"2021-10-17","Eastern","GL",0.113434911300568,0.245734317358224
"2021-10-17","Eastern","GR",1.48564381254496,1.74828240888967
"2021-10-17","Eastern","SG",1.06782094870734,2.2129683821845
"2021-10-17","Eastern","SH",0.170225978363817,0.38811067357034
"2021-10-17","Eastern","TG",0.379376551921743,0.758003699270138
"2021-10-17","Espace Mittelland","BE",2.45166295162198,6.18995568625132
"2021-10-17","Espace Mittelland","FR",0.703255862850936,1.52654372473406
"2021-10-17","Espace Mittelland","JU",0.112995568939507,0.196281560545469
"2021-10-17","Espace Mittelland","NE",0.298746062132058,0.575453350925599
"2021-10-17","Espace Mittelland","SO",0.383741979895091,0.928114385076212
"2021-10-17","Lake Geneva","GE",1.31001843948762,2.68672919126559
"2021-10-17","Lake Geneva","VD",1.88260791770898,3.98069201230915
"2021-10-17","Lake Geneva","VS",1.38477777931329,2.21939214234781
"2021-10-17","Northwestern","AG",1.13308169266753,2.65372669857474
"2021-10-17","Northwestern","BL",0.372191772566623,0.956562465799425
"2021-10-17","Northwestern","BS",0.551582184854641,1.65576666727845
"2021-10-17","Ticino","TI",1.63712500242353,1.95340088817831
"2021-10-17","Zurich","ZH",3.86662479369371,10.2583031348629
"2021-10-18","9999","9999",0.00825054025333847,0.021990332410895
"2021-10-18","Central","LU",2.79500761464494,5.8406254907039
"2021-10-18","Central","NW",0.330666273414573,0.519067011714355
"2021-10-18","Central","OW",0.226121698033731,0.371048622766214
"2021-10-18","Central","SZ",1.07322895473199,1.78169275936866
"2021-10-18","Central","UR",0.216084038321293,0.359118782462931
"2021-10-18","Central","ZG",1.03997031781063,2.20525307235873
"2021-10-18","Eastern","AI",0.0899801436958221,0.146251005199507
"2021-10-18","Eastern","AR",0.18016155522943,0.308306499689688
"2021-10-18","Eastern","GL",0.210265159411423,0.402487660602501
"2021-10-18","Eastern","GR",1.83091966153968,2.88447224221858
"2021-10-18","Eastern","SG",3.05801955823229,5.68604738899641
"2021-10-18","Eastern","SH",0.428190749889792,0.887532535155642
"2021-10-18","Eastern","TG",1.33364099686289,2.49272483670394
"2021-10-18","Espace Mittelland","BE",6.20605376422529,14.305543942938
"2021-10-18","Espace Mittelland","FR",1.75012069667572,3.30799856705964
"2021-10-18","Espace Mittelland","JU",0.33354375813458,0.590646053534054
"2021-10-18","Espace Mittelland","NE",0.969471589728522,1.88474482717366
"2021-10-18","Espace Mittelland","SO",1.15618180579081,2.47409933104525
"2021-10-18","Lake Geneva","GE",4.68204988622058,8.28104256607806
"2021-10-18","Lake Geneva","VD",5.74115524754881,10.5420362028168
"2021-10-18","Lake Geneva","VS",2.72960259270694,4.37362900303922
"2021-10-18","Northwestern","AG",3.72240011685095,7.47317825220702
"2021-10-18","Northwestern","BL",1.39547927514772,2.84368646340394
"2021-10-18","Northwestern","BS",1.48957712713282,3.80667268936667
"2021-10-18","Ticino","TI",2.64840398219123,4.05312075785415
"2021-10-18","Zurich","ZH",11.0386444312724,25.2350450444939
"2021-10-19","9999","9999",0.00746060040902766,0.0216504509207729
"2021-10-19","Central","LU",2.99047504539423,5.95581132770626
"2021-10-19","Central","NW",0.331194466386021,0.51220140561389
"2021-10-19","Central","OW",0.213599303139286,0.353034903789747
"2021-10-19","Central","SZ",1.10914789774048,1.77941555338485
"2021-10-19","Central","UR",0.221056222488163,0.349772041484575
"2021-10-19","Central","ZG",1.13244534701603,2.23801764800649
"2021-10-19","Eastern","AI",0.10162149250722,0.12592609209021
"2021-10-19","Eastern","AR",0.181485985007661,0.302528514357614
"2021-10-19","Eastern","GL",0.218926008642886,0.395418125607963
"2021-10-19","Eastern","GR",1.7829304518078,2.74678625057015
"2021-10-19","Eastern","SG",3.26816864285229,5.85245336656015
"2021-10-19","Eastern","SH",0.448500501938006,0.898748624329669
"2021-10-19","Eastern","TG",1.35462546374064,2.47002075316379
"2021-10-19","Espace Mittelland","BE",6.41943664843985,14.5141971897239
"2021-10-19","Espace Mittelland","FR",1.79154662315069,3.41009896669229
"2021-10-19","Espace Mittelland","JU",0.351813995310024,0.595234453650701
"2021-10-19","Espace Mittelland","NE",0.967626732449352,1.9193787510171
"2021-10-19","Espace Mittelland","SO",1.23210719582371,2.5469359343784
"2021-10-19","Lake Geneva","GE",4.70131935109003,8.36876597867855
"2021-10-19","Lake Geneva","VD",5.64338498982013,10.3610153211778
"2021-10-19","Lake Geneva","VS",2.62908656172327,4.14964710104881
"2021-10-19","Northwestern","AG",3.79116826499147,7.58160044755595
"2021-10-19","Northwestern","BL",1.40752801550127,2.82529887478834
"2021-10-19","Northwestern","BS",1.56774332728842,3.9081273141681
"2021-10-19","Ticino","TI",2.73092594557928,3.98402285091234
"2021-10-19","Zurich","ZH",11.4703890841811,25.6406256266565
"2021-10-20","9999","9999",0.00957254601429942,0.0212086049836143
"2021-10-20","Central","LU",2.99973672196276,6.15634140687825
"2021-10-20","Central","NW",0.348159932210849,0.537624541075018
"2021-10-20","Central","OW",0.229242539989931,0.374107556177312
"2021-10-20","Central","SZ",1.17008181786665,1.86815861045571
"2021-10-20","Central","UR",0.234074698978271,0.362177715874029
"2021-10-20","Central","ZG",1.14762088167836,2.31836563227134
"2021-10-20","Eastern","AI",0.121311475422675,0.149547855653691
"2021-10-20","Eastern","AR",0.206520808521993,0.327169922391461
"2021-10-20","Eastern","GL",0.217775841818611,0.411188626749625
"2021-10-20","Eastern","GR",1.72886166187092,2.76034752202602
"2021-10-20","Eastern","SG",3.23284685395277,5.85952290155469
"2021-10-20","Eastern","SH",0.447382881167895,0.922506340489198
"2021-10-20","Eastern","TG",1.34137579317693,2.51926958108247
"2021-10-20","Espace Mittelland","BE",6.78144133766405,15.5891063903838
"2021-10-20","Espace Mittelland","FR",1.75243785355237,3.23648750153796
"2021-10-20","Espace Mittelland","JU",0.359487364911799,0.60417333684091
"2021-10-20","Espace Mittelland","NE",1.05777244553154,1.97712461618883
"2021-10-20","Espace Mittelland","SO",1.26759014075344,2.57708342255222
"2021-10-20","Lake Geneva","GE",5.1392039026819,8.63696646253384
"2021-10-20","Lake Geneva","VD",5.81595975476574,10.4070692630893
"2021-10-20","Lake Geneva","VS",2.70657359453295,4.24596951534939
"2021-10-20","Northwestern","AG",3.95341462912906,7.76207751881074
"2021-10-20","Northwestern","BL",1.44848210446929,2.87475163160109
"2021-10-20","Northwestern","BS",1.66038395329233,4.06131190176609
"2021-10-20","Ticino","TI",2.72131109478539,4.04999384814503
"2021-10-20","Zurich","ZH",11.5874605696291,26.1980652586056
"2021-10-21","9999","9999",0.00908699068425884,0.0214125338776875
"2021-10-21","Central","LU",3.28198479724507,6.31754719764313
"2021-10-21","Central","NW",0.346153401986645,0.51281319229611
"2021-10-21","Central","OW",0.216057812725728,0.348854361461246
"2021-10-21","Central","SZ",1.21811838404577,1.83311682882413
"2021-10-21","Central","UR",0.239507618731313,0.360444320274407
"2021-10-21","Central","ZG",1.24143886735941,2.3597631977682
"2021-10-21","Eastern","AI",0.0987522862565305,0.118924533393696
"2021-10-21","Eastern","AR",0.206969322205259,0.314492342809909
"2021-10-21","Eastern","GL",0.233096116549288,0.399054857552269
"2021-10-21","Eastern","GR",1.91513367905041,2.83145072975955
"2021-10-21","Eastern","SG",3.75767866895778,6.23087741766201
"2021-10-21","Eastern","SH",0.482932668667537,0.936237552690128
"2021-10-21","Eastern","TG",1.51870764697992,2.63557702700222
"2021-10-21","Espace Mittelland","BE",7.1565056842598,15.2521138929278
"2021-10-21","Espace Mittelland","FR",1.89436899495979,3.31996239551193
"2021-10-21","Espace Mittelland","JU",0.404801779277235,0.650431207646518
"2021-10-21","Espace Mittelland","NE",1.15902336884618,2.0642362421071
"2021-10-21","Espace Mittelland","SO",1.44004010601187,2.75463751299197
"2021-10-21","Lake Geneva","GE",5.468009188725,9.01185574613844
"2021-10-21","Lake Geneva","VD",6.13628125057064,10.6520898293183
"2021-10-21","Lake Geneva","VS",2.9164385561336,4.28818279642254
"2021-10-21","Northwestern","AG",4.26321231465622,8.03819724138587
"2021-10-21","Northwestern","BL",1.51784374915475,2.94259197702945
"2021-10-21","Northwestern","BS",1.77410974666525,4.23366580540697
"2021-10-21","Ticino","TI",2.9713356668409,4.23825420552362
"2021-10-21","Zurich","ZH",12.7537495523449,27.4388366264451
"2021-10-22","9999","9999",0.0106324054682117,0.0238256924575539
"2021-10-22","Central","LU",4.3915682544699,7.34113429329461
"2021-10-22","Central","NW",0.448707138641182,0.616612999379376
"2021-10-22","Central","OW",0.288252158510037,0.40201182651633
"2021-10-22","Central","SZ",1.60476469298782,2.18363660958697
"2021-10-22","Central","UR",0.33904632041286,0.451158689987975
"2021-10-22","Central","ZG",1.65120815898994,2.843856404149
"2021-10-22","Eastern","AI",0.134074310117343,0.145401301474202
"2021-10-22","Eastern","AR",0.248439276509244,0.355923896455784
"2021-10-22","Eastern","GL",0.292441804113112,0.476887718790212
"2021-10-22","Eastern","GR",2.41296526637402,3.93361842592725
"2021-10-22","Eastern","SG",4.60250715753755,7.02711778457088
"2021-10-22","Eastern","SH",0.606923705254741,1.07834200371015
"2021-10-22","Eastern","TG",1.92093412133135,3.03823462834979
"2021-10-22","Espace Mittelland","BE",9.27678527236969,17.2992201079328
"2021-10-22","Espace Mittelland","FR",2.43172547615169,3.90115974362059
"2021-10-22","Espace Mittelland","JU",0.492810492048994,0.753483275451516
"2021-10-22","Espace Mittelland","NE",1.475394703339,2.39191598673375
"2021-10-22","Espace Mittelland","SO",1.79417906674528,3.09778186541917
"2021-10-22","Lake Geneva","GE",6.13125106229424,9.31407836715494
"2021-10-22","Lake Geneva","VD",7.55182223305272,12.0608646177251
"2021-10-22","Lake Geneva","VS",3.67793696722553,5.10420426605651
"2021-10-22","Northwestern","AG",5.55130207184124,9.27036960752525
"2021-10-22","Northwestern","BL",2.03013254749643,3.42158696105842
"2021-10-22","Northwestern","BS",2.04593614542493,4.5328974693104
"2021-10-22","Ticino","TI",3.35978321249934,4.54156444730851
"2021-10-22","Zurich","ZH",15.7289514249143,30.040221575541
"2021-10-23","9999","9999",0.0117683727987559,0.0245054554377979
"2021-10-23","Central","LU",4.97419063052163,7.52283493791385
"2021-10-23","Central","NW",0.578577490097096,0.679559051349975
"2021-10-23","Central","OW",0.360975456973954,0.495853105939021
"2021-10-23","Central","SZ",1.88217002427585,2.48694685137186
"2021-10-23","Central","UR",0.323699534217054,0.468730563027284
"2021-10-23","Central","ZG",1.74241873620143,2.55957952581094
"2021-10-23","Eastern","AI",0.161560935073394,0.203011214049885
"2021-10-23","Eastern","AR",0.286964320036116,0.38658120686479
"2021-10-23","Eastern","GL",0.337971117986957,0.536672872902676
"2021-10-23","Eastern","GR",2.90126113394893,4.53687408274483
"2021-10-23","Eastern","SG",5.13259899211712,7.27659079832044
"2021-10-23","Eastern","SH",0.705120805404056,1.21810127244832
"2021-10-23","Eastern","TG",2.2161836697387,3.30160879504534
"2021-10-23","Espace Mittelland","BE",9.96609545450279,17.2285247579874
"2021-10-23","Espace Mittelland","FR",2.41036317586159,3.84147655395517
"2021-10-23","Espace Mittelland","JU",0.542155569379198,0.787029578526559
"2021-10-23","Espace Mittelland","NE",1.71193377810382,2.51940553367852
"2021-10-23","Espace Mittelland","SO",2.07134855172624,3.35605780976289
"2021-10-23","Lake Geneva","GE",6.32402764198919,8.33661318971301
"2021-10-23","Lake Geneva","VD",8.54620273837432,12.4856824922286
"2021-10-23","Lake Geneva","VS",3.84219484276659,5.18186718654939
"2021-10-23","Northwestern","AG",6.69693305463844,10.0311943231634
"2021-10-23","Northwestern","BL",2.30606330874433,3.34783267770194
"2021-10-23","Northwestern","BS",2.36118239129476,4.43399195568489
"2021-10-23","Ticino","TI",3.82013444899896,4.85218214113103
"2021-10-23","Zurich","ZH",18.8420065996161,30.9638495249476
"2021-10-24","9999","9999",0.00922226572878528,0.0231119413282976
"2021-10-24","Central","LU",1.07371646807275,2.58078813079455
"2021-10-24","Central","NW",0.226909213860772,0.273264718058108
"2021-10-24","Central","OW",0.193606588270607,0.26327220224852
"2021-10-24","Central","SZ",0.515835323576172,0.866935716854247
"2021-10-24","Central","UR",0.146271173981756,0.210658547577631
"2021-10-24","Central","ZG",0.286524456844204,0.738596466184171
"2021-10-24","Eastern","AI",0.0637265485776566,0.10339194929512
"2021-10-24","Eastern","AR",0.0956982085498128,0.139725280589164
"2021-10-24","Eastern","GL",0.12516905023992,0.244272826950699
"2021-10-24","Eastern","GR",1.08659790730869,1.60305104816053
"2021-10-24","Eastern","SG",1.0465349090187,2.1210644272555
"2021-10-24","Eastern","SH",0.191808797653091,0.417850303956017
"2021-10-24","Eastern","TG",0.388087835593296,0.784480467350644
"2021-10-24","Espace Mittelland","BE",2.38448329841724,6.0773869367229
"2021-10-24","Espace Mittelland","FR",0.67944278711673,1.46104856158755
"2021-10-24","Espace Mittelland","JU",0.112229160468013,0.199680375446689
"2021-10-24","Espace Mittelland","NE",0.303390228595284,0.577798533207441
"2021-10-24","Espace Mittelland","SO",0.406397295639455,0.955474845031035
"2021-10-24","Lake Geneva","GE",1.30052858026597,2.61205722788578
"2021-10-24","Lake Geneva","VD",1.73669611309849,3.87284761549343
"2021-10-24","Lake Geneva","VS",1.22097115475448,2.02722314783281
"2021-10-24","Northwestern","AG",1.17113089651355,2.67044886788874
"2021-10-24","Northwestern","BL",0.36592057360065,0.926822835413748
"2021-10-24","Northwestern","BS",0.589903395549685,1.87560201508938
"2021-10-24","Ticino","TI",1.33708231034942,1.67296467067863
"2021-10-24","Zurich","ZH",4.18349502540161,10.8556788419014
"2021-10-25","9999","9999",0.00932763020157442,0.0222622376029926
"2021-10-25","Central","LU",3.1104053948803,6.18326002089591
"2021-10-25","Central","NW",0.317721621760598,0.513458967127342
"2021-10-25","Central","OW",0.205266773145117,0.363945099622664
"2021-10-25","Central","SZ",1.16653006474354,1.8592197272655
"2021-10-25","Central","UR",0.207741632121059,0.349262219249392
"2021-10-25","Central","ZG",1.10652391275219,2.30283304817276
"2021-10-25","Eastern","AI",0.0758411133355462,0.111175235418914
"2021-10-25","Eastern","AR",0.190947864256145,0.330772666186754
"2021-10-25","Eastern","GL",0.23147336034195,0.425905495271909
"2021-10-25","Eastern","GR",1.58291658282628,2.60345822618569
"2021-10-25","Eastern","SG",3.49306808793913,6.34585932577029
"2021-10-25","Eastern","SH",0.505753052547521,0.997246280167031
"2021-10-25","Eastern","TG",1.62209201485753,2.87009525518642
"2021-10-25","Espace Mittelland","BE",6.80838549966654,15.1070184847947
"2021-10-25","Espace Mittelland","FR",2.06722502031309,3.47239924383166
"2021-10-25","Espace Mittelland","JU",0.403712553578565,0.667187365109534
"2021-10-25","Espace Mittelland","NE",1.15330366709523,2.07963287360963
"2021-10-25","Espace Mittelland","SO",1.3931970687624,2.81652993234319
"2021-10-25","Lake Geneva","GE",4.72221432512988,7.80942301038474
"2021-10-25","Lake Geneva","VD",6.64932345619264,11.1367608342323
"2021-10-25","Lake Geneva","VS",2.97946299339574,4.52412852686525
"2021-10-25","Northwestern","AG",4.22728365599855,8.0822798706547
"2021-10-25","Northwestern","BL",1.54962436210507,2.9781095927472
"2021-10-25","Northwestern","BS",1.71829748132818,3.90680177635662
"2021-10-25","Ticino","TI",3.19179925822487,3.81758288519959
"2021-10-25","Zurich","ZH",13.0855160907226,29.3593369863796
"2021-10-26","9999","9999",0.00811711748695183,0.0209027116425045
"2021-10-26","Central","LU",3.27959850300995,6.32380101706137
"2021-10-26","Central","NW",0.359060749620409,0.526816309689138
"2021-10-26","Central","OW",0.203734708078244,0.344537866536696
"2021-10-26","Central","SZ",1.20928737193479,1.85089263075751
"2021-10-26","Central","UR",0.247582768216522,0.3612600358507
"2021-10-26","Central","ZG",1.22651093881652,2.41710120515179
"2021-10-26","Eastern","AI",0.0855544324884698,0.114268156979025
"2021-10-26","Eastern","AR",0.202267269113148,0.332132192147242
"2021-10-26","Eastern","GL",0.247726693752403,0.430629847984605
"2021-10-26","Eastern","GR",1.50311703754137,2.50948099416695
"2021-10-26","Eastern","SG",3.74576797619194,6.54159707593156
"2021-10-26","Eastern","SH",0.520994767972147,1.02678198165864
"2021-10-26","Eastern","TG",1.63253816259812,2.86285577944682
"2021-10-26","Espace Mittelland","BE",7.06606064224702,15.4171943326801
"2021-10-26","Espace Mittelland","FR",2.1244583902496,3.62949246856606
"2021-10-26","Espace Mittelland","JU",0.403381974796901,0.675140591978389
"2021-10-26","Espace Mittelland","NE",1.22214889036968,2.12079252206341
"2021-10-26","Espace Mittelland","SO",1.49843622494954,2.88209307178773
"2021-10-26","Lake Geneva","GE",5.0245812738275,7.82869429087466
"2021-10-26","Lake Geneva","VD",6.57529683139002,11.0479158127144
"2021-10-26","Lake Geneva","VS",2.96564925518819,4.46978147659474
"2021-10-26","Northwestern","AG",4.45196416415888,8.27193374214279
"2021-10-26","Northwestern","BL",1.59981396078638,2.96067367230394
"2021-10-26","Northwestern","BS",1.65825223961084,3.95557477018913
"2021-10-26","Ticino","TI",2.78024243595299,3.82026794897155
"2021-10-26","Zurich","ZH",13.502865977491,29.914737329388
"2021-10-27","9999","9999",0.011264380839789,0.0238256924575539
"2021-10-27","Central","LU",3.50301522881605,6.60362544787883
"2021-10-27","Central","NW",0.395770764203399,0.548704677652996
"2021-10-27","Central","OW",0.221779813181263,0.374821307306568
"2021-10-27","Central","SZ",1.2982677201135,1.94660325837587
"2021-10-27","Central","UR",0.23272195636505,0.35833705503565
"2021-10-27","Central","ZG",1.32319765690966,2.52837840501774
"2021-10-27","Eastern","AI",0.0899035815607035,0.125892103941198
"2021-10-27","Eastern","AR",0.225040249553635,0.35201525931938
"2021-10-27","Eastern","GL",0.24896517469213,0.447318029149596
"2021-10-27","Eastern","GR",1.54645645348722,2.56766870527584
"2021-10-27","Eastern","SG",3.78072791687862,6.72849790734966
"2021-10-27","Eastern","SH",0.522532573926447,1.04890826666558
"2021-10-27","Eastern","TG",1.65824769702597,2.92471421064903
"2021-10-27","Espace Mittelland","BE",7.41820363035002,15.8986364634379
"2021-10-27","Espace Mittelland","FR",2.17414110694812,3.56002069198512
"2021-10-27","Espace Mittelland","JU",0.441646360104871,0.716232264134142
"2021-10-27","Espace Mittelland","NE",1.2980413858225,2.20708843240539
"2021-10-27","Espace Mittelland","SO",1.54377458187004,3.00264903633401
"2021-10-27","Lake Geneva","GE",5.11773980933056,7.93324183723619
"2021-10-27","Lake Geneva","VD",6.91112581516245,11.45339443043
"2021-10-27","Lake Geneva","VS",3.15881946552597,4.75157722005491
"2021-10-27","Northwestern","AG",4.72216463864989,8.60583331803867
"2021-10-27","Northwestern","BL",1.62717288819939,3.0296356266497
"2021-10-27","Northwestern","BS",1.76348086561633,4.13010391536679
"2021-10-27","Ticino","TI",3.04426967075427,4.00404187068053
"2021-10-27","Zurich","ZH",14.1925978172324,30.5912034591779
"2021-10-28","9999","9999",0.0097245659664913,0.023009976881261
"2021-10-28","Central","LU",3.59628416871149,6.73492166751297
"2021-10-28","Central","NW",0.387637559700383,0.56019267201912
"2021-10-28","Central","OW",0.244324830265827,0.388450555060461
"2021-10-28","Central","SZ",1.30140399511019,1.95764940680484
"2021-10-28","Central","UR",0.249764775361327,0.376010892521995
"2021-10-28","Central","ZG",1.36877008226351,2.58184176341393
"2021-10-28","Eastern","AI",0.0970856118687749,0.135000927876468
"2021-10-28","Eastern","AR",0.226206675698918,0.352830974895673
"2021-10-28","Eastern","GL",0.285018589960746,0.472979081653809
"2021-10-28","Eastern","GR",1.72457683736681,2.66144200840051
"2021-10-28","Eastern","SG",3.98182135073393,6.8358324819302
"2021-10-28","Eastern","SH",0.543435936084217,1.07358366284844
"2021-10-28","Eastern","TG",1.73417476703207,2.97855143868436
"2021-10-28","Espace Mittelland","BE",7.72286897426558,16.330489884787
"2021-10-28","Espace Mittelland","FR",2.25276401701986,3.63574628798431
"2021-10-28","Espace Mittelland","JU",0.476621408802261,0.757765782227053
"2021-10-28","Espace Mittelland","NE",1.37718803243329,2.33298053634659
"2021-10-28","Espace Mittelland","SO",1.68496136592269,3.18822432994064
"2021-10-28","Lake Geneva","GE",5.7692826824208,8.65113952067193
"2021-10-28","Lake Geneva","VD",7.25878976759419,11.8078908246273
"2021-10-28","Lake Geneva","VS",3.22034664723579,4.72863521947167
"2021-10-28","Northwestern","AG",4.73845560502635,8.62024429321984
"2021-10-28","Northwestern","BL",1.68470290850783,3.08218130502256
"2021-10-28","Northwestern","BS",1.834470357337,4.24671725462766
"2021-10-28","Ticino","TI",3.23364567141768,4.2301310379097
"2021-10-28","Zurich","ZH",14.4485356090702,31.2869408694576
"2021-10-29","9999","9999",0.0108408396252278,0.0251172421200176
"2021-10-29","Central","LU",4.90725633955606,8.08109028543927
"2021-10-29","Central","NW",0.52887208397037,0.671265942990998
"2021-10-29","Central","OW",0.330104410490807,0.45771840274733
"2021-10-29","Central","SZ",1.77669031472387,2.40323404035481
"2021-10-29","Central","UR",0.379271191364975,0.488239760560288
"2021-10-29","Central","ZG",1.83350346031598,3.111241172428
"2021-10-29","Eastern","AI",0.138712073885519,0.163618949344742
"2021-10-29","Eastern","AR",0.301736688543429,0.412446188263076
"2021-10-29","Eastern","GL",0.368509752990408,0.562707795046023
"2021-10-29","Eastern","GR",2.20190108194856,3.18448563354929
"2021-10-29","Eastern","SG",5.26535170373973,8.09866215847858
"2021-10-29","Eastern","SH",0.708401413202851,1.23349790395085
"2021-10-29","Eastern","TG",2.19907575080205,3.45431754855717
"2021-10-29","Espace Mittelland","BE",10.0685279276375,18.6827417016235
"2021-10-29","Espace Mittelland","FR",2.92023741804144,4.31207646517812
"2021-10-29","Espace Mittelland","JU",0.640700792086216,0.954285259815607
"2021-10-29","Espace Mittelland","NE",1.69913268779574,2.61402854052849
"2021-10-29","Espace Mittelland","SO",2.09181938540025,3.52647438891007
"2021-10-29","Lake Geneva","GE",6.49505676893763,9.0841825272364
"2021-10-29","Lake Geneva","VD",9.18793105532544,13.673296395013
"2021-10-29","Lake Geneva","VS",4.38650375009765,5.90561083161523
"2021-10-29","Northwestern","AG",6.1057221582712,10.0017605861188
"2021-10-29","Northwestern","BL",2.16258925880667,3.53663684546472
"2021-10-29","Northwestern","BS",2.23340359080447,4.70610107667658
"2021-10-29","Ticino","TI",3.806641777557,4.58027694903341
"2021-10-29","Zurich","ZH",18.3063004277584,34.8878832928535
"2021-10-30","9999","9999",0.0119905678551023,0.0249133132259444
"2021-10-30","Central","LU",6.10611016550724,8.72125707208411
"2021-10-30","Central","NW",0.680672460924244,0.775269678968337
"2021-10-30","Central","OW",0.363328954529536,0.482121893738091
"2021-10-30","Central","SZ",2.19472276794483,2.75824025678726
"2021-10-30","Central","UR",0.388223502239966,0.501665079420108
"2021-10-30","Central","ZG",2.04180078762704,2.83964187367149
"2021-10-30","Eastern","AI",0.169842325743615,0.196485489439542
"2021-10-30","Eastern","AR",0.315529460372207,0.414383512756772
"2021-10-30","Eastern","GL",0.420889660781966,0.606042685036581
"2021-10-30","Eastern","GR",2.795704161294,3.60529290646937
"2021-10-30","Eastern","SG",6.33501063319259,8.52215449517062
"2021-10-30","Eastern","SH",0.838686161963271,1.36989234593682
"2021-10-30","Eastern","TG",2.66357208424488,3.8315520144436
"2021-10-30","Espace Mittelland","BE",11.4334669543809,18.3505755213272
"2021-10-30","Espace Mittelland","FR",3.10107625309446,4.38572878408756
"2021-10-30","Espace Mittelland","JU",0.731915195250656,0.928420278417321
"2021-10-30","Espace Mittelland","NE",2.05913863184635,2.81132974554432
"2021-10-30","Espace Mittelland","SO",2.55829950089876,3.86445254268742
"2021-10-30","Lake Geneva","GE",6.66027922321501,8.42980869430447
"2021-10-30","Lake Geneva","VD",10.6559618017485,14.4930565610383
"2021-10-30","Lake Geneva","VS",4.67948493917148,5.87410381748092
"2021-10-30","Northwestern","AG",7.93849237881726,11.2929363789434
"2021-10-30","Northwestern","BL",2.7166841431524,3.68846190710223
"2021-10-30","Northwestern","BS",2.76936881531231,4.79579580191979
"2021-10-30","Ticino","TI",4.1460209911202,4.9946944499392
"2021-10-30","Zurich","ZH",22.8016954391316,35.7450644109412
"2021-10-31","9999","9999",0.00978323188364191,0.0255930762061884
"2021-10-31","Central","LU",1.19615077257405,2.88804099786486
"2021-10-31","Central","NW",0.222938763641622,0.265447443785301
"2021-10-31","Central","OW",0.155191855151599,0.236013706740734
"2021-10-31","Central","SZ",0.525455218205668,0.901637616995706
"2021-10-31","Central","UR",0.13223794668867,0.194038342710664
"2021-10-31","Central","ZG",0.324912615841739,0.824280589843933
"2021-10-31","Eastern","AI",0.0454481660776233,0.0802460198178099
"2021-10-31","Eastern","AR",0.110806728337295,0.155291852836753
"2021-10-31","Eastern","GL",0.107709108388217,0.224253807182512
"2021-10-31","Eastern","GR",0.866505405948155,1.28424221042607
"2021-10-31","Eastern","SG",1.38891233432679,2.71402167492239
"2021-10-31","Eastern","SH",0.221757883461215,0.495037390362728
"2021-10-31","Eastern","TG",0.432363830722188,0.915504781792685
"2021-10-31","Espace Mittelland","BE",2.3655065522342,6.43834107923249
"2021-10-31","Espace Mittelland","FR",0.74729617222963,1.59013555153589
"2021-10-31","Espace Mittelland","JU",0.117715600486036,0.222418447135853
"2021-10-31","Espace Mittelland","NE",0.301505435729498,0.592039567643554
"2021-10-31","Espace Mittelland","SO",0.62529594304056,1.32536787073083
"2021-10-31","Lake Geneva","GE",1.30265584926312,2.67948971552599
"2021-10-31","Lake Geneva","VD",1.91853773942501,4.04091901235877
"2021-10-31","Lake Geneva","VS",1.15246805077687,1.97811027251018
"2021-10-31","Northwestern","AG",1.49020548410059,3.04064778692965
"2021-10-31","Northwestern","BL",0.612098222417228,1.09057773735454
"2021-10-31","Northwestern","BS",0.640571684775453,1.94843861842253
"2021-10-31","Ticino","TI",1.22417303094228,1.52460640024036
"2021-10-31","Zurich","ZH",5.11461117840772,12.9153946601899
"2021-11-01","9999","9999",0.00907662889153602,0.0249133132259444
"2021-11-01","Central","LU",0.838030995912743,2.10305070827904
"2021-11-01","Central","NW",0.152244657417967,0.161545672254998
"2021-11-01","Central","OW",0.0787923837314732,0.124940435768856
"2021-11-01","Central","SZ",0.333446762199602,0.56760208850378
"2021-11-01","Central","UR",0.118781580681455,0.155325840985765
"2021-11-01","Central","ZG",0.251626870966863,0.676330177193816
"2021-11-01","Eastern","AI",0.0154758230181837,0.0218543798148462
"2021-11-01","Eastern","AR",0.286390419262452,0.428590559043873
"2021-11-01","Eastern","GL",0.0665465891792018,0.143192071788409
"2021-11-01","Eastern","GR",1.73959199137119,2.52623715162997
"2021-11-01","Eastern","SG",0.697077430516788,1.61498088846381
"2021-11-01","Eastern","SH",0.535690766229392,1.09295690778539
"2021-11-01","Eastern","TG",1.92614716431274,3.35235310152056
"2021-11-01","Espace Mittelland","BE",8.06750275238546,16.4406794638845
"2021-11-01","Espace Mittelland","FR",0.682430120154072,1.46580690244925
"2021-11-01","Espace Mittelland","JU",0.0796016099813622,0.18611910399082
"2021-11-01","Espace Mittelland","NE",1.20113381195235,2.10896464620716
"2021-11-01","Espace Mittelland","SO",0.340525119756145,0.903337024446316
"2021-11-01","Lake Geneva","GE",5.37445547575065,8.83107278154253
"2021-11-01","Lake Geneva","VD",7.59072139760361,12.4427214718772
"2021-11-01","Lake Geneva","VS",0.874081681714416,1.50768030203229
"2021-11-01","Northwestern","AG",4.42309598250387,7.90730887953988
"2021-11-01","Northwestern","BL",1.74749647281012,3.25052460708
"2021-11-01","Northwestern","BS",1.87792217484615,4.4161821656025
"2021-11-01","Ticino","TI",1.04268165748912,1.33705979399103
"2021-11-01","Zurich","ZH",14.6420026381688,31.2054372881264
"2021-11-02","9999","9999",0.00882156666726725,0.0210046760895411
"2021-11-02","Central","LU",3.44099263906625,6.49951974745446
"2021-11-02","Central","NW",0.359497899009465,0.553429030365692
"2021-11-02","Central","OW",0.233530497311187,0.377982205164703
"2021-11-02","Central","SZ",1.36169808432578,1.98004759700388
"2021-11-02","Central","UR",0.246600281514166,0.377098513290386
"2021-11-02","Central","ZG",1.32248701649946,2.62218569629142
"2021-11-02","Eastern","AI",0.0838357846641998,0.106144989365108
"2021-11-02","Eastern","AR",0.192192685234579,0.322411581529752
"2021-11-02","Eastern","GL",0.259683388022074,0.452654168544512
"2021-11-02","Eastern","GR",1.49101060636001,2.46801545237207
"2021-11-02","Eastern","SG",3.88072403336016,6.68376950324961
"2021-11-02","Eastern","SH",0.473039106795923,0.97345457585849
"2021-11-02","Eastern","TG",1.48305347009683,2.7065442821397
"2021-11-02","Espace Mittelland","BE",6.58501796692173,14.8383761550023
"2021-11-02","Espace Mittelland","FR",2.3310156608472,3.72098856570691
"2021-11-02","Espace Mittelland","JU",0.448385648945274,0.762490134939749
"2021-11-02","Espace Mittelland","NE",1.16414159320051,2.01991569579519
"2021-11-02","Espace Mittelland","SO",1.52051864242173,2.99904629253872
"2021-11-02","Lake Geneva","GE",5.13505184305258,8.63224210982115
"2021-11-02","Lake Geneva","VD",6.62508507311821,11.5016576020273
"2021-11-02","Lake Geneva","VS",3.19460754293006,4.55896637960276
"2021-11-02","Northwestern","AG",4.29884100998783,8.07758950609102
"2021-11-02","Northwestern","BL",1.52794449597254,2.91128889178921
"2021-11-02","Northwestern","BS",1.5789042037656,3.93338050888416
"2021-11-02","Ticino","TI",3.01008696633835,3.73995395285572
"2021-11-02","Zurich","ZH",12.7262162875735,28.9667398771396
"2021-11-03","9999","9999",0.00886473297156944,0.0212425931326265
"2021-11-03","Central","LU",3.50296742985839,6.54574363011105
"2021-11-03","Central","NW",0.398062662741774,0.547481104288557
"2021-11-03","Central","OW",0.217968607973857,0.338453987863512
"2021-11-03","Central","SZ",1.33929414974553,1.91886892878191
"2021-11-03","Central","UR",0.236894116932408,0.348378527375075
"2021-11-03","Central","ZG",1.32554719536757,2.50380497328192
"2021-11-03","Eastern","AI",0.090809138021926,0.111345176163975
"2021-11-03","Eastern","AR",0.200993320767264,0.330670701739717
"2021-11-03","Eastern","GL",0.260424287529927,0.429576215365226
"2021-11-03","Eastern","GR",1.49378305555303,2.43990725313898
"2021-11-03","Eastern","SG",3.84368665504911,6.50108320230902
"2021-11-03","Eastern","SH",0.519086937152246,1.03191419215948
"2021-11-03","Eastern","TG",1.57352806240738,2.83498549725682
"2021-11-03","Espace Mittelland","BE",7.01459798024067,15.2933075295306
"2021-11-03","Espace Mittelland","FR",2.25108151407346,3.71374908996731
"2021-11-03","Espace Mittelland","JU",0.443639419215331,0.703622660850615
"2021-11-03","Espace Mittelland","NE",1.27017111999431,2.15556239850289
"2021-11-03","Espace Mittelland","SO",1.51164409590044,2.95890628855531
"2021-11-03","Lake Geneva","GE",5.25551401174596,8.71524116970895
"2021-11-03","Lake Geneva","VD",7.00795087846092,11.9507770030746
"2021-11-03","Lake Geneva","VS",3.11861516935048,4.46301783494131
"2021-11-03","Northwestern","AG",4.51468203959883,8.39456298377882
"2021-11-03","Northwestern","BL",1.59401387877941,2.99925022143279
"2021-11-03","Northwestern","BS",1.63080141492277,4.00156073580264
"2021-11-03","Ticino","TI",2.64634698228275,3.28209959751234
"2021-11-03","Zurich","ZH",13.5428499857126,30.1162870530303
"2021-11-04","9999","9999",0.00958294305121517,0.0220243205599072
"2021-11-04","Central","LU",3.54600931041145,6.69743273915251
"2021-11-04","Central","NW",0.366563533412358,0.540751450784141
"2021-11-04","Central","OW",0.216866083466386,0.34582941619916
"2021-11-04","Central","SZ",1.30641033481603,1.90911433001541
"2021-11-04","Central","UR",0.243171530624402,0.360716225466504
"2021-11-04","Central","ZG",1.34447349144643,2.53915264825461
"2021-11-04","Eastern","AI",0.0867062401257275,0.10740255087856
"2021-11-04","Eastern","AR",0.208606430631164,0.332268144743291
"2021-11-04","Eastern","GL",0.250383992335062,0.435694082187423
"2021-11-04","Eastern","GR",1.50087489597138,2.46889914424638
"2021-11-04","Eastern","SG",3.87998473158906,6.59397281355937
"2021-11-04","Eastern","SH",0.498823401989034,1.03137038177528
"2021-11-04","Eastern","TG",1.70116068173344,2.9293705870637
"2021-11-04","Espace Mittelland","BE",7.4240810576964,15.887692279456
"2021-11-04","Espace Mittelland","FR",2.14874771293089,3.65250244544732
"2021-11-04","Espace Mittelland","JU",0.435307574524913,0.695975327322869
"2021-11-04","Espace Mittelland","NE",1.27031345954151,2.21276445329043
"2021-11-04","Espace Mittelland","SO",1.59871059041828,3.07687915377666
"2021-11-04","Lake Geneva","GE",5.72603906410737,9.2813817678052
"2021-11-04","Lake Geneva","VD",6.98256693380342,12.0613404518113
"2021-11-04","Lake Geneva","VS",3.01646636497664,4.3855588433425
"2021-11-04","Northwestern","AG",4.58121283154756,8.4488420577513
"2021-11-04","Northwestern","BL",1.64444124653432,3.05407310578947
"2021-11-04","Northwestern","BS",1.76256667041182,4.15902783017617
"2021-11-04","Ticino","TI",2.92773889779825,3.75973505558082
"2021-11-04","Zurich","ZH",13.8418812477699,30.8299702059886
"2021-11-05","9999","9999",0.0111741165456617,0.0253211710140908
"2021-11-05","Central","LU",4.64306006577342,7.83328269099131
"2021-11-05","Central","NW",0.501692894109288,0.644789174910492
"2021-11-05","Central","OW",0.285559408185308,0.417034588379724
"2021-11-05","Central","SZ",1.65941415058341,2.24991350016076
"2021-11-05","Central","UR",0.334745177847425,0.454387564144134
"2021-11-05","Central","ZG",1.75296332880494,2.94626269712277
"2021-11-05","Eastern","AI",0.124612873379281,0.144075763662726
"2021-11-05","Eastern","AR",0.257183309868076,0.384915787563193
"2021-11-05","Eastern","GL",0.325880726829399,0.524335174811247
"2021-11-05","Eastern","GR",2.15821991481189,3.10406967298642
"2021-11-05","Eastern","SG",4.91763965473269,7.73903355378047
"2021-11-05","Eastern","SH",0.652160641136042,1.18989110876819
"2021-11-05","Eastern","TG",2.07882973865996,3.35908275502498
"2021-11-05","Espace Mittelland","BE",9.64519989736734,18.1815864444386
"2021-11-05","Espace Mittelland","FR",2.89691216109767,4.60372877185183
"2021-11-05","Espace Mittelland","JU",0.573190732404757,0.890183610778594
"2021-11-05","Espace Mittelland","NE",1.6089849932067,2.52518351901059
"2021-11-05","Espace Mittelland","SO",1.99216578764974,3.43643978217675
"2021-11-05","Lake Geneva","GE",6.44618573383444,9.90645781628862
"2021-11-05","Lake Geneva","VD",9.00465443818746,14.1394778468644
"2021-11-05","Lake Geneva","VS",3.95290074138392,5.42763549205663
"2021-11-05","Northwestern","AG",5.84669332148429,9.78923269034553
"2021-11-05","Northwestern","BL",2.06479881398748,3.44310145938314
"2021-11-05","Northwestern","BS",2.06896790439403,4.53932122947371
"2021-11-05","Ticino","TI",3.40732148061465,4.00043912688524
"2021-11-05","Zurich","ZH",17.5191355741385,34.5072500120658
"2021-11-06","9999","9999",0.0114385968014869,0.0254571236101396
"2021-11-06","Central","LU",5.56021461160251,8.35768584210058
"2021-11-06","Central","NW",0.582946630458767,0.712731484785885
"2021-11-06","Central","OW",0.348328912451886,0.48147611890686
"2021-11-06","Central","SZ",2.01992302535118,2.6118193108427
"2021-11-06","Central","UR",0.354072400117047,0.474372595763309
"2021-11-06","Central","ZG",1.91254887777262,2.92049968017152
"2021-11-06","Eastern","AI",0.174078293964271,0.185167435818479
"2021-11-06","Eastern","AR",0.312072870486046,0.417374469869846
"2021-11-06","Eastern","GL",0.375268249915961,0.557847489737278
"2021-11-06","Eastern","GR",2.66335538336661,3.42311642776397
"2021-11-06","Eastern","SG",6.03299731689484,8.26537402938344
"2021-11-06","Eastern","SH",0.772984779438923,1.29974080637563
"2021-11-06","Eastern","TG",2.53122376840803,3.75096611313567
"2021-11-06","Espace Mittelland","BE",11.2038731825123,17.9869363150457
"2021-11-06","Espace Mittelland","FR",2.96678302954673,4.28488594596836
"2021-11-06","Espace Mittelland","JU",0.621486359066028,0.844265621463108
"2021-11-06","Espace Mittelland","NE",1.88047397581129,2.71364780528325
"2021-11-06","Espace Mittelland","SO",2.43826578019481,3.79413106238117
"2021-11-06","Lake Geneva","GE",7.55240854369832,9.23801288966563
"2021-11-06","Lake Geneva","VD",10.8336855200686,14.8912277267162
"2021-11-06","Lake Geneva","VS",4.54806212409303,5.65090364291779
"2021-11-06","Northwestern","AG",7.46218760776034,11.002133775995
"2021-11-06","Northwestern","BL",2.47122308709862,3.54431816714148
"2021-11-06","Northwestern","BS",2.60272970111981,4.82420989449399
"2021-11-06","Ticino","TI",3.51014425185795,4.41635210634756
"2021-11-06","Zurich","ZH",21.7748979086358,34.956369413113
"2021-11-07","9999","9999",0.00804009717732509,0.0210046760895411
"2021-11-07","Central","LU",0.974018658440213,2.35476693986341
"2021-11-07","Central","NW",0.186674176917006,0.222452435284865
"2021-11-07","Central","OW",0.120576614419879,0.203215142943958
"2021-11-07","Central","SZ",0.445098724603901,0.753041429514357
"2021-11-07","Central","UR",0.138650799898091,0.183196123175771
"2021-11-07","Central","ZG",0.287845863453885,0.744374451516245
"2021-11-07","Eastern","AI",0.0380004650432098,0.0607708104338179
"2021-11-07","Eastern","AR",0.0983457601551139,0.125518234302064
"2021-11-07","Eastern","GL",0.0840181107062941,0.181054869788002
"2021-11-07","Eastern","GR",0.776895921513407,1.16429803256201
"2021-11-07","Eastern","SG",0.943628992808254,2.02062944692445
"2021-11-07","Eastern","SH",0.175589635445699,0.387940732825278
"2021-11-07","Eastern","TG",0.379141962657548,0.789850594894572
"2021-11-07","Espace Mittelland","BE",2.20750907527199,5.62456282743333
"2021-11-07","Espace Mittelland","FR",0.628182415029765,1.36326465687944
"2021-11-07","Espace Mittelland","JU",0.107422490863207,0.195601797565225
"2021-11-07","Espace Mittelland","NE",0.294101558890989,0.563047676536145
"2021-11-07","Espace Mittelland","SO",0.419412756793057,0.956052643564242
"2021-11-07","Lake Geneva","GE",1.39414430343978,2.77791939506533
"2021-11-07","Lake Geneva","VD",1.89969381294106,3.969136041645
"2021-11-07","Lake Geneva","VS",1.06718617338043,1.76079004772616
"2021-11-07","Northwestern","AG",1.1587366103444,2.67639679396588
"2021-11-07","Northwestern","BL",0.351071251356074,0.883351992827141
"2021-11-07","Northwestern","BS",0.615461094078354,1.92209780293807
"2021-11-07","Ticino","TI",1.1318889351941,1.51063727099635
"2021-11-07","Zurich","ZH",4.4328113849802,11.4831680489647
"2021-11-08","9999","9999",0.00847811983916101,0.0207327708974435
"2021-11-08","Central","LU",2.81425311737921,6.00794914829097
"2021-11-08","Central","NW",0.297573186299468,0.494969414064704
"2021-11-08","Central","OW",0.18028926452054,0.324450870470484
"2021-11-08","Central","SZ",1.06445269251673,1.76055213068307
"2021-11-08","Central","UR",0.200316581354639,0.332268144743291
"2021-11-08","Central","ZG",1.07136431371252,2.31710807075789
"2021-11-08","Eastern","AI",0.0628284051450146,0.0963224143005817
"2021-11-08","Eastern","AR",0.174756670273858,0.32037229258902
"2021-11-08","Eastern","GL",0.20692499284259,0.406260345142856
"2021-11-08","Eastern","GR",1.40639791045482,2.43168212107802
"2021-11-08","Eastern","SG",3.13679483678213,6.03221668668569
"2021-11-08","Eastern","SH",0.457170769201026,0.96543337269161
"2021-11-08","Eastern","TG",1.46327729554954,2.75929388940664
"2021-11-08","Espace Mittelland","BE",6.28045836733305,14.564737567305
"2021-11-08","Espace Mittelland","FR",1.88716788187926,3.48813575682431
"2021-11-08","Espace Mittelland","JU",0.361319698754412,0.645163044549626
"2021-11-08","Espace Mittelland","NE",0.994583586277316,1.96356334473296
"2021-11-08","Espace Mittelland","SO",1.25620838108709,2.74756797799743
"2021-11-08","Lake Geneva","GE",4.9765321058914,8.39582054529227
"2021-11-08","Lake Geneva","VD",6.12450730135736,11.3636657170378
"2021-11-08","Lake Geneva","VS",2.64065367451628,4.22350334885232
"2021-11-08","Northwestern","AG",3.86204217142339,7.79518197594863
"2021-11-08","Northwestern","BL",1.42218874606946,2.86700233362631
"2021-11-08","Northwestern","BS",1.48110351855035,3.7811136013095
"2021-11-08","Ticino","TI",2.48759686949644,3.55947688160092
"2021-11-08","Zurich","ZH",12.1535519115262,29.0181979347441
"2021-11-09","9999","9999",0.00693013222912389,0.0196791382780652
"2021-11-09","Central","LU",3.00210410964638,6.06406358231012
"2021-11-09","Central","NW",0.292828174452192,0.49860614600901
"2021-11-09","Central","OW",0.203179263513613,0.337434343393146
"2021-11-09","Central","SZ",1.07929187226579,1.76401892188232
"2021-11-09","Central","UR",0.216848943040556,0.340459288655232
"2021-11-09","Central","ZG",1.15187383368399,2.37393625590629
"2021-11-09","Eastern","AI",0.0771489548469688,0.103901771530303
"2021-11-09","Eastern","AR",0.18235224027774,0.325980337176033
"2021-11-09","Eastern","GL",0.216887241730212,0.414179583862699
"2021-11-09","Eastern","GR",1.35504985473186,2.35293157981675
"2021-11-09","Eastern","SG",3.27687919814386,6.09747393278912
"2021-11-09","Eastern","SH",0.460931990310808,0.994663180842104
"2021-11-09","Eastern","TG",1.46592473750624,2.77418069867399
"2021-11-09","Espace Mittelland","BE",6.65055137170653,14.940748459827
"2021-11-09","Espace Mittelland","FR",1.85924344964255,3.41468736680894
"2021-11-09","Espace Mittelland","JU",0.3711173885892,0.650839065434664
"2021-11-09","Espace Mittelland","NE",1.06624950021287,1.99340493956567
"2021-11-09","Espace Mittelland","SO",1.34674210532134,2.82529887478834
"2021-11-09","Lake Geneva","GE",4.9352670182489,8.5638579540086
"2021-11-09","Lake Geneva","VD",6.10449874226594,11.442314293852
"2021-11-09","Lake Geneva","VS",2.67766873933719,4.2061693928561
"2021-11-09","Northwestern","AG",4.04722719503643,7.98905037791423
"2021-11-09","Northwestern","BL",1.4512314256397,2.90353959381443
"2021-11-09","Northwestern","BS",1.5618336867497,3.87662030003378
"2021-11-09","Ticino","TI",2.49156075254764,3.55628199559378
"2021-11-09","Zurich","ZH",12.4609038380327,29.4348926416337
"2021-11-10","9999","9999",0.00923468734878406,0.0230779531792854
"2021-11-10","Central","LU",3.30035976841385,6.32699590306852
"2021-11-10","Central","NW",0.345451952478751,0.530181136441346
"2021-11-10","Central","OW",0.198442588875976,0.332200168445267
"2021-11-10","Central","SZ",1.21515648165164,1.86272050661375
"2021-11-10","Central","UR",0.223117150166151,0.349670077037539
"2021-11-10","Central","ZG",1.32790449146395,2.45064750822683
"2021-11-10","Eastern","AI",0.0848193952647085,0.107844396815718
"2021-11-10","Eastern","AR",0.205326668692999,0.331826298806132
"2021-11-10","Eastern","GL",0.237451170981849,0.428216689404738
"2021-11-10","Eastern","GR",1.46744890395788,2.47015670575984
"2021-11-10","Eastern","SG",3.53140360386049,6.37909973550422
"2021-11-10","Eastern","SH",0.513057587754213,1.01855684959768
"2021-11-10","Eastern","TG",1.5375354668677,2.85544636296216
"2021-11-10","Espace Mittelland","BE",7.20822873036355,15.5133807943846
"2021-11-10","Espace Mittelland","FR",2.0848927736744,3.65274036249041
"2021-11-10","Espace Mittelland","JU",0.424869681757508,0.703588672701602
"2021-11-10","Espace Mittelland","NE",1.16737219340555,2.11739370716219
"2021-11-10","Espace Mittelland","SO",1.43815330814311,2.93535250128985
"2021-11-10","Lake Geneva","GE",5.47145241714602,8.78321746773335
"2021-11-10","Lake Geneva","VD",7.13967813287795,12.2420894282582
"2021-11-10","Lake Geneva","VS",2.93968997257716,4.47131094330029
"2021-11-10","Northwestern","AG",4.42011331344806,8.34497427437001
"2021-11-10","Northwestern","BL",1.59200529264395,3.01046631060682
"2021-11-10","Northwestern","BS",1.66003089263159,4.02701785941278
"2021-11-10","Ticino","TI",2.61066874144792,3.66280085459802
"2021-11-10","Zurich","ZH",13.4478624410691,30.2508121468206
"2021-11-11","9999","9999",0.00891354226276263,0.0204608657053459
"2021-11-11","Central","LU",3.40067804031495,6.59750758105664
"2021-11-11","Central","NW",0.347869888167082,0.537862458118103
"2021-11-11","Central","OW",0.20985834352442,0.355855920157759
"2021-11-11","Central","SZ",1.19753303807289,1.81982746256035
"2021-11-11","Central","UR",0.220524732226664,0.356467706839979
"2021-11-11","Central","ZG",1.30716716861511,2.53116543323674
"2021-11-11","Eastern","AI",0.0860543439530992,0.11511786070433
"2021-11-11","Eastern","AR",0.203220334746447,0.338725893055609
"2021-11-11","Eastern","GL",0.230054699339877,0.428794487937946
"2021-11-11","Eastern","GR",1.5190027348593,2.50686390669301
"2021-11-11","Eastern","SG",3.67860467629272,6.5361249839406
"2021-11-11","Eastern","SH",0.515940907346161,1.03711437895834
"2021-11-11","Eastern","TG",1.61917387400296,2.92165527723793
"2021-11-11","Espace Mittelland","BE",7.42724868827673,15.8985005108419
"2021-11-11","Espace Mittelland","FR",1.97461281287675,3.57653893240505
"2021-11-11","Espace Mittelland","JU",0.442282451214978,0.738222596545037
"2021-11-11","Espace Mittelland","NE",1.23367956849924,2.18373857403401
"2021-11-11","Espace Mittelland","SO",1.55915037795266,3.06460943198326
"2021-11-11","Lake Geneva","GE",5.83956225819522,9.51141356031979
"2021-11-11","Lake Geneva","VD",6.74982322002327,12.0729304106244
"2021-11-11","Lake Geneva","VS",2.78919786789707,4.33515441835741
"2021-11-11","Northwestern","AG",4.51702741532595,8.42875506168509
"2021-11-11","Northwestern","BL",1.67870789086974,3.06991158322916
"2021-11-11","Northwestern","BS",1.82146018281233,4.26483293805116
"2021-11-11","Ticino","TI",2.64052863203577,3.87760595635514
"2021-11-11","Zurich","ZH",14.002503003422,31.229432921329
"2021-11-12","9999","9999",0.0107943877789398,0.0243355146927369
"2021-11-12","Central","LU",4.4663605162878,7.67469398770037
"2021-11-12","Central","NW",0.451701046678517,0.63194165458388
"2021-11-12","Central","OW",0.278787929648691,0.434946342909154
"2021-11-12","Central","SZ",1.57543668426361,2.20589884718996
"2021-11-12","Central","UR",0.3286058783155,0.444734929824669
"2021-11-12","Central","ZG",1.6893044099175,2.89004629865658
"2021-11-12","Eastern","AI",0.131629592758402,0.154510125409472
"2021-11-12","Eastern","AR",0.270881161253238,0.399972537575598
"2021-11-12","Eastern","GL",0.299924201097459,0.503568415764791
"2021-11-12","Eastern","GR",1.9665640887042,2.95843045446914
"2021-11-12","Eastern","SG",4.61170060134856,7.42559484358994
"2021-11-12","Eastern","SH",0.630580241948017,1.1639921392209
"2021-11-12","Eastern","TG",2.01535505291706,3.28634811613886
"2021-11-12","Espace Mittelland","BE",9.4461658521936,17.9330650988613
"2021-11-12","Espace Mittelland","FR",2.64494701636702,4.28869261865773
"2021-11-12","Espace Mittelland","JU",0.546516983430573,0.837366027213631
"2021-11-12","Espace Mittelland","NE",1.50839869313436,2.44102886205638
"2021-11-12","Espace Mittelland","SO",1.89861946420783,3.38297642378056
"2021-11-12","Lake Geneva","GE",6.43727461558894,9.81285445390901
"2021-11-12","Lake Geneva","VD",8.54026897122753,13.854487217397
"2021-11-12","Lake Geneva","VS",3.74781394466804,5.33528969119048
"2021-11-12","Northwestern","AG",5.71322218048483,9.63893709541357
"2021-11-12","Northwestern","BL",2.1125002274719,3.50394024611498
"2021-11-12","Northwestern","BS",2.08879822185371,4.58772035366708
"2021-11-12","Ticino","TI",2.8774557062046,4.1537936552283
"2021-11-12","Zurich","ZH",17.0430611943708,33.8886657000437
"2021-11-13","9999","9999",0.0110513766857557,0.0244374791397735
"2021-11-13","Central","LU",5.54735142102647,8.15406284136847
"2021-11-13","Central","NW",0.577414960393144,0.693596156892015
"2021-11-13","Central","OW",0.327219712459312,0.441166174178387
"2021-11-13","Central","SZ",2.05535138094208,2.56359012739438
"2021-11-13","Central","UR",0.334150185382301,0.439432778578765
"2021-11-13","Central","ZG",1.95766848965166,2.75708465972085
"2021-11-13","Eastern","AI",0.161539158078182,0.174087299240501
"2021-11-13","Eastern","AR",0.320334332523173,0.413227915690357
"2021-11-13","Eastern","GL",0.3704039364756,0.534905489154042
"2021-11-13","Eastern","GR",2.56335961541098,3.24416882321472
"2021-11-13","Eastern","SG",6.08533696015398,8.08170207212149
"2021-11-13","Eastern","SH",0.769300320181353,1.28131922961102
"2021-11-13","Eastern","TG",2.53410454650206,3.68434934107175
"2021-11-13","Espace Mittelland","BE",11.3191634381974,17.8969356964614
"2021-11-13","Espace Mittelland","FR",2.8842310733505,4.23794831218251
"2021-11-13","Espace Mittelland","JU",0.609678947449565,0.831452089285508
"2021-11-13","Espace Mittelland","NE",1.82586792339731,2.63024088760731
"2021-11-13","Espace Mittelland","SO",2.42361011695836,3.71792963229581
"2021-11-13","Lake Geneva","GE",7.21437679395145,9.17928136817255
"2021-11-13","Lake Geneva","VD",10.6294385885543,14.6017846497283
"2021-11-13","Lake Geneva","VS",4.5040828224123,5.59302182515001
"2021-11-13","Northwestern","AG",7.56707241883171,10.9423826100315
"2021-11-13","Northwestern","BL",2.64459245587007,3.60447719089308
"2021-11-13","Northwestern","BS",2.64736754837756,4.66735458680267
"2021-11-13","Ticino","TI",3.57967271514061,4.50927570574692
"2021-11-13","Zurich","ZH",21.5692939033886,34.2287511190598
"2021-11-14","9999","9999",0.00827103279351931,0.01913532789387
"2021-11-14","Central","LU",0.918454782426887,2.18570988667671
"2021-11-14","Central","NW",0.158635815868625,0.159234478122168
"2021-11-14","Central","OW",0.101249118028757,0.139317422801018
"2021-11-14","Central","SZ",0.375717965817809,0.570593045616854
"2021-11-14","Central","UR",0.13409024440857,0.141934510274957
"2021-11-14","Central","ZG",0.265641011571464,0.666439625831265
"2021-11-14","Eastern","AI",0.0274951814628922,0.0351097579296051
"2021-11-14","Eastern","AR",0.0732182914056209,0.100910814417229
"2021-11-14","Eastern","GL",0.070847132593357,0.151519168296398
"2021-11-14","Eastern","GR",0.680588419188181,0.952755793110058
"2021-11-14","Eastern","SG",0.862776836625117,1.7305405951053
"2021-11-14","Eastern","SH",0.150279523456375,0.344809771728794
"2021-11-14","Eastern","TG",0.339323449417928,0.701685336356919
"2021-11-14","Espace Mittelland","BE",2.07585508570003,5.16749019951723
"2021-11-14","Espace Mittelland","FR",0.598395084403126,1.29834729226613
"2021-11-14","Espace Mittelland","JU",0.117105821123965,0.187104760312174
"2021-11-14","Espace Mittelland","NE",0.268030806729747,0.510264081120195
"2021-11-14","Espace Mittelland","SO",0.386566300708067,0.840085079134607
"2021-11-14","Lake Geneva","GE",1.33028941509156,2.81771951755862
"2021-11-14","Lake Geneva","VD",1.86235645955588,3.70882080836054
"2021-11-14","Lake Geneva","VS",1.01788979960884,1.63068341330745
"2021-11-14","Northwestern","AG",1.10217835075559,2.54622218324914
"2021-11-14","Northwestern","BL",0.343013163976267,0.836006501253143
"2021-11-14","Northwestern","BS",0.513228917608111,1.54571304077694
"2021-11-14","Ticino","TI",1.03711347835564,1.29260329508307
"2021-11-14","Zurich","ZH",4.17950444291625,10.5943439641466
"2021-11-15","9999","9999",0.00741675271699539,0.0181496715725161
"2021-11-15","Central","LU",2.80441999929848,6.12853910098627
"2021-11-15","Central","NW",0.291317056183986,0.494051734041374
"2021-11-15","Central","OW",0.172624439677541,0.311739302739921
"2021-11-15","Central","SZ",1.0600860075005,1.74974389929719
"2021-11-15","Central","UR",0.190916892442598,0.323397237851106
"2021-11-15","Central","ZG",1.03786013441501,2.23713395613218
"2021-11-15","Eastern","AI",0.0654365067503575,0.0970361654298379
"2021-11-15","Eastern","AR",0.17127638454198,0.309496084905115
"2021-11-15","Eastern","GL",0.191701729710976,0.397729319740793
"2021-11-15","Eastern","GR",1.40100432322109,2.40908000198491
"2021-11-15","Eastern","SG",3.0991292111519,5.9665175946451
"2021-11-15","Eastern","SH",0.428852839466222,0.947283701119094
"2021-11-15","Eastern","TG",1.42396159554644,2.72469395371222
"2021-11-15","Espace Mittelland","BE",6.16754880988839,14.3962583126515
"2021-11-15","Espace Mittelland","FR",1.73120446868798,3.34443386280072
"2021-11-15","Espace Mittelland","JU",0.325265488533445,0.5796338932541
"2021-11-15","Espace Mittelland","NE",0.955664630154077,1.94062134414972
"2021-11-15","Espace Mittelland","SO",1.23175973898965,2.69012800616681
"2021-11-15","Lake Geneva","GE",4.56749093970679,8.40730853965839
"2021-11-15","Lake Geneva","VD",5.85844946063207,11.1833925746771
"2021-11-15","Lake Geneva","VS",2.47519186517661,4.09863088938149
"2021-11-15","Northwestern","AG",3.79873561614487,7.73794593301208
"2021-11-15","Northwestern","BL",1.45051279654577,2.87349407008764
"2021-11-15","Northwestern","BS",1.5005490085834,3.83189189593373
"2021-11-15","Ticino","TI",2.17323306381329,3.3822626726513
"2021-11-15","Zurich","ZH",12.3598214681128,28.7044873193615
"2021-11-16","9999","9999",0.00802085776400416,0.019475209383992
"2021-11-16","Central","LU",2.92426018630699,6.01376112177206
"2021-11-16","Central","NW",0.277116176181131,0.490482978395093
"2021-11-16","Central","OW",0.192957480305242,0.322921403764935
"2021-11-16","Central","SZ",1.07759450801803,1.75093348451262
"2021-11-16","Central","UR",0.226743182383878,0.339915478271036
"2021-11-16","Central","ZG",1.15361995239864,2.34898895453133
"2021-11-16","Eastern","AI",0.0817445234841593,0.105567190831901
"2021-11-16","Eastern","AR",0.176662143648853,0.317687228817056
"2021-11-16","Eastern","GL",0.212899459200181,0.393684730008341
"2021-11-16","Eastern","GR",1.35513172699204,2.38222936426527
"2021-11-16","Eastern","SG",3.17966255228177,6.0539691020535
"2021-11-16","Eastern","SH",0.450879837403031,0.974270291434782
"2021-11-16","Eastern","TG",1.43235980113613,2.7182362053999
"2021-11-16","Espace Mittelland","BE",6.39336698493256,14.6294849911733
"2021-11-16","Espace Mittelland","FR",1.80058681737877,3.44398515125746
"2021-11-16","Espace Mittelland","JU",0.355776221884156,0.621201399496024
"2021-11-16","Espace Mittelland","NE",1.01221724675599,1.98572361788891
"2021-11-16","Espace Mittelland","SO",1.28322812621934,2.78886357904726
"2021-11-16","Lake Geneva","GE",4.83308712066484,8.46260725810125
"2021-11-16","Lake Geneva","VD",5.87956570554721,11.0688185243569
"2021-11-16","Lake Geneva","VS",2.56845961460154,4.0599523758056
"2021-11-16","Northwestern","AG",3.89988923024282,7.83219507022292
"2021-11-16","Northwestern","BL",1.46055634595444,2.86853180033186
"2021-11-16","Northwestern","BS",1.61910513999469,3.89269669451656
"2021-11-16","Ticino","TI",2.17677511695129,3.41397361567968
"2021-11-16","Zurich","ZH",12.3784009025928,29.1833123626454
"2021-11-17","9999","9999",0.00862028708141691,0.0217524153678096
"2021-11-17","Central","LU",3.1174146385745,6.25888365244806
"2021-11-17","Central","NW",0.327265275368734,0.506491396579841
"2021-11-17","Central","OW",0.191752309043859,0.327203910540473
"2021-11-17","Central","SZ",1.19758097800732,1.8316553384166
"2021-11-17","Central","UR",0.228887317685363,0.344843759877806
"2021-11-17","Central","ZG",1.23744544184249,2.45605162391977
"2021-11-17","Eastern","AI",0.088651660835404,0.106586835302267
"2021-11-17","Eastern","AR",0.187464766820876,0.320338304440008
"2021-11-17","Eastern","GL",0.230055831070072,0.418835960277371
"2021-11-17","Eastern","GR",1.42353221554391,2.43035658326655
"2021-11-17","Eastern","SG",3.44639161474548,6.30928807743316
"2021-11-17","Eastern","SH",0.49286091474102,1.00316021809515
"2021-11-17","Eastern","TG",1.5109564856123,2.81058200626605
"2021-11-17","Espace Mittelland","BE",6.88068599704394,15.1235707133637
"2021-11-17","Espace Mittelland","FR",1.90797616303654,3.51366085673247
"2021-11-17","Espace Mittelland","JU",0.390846198857205,0.6595740197308
"2021-11-17","Espace Mittelland","NE",1.09817696788311,2.06511993398142
"2021-11-17","Espace Mittelland","SO",1.39602992650211,2.87509151309122
"2021-11-17","Lake Geneva","GE",5.102075398552,8.67340175827493
"2021-11-17","Lake Geneva","VD",6.46570773509432,11.7442650096764
"2021-11-17","Lake Geneva","VS",2.73454363275532,4.28923642904192
"2021-11-17","Northwestern","AG",4.26100378429822,8.19182367492103
"2021-11-17","Northwestern","BL",1.50322808024525,2.91998985793633
"2021-11-17","Northwestern","BS",1.61373603964301,3.97678337517274
"2021-11-17","Ticino","TI",2.24882643005261,3.54843073317196
"2021-11-17","Zurich","ZH",13.221724593363,30.0882808182443
"2021-11-18","9999","9999",0.00901346738177552,0.0207667590464557
"2021-11-18","Central","LU",3.19515660437975,6.36040625354751
"2021-11-18","Central","NW",0.337261632803074,0.524097257768161
"2021-11-18","Central","OW",0.215707234822585,0.349941982229636
"2021-11-18","Central","SZ",1.23953915445195,1.83366063920832
"2021-11-18","Central","UR",0.244703333317839,0.349975970378648
"2021-11-18","Central","ZG",1.25925201476464,2.46349502855344
"2021-11-18","Eastern","AI",0.090243985640153,0.114676014767171
"2021-11-18","Eastern","AR",0.19936852822878,0.332438085488352
"2021-11-18","Eastern","GL",0.223661633786778,0.416932623932687
"2021-11-18","Eastern","GR",1.43728646546981,2.44826833779598
"2021-11-18","Eastern","SG",3.6230647859107,6.4879297886413
"2021-11-18","Eastern","SH",0.480713055968871,1.01865881404472
"2021-11-18","Eastern","TG",1.565633911433,2.86108839569819
"2021-11-18","Espace Mittelland","BE",7.11841082351985,15.4928519523812
"2021-11-18","Espace Mittelland","FR",1.89024394804635,3.45370576187495
"2021-11-18","Espace Mittelland","JU",0.405260650837202,0.677451786111219
"2021-11-18","Espace Mittelland","NE",1.16051447232882,2.13493159205248
"2021-11-18","Espace Mittelland","SO",1.523398002916,3.01631227223692
"2021-11-18","Lake Geneva","GE",5.44923075769959,9.08754735398861
"2021-11-18","Lake Geneva","VD",6.46715824901477,11.6238110095772
"2021-11-18","Lake Geneva","VS",2.73621703095188,4.20797076475375
"2021-11-18","Northwestern","AG",4.32678158014888,8.1869973577613
"2021-11-18","Northwestern","BL",1.56507638746098,3.0079171994309
"2021-11-18","Northwestern","BS",1.68369308405982,4.10621024661121
"2021-11-18","Ticino","TI",2.46497240025293,3.75538457250726
"2021-11-18","Zurich","ZH",13.5557073022565,30.4103525182839
"2021-11-19","9999","9999",0.0103630575977401,0.0230779531792854
"2021-11-19","Central","LU",4.33041285591931,7.60556209260955
"2021-11-19","Central","NW",0.417656417262454,0.617394726806657
"2021-11-19","Central","OW",0.271891541776291,0.419957569194773
"2021-11-19","Central","SZ",1.54085350791542,2.18112148656007
"2021-11-19","Central","UR",0.350509983667567,0.439058908939631
"2021-11-19","Central","ZG",1.65430796016296,2.85282927548822
"2021-11-19","Eastern","AI",0.130014985791676,0.154646078005521
"2021-11-19","Eastern","AR",0.270091757903864,0.390863713640328
"2021-11-19","Eastern","GL",0.295136602517053,0.498742098605058
"2021-11-19","Eastern","GR",1.97532237246504,2.96985047253724
"2021-11-19","Eastern","SG",4.55182092510156,7.45965096890016
"2021-11-19","Eastern","SH",0.619597266408704,1.14995503367886
"2021-11-19","Eastern","TG",1.95045889838471,3.2396483993961
"2021-11-19","Espace Mittelland","BE",9.11683269037678,17.4460828998145
"2021-11-19","Espace Mittelland","FR",2.63380053518464,4.37308519265502
"2021-11-19","Espace Mittelland","JU",0.523673745649481,0.860885826330075
"2021-11-19","Espace Mittelland","NE",1.44548477774524,2.39473700310176
"2021-11-19","Espace Mittelland","SO",1.86996938145075,3.31547595984232
"2021-11-19","Lake Geneva","GE",6.25852319618292,9.70762714456723
"2021-11-19","Lake Geneva","VD",8.36787076794046,13.433815897073
"2021-11-19","Lake Geneva","VS",3.70722554552988,5.29253259973312
"2021-11-19","Northwestern","AG",5.50859099328306,9.42080115505326
"2021-11-19","Northwestern","BL",2.04496810884168,3.42338833295607
"2021-11-19","Northwestern","BS",2.04107798797027,4.46879582027339
"2021-11-19","Ticino","TI",2.88049778130561,4.12102907958053
"2021-11-19","Zurich","ZH",16.7855408364536,33.6909566372397
"2021-11-20","9999","9999",0.0123989775628301,0.0232139057753343
"2021-11-20","Central","LU",5.16244644150486,7.89469927625635
"2021-11-20","Central","NW",0.527630062947264,0.683739593678476
"2021-11-20","Central","OW",0.376688665295639,0.530962863868626
"2021-11-20","Central","SZ",1.87844896979795,2.48997179663395
"2021-11-20","Central","UR",0.330705923131624,0.476173967660956
"2021-11-20","Central","ZG",1.83178878725347,2.7898152472196
"2021-11-20","Eastern","AI",0.170899408738329,0.201209842152238
"2021-11-20","Eastern","AR",0.307450058087717,0.414383512756772
"2021-11-20","Eastern","GL",0.36157189836701,0.547854973927691
"2021-11-20","Eastern","GR",2.77215510764111,3.57732065983233
"2021-11-20","Eastern","SG",5.81034057728508,7.893713619935
"2021-11-20","Eastern","SH",0.761046067539692,1.25185150441744
"2021-11-20","Eastern","TG",2.43164333760204,3.6081479109864
"2021-11-20","Espace Mittelland","BE",10.7944684959737,17.4388094359259
"2021-11-20","Espace Mittelland","FR",2.73522552173614,4.06178773585226
"2021-11-20","Espace Mittelland","JU",0.56540801182037,0.797769833614415
"2021-11-20","Espace Mittelland","NE",1.74784828426002,2.53232103030315
"2021-11-20","Espace Mittelland","SO",2.26244492326335,3.56688629808558
"2021-11-20","Lake Geneva","GE",6.90468006737296,8.83613701574535
"2021-11-20","Lake Geneva","VD",10.1166849232239,14.2055168203951
"2021-11-20","Lake Geneva","VS",4.40904277566942,5.47358746952113
"2021-11-20","Northwestern","AG",7.29625989368621,10.6212285900152
"2021-11-20","Northwestern","BL",2.54060547886565,3.53310207796745
"2021-11-20","Northwestern","BS",2.60561002103933,4.62058689376188
"2021-11-20","Ticino","TI",3.53950543319975,4.53130002630683
"2021-11-20","Zurich","ZH",21.4300290791612,33.8846550984603
"2021-11-21","9999","9999",0.00854951674200394,0.0201889605132482
"2021-11-21","Central","LU",0.925189536514466,2.21674106672485
"2021-11-21","Central","NW",0.166710099913097,0.215246947694278
"2021-11-21","Central","OW",0.144216198656353,0.230745543643842
"2021-11-21","Central","SZ",0.416871717054826,0.70124349041976
"2021-11-21","Central","UR",0.207112910963296,0.173101642919147
"2021-11-21","Central","ZG",0.266823211451095,0.679287146157878
"2021-11-21","Eastern","AI",0.043302053185312,0.0759635130422724
"2021-11-21","Eastern","AR",0.0938093077775393,0.128509191415137
"2021-11-21","Eastern","GL",0.0800258208355892,0.172625808832976
"2021-11-21","Eastern","GR",0.890092425428878,1.21572210201747
"2021-11-21","Eastern","SG",0.865127765270636,1.82247853818331
"2021-11-21","Eastern","SH",0.156639271499086,0.337536307840182
"2021-11-21","Eastern","TG",0.331519104563165,0.698184557008662
"2021-11-21","Espace Mittelland","BE",1.99496513207799,5.12887966223937
"2021-11-21","Espace Mittelland","FR",0.586185047042598,1.27071492711921
"2021-11-21","Espace Mittelland","JU",0.109647131733399,0.186492973629955
"2021-11-21","Espace Mittelland","NE",0.257271764960299,0.514546587895732
"2021-11-21","Espace Mittelland","SO",0.399854399190148,0.936509457882226
"2021-11-21","Lake Geneva","GE",1.2851640819052,2.71205036227968
"2021-11-21","Lake Geneva","VD",1.7711415747208,3.66711734952257
"2021-11-21","Lake Geneva","VS",1.1399957574607,1.76901517978711
"2021-11-21","Northwestern","AG",1.11044415566049,2.51784207882396
"2021-11-21","Northwestern","BL",0.334150157970151,0.815647599994834
"2021-11-21","Northwestern","BS",0.503512453889973,1.5116229273177
"2021-11-21","Ticino","TI",1.07479279048079,1.38630862190971
"2021-11-21","Zurich","ZH",4.5314348067193,11.236074205646
"2021-11-22","9999","9999",0.00707464516822067,0.0186934819567113
"2021-11-22","Central","LU",2.84303217430233,5.86649047210219
"2021-11-22","Central","NW",0.297989118684377,0.4882737487093
"2021-11-22","Central","OW",0.16984451871562,0.299809462436638
"2021-11-22","Central","SZ",1.08886190419432,1.74080501610698
"2021-11-22","Central","UR",0.245783184061188,0.337060473754011
"2021-11-22","Central","ZG",1.12481226935882,2.2842755188121
"2021-11-22","Eastern","AI",0.0621819953184199,0.0936373505286177
"2021-11-22","Eastern","AR",0.162441342844947,0.304329886255261
"2021-11-22","Eastern","GL",0.192919212943757,0.386037396480595
"2021-11-22","Eastern","GR",1.43858145068286,2.41611554883043
"2021-11-22","Eastern","SG",3.15190622701332,5.93300527971907
"2021-11-22","Eastern","SH",0.448072238001591,0.932362903702737
"2021-11-22","Eastern","TG",1.43444419753059,2.71932382616829
"2021-11-22","Espace Mittelland","BE",6.29137400688375,14.4131164345616
"2021-11-22","Espace Mittelland","FR",1.77581996721139,3.34450183909874
"2021-11-22","Espace Mittelland","JU",0.336997250447784,0.597341718889458
"2021-11-22","Espace Mittelland","NE",0.986560884067215,1.90561355066715
"2021-11-22","Espace Mittelland","SO",1.24054947231866,2.66691410039148
"2021-11-22","Lake Geneva","GE",4.55448214362168,8.09383584131885
"2021-11-22","Lake Geneva","VD",5.86198302775163,10.9279716348504
"2021-11-22","Lake Geneva","VS",2.51519756424093,4.02188564891194
"2021-11-22","Northwestern","AG",3.88230260509763,7.66120069254252
"2021-11-22","Northwestern","BL",1.46513695147372,2.87631508645565
"2021-11-22","Northwestern","BS",1.45445630845345,3.75701600365984
"2021-11-22","Ticino","TI",2.18969100542781,3.39310489218619
"2021-11-22","Zurich","ZH",12.1309676598228,28.2667539482333
"2021-11-23","9999","9999",0.0074699127080053,0.0183875886156015
"2021-11-23","Central","LU",3.01867953973606,6.05981506368359
"2021-11-23","Central","NW",0.298931344770338,0.50679728992095
"2021-11-23","Central","OW",0.203329270630787,0.327951649818741
"2021-11-23","Central","SZ",1.13389646400377,1.7556238490763
"2021-11-23","Central","UR",0.252630582505408,0.351403472637161
"2021-11-23","Central","ZG",1.23220096495702,2.40510338855048
"2021-11-23","Eastern","AI",0.0844598653365597,0.104309629318449
"2021-11-23","Eastern","AR",0.185560151054575,0.325844384579985
"2021-11-23","Eastern","GL",0.213251435122977,0.403133435433733
"2021-11-23","Eastern","GR",1.45841062466428,2.40455957816628
"2021-11-23","Eastern","SG",3.40691128128513,6.10882597455919
"2021-11-23","Eastern","SH",0.478873046724241,0.978518810061308
"2021-11-23","Eastern","TG",1.52668274211741,2.75348191592556
"2021-11-23","Espace Mittelland","BE",6.90871451321443,15.4695020940099
"2021-11-23","Espace Mittelland","FR",1.82937587973666,3.33484920477928
"2021-11-23","Espace Mittelland","JU",0.358140778284276,0.618992169810231
"2021-11-23","Espace Mittelland","NE",1.05893591899666,1.96811775670059
"2021-11-23","Espace Mittelland","SO",1.334433274572,2.74610648758991
"2021-11-23","Lake Geneva","GE",4.71823825541997,8.37247068692088
"2021-11-23","Lake Geneva","VD",6.069428420683,11.0833994402832
"2021-11-23","Lake Geneva","VS",2.57306183655915,4.08744878835648
"2021-11-23","Northwestern","AG",4.12730117901968,7.88392503301949
"2021-11-23","Northwestern","BL",1.54713803310234,2.92940457521272
"2021-11-23","Northwestern","BS",1.53770103625407,3.89786289316641
"2021-11-23","Ticino","TI",2.20478246702591,3.39385263146446
"2021-11-23","Zurich","ZH",12.8735549024267,29.157243452353
"2021-11-24","9999","9999",0.0104386093993279,0.022160273155956
"2021-11-24","Central","LU",3.33575324400181,6.45397562777811
"2021-11-24","Central","NW",0.352881996172504,0.533681915789602
"2021-11-24","Central","OW",0.218036750662885,0.344673819132745
"2021-11-24","Central","SZ",1.30410755365409,1.9088084366743
"2021-11-24","Central","UR",0.258662673118448,0.374107556177312
"2021-11-24","Central","ZG",1.34569135453329,2.48252839200028
"2021-11-24","Eastern","AI",0.086487788785875,0.115355777747415
"2021-11-24","Eastern","AR",0.205505153118063,0.331690346210083
"2021-11-24","Eastern","GL",0.244825274309372,0.431411575411885
"2021-11-24","Eastern","GR",1.56257452751723,2.55930762061884
"2021-11-24","Eastern","SG",3.77666095631115,6.57191450485045
"2021-11-24","Eastern","SH",0.518354410098226,1.02851537725826
"2021-11-24","Eastern","TG",1.68566278410241,2.89718380994915
"2021-11-24","Espace Mittelland","BE",7.48107229611143,15.4026813930519
"2021-11-24","Espace Mittelland","FR",2.0504875570044,3.59492652102065
"2021-11-24","Espace Mittelland","JU",0.414300974293994,0.675514461617523
"2021-11-24","Espace Mittelland","NE",1.26947869691583,2.17602326420824
"2021-11-24","Espace Mittelland","SO",1.49627951921924,2.93287136641196
"2021-11-24","Lake Geneva","GE",5.49468507976291,8.737673348057
"2021-11-24","Lake Geneva","VD",7.01266617162151,11.9843233061496
"2021-11-24","Lake Geneva","VS",2.97421166738879,4.42270789021284
"2021-11-24","Northwestern","AG",4.61354447962237,8.38871702214872
"2021-11-24","Northwestern","BL",1.72476275048454,3.06345383491684
"2021-11-24","Northwestern","BS",1.76700746221773,4.08207866081255
"2021-11-24","Ticino","TI",2.55479519037537,3.71089408545029
"2021-11-24","Zurich","ZH",14.3168097722529,30.4842087660874
"2021-11-25","9999","9999",0.0104348774308982,0.0217184272187974
"2021-11-25","Central","LU",4.35727395910711,7.33318106642576
"2021-11-25","Central","NW",0.411405988874184,0.590849982428127
"2021-11-25","Central","OW",0.260238538885096,0.37237416057769
"2021-11-25","Central","SZ",1.56429617892994,2.07647197575149
"2021-11-25","Central","UR",0.304384929368503,0.389776092871937
"2021-11-25","Central","ZG",1.60269757016391,2.72251871217544
"2021-11-25","Eastern","AI",0.105339468992271,0.118346734860489
"2021-11-25","Eastern","AR",0.24348078666934,0.362109739576005
"2021-11-25","Eastern","GL",0.291826769450272,0.490347025799044
"2021-11-25","Eastern","GR",1.9273052023401,2.80109931269165
"2021-11-25","Eastern","SG",5.01857133223171,7.58139651866187
"2021-11-25","Eastern","SH",0.658521963419371,1.1489693773575
"2021-11-25","Eastern","TG",2.15254327363266,3.34280243164813
"2021-11-25","Espace Mittelland","BE",9.03006519584374,17.1288035287856
"2021-11-25","Espace Mittelland","FR",2.57891793333676,3.97188908171499
"2021-11-25","Espace Mittelland","JU",0.551022918253088,0.793895184627024
"2021-11-25","Espace Mittelland","NE",1.63833359237162,2.45255084457151
"2021-11-25","Espace Mittelland","SO",2.06852038929623,3.47970669586928
"2021-11-25","Lake Geneva","GE",6.88135006812722,9.64937145716032
"2021-11-25","Lake Geneva","VD",8.61306250745194,13.0981829255775
"2021-11-25","Lake Geneva","VS",3.51794097221897,4.75351454454861
"2021-11-25","Northwestern","AG",5.85304320898502,9.48626233005076
"2021-11-25","Northwestern","BL",2.09242762968192,3.34983797849366
"2021-11-25","Northwestern","BS",2.13921254142519,4.46899974916746
"2021-11-25","Ticino","TI",3.88172631946691,4.19189437027097
"2021-11-25","Zurich","ZH",17.2989182026024,33.702886477543
"2021-11-26","9999","9999",0.013272281671496,0.0254911117591518
"2021-11-26","Central","LU",6.21971753055986,9.26241638065639
"2021-11-26","Central","NW",0.550951031847565,0.704302423830859
"2021-11-26","Central","OW",0.322736874331234,0.424206087821298
"2021-11-26","Central","SZ",2.21969223306137,2.67252214497849
"2021-11-26","Central","UR",0.460805796519994,0.506117526940706
"2021-11-26","Central","ZG",2.25176702145808,3.34643916359244
"2021-11-26","Eastern","AI",0.12942314963983,0.144075763662726
"2021-11-26","Eastern","AR",0.316626600350201,0.411120650451601
"2021-11-26","Eastern","GL",0.389161154412888,0.563081664685158
"2021-11-26","Eastern","GR",2.88500877954384,3.55597610225267
"2021-11-26","Eastern","SG",6.95658595251761,9.37668453763542
"2021-11-26","Eastern","SH",0.906026599176178,1.43793662025925
"2021-11-26","Eastern","TG",2.91269431489277,3.96893211275093
"2021-11-26","Espace Mittelland","BE",12.536182277828,20.5505264424401
"2021-11-26","Espace Mittelland","FR",3.80458966092725,5.10471408829169
"2021-11-26","Espace Mittelland","JU",0.804483031579537,1.07776420517694
"2021-11-26","Espace Mittelland","NE",2.2643865219361,3.06348782306585
"2021-11-26","Espace Mittelland","SO",2.61399263303166,3.95795394061998
"2021-11-26","Lake Geneva","GE",9.0119642991833,11.0937658257319
"2021-11-26","Lake Geneva","VD",12.4434113657909,16.5291506157633
"2021-11-26","Lake Geneva","VS",5.46198268235853,6.35476422081149
"2021-11-26","Northwestern","AG",8.23730245223573,11.7970146169434
"2021-11-26","Northwestern","BL",2.90515118041594,3.98490654278666
"2021-11-26","Northwestern","BS",3.25192939537095,5.61609977832929
"2021-11-26","Ticino","TI",5.14884085550078,5.20198817076462
"2021-11-26","Zurich","ZH",23.3049057406395,38.8650065495163
"2021-11-27","9999","9999",0.0125607209962506,0.022160273155956
"2021-11-27","Central","LU",6.48470150813857,8.98412141654448
"2021-11-27","Central","NW",0.694608970319874,0.779960043532021
"2021-11-27","Central","OW",0.383742116955841,0.474746465402444
"2021-11-27","Central","SZ",2.36392294449317,2.75307405813741
"2021-11-27","Central","UR",0.386594084880164,0.485554696788324
"2021-11-27","Central","ZG",2.26281604461495,3.00594588678819
"2021-11-27","Eastern","AI",0.159515612740834,0.171198306574464
"2021-11-27","Eastern","AR",0.361620977863682,0.450512915156743
"2021-11-27","Eastern","GL",0.436481382370605,0.577764545058429
"2021-11-27","Eastern","GR",3.45321429526239,3.93276872220194
"2021-11-27","Eastern","SG",7.44749808660256,9.26054703246072
"2021-11-27","Eastern","SH",0.903131378795082,1.37325717268903
"2021-11-27","Eastern","TG",3.21760354470742,4.21840512650049
"2021-11-27","Espace Mittelland","BE",13.1873077891855,19.3752162495981
"2021-11-27","Espace Mittelland","FR",3.48740716566995,4.49720991284759
"2021-11-27","Espace Mittelland","JU",0.765527213946509,0.921112826379698
"2021-11-27","Espace Mittelland","NE",2.30317043406008,2.97426893190882
"2021-11-27","Espace Mittelland","SO",2.82296474174463,4.04775063031022
"2021-11-27","Lake Geneva","GE",8.42602339649721,9.662422906381
"2021-11-27","Lake Geneva","VD",12.5776615600951,15.9594412620208
"2021-11-27","Lake Geneva","VS",5.29527185798147,6.03384811783827
"2021-11-27","Northwestern","AG",9.04058992638651,12.1171489924893
"2021-11-27","Northwestern","BL",3.12067599129589,3.9822214790147
"2021-11-27","Northwestern","BS",3.17163025973517,5.19026225935541
"2021-11-27","Ticino","TI",4.37237477999645,4.9401094826256
"2021-11-27","Zurich","ZH",25.4928613572514,37.5557490614173
"2021-11-28","9999","9999",0.00944003959692908,0.020154972364236
"2021-11-28","Central","LU",1.05774874968582,2.49381245747233
"2021-11-28","Central","NW",0.181564677458441,0.178063912674928
"2021-11-28","Central","OW",0.113522614516675,0.166643894606828
"2021-11-28","Central","SZ",0.51174852052808,0.696213244365955
"2021-11-28","Central","UR",0.150330768512902,0.158622691439949
"2021-11-28","Central","ZG",0.289027644319223,0.701209502270748
"2021-11-28","Eastern","AI",0.0425428423612189,0.0434028662885825
"2021-11-28","Eastern","AR",0.0884717705586436,0.121643585314672
"2021-11-28","Eastern","GL",0.0730522403486196,0.155801675071936
"2021-11-28","Eastern","GR",1.07644091859102,1.23662481365997
"2021-11-28","Eastern","SG",1.43932170796319,2.38382680726884
"2021-11-28","Eastern","SH",0.173270869084243,0.357555327608369
"2021-11-28","Eastern","TG",0.420097183355764,0.798177691402562
"2021-11-28","Espace Mittelland","BE",2.32455320731026,5.51678640691564
"2021-11-28","Espace Mittelland","FR",0.581153394174183,1.25310906593089
"2021-11-28","Espace Mittelland","JU",0.0976831654119192,0.181360763129112
"2021-11-28","Espace Mittelland","NE",0.272790672046335,0.534429655067871
"2021-11-28","Espace Mittelland","SO",0.390190390579161,0.894670046448204
"2021-11-28","Lake Geneva","GE",1.34866769529846,2.71303601860103
"2021-11-28","Lake Geneva","VD",1.93837647241476,3.72312981909468
"2021-11-28","Lake Geneva","VS",1.29064166388273,1.82271645522639
"2021-11-28","Northwestern","AG",1.25019448039363,2.70508279173218
"2021-11-28","Northwestern","BL",0.362865219270944,0.844503538506194
"2021-11-28","Northwestern","BS",0.59970922287702,1.61277165877802
"2021-11-28","Ticino","TI",1.13794335104535,1.40738127429728
"2021-11-28","Zurich","ZH",6.90738250593472,13.8318850983039
"2021-11-29","9999","9999",0.00900711167898295,0.0208007471954679
"2021-11-29","Central","LU",3.36859323865143,6.38749480831024
"2021-11-29","Central","NW",0.332636909386283,0.517367604263745
"2021-11-29","Central","OW",0.212558906311917,0.317143418432861
"2021-11-29","Central","SZ",1.25228663834258,1.85446138640379
"2021-11-29","Central","UR",0.210542891483792,0.344231973195586
"2021-11-29","Central","ZG",1.25669984177746,2.40245231292753
"2021-11-29","Eastern","AI",0.0633420344327385,0.0974100350689722
"2021-11-29","Eastern","AR",0.204473680903549,0.3269999816464
"2021-11-29","Eastern","GL",0.234525425213649,0.405274688821502
"2021-11-29","Eastern","GR",1.79442117085462,2.69763938709851
"2021-11-29","Eastern","SG",3.83510458833692,6.6029796730476
"2021-11-29","Eastern","SH",0.546583716351884,1.04965600594385
"2021-11-29","Eastern","TG",1.79475278738196,3.05686013400847
"2021-11-29","Espace Mittelland","BE",7.4904107384482,15.4183499297465
"2021-11-29","Espace Mittelland","FR",2.29095265472517,3.86115569223323
"2021-11-29","Espace Mittelland","JU",0.439464243311466,0.689721507904624
"2021-11-29","Espace Mittelland","NE",1.2890577624401,2.15909716600016
"2021-11-29","Espace Mittelland","SO",1.52373335924382,2.94823400976547
"2021-11-29","Lake Geneva","GE",5.94402592857317,8.82811581257847
"2021-11-29","Lake Geneva","VD",7.43913437332968,12.0696335601702
"2021-11-29","Lake Geneva","VS",3.1283215649775,4.48820305335935
"2021-11-29","Northwestern","AG",4.73872962862642,8.51365745791757
"2021-11-29","Northwestern","BL",1.80264010489894,3.1265698276325
"2021-11-29","Northwestern","BS",1.88345552880099,4.16470385106121
"2021-11-29","Ticino","TI",2.83941857153665,3.68485916330694
"2021-11-29","Zurich","ZH",14.5208029220819,30.271340988824
"2021-11-30","9999","9999",0.00944941846827116,0.0210046760895411
"2021-11-30","Central","LU",3.44185402672169,6.49571307476509
"2021-11-30","Central","NW",0.337611928752674,0.53055500608048
"2021-11-30","Central","OW",0.229958999607994,0.348174598481002
"2021-11-30","Central","SZ",1.30866300265165,1.88362321825626
"2021-11-30","Central","UR",0.263720978428764,0.348514479971124
"2021-11-30","Central","ZG",1.35447766525956,2.61650967540638
"2021-11-30","Eastern","AI",0.093733975273152,0.111039282822865
"2021-11-30","Eastern","AR",0.205045643246602,0.338046130075365
"2021-11-30","Eastern","GL",0.248314429829805,0.408843444467783
"2021-11-30","Eastern","GR",1.74767197714287,2.61467431535972
"2021-11-30","Eastern","SG",3.90582878135328,6.57745457313944
"2021-11-30","Eastern","SH",0.527293175455065,1.03143835807331
"2021-11-30","Eastern","TG",1.80155584863147,3.00377064525141
"2021-11-30","Espace Mittelland","BE",7.5924275533195,15.6422638554389
"2021-11-30","Espace Mittelland","FR",2.2193293549349,3.65505155662324
"2021-11-30","Espace Mittelland","JU",0.425722935836416,0.682685961059098
"2021-11-30","Espace Mittelland","NE",1.37192081521134,2.18808905710757
"2021-11-30","Espace Mittelland","SO",1.54601723252282,2.92318474394348
"2021-11-30","Lake Geneva","GE",5.92486265837306,8.87223242999631
"2021-11-30","Lake Geneva","VD",7.30141111443716,12.1835958238082
"2021-11-30","Lake Geneva","VS",3.15229709686103,4.49602032763216
"2021-11-30","Northwestern","AG",4.68339820372958,8.3697176468509
"2021-11-30","Northwestern","BL",1.75987177019132,3.10050091734014
"2021-11-30","Northwestern","BS",1.88582214502839,4.12293241592521
"2021-11-30","Ticino","TI",2.82913111273275,3.68421338847571
"2021-11-30","Zurich","ZH",14.4631439080273,30.2806537416534
"2021-12-01","9999","9999",0.00841226410665172,0.0205628301523825
"2021-12-01","Central","LU",3.98215478821124,6.84296999322276
"2021-12-01","Central","NW",0.373908391891788,0.561552197979608
"2021-12-01","Central","OW",0.273323748296516,0.371218563511275
"2021-12-01","Central","SZ",1.45612785045585,2.02909249602848
"2021-12-01","Central","UR",0.268369303706757,0.383930131241839
"2021-12-01","Central","ZG",1.40571508162886,2.58445885088787
"2021-12-01","Eastern","AI",0.0985348883264447,0.117734948178269
"2021-12-01","Eastern","AR",0.251570213968709,0.367819748610055
"2021-12-01","Eastern","GL",0.28204064754281,0.464074186612612
"2021-12-01","Eastern","GR",1.96231552264258,2.88297676366205
"2021-12-01","Eastern","SG",4.40468606084377,7.09910468417872
"2021-12-01","Eastern","SH",0.58441302776216,1.08649915947308
"2021-12-01","Eastern","TG",1.87246440010505,3.11712112220711
"2021-12-01","Espace Mittelland","BE",7.99360505475661,16.1450845319254
"2021-12-01","Espace Mittelland","FR",2.42290540540461,3.83495082934482
"2021-12-01","Espace Mittelland","JU",0.50275525981692,0.76667067726825
"2021-12-01","Espace Mittelland","NE",1.40198969603125,2.27027240141907
"2021-12-01","Espace Mittelland","SO",1.69111381937062,3.09581055277646
"2021-12-01","Lake Geneva","GE",5.93490302014029,8.88847876522414
"2021-12-01","Lake Geneva","VD",7.88753022742682,12.4368755102471
"2021-12-01","Lake Geneva","VS",3.38410332294117,4.76238545144079
"2021-12-01","Northwestern","AG",5.23545990932523,8.98942356779038
"2021-12-01","Northwestern","BL",1.93395528421217,3.24882519962939
"2021-12-01","Northwestern","BS",1.9229921550695,4.21391869083088
"2021-12-01","Ticino","TI",2.96283175608456,3.84708459854218
"2021-12-01","Zurich","ZH",15.4913809014311,31.5116705107263
"2021-12-02","9999","9999",0.00761998248152146,0.0192033041918944
"2021-12-02","Central","LU",3.59835554041865,6.60685432203499
"2021-12-02","Central","NW",0.371982907647249,0.540649486337104
"2021-12-02","Central","OW",0.225236927814297,0.347460847351745
"2021-12-02","Central","SZ",1.36897474137586,1.89099864659191
"2021-12-02","Central","UR",0.250766407492489,0.357453363161333
"2021-12-02","Central","ZG",1.42401374911994,2.54092003200324
"2021-12-02","Eastern","AI",0.0960883382694718,0.11250077323039
"2021-12-02","Eastern","AR",0.216595650857977,0.32869938909701
"2021-12-02","Eastern","GL",0.265405353233416,0.443511356460229
"2021-12-02","Eastern","GR",1.92150731330514,2.79647692442599
"2021-12-02","Eastern","SG",4.20024926103011,6.87094223985981
"2021-12-02","Eastern","SH",0.582290579387394,1.08945612843714
"2021-12-02","Eastern","TG",1.8469204977199,3.05845757701205
"2021-12-02","Espace Mittelland","BE",7.93931035345904,15.9314350272347
"2021-12-02","Espace Mittelland","FR",2.24522608301949,3.71249152845386
"2021-12-02","Espace Mittelland","JU",0.50134091427047,0.765073234264677
"2021-12-02","Espace Mittelland","NE",1.39939915778205,2.29729297988377
"2021-12-02","Espace Mittelland","SO",1.75987904615915,3.17537680961402
"2021-12-02","Lake Geneva","GE",6.39613937930128,9.53031097117057
"2021-12-02","Lake Geneva","VD",7.72636997183484,12.3492880502426
"2021-12-02","Lake Geneva","VS",3.31537971562847,4.59353232714817
"2021-12-02","Northwestern","AG",5.01636417248121,8.81367084924828
"2021-12-02","Northwestern","BL",1.86087195848538,3.13299358779581
"2021-12-02","Northwestern","BS",1.92409419790633,4.15535711008286
"2021-12-02","Ticino","TI",3.15056867073123,4.08085508744811
"2021-12-02","Zurich","ZH",15.0491308709576,31.0904553800181
"2021-12-03","9999","9999",0.012073697158171,0.0256270643552006
"2021-12-03","Central","LU",4.80126529942094,8.11388884923605
"2021-12-03","Central","NW",0.501857766443837,0.65478169072008
"2021-12-03","Central","OW",0.33411255241629,0.472775152759736
"2021-12-03","Central","SZ",1.74776622794682,2.33559762382053
"2021-12-03","Central","UR",0.354368255536627,0.472027413481467
"2021-12-03","Central","ZG",1.951299069036,2.98181430098953
"2021-12-03","Eastern","AI",0.125348862196251,0.139419387248054
"2021-12-03","Eastern","AR",0.291568872026483,0.403269388029782
"2021-12-03","Eastern","GL",0.323389788669436,0.520120644333734
"2021-12-03","Eastern","GR",2.75840860360561,3.57980179471022
"2021-12-03","Eastern","SG",5.41118742005369,8.13027113705993
"2021-12-03","Eastern","SH",0.699925102565594,1.22754997787371
"2021-12-03","Eastern","TG",2.25944791373703,3.49724458075958
"2021-12-03","Espace Mittelland","BE",10.3763520440929,18.5232693064582
"2021-12-03","Espace Mittelland","FR",3.11369475498701,4.82658906492484
"2021-12-03","Espace Mittelland","JU",0.618774886242808,0.876792280067786
"2021-12-03","Espace Mittelland","NE",1.76199178671677,2.65107562295179
"2021-12-03","Espace Mittelland","SO",2.12023189096878,3.65053113280461
"2021-12-03","Lake Geneva","GE",7.62326623780149,10.3294063425965
"2021-12-03","Lake Geneva","VD",9.94098534939235,14.8980933328167
"2021-12-03","Lake Geneva","VS",4.60803761363653,5.9793311268227
"2021-12-03","Northwestern","AG",6.26229508061907,10.1597035145785
"2021-12-03","Northwestern","BL",2.42369965678852,3.72934965036391
"2021-12-03","Northwestern","BS",2.4337811289488,4.80514254289814
"2021-12-03","Ticino","TI",3.6693078730119,4.38661247596188
"2021-12-03","Zurich","ZH",18.7788487160914,35.6946939741051
"2021-12-04","9999","9999",0.0115367401307459,0.0208347353444801
"2021-12-04","Central","LU",6.02910925193468,8.58455673675703
"2021-12-04","Central","NW",0.616841190101314,0.733328303087279
"2021-12-04","Central","OW",0.351193266752014,0.457820367194367
"2021-12-04","Central","SZ",2.23974511759944,2.6912156269352
"2021-12-04","Central","UR",0.377607743778884,0.484467076019933
"2021-12-04","Central","ZG",2.03840511145434,2.84304068857271
"2021-12-04","Eastern","AI",0.173192720960442,0.174733074071733
"2021-12-04","Eastern","AR",0.357951873326168,0.424240075970311
"2021-12-04","Eastern","GL",0.412084666717421,0.567024289970573
"2021-12-04","Eastern","GR",3.93549738212596,4.32835678855497
"2021-12-04","Eastern","SG",6.921983885282,8.86237586678277
"2021-12-04","Eastern","SH",0.843035675225498,1.31761857275605
"2021-12-04","Eastern","TG",2.89001628230805,3.93399229556638
"2021-12-04","Espace Mittelland","BE",12.022159097088,18.4225284327861
"2021-12-04","Espace Mittelland","FR",3.27579310526234,4.38963742122397
"2021-12-04","Espace Mittelland","JU",0.712006154012024,0.967608614228391
"2021-12-04","Espace Mittelland","NE",2.10671091060785,2.80269675569522
"2021-12-04","Espace Mittelland","SO",2.58546546635545,3.72336773613776
"2021-12-04","Lake Geneva","GE",7.51757905351775,9.2415476571629
"2021-12-04","Lake Geneva","VD",11.4759024311824,14.9124363316999
"2021-12-04","Lake Geneva","VS",5.27509557177588,5.99690299986201
"2021-12-04","Northwestern","AG",8.21615099837185,11.3428649698423
"2021-12-04","Northwestern","BL",2.93385114937011,3.77880240717667
"2021-12-04","Northwestern","BS",2.85428737207185,4.73475308629387
"2021-12-04","Ticino","TI",4.06416032235623,4.85473125230695
"2021-12-04","Zurich","ZH",23.0103254442118,34.9337333058709
"2021-12-05","9999","9999",0.00872731586331686,0.0192712804899188
"2021-12-05","Central","LU",0.952273277269038,2.33315047709165
"2021-12-05","Central","NW",0.147968777106823,0.16450264121906
"2021-12-05","Central","OW",0.208522169597899,0.288049562878416
"2021-12-05","Central","SZ",0.421901255271665,0.681496375843671
"2021-12-05","Central","UR",0.144074607069248,0.17670438671444
"2021-12-05","Central","ZG",0.275394759729705,0.684657273701806
"2021-12-05","Eastern","AI",0.0499373285803224,0.0543470502705117
"2021-12-05","Eastern","AR",0.0899780721204818,0.112942619167549
"2021-12-05","Eastern","GL",0.0975019201917416,0.193800425667578
"2021-12-05","Eastern","GR",1.74935852533942,1.84813959068752
"2021-12-05","Eastern","SG",1.00385138358735,1.99303106992654
"2021-12-05","Eastern","SH",0.206367425794341,0.439092897088643
"2021-12-05","Eastern","TG",0.374323854354125,0.759601142273712
"2021-12-05","Espace Mittelland","BE",2.23710477930562,5.36248021040024
"2021-12-05","Espace Mittelland","FR",0.581350048938716,1.24580161389327
"2021-12-05","Espace Mittelland","JU",0.0935285486205996,0.183264099473795
"2021-12-05","Espace Mittelland","NE",0.261152201510694,0.525218866685564
"2021-12-05","Espace Mittelland","SO",0.359314629206204,0.824756423930104
"2021-12-05","Lake Geneva","GE",1.23060405840719,2.72700514784505
"2021-12-05","Lake Geneva","VD",1.92731486316499,3.85129912901969
"2021-12-05","Lake Geneva","VS",1.56949214414184,2.23954711471204
"2021-12-05","Northwestern","AG",1.17598655163051,2.63119255577965
"2021-12-05","Northwestern","BL",0.431622030529405,0.941947561724178
"2021-12-05","Northwestern","BS",0.570962155933021,1.60553218303842
"2021-12-05","Ticino","TI",0.996872583043807,1.37590824831198
"2021-12-05","Zurich","ZH",6.27417797354874,13.2491582834897
"2021-12-06","9999","9999",0.00795808394036593,0.0210046760895411
"2021-12-06","Central","LU",3.27440851364677,6.47096970228421
"2021-12-06","Central","NW",0.343072793234691,0.537556564776994
"2021-12-06","Central","OW",0.216076139706054,0.357623303906394
"2021-12-06","Central","SZ",1.24173901473848,1.90411807211062
"2021-12-06","Central","UR",0.244709136861609,0.360240391380334
"2021-12-06","Central","ZG",1.22919000656235,2.42451062163645
"2021-12-06","Eastern","AI",0.0656293629740964,0.102440281122778
"2021-12-06","Eastern","AR",0.18741170081438,0.334001540342913
"2021-12-06","Eastern","GL",0.229740607008464,0.414689406097882
"2021-12-06","Eastern","GR",2.14547342950672,3.04839708490444
"2021-12-06","Eastern","SG",3.60492035092392,6.5300071171184
"2021-12-06","Eastern","SH",0.512790080413816,1.01736726438226
"2021-12-06","Eastern","TG",1.64801758052398,2.98222215877768
"2021-12-06","Espace Mittelland","BE",7.19796497132139,15.2758036327893
"2021-12-06","Espace Mittelland","FR",2.1570270555219,3.74321681516089
"2021-12-06","Espace Mittelland","JU",0.415926330739566,0.682142150674903
"2021-12-06","Espace Mittelland","NE",1.20166068522457,2.1539309673503
"2021-12-06","Espace Mittelland","SO",1.46851710062143,2.94340769260574
"2021-12-06","Lake Geneva","GE",5.572515065982,8.83984172398768
"2021-12-06","Lake Geneva","VD",7.15212116959797,12.1882522002228
"2021-12-06","Lake Geneva","VS",3.57610102163634,5.05648490484338
"2021-12-06","Northwestern","AG",4.34968216023187,8.40309400918088
"2021-12-06","Northwestern","BL",1.73611955726229,3.14618098961254
"2021-12-06","Northwestern","BS",1.76802473885453,4.02225951855107
"2021-12-06","Ticino","TI",2.95534193432357,3.86982267023134
"2021-12-06","Zurich","ZH",13.3677186500877,29.6618315125882
"2021-12-07","9999","9999",0.00887849387089975,0.0227040835401512
"2021-12-07","Central","LU",3.52539863952794,6.54061141961021
"2021-12-07","Central","NW",0.403591759981313,0.592889271368859
"2021-12-07","Central","OW",0.274075589168264,0.421249118857237
"2021-12-07","Central","SZ",1.33711574534045,1.99778941078825
"2021-12-07","Central","UR",0.274854117726107,0.371252551660287
"2021-12-07","Central","ZG",1.41377482156971,2.59574291635992
"2021-12-07","Eastern","AI",0.0918077509005606,0.113316488806683
"2021-12-07","Eastern","AR",0.194709645356992,0.329719033567376
"2021-12-07","Eastern","GL",0.240769850341056,0.421419059602298
"2021-12-07","Eastern","GR",2.03161418595526,2.88049562878416
"2021-12-07","Eastern","SG",3.78237865697515,6.6188521386363
"2021-12-07","Eastern","SH",0.542252580978262,1.02457275197284
"2021-12-07","Eastern","TG",1.63896995368721,2.87451371455801
"2021-12-07","Espace Mittelland","BE",7.29506272285662,15.1359763877531
"2021-12-07","Espace Mittelland","FR",2.43907205376453,4.02181767261391
"2021-12-07","Espace Mittelland","JU",0.427981743993646,0.692032702037454
"2021-12-07","Espace Mittelland","NE",1.25241587488205,2.18506411184548
"2021-12-07","Espace Mittelland","SO",1.47292040827014,2.88233098883081
"2021-12-07","Lake Geneva","GE",5.64626625741684,9.00012983472923
"2021-12-07","Lake Geneva","VD",7.16149399068693,12.2088490185242
"2021-12-07","Lake Geneva","VS",3.6047498395185,4.9707667930346
"2021-12-07","Northwestern","AG",4.52422904923734,8.36625085565165
"2021-12-07","Northwestern","BL",1.64640280125231,2.99700700359799
"2021-12-07","Northwestern","BS",1.82437806912551,3.99799198015636
"2021-12-07","Ticino","TI",3.5951696024381,4.56906085985938
"2021-12-07","Zurich","ZH",13.7854600332673,29.6702945616922
"2021-12-08","9999","9999",0.00761473892881706,0.0145809159262348
"2021-12-08","Central","LU",2.97924420136203,4.77971940743701
"2021-12-08","Central","NW",0.261626282897923,0.35633175424393
"2021-12-08","Central","OW",0.103228224354836,0.15617554471107
"2021-12-08","Central","SZ",0.817006507295899,1.21109971375181
"2021-12-08","Central","UR",0.206446889701344,0.258241956194714
"2021-12-08","Central","ZG",0.490692120252544,0.952755793110058
"2021-12-08","Eastern","AI",0.0157437415408308,0.0211406286855899
"2021-12-08","Eastern","AR",0.201575997344969,0.312283113124116
"2021-12-08","Eastern","GL",0.247238953282401,0.422744597413774
"2021-12-08","Eastern","GR",2.05099395340053,2.79770049779043
"2021-12-08","Eastern","SG",4.01210290284605,6.62099339202407
"2021-12-08","Eastern","SH",0.535334106744956,1.01906667183287
"2021-12-08","Eastern","TG",1.62176355855948,2.80871265807038
"2021-12-08","Espace Mittelland","BE",7.84115331420902,15.5573274710574
"2021-12-08","Espace Mittelland","FR",0.675661547305361,1.41907319755748
"2021-12-08","Espace Mittelland","JU",0.447433119806913,0.722146202062265
"2021-12-08","Espace Mittelland","NE",1.34362158839492,2.24641272081251
"2021-12-08","Espace Mittelland","SO",1.53527496307319,2.92607373660952
"2021-12-08","Lake Geneva","GE",5.78924245571715,8.97970295717289
"2021-12-08","Lake Geneva","VD",7.92642871450601,12.8753566206535
"2021-12-08","Lake Geneva","VS",1.88035226978105,2.55900172727773
"2021-12-08","Northwestern","AG",4.83478014987687,8.46420470110482
"2021-12-08","Northwestern","BL",1.77158222503302,3.09784984171719
"2021-12-08","Northwestern","BS",1.88918209533752,4.07854389331528
"2021-12-08","Ticino","TI",1.57932677380685,2.02576165742529
"2021-12-08","Zurich","ZH",14.6332975026509,29.6933045385735
"2021-12-09","9999","9999",0.00915231383785268,0.0207327708974435
"2021-12-09","Central","LU",3.84401682656454,6.95285367897921
"2021-12-09","Central","NW",0.388491467754871,0.571782630832281
"2021-12-09","Central","OW",0.277265125972516,0.410916721557527
"2021-12-09","Central","SZ",1.39265633669031,2.00869960662116
"2021-12-09","Central","UR",0.289806353014052,0.390931689938352
"2021-12-09","Central","ZG",1.5143354286254,2.64689508062329
"2021-12-09","Eastern","AI",0.101484768534761,0.114913931810256
"2021-12-09","Eastern","AR",0.206773149111363,0.324790751960606
"2021-12-09","Eastern","GL",0.24716573542959,0.430901753176702
"2021-12-09","Eastern","GR",2.12222133167544,2.9480300808714
"2021-12-09","Eastern","SG",4.08615556135919,6.804631361137
"2021-12-09","Eastern","SH",0.548964763118277,1.05291886824902
"2021-12-09","Eastern","TG",1.80008660829651,3.00509618306289
"2021-12-09","Espace Mittelland","BE",8.02097176722024,16.0528067073573
"2021-12-09","Espace Mittelland","FR",2.50697846963973,4.06790560267446
"2021-12-09","Espace Mittelland","JU",0.490235026566309,0.748996839781905
"2021-12-09","Espace Mittelland","NE",1.43008132671924,2.36543921865324
"2021-12-09","Espace Mittelland","SO",1.7061602663023,3.13635841454802
"2021-12-09","Lake Geneva","GE",6.48399139639125,9.89146904257424
"2021-12-09","Lake Geneva","VD",7.61673992961899,12.6974626487236
"2021-12-09","Lake Geneva","VS",4.07486065904832,5.28553104103661
"2021-12-09","Northwestern","AG",4.95370322816092,8.7538177188378
"2021-12-09","Northwestern","BL",1.78592369803751,3.14169455394293
"2021-12-09","Northwestern","BS",2.00496128587921,4.38419931738202
"2021-12-09","Ticino","TI",3.08625449572478,4.08765271725055
"2021-12-09","Zurich","ZH",14.9753530309969,30.9409075243644
"2021-12-10","9999","9999",0.0102180629880065,0.0212425931326265
"2021-12-10","Central","LU",4.55418310447667,7.66884802607027
"2021-12-10","Central","NW",0.488024800571028,0.623410629181817
"2021-12-10","Central","OW",0.314002873819324,0.438005276320253
"2021-12-10","Central","SZ",1.66563746835527,2.20236407969269
"2021-12-10","Central","UR",0.364631955838462,0.454489528591171
"2021-12-10","Central","ZG",1.78639031940391,2.95214264690188
"2021-12-10","Eastern","AI",0.134605608493791,0.144789514791982
"2021-12-10","Eastern","AR",0.295345232475141,0.395418125607963
"2021-12-10","Eastern","GL",0.321844248572797,0.516925758326587
"2021-12-10","Eastern","GR",3.03482361223239,3.76428946754846
"2021-12-10","Eastern","SG",5.17398459923537,7.81302575418003
"2021-12-10","Eastern","SH",0.598119059716104,1.10230364876375
"2021-12-10","Eastern","TG",2.15592720174105,3.35129946890118
"2021-12-10","Espace Mittelland","BE",9.32158084913889,16.8951689924757
"2021-12-10","Espace Mittelland","FR",2.75873647641646,4.34871568981328
"2021-12-10","Espace Mittelland","JU",0.559928781197812,0.816259386677053
"2021-12-10","Espace Mittelland","NE",1.42271563500577,2.26680561021983
"2021-12-10","Espace Mittelland","SO",1.73747506458665,3.04255112327434
"2021-12-10","Lake Geneva","GE",6.35794052078002,9.29715226894686
"2021-12-10","Lake Geneva","VD",7.97911496482256,12.6638143812016
"2021-12-10","Lake Geneva","VS",3.98541511493501,5.11195356403129
"2021-12-10","Northwestern","AG",5.56267575667138,9.20660783997836
"2021-12-10","Northwestern","BL",2.20024794916293,3.48239175964125
"2021-12-10","Northwestern","BS",2.30647266612925,4.58377772838167
"2021-12-10","Ticino","TI",3.56331547401734,4.36897262662455
"2021-12-10","Zurich","ZH",17.5534920167615,32.7382688204277
"2021-12-11","9999","9999",0.0107832701940796,0.019305268638931
"2021-12-11","Central","LU",5.89328350514558,8.47885359332908
"2021-12-11","Central","NW",0.614974649811447,0.718475481968947
"2021-12-11","Central","OW",0.426119260701988,0.564033332857499
"2021-12-11","Central","SZ",2.18023754954144,2.66956517601443
"2021-12-11","Central","UR",0.390254836543953,0.498096323773827
"2021-12-11","Central","ZG",2.06923342239554,2.84293872412567
"2021-12-11","Eastern","AI",0.17394469497692,0.171504199915573
"2021-12-11","Eastern","AR",0.333553199662265,0.409149337808893
"2021-12-11","Eastern","GL",0.414916780413057,0.579056094720893
"2021-12-11","Eastern","GR",4.29664998816167,4.73737017376781
"2021-12-11","Eastern","SG",6.8575930149957,8.99146285673111
"2021-12-11","Eastern","SH",0.837443486964585,1.34841183576111
"2021-12-11","Eastern","TG",2.84934179727065,3.92304811158445
"2021-12-11","Espace Mittelland","BE",12.2997010270358,18.7979275386258
"2021-12-11","Espace Mittelland","FR",3.14741649277149,4.35711076261929
"2021-12-11","Espace Mittelland","JU",0.682304184820673,0.940554047614678
"2021-12-11","Espace Mittelland","NE",2.07241856542374,2.80089538379758
"2021-12-11","Espace Mittelland","SO",2.59281835659485,3.79232969048352
"2021-12-11","Lake Geneva","GE",8.22510928901157,10.1728569282463
"2021-12-11","Lake Geneva","VD",11.882577967977,15.5306127859338
"2021-12-11","Lake Geneva","VS",6.02233019198056,6.69264041014179
"2021-12-11","Northwestern","AG",8.18010199645939,11.4274954608827
"2021-12-11","Northwestern","BL",2.77429451630472,3.72938363851292
"2021-12-11","Northwestern","BS",3.07471108660952,5.04693423497095
"2021-12-11","Ticino","TI",3.91427938722582,4.71918651404628
"2021-12-11","Zurich","ZH",23.6532986056375,36.2827909164632
"2021-12-12","9999","9999",0.00938407573457014,0.016790145612028
"2021-12-12","Central","LU",1.97588873098142,3.51185948483483
"2021-12-12","Central","NW",0.182771998615592,0.209468962362204
"2021-12-12","Central","OW",0.249459948336634,0.362007775128968
"2021-12-12","Central","SZ",0.714950978636666,1.05713339872653
"2021-12-12","Central","UR",0.179910424690684,0.204642645202471
"2021-12-12","Central","ZG",0.423632023182283,0.873087571825456
"2021-12-12","Eastern","AI",0.0588334523797324,0.0672965350441608
"2021-12-12","Eastern","AR",0.0835391499563538,0.110733389481755
"2021-12-12","Eastern","GL",0.122289176746835,0.231459294773099
"2021-12-12","Eastern","GR",2.43661706076534,2.45883865213877
"2021-12-12","Eastern","SG",1.74449213249168,2.80089538379758
"2021-12-12","Eastern","SH",0.288809431856679,0.55138974142496
"2021-12-12","Eastern","TG",0.43580709830342,0.835122809378826
"2021-12-12","Espace Mittelland","BE",3.20083692270311,6.93708317783755
"2021-12-12","Espace Mittelland","FR",0.60745887266037,1.31853625277938
"2021-12-12","Espace Mittelland","JU",0.0945681348315316,0.180850940893929
"2021-12-12","Espace Mittelland","NE",0.238760457505182,0.494765485170631
"2021-12-12","Espace Mittelland","SO",0.699748885516942,1.32088143506122
"2021-12-12","Lake Geneva","GE",1.28528320727732,2.74124618228116
"2021-12-12","Lake Geneva","VD",1.97037331632078,3.97787099594114
"2021-12-12","Lake Geneva","VS",2.11775571229362,2.70175195312898
"2021-12-12","Northwestern","AG",2.14200843975458,3.651618753573
"2021-12-12","Northwestern","BL",0.634525132295246,0.971857132854916
"2021-12-12","Northwestern","BS",1.06091254256515,2.13649504690704
"2021-12-12","Ticino","TI",1.76995408821223,2.21660511412881
"2021-12-12","Zurich","ZH",5.262319179815,12.2512662284914
"2021-12-13","9999","9999",0.00791290088502359,0.0203589012583093
"2021-12-13","Central","LU",3.1458738113705,6.38722290311814
"2021-12-13","Central","NW",0.337492725060125,0.542416870085738
"2021-12-13","Central","OW",0.240958293208636,0.412718093455174
"2021-12-13","Central","SZ",1.27035756569096,1.94412212349798
"2021-12-13","Central","UR",0.263636776135822,0.378831908890008
"2021-12-13","Central","ZG",1.2608732045634,2.40884208494182
"2021-12-13","Eastern","AI",0.0730574408250882,0.109645768713365
"2021-12-13","Eastern","AR",0.187409496094311,0.332472073637364
"2021-12-13","Eastern","GL",0.229697554268783,0.427910796063629
"2021-12-13","Eastern","GR",2.26313984084748,3.18642295804299
"2021-12-13","Eastern","SG",3.69419224298261,6.61351599924138
"2021-12-13","Eastern","SH",0.490719403173897,1.00863231008612
"2021-12-13","Eastern","TG",1.62886162936794,2.95557544995211
"2021-12-13","Espace Mittelland","BE",7.45777344098419,15.4608011278627
"2021-12-13","Espace Mittelland","FR",2.13759025122441,3.82240920235932
"2021-12-13","Espace Mittelland","JU",0.408151673243318,0.69274645316671
"2021-12-13","Espace Mittelland","NE",1.19986815382384,2.17989791319563
"2021-12-13","Espace Mittelland","SO",1.42212695125118,2.87159073374296
"2021-12-13","Lake Geneva","GE",5.53023902999334,8.93731973535468
"2021-12-13","Lake Geneva","VD",7.2572774275273,12.4848667766523
"2021-12-13","Lake Geneva","VS",3.69917777686656,5.18176522210236
"2021-12-13","Northwestern","AG",4.36057023490768,8.35860352212391
"2021-12-13","Northwestern","BL",1.65423434287596,3.09078030672265
"2021-12-13","Northwestern","BS",1.7811446481319,4.06980893901914
"2021-12-13","Ticino","TI",2.63273319221376,3.68064463282943
"2021-12-13","Zurich","ZH",13.7953862939179,30.168288921019
"2021-12-14","9999","9999",0.00851380262649673,0.0203589012583093
"2021-12-14","Central","LU",3.38285680240943,6.47878697655701
"2021-12-14","Central","NW",0.366966934528668,0.556691892670863
"2021-12-14","Central","OW",0.251657043912036,0.41404363126665
"2021-12-14","Central","SZ",1.3276360246983,1.94765689099525
"2021-12-14","Central","UR",0.272504195498097,0.387532875037132
"2021-12-14","Central","ZG",1.39302521807765,2.48144077123189
"2021-12-14","Eastern","AI",0.10722909422851,0.12252727718899
"2021-12-14","Eastern","AR",0.204494600290067,0.342430601297939
"2021-12-14","Eastern","GL",0.254914723405317,0.446978147659474
"2021-12-14","Eastern","GR",2.26697178530442,3.06664872092399
"2021-12-14","Eastern","SG",3.98473429111203,6.71123192765147
"2021-12-14","Eastern","SH",0.536262293894065,1.05098154375532
"2021-12-14","Eastern","TG",1.72322103634085,2.96883082806687
"2021-12-14","Espace Mittelland","BE",7.62103205358706,15.4598154715414
"2021-12-14","Espace Mittelland","FR",2.18794571690971,3.74403253073718
"2021-12-14","Espace Mittelland","JU",0.428228089154196,0.698626402945821
"2021-12-14","Espace Mittelland","NE",1.3027062993673,2.22115952609644
"2021-12-14","Espace Mittelland","SO",1.51845483646798,2.93949905546934
"2021-12-14","Lake Geneva","GE",6.10862367561477,9.07490376255607
"2021-12-14","Lake Geneva","VD",7.37392385626044,12.4513544617263
"2021-12-14","Lake Geneva","VS",3.75748450869891,5.13445371867737
"2021-12-14","Northwestern","AG",4.69890887150651,8.53286076210947
"2021-12-14","Northwestern","BL",1.72868058895568,3.09292156011042
"2021-12-14","Northwestern","BS",1.86209083190577,4.13023986796284
"2021-12-14","Ticino","TI",2.75630844522487,3.78339080729331
"2021-12-14","Zurich","ZH",14.6580798054389,30.4260210549786
"2021-12-15","9999","9999",0.0101570905342294,0.0227040835401512
"2021-12-15","Central","LU",3.71459354769601,6.85133107787976
"2021-12-15","Central","NW",0.380536500967569,0.58163919404582
"2021-12-15","Central","OW",0.261929473025655,0.418564055085273
"2021-12-15","Central","SZ",1.39697850045882,2.04829580022038
"2021-12-15","Central","UR",0.27466268301815,0.393378836667231
"2021-12-15","Central","ZG",1.46128077076011,2.56440584297067
"2021-12-15","Eastern","AI",0.10467110986552,0.123410969063307
"2021-12-15","Eastern","AR",0.253110702397694,0.353612702322954
"2021-12-15","Eastern","GL",0.275219509938347,0.455781078253635
"2021-12-15","Eastern","GR",2.34219771908434,3.22897612060627
"2021-12-15","Eastern","SG",4.32550610847065,7.06219355435147
"2021-12-15","Eastern","SH",0.584899722654439,1.1010460872503
"2021-12-15","Eastern","TG",1.82703678530793,3.08969268595426
"2021-12-15","Espace Mittelland","BE",8.36697713576451,16.5695285367898
"2021-12-15","Espace Mittelland","FR",2.38997863563597,3.9460241003167
"2021-12-15","Espace Mittelland","JU",0.485611293902942,0.768709966208982
"2021-12-15","Espace Mittelland","NE",1.4744875804692,2.34803728635899
"2021-12-15","Espace Mittelland","SO",1.65963358484464,3.07844260863122
"2021-12-15","Lake Geneva","GE",6.35586115647311,9.53333591643266
"2021-12-15","Lake Geneva","VD",8.14293325912525,13.2919833512451
"2021-12-15","Lake Geneva","VS",3.94921158681665,5.3342360585711
"2021-12-15","Northwestern","AG",4.99703987156358,8.95461970320189
"2021-12-15","Northwestern","BL",1.84959785808038,3.19553178197826
"2021-12-15","Northwestern","BS",2.02371420402496,4.27146062710854
"2021-12-15","Ticino","TI",2.9965546373473,3.97569575440435
"2021-12-15","Zurich","ZH",15.7542888511532,31.7081220120168
"2021-12-16","9999","9999",0.00982279936424332,0.0216504509207729
"2021-12-16","Central","LU",3.90587761805662,7.07415738280376
"2021-12-16","Central","NW",0.395806623211699,0.598973150042043
"2021-12-16","Central","OW",0.276893660011027,0.441879925307644
"2021-12-16","Central","SZ",1.43054559064073,2.05991974718255
"2021-12-16","Central","UR",0.351223502353531,0.404357008798172
"2021-12-16","Central","ZG",1.57228087223597,2.66494278774877
"2021-12-16","Eastern","AI",0.110762132685168,0.130922349995004
"2021-12-16","Eastern","AR",0.229533559123036,0.347732752543843
"2021-12-16","Eastern","GL",0.279602556092141,0.472163366077516
"2021-12-16","Eastern","GR",2.52190810948399,3.29936557721054
"2021-12-16","Eastern","SG",4.5162122406395,7.33661386947599
"2021-12-16","Eastern","SH",0.604733717258248,1.12480380340983
"2021-12-16","Eastern","TG",1.91396543587118,3.15583362393201
"2021-12-16","Espace Mittelland","BE",8.55547206684874,16.7340991543069
"2021-12-16","Espace Mittelland","FR",2.44799841708148,3.9735884891656
"2021-12-16","Espace Mittelland","JU",0.519199828218237,0.796784177293062
"2021-12-16","Espace Mittelland","NE",1.54503952728264,2.46478657821591
"2021-12-16","Espace Mittelland","SO",1.82627670121105,3.28104596489296
"2021-12-16","Lake Geneva","GE",6.92114472888027,10.0004350483074
"2021-12-16","Lake Geneva","VD",8.17487136270971,13.1655474369197
"2021-12-16","Lake Geneva","VS",4.01667437620334,5.32166044343658
"2021-12-16","Northwestern","AG",5.24442421105786,9.15450400754265
"2021-12-16","Northwestern","BL",1.91169789107012,3.25490907830258
"2021-12-16","Northwestern","BS",2.1198800638548,4.47416594781731
"2021-12-16","Ticino","TI",3.19755946338555,4.2370986084572
"2021-12-16","Zurich","ZH",16.4047449578062,32.5618703270544
"2021-12-17","9999","9999",0.0112710968165538,0.0234178346694075
"2021-12-17","Central","LU",4.93945831641302,8.27312332735822
"2021-12-17","Central","NW",0.506002115426948,0.679457086902939
"2021-12-17","Central","OW",0.371475943428011,0.547617056884605
"2021-12-17","Central","SZ",1.80837102996733,2.42869116396495
"2021-12-17","Central","UR",0.392399453516076,0.506525384728853
"2021-12-17","Central","ZG",1.91916329643745,3.02446942799985
"2021-12-17","Eastern","AI",0.14326238506296,0.15648143805218
"2021-12-17","Eastern","AR",0.300517121987244,0.403405340625831
"2021-12-17","Eastern","GL",0.351029017064874,0.557133738608022
"2021-12-17","Eastern","GR",3.52066935833878,4.17061778898934
"2021-12-17","Eastern","SG",5.58394894789368,8.30439242444944
"2021-12-17","Eastern","SH",0.740417488690148,1.26684027813182
"2021-12-17","Eastern","TG",2.31104300775634,3.52028854578985
"2021-12-17","Espace Mittelland","BE",11.0003707884898,19.0941682454162
"2021-12-17","Espace Mittelland","FR",3.39235666706585,4.90527162988809
"2021-12-17","Espace Mittelland","JU",0.676856995085514,0.926143072433504
"2021-12-17","Espace Mittelland","NE",1.92026862873229,2.80099734824461
"2021-12-17","Espace Mittelland","SO",2.17709362655489,3.59598015364003
"2021-12-17","Lake Geneva","GE",7.99976673435105,10.5969610516205
"2021-12-17","Lake Geneva","VD",10.8513436321851,15.67319307104
"2021-12-17","Lake Geneva","VS",5.50176728676853,6.59733764031158
"2021-12-17","Northwestern","AG",6.47505262711839,10.3390249887669
"2021-12-17","Northwestern","BL",2.38668872728626,3.65308024398053
"2021-12-17","Northwestern","BS",2.57440110805863,4.87797914623129
"2021-12-17","Ticino","TI",3.92557150524545,4.57925730456305
"2021-12-17","Zurich","ZH",19.9482121476575,35.8145701756711
"2021-12-18","9999","9999",0.0141839980344392,0.0250832539710054
"2021-12-18","Central","LU",5.94766466828046,8.75694462854692
"2021-12-18","Central","NW",0.619409070250476,0.763135909770981
"2021-12-18","Central","OW",0.516009300660562,0.723539716171765
"2021-12-18","Central","SZ",2.2578578210645,2.81081992330914
"2021-12-18","Central","UR",0.461229682344442,0.597545647783531
"2021-12-18","Central","ZG",2.0826077399216,2.83416978168052
"2021-12-18","Eastern","AI",0.194082220402325,0.19906858876447
"2021-12-18","Eastern","AR",0.337188281805534,0.418224173595151
"2021-12-18","Eastern","GL",0.446088499022152,0.639826905154711
"2021-12-18","Eastern","GR",5.37140665726072,5.59169628733853
"2021-12-18","Eastern","SG",7.10483068382307,9.25816786202987
"2021-12-18","Eastern","SH",0.892198579238444,1.39388797913943
"2021-12-18","Eastern","TG",2.89875693614039,3.92260626564729
"2021-12-18","Espace Mittelland","BE",12.6623620336208,19.3067641174875
"2021-12-18","Espace Mittelland","FR",3.50987146180463,4.68115377530163
"2021-12-18","Espace Mittelland","JU",0.777689088159382,0.953163650898205
"2021-12-18","Espace Mittelland","NE",2.35114371733277,3.01080619209694
"2021-12-18","Espace Mittelland","SO",2.65991646256918,3.87991715048797
"2021-12-18","Lake Geneva","GE",8.69803187067361,10.2302969000769
"2021-12-18","Lake Geneva","VD",13.1869762196505,16.673226379426
"2021-12-18","Lake Geneva","VS",6.99023807910502,7.35996372784737
"2021-12-18","Northwestern","AG",8.22847573600027,11.5072316584653
"2021-12-18","Northwestern","BL",2.73161474633793,3.63214354418901
"2021-12-18","Northwestern","BS",3.15032113510017,5.1030486689901
"2021-12-18","Ticino","TI",4.28971708338937,5.03697570731038
"2021-12-18","Zurich","ZH",23.8222200554441,36.4473615339803
"2021-12-19","9999","9999",0.00989268076679005,0.0171980034001744
"2021-12-19","Central","LU",2.58552071358588,4.292227386155
"2021-12-19","Central","NW",0.310568660079655,0.352491093405551
"2021-12-19","Central","OW",0.3849430275859,0.526034582261857
"2021-12-19","Central","SZ",0.92735998748001,1.32390638032331
"2021-12-19","Central","UR",0.308356366425055,0.366800104139689
"2021-12-19","Central","ZG",0.729644376655677,1.1879537842745
"2021-12-19","Eastern","AI",0.0887225760676101,0.0977839047081064
"2021-12-19","Eastern","AR",0.107860634921708,0.140031173930274
"2021-12-19","Eastern","GL",0.198703814917987,0.335734935942536
"2021-12-19","Eastern","GR",3.68781531143784,3.57409178567617
"2021-12-19","Eastern","SG",2.25524096323523,3.4262773256221
"2021-12-19","Eastern","SH",0.314170178003185,0.563931368410463
"2021-12-19","Eastern","TG",0.761742825653905,1.21419263531192
"2021-12-19","Espace Mittelland","BE",5.15976964505146,9.02412546793184
"2021-12-19","Espace Mittelland","FR",0.64648837415276,1.34436724602865
"2021-12-19","Espace Mittelland","JU",0.11589947114013,0.27037572539207
"2021-12-19","Espace Mittelland","NE",0.78153427660082,1.20294255798888
"2021-12-19","Espace Mittelland","SO",0.865426228760493,1.53045236187046
"2021-12-19","Lake Geneva","GE",1.24203955763572,2.58068616634752
"2021-12-19","Lake Geneva","VD",2.02221300895508,4.027629646095
"2021-12-19","Lake Geneva","VS",3.9010199970969,4.33933496068591
"2021-12-19","Northwestern","AG",2.73545014472577,4.43980392916598
"2021-12-19","Northwestern","BL",0.870786521979961,1.32244488991578
"2021-12-19","Northwestern","BS",1.26406600732953,2.58829951172625
"2021-12-19","Ticino","TI",2.2684585850795,2.76513985103674
"2021-12-19","Zurich","ZH",8.6606192866006,15.7132311105764
"2021-12-20","9999","9999",0.00929358431119946,0.0200869960662116
"2021-12-20","Central","LU",3.95946459637996,6.89419013378415
"2021-12-20","Central","NW",0.443374437708761,0.632995287203258
"2021-12-20","Central","OW",0.382020770992801,0.553259089620631
"2021-12-20","Central","SZ",1.63323998412805,2.29521970279403
"2021-12-20","Central","UR",0.325738735808108,0.467676930407905
"2021-12-20","Central","ZG",1.4894376149531,2.55098052411085
"2021-12-20","Eastern","AI",0.103365852928246,0.133471461170919
"2021-12-20","Eastern","AR",0.218811676481006,0.338589940459561
"2021-12-20","Eastern","GL",0.309804879258545,0.501801032016157
"2021-12-20","Eastern","GR",4.16697681621716,4.80480266140802
"2021-12-20","Eastern","SG",4.9960483740959,7.62605694646391
"2021-12-20","Eastern","SH",0.616080365876389,1.14944521144367
"2021-12-20","Eastern","TG",1.9946512277156,3.18601510025484
"2021-12-20","Espace Mittelland","BE",9.3513208428984,16.9482924693818
"2021-12-20","Espace Mittelland","FR",2.83420386424615,4.50964957538605
"2021-12-20","Espace Mittelland","JU",0.553746530742763,0.823906720204799
"2021-12-20","Espace Mittelland","NE",1.55723177024176,2.44221844727181
"2021-12-20","Espace Mittelland","SO",1.75923254626406,3.15936839142928
"2021-12-20","Lake Geneva","GE",7.16043565848137,9.70745720382217
"2021-12-20","Lake Geneva","VD",9.38133336042176,14.2421560450302
"2021-12-20","Lake Geneva","VS",5.18713101214583,6.31074956784069
"2021-12-20","Northwestern","AG",5.43791894992418,9.29212202289306
"2021-12-20","Northwestern","BL",1.99553902501961,3.13883954942591
"2021-12-20","Northwestern","BS",2.28944193197513,4.45968699633812
"2021-12-20","Ticino","TI",3.46741051519973,4.22860157120415
"2021-12-20","Zurich","ZH",16.7068296788388,30.7446599519679
"2021-12-21","9999","9999",0.00856803169135899,0.0196111619800408
"2021-12-21","Central","LU",4.49252279370207,7.29528428027715
"2021-12-21","Central","NW",0.479037832906318,0.675718390511596
"2021-12-21","Central","OW",0.418105393036249,0.59938100783019
"2021-12-21","Central","SZ",1.84903162879272,2.45275477346559
"2021-12-21","Central","UR",0.40359643962693,0.506219491387743
"2021-12-21","Central","ZG",1.67704369923958,2.69607593224395
"2021-12-21","Eastern","AI",0.145150659271803,0.156583402499217
"2021-12-21","Eastern","AR",0.261254166876875,0.372000290938556
"2021-12-21","Eastern","GL",0.353968116466174,0.550574025848667
"2021-12-21","Eastern","GR",4.08063245171642,4.77795202368838
"2021-12-21","Eastern","SG",5.56195637570133,7.93589291285914
"2021-12-21","Eastern","SH",0.719392530150731,1.2517495399704
"2021-12-21","Eastern","TG",2.26444068051258,3.34042326121728
"2021-12-21","Espace Mittelland","BE",10.5097161993867,17.9511807822848
"2021-12-21","Espace Mittelland","FR",3.07894427445496,4.52970258330325
"2021-12-21","Espace Mittelland","JU",0.644081489476924,0.871796022162992
"2021-12-21","Espace Mittelland","NE",1.82587076251285,2.64873044066995
"2021-12-21","Espace Mittelland","SO",1.97512327018711,3.33777218559433
"2021-12-21","Lake Geneva","GE",8.04541654812054,10.071742184935
"2021-12-21","Lake Geneva","VD",10.2294844482982,14.7810721357677
"2021-12-21","Lake Geneva","VS",5.59713726614954,6.66823691915103
"2021-12-21","Northwestern","AG",6.20513815925306,9.84381765765913
"2021-12-21","Northwestern","BL",2.23704570220622,3.30490564549953
"2021-12-21","Northwestern","BS",2.52274826838721,4.65083634638274
"2021-12-21","Ticino","TI",3.73336573658325,4.431510820807
"2021-12-21","Zurich","ZH",18.265710336899,31.6493225142257
"2021-12-22","9999","9999",0.0110332650866087,0.021990332410895
"2021-12-22","Central","LU",5.11726807364017,7.86179874801254
"2021-12-22","Central","NW",0.561032437435478,0.729895500037047
"2021-12-22","Central","OW",0.471201032065883,0.632689393862148
"2021-12-22","Central","SZ",2.09255555435421,2.70324743168552
"2021-12-22","Central","UR",0.423027784990545,0.544694076069556
"2021-12-22","Central","ZG",1.93585173115775,2.88430230147352
"2021-12-22","Eastern","AI",0.164641947175557,0.173577477005318
"2021-12-22","Eastern","AR",0.298602939380572,0.39660771082339
"2021-12-22","Eastern","GL",0.422053236063642,0.603459585711654
"2021-12-22","Eastern","GR",4.64750440941077,5.03218337829965
"2021-12-22","Eastern","SG",6.30357634143011,8.67438741459628
"2021-12-22","Eastern","SH",0.835048796779505,1.35612714558688
"2021-12-22","Eastern","TG",2.59019508432246,3.64026671180293
"2021-12-22","Espace Mittelland","BE",11.7849887126752,19.1108564265812
"2021-12-22","Espace Mittelland","FR",3.56289102820183,5.13156472601133
"2021-12-22","Espace Mittelland","JU",0.802185873824372,1.03412342184527
"2021-12-22","Espace Mittelland","NE",2.1568421331576,3.0254550843212
"2021-12-22","Espace Mittelland","SO",2.34865759587917,3.71198170621868
"2021-12-22","Lake Geneva","GE",8.82531642226627,10.8901428249998
"2021-12-22","Lake Geneva","VD",11.7895109185668,16.3373554908874
"2021-12-22","Lake Geneva","VS",6.16138725952266,7.04985585626004
"2021-12-22","Northwestern","AG",7.18300315744501,10.7214936296012
"2021-12-22","Northwestern","BL",2.47739629546017,3.51661782569654
"2021-12-22","Northwestern","BS",2.79812201474588,4.91988653396334
"2021-12-22","Ticino","TI",4.1652716512547,4.79300877370079
"2021-12-22","Zurich","ZH",20.4107967695032,33.3971630771782
"2021-12-23","9999","9999",0.0125643942243587,0.0222622376029926
"2021-12-23","Central","LU",6.48452826335019,9.33668048624806
"2021-12-23","Central","NW",0.678130301203883,0.835224773825862
"2021-12-23","Central","OW",0.524253379478529,0.649649480219237
"2021-12-23","Central","SZ",2.52143804593475,3.07609742634938
"2021-12-23","Central","UR",0.528594113020694,0.615015556375803
"2021-12-23","Central","ZG",2.44131562076633,3.36322930920447
"2021-12-23","Eastern","AI",0.19640752260356,0.203656988881117
"2021-12-23","Eastern","AR",0.362027922979393,0.455917030849683
"2021-12-23","Eastern","GL",0.482182456860706,0.66528402876485
"2021-12-23","Eastern","GR",5.20516839485457,5.34715155519573
"2021-12-23","Eastern","SG",7.67718526733055,10.0147440590415
"2021-12-23","Eastern","SH",1.02605014214042,1.55536567509641
"2021-12-23","Eastern","TG",3.24215405818653,4.31282420445639
"2021-12-23","Espace Mittelland","BE",14.0392025700598,21.6762479258732
"2021-12-23","Espace Mittelland","FR",4.27060615864781,5.69274305435181
"2021-12-23","Espace Mittelland","JU",0.954253961751756,1.21048792706959
"2021-12-23","Espace Mittelland","NE",2.67921330042847,3.5076109662083
"2021-12-23","Espace Mittelland","SO",3.03167882772113,4.54020492134802
"2021-12-23","Lake Geneva","GE",9.94730994722664,11.7252656343786
"2021-12-23","Lake Geneva","VD",13.3857492345833,17.7731848459079
"2021-12-23","Lake Geneva","VS",7.54870780553963,8.17533942265011
"2021-12-23","Northwestern","AG",8.68821767480846,12.3371542810453
"2021-12-23","Northwestern","BL",3.09583620522924,4.10695798588948
"2021-12-23","Northwestern","BS",3.3215842678256,5.40418366923821
"2021-12-23","Ticino","TI",5.08789291993388,5.54931306552031
"2021-12-23","Zurich","ZH",24.5299693805892,37.435363037616
"2021-12-24","9999","9999",0.0125262913357748,0.0212086049836143
"2021-12-24","Central","LU",4.91507390489919,7.25840713859891
"2021-12-24","Central","NW",0.511706188336344,0.66280289388696
"2021-12-24","Central","OW",0.392556051297328,0.505199846917377
"2021-12-24","Central","SZ",2.01766971528805,2.4851114913252
"2021-12-24","Central","UR",0.395040140335797,0.513628907872403
"2021-12-24","Central","ZG",1.80087806755714,2.5185218418042
"2021-12-24","Eastern","AI",0.162139542904826,0.172285927342854
"2021-12-24","Eastern","AR",0.308432787583402,0.411596484537771
"2021-12-24","Eastern","GL",0.419225798097602,0.579192047316942
"2021-12-24","Eastern","GR",4.46088008344666,4.49452484907562
"2021-12-24","Eastern","SG",5.95491039267721,8.08778595079468
"2021-12-24","Eastern","SH",0.850022867802984,1.32162917433949
"2021-12-24","Eastern","TG",2.72594395569473,3.86091777519015
"2021-12-24","Espace Mittelland","BE",11.7556823634656,17.9443491643334
"2021-12-24","Espace Mittelland","FR",3.49026140488671,4.75959842322179
"2021-12-24","Espace Mittelland","JU",0.793016352988324,1.0261362068274
"2021-12-24","Espace Mittelland","NE",2.31779684853241,3.05322340206417
"2021-12-24","Espace Mittelland","SO",2.50276462302418,3.72421743986307
"2021-12-24","Lake Geneva","GE",7.77056225417347,9.3459932390774
"2021-12-24","Lake Geneva","VD",11.9334635219881,15.5621537882171
"2021-12-24","Lake Geneva","VS",6.87886285018762,7.43823843502248
"2021-12-24","Northwestern","AG",7.39433260924661,10.5343888692891
"2021-12-24","Northwestern","BL",2.42361137400124,3.48592652713852
"2021-12-24","Northwestern","BS",2.3707976180267,3.97875468781545
"2021-12-24","Ticino","TI",4.21468523546393,4.98810074903083
"2021-12-24","Zurich","ZH",18.9709483135804,29.0410719590293
"2021-12-25","9999","9999",0.00899502292080633,0.0180816952744917
"2021-12-25","Central","LU",0.581625732931873,1.28828680015852
"2021-12-25","Central","NW",0.078395964881386,0.0972061061748989
"2021-12-25","Central","OW",0.181568029572791,0.243321158778357
"2021-12-25","Central","SZ",0.253790269177798,0.420297450684895
"2021-12-25","Central","UR",0.102875473059795,0.145571242219263
"2021-12-25","Central","ZG",0.124107949407212,0.291890223716794
"2021-12-25","Eastern","AI",0.00939914066903903,0.01342531885982
"2021-12-25","Eastern","AR",0.0534589009262123,0.0686900491536611
"2021-12-25","Eastern","GL",0.0680311372419564,0.134491105641285
"2021-12-25","Eastern","GR",1.72587946273768,1.4990813003322
"2021-12-25","Eastern","SG",0.663041604316916,1.27700273468647
"2021-12-25","Eastern","SH",0.0951469619601633,0.222554399731901
"2021-12-25","Eastern","TG",0.176883806126284,0.295764872704185
"2021-12-25","Espace Mittelland","BE",1.95818711186672,3.96767455123747
"2021-12-25","Espace Mittelland","FR",0.357749900604523,0.76327186236703
"2021-12-25","Espace Mittelland","JU",0.0611249710640281,0.138025873138554
"2021-12-25","Espace Mittelland","NE",0.187544175903579,0.363095395897359
"2021-12-25","Espace Mittelland","SO",0.267965796857868,0.582760802963223
"2021-12-25","Lake Geneva","GE",0.768540612022537,1.4907202156752
"2021-12-25","Lake Geneva","VD",1.21313300680267,2.26405257014984
"2021-12-25","Lake Geneva","VS",2.56278844802028,2.58456081533491
"2021-12-25","Northwestern","AG",0.774661474925537,1.70093691731567
"2021-12-25","Northwestern","BL",0.273473234582838,0.616341094187279
"2021-12-25","Northwestern","BS",0.279005593868234,0.796172390610842
"2021-12-25","Ticino","TI",0.392640931061979,0.553021172577546
"2021-12-25","Zurich","ZH",2.5411680505893,5.90258588635315
"2021-12-26","9999","9999",0.00837016687620188,0.0194072330859676
"2021-12-26","Central","LU",0.716431818227119,1.69631452905001
"2021-12-26","Central","NW",0.138099486736077,0.155529769879838
"2021-12-26","Central","OW",0.263690370805211,0.306437151494017
"2021-12-26","Central","SZ",0.335798904811767,0.534327690620834
"2021-12-26","Central","UR",0.206262370687245,0.243117229884284
"2021-12-26","Central","ZG",0.158300663173923,0.426415317507092
"2021-12-26","Eastern","AI",0.0133278891759041,0.0210386642385533
"2021-12-26","Eastern","AR",0.0603344085723088,0.0800081027747245
"2021-12-26","Eastern","GL",0.0926300605780713,0.186798866971065
"2021-12-26","Eastern","GR",3.86170222943447,3.31731131988898
"2021-12-26","Eastern","SG",0.805188941435848,1.58728054701887
"2021-12-26","Eastern","SH",0.121520575303336,0.273366682505144
"2021-12-26","Eastern","TG",0.27003174879136,0.562469878002938
"2021-12-26","Espace Mittelland","BE",2.83923238429742,5.33552760823356
"2021-12-26","Espace Mittelland","FR",0.480890839426098,1.06695597379106
"2021-12-26","Espace Mittelland","JU",0.0708608621645158,0.172455868087915
"2021-12-26","Espace Mittelland","NE",0.20621159555329,0.438379145959387
"2021-12-26","Espace Mittelland","SO",0.301563322358383,0.71266350848786
"2021-12-26","Lake Geneva","GE",1.0171587293148,2.10811494248186
"2021-12-26","Lake Geneva","VD",1.60355239456742,3.02763032585798
"2021-12-26","Lake Geneva","VS",3.80695007417669,3.61103690365243
"2021-12-26","Northwestern","AG",0.864467747269547,2.0689605948198
"2021-12-26","Northwestern","BL",0.297298673196721,0.728637938523596
"2021-12-26","Northwestern","BS",0.368702107963403,1.07059270573536
"2021-12-26","Ticino","TI",0.528839945182435,0.942457383959361
"2021-12-26","Zurich","ZH",3.19331121452166,7.71942239180043
"2021-12-27","9999","9999",0.00865047960669768,0.0167561574630158
"2021-12-27","Central","LU",4.06889163596052,6.20433267328348
"2021-12-27","Central","NW",0.430762444243834,0.547209199096459
"2021-12-27","Central","OW",0.470728904773351,0.607300246550033
"2021-12-27","Central","SZ",1.52465331099985,2.06501796953438
"2021-12-27","Central","UR",0.375152402253785,0.49738257264457
"2021-12-27","Central","ZG",1.18063884383822,1.85327180118836
"2021-12-27","Eastern","AI",0.0833142920054301,0.125008412066881
"2021-12-27","Eastern","AR",0.202186724384228,0.309122215265981
"2021-12-27","Eastern","GL",0.335209453516976,0.515566232366099
"2021-12-27","Eastern","GR",5.78784648805931,5.95251447725207
"2021-12-27","Eastern","SG",4.87820536193638,6.78444240062375
"2021-12-27","Eastern","SH",0.576316512463989,0.953673473133388
"2021-12-27","Eastern","TG",1.78540032568845,2.73842516591315
"2021-12-27","Espace Mittelland","BE",9.68604864927473,14.8333798970975
"2021-12-27","Espace Mittelland","FR",2.69054908208712,3.68611672482039
"2021-12-27","Espace Mittelland","JU",0.484288501021672,0.686220728556367
"2021-12-27","Espace Mittelland","NE",1.47006494333867,2.04363942380571
"2021-12-27","Espace Mittelland","SO",1.61083016768361,2.62255956593055
"2021-12-27","Lake Geneva","GE",5.43998380928769,6.86523223082576
"2021-12-27","Lake Geneva","VD",8.4008123520182,11.3203648151962
"2021-12-27","Lake Geneva","VS",7.09168021783042,7.46162228154287
"2021-12-27","Northwestern","AG",5.31406470779782,7.95377067923956
"2021-12-27","Northwestern","BL",1.90289274036472,2.69991659308232
"2021-12-27","Northwestern","BS",1.90451918938027,3.48521277600926
"2021-12-27","Ticino","TI",3.24274560455279,3.75919124519662
"2021-12-27","Zurich","ZH",14.2471670316327,23.6622774371032
"2021-12-28","9999","9999",0.00828557689713705,0.0163822878238816
"2021-12-28","Central","LU",4.0370637840436,6.10005703211404
"2021-12-28","Central","NW",0.39542019804832,0.493405959210143
"2021-12-28","Central","OW",0.377937958370554,0.487933867219178
"2021-12-28","Central","SZ",1.43972352309082,1.86880438528694
"2021-12-28","Central","UR",0.348366251716289,0.430935741325715
"2021-12-28","Central","ZG",1.18205237876823,1.79780314200045
"2021-12-28","Eastern","AI",0.0955641748840819,0.109339875372255
"2021-12-28","Eastern","AR",0.213622971572852,0.293249749677283
"2021-12-28","Eastern","GL",0.307148919955218,0.446978147659474
"2021-12-28","Eastern","GR",5.42695996784821,5.7751643157064
"2021-12-28","Eastern","SG",4.72551496729435,6.42743088339958
"2021-12-28","Eastern","SH",0.537098172585855,0.924035807194747
"2021-12-28","Eastern","TG",1.76453416965036,2.62123402811908
"2021-12-28","Espace Mittelland","BE",9.4778218769219,14.6050475120335
"2021-12-28","Espace Mittelland","FR",2.45689695706612,3.43569204289848
"2021-12-28","Espace Mittelland","JU",0.480310293164055,0.652402520289226
"2021-12-28","Espace Mittelland","NE",1.37896301614195,1.93817419742084
"2021-12-28","Espace Mittelland","SO",1.61281619361957,2.53405442590278
"2021-12-28","Lake Geneva","GE",5.06506434373705,6.63462263977796
"2021-12-28","Lake Geneva","VD",7.74693878436521,10.6426411238929
"2021-12-28","Lake Geneva","VS",6.31401167311949,6.98208348712971
"2021-12-28","Northwestern","AG",5.2853049059521,7.80296526207242
"2021-12-28","Northwestern","BL",1.85397514768266,2.65766932386016
"2021-12-28","Northwestern","BS",1.90587711288986,3.52195396509145
"2021-12-28","Ticino","TI",2.96941420043436,3.65532346181533
"2021-12-28","Zurich","ZH",13.9427173821779,22.8911883004634
"2021-12-29","9999","9999",0.0100153109780958,0.016960086357089
"2021-12-29","Central","LU",4.19083376705555,6.21782596844132
"2021-12-29","Central","NW",0.450525245577914,0.522601779211625
"2021-12-29","Central","OW",0.37264729201224,0.436679738508777
"2021-12-29","Central","SZ",1.49686349200004,1.88416702864045
"2021-12-29","Central","UR",0.340387307129728,0.421826917390444
"2021-12-29","Central","ZG",1.23041437807684,1.82771271313119
"2021-12-29","Eastern","AI",0.103973239601219,0.116137505174696
"2021-12-29","Eastern","AR",0.234982675540742,0.303174289188846
"2021-12-29","Eastern","GL",0.301358087590881,0.447046123957498
"2021-12-29","Eastern","GR",5.54299091549207,5.77570812609059
"2021-12-29","Eastern","SG",4.80505639194224,6.53238628754926
"2021-12-29","Eastern","SH",0.593468639366643,0.981781672366479
"2021-12-29","Eastern","TG",1.87068141596459,2.73862909480722
"2021-12-29","Espace Mittelland","BE",9.72085410683174,14.603755962371
"2021-12-29","Espace Mittelland","FR",2.51762848937237,3.52603254297292
"2021-12-29","Espace Mittelland","JU",0.497043264796157,0.652436508438238
"2021-12-29","Espace Mittelland","NE",1.38600486071462,1.9463993294818
"2021-12-29","Espace Mittelland","SO",1.65791234069816,2.5859203412954
"2021-12-29","Lake Geneva","GE",5.22971793716036,6.60338753083575
"2021-12-29","Lake Geneva","VD",7.9221372758417,10.7770642532362
"2021-12-29","Lake Geneva","VS",6.3800455885202,6.86999057168746
"2021-12-29","Northwestern","AG",5.50014095914964,8.00770987172193
"2021-12-29","Northwestern","BL",1.91557176045257,2.70885547627253
"2021-12-29","Northwestern","BS",1.88170097106014,3.45146254404014
"2021-12-29","Ticino","TI",3.10450160487761,3.7875373614728
"2021-12-29","Zurich","ZH",14.243469391047,23.3100582488898
"2021-12-30","9999","9999",0.00940346787272713,0.0177758019333819
"2021-12-30","Central","LU",4.9132732869142,7.24630735755057
"2021-12-30","Central","NW",0.530607621595099,0.63302927535227
"2021-12-30","Central","OW",0.556033150484241,0.675480473468511
"2021-12-30","Central","SZ",1.83243241670484,2.29277255606515
"2021-12-30","Central","UR",0.451258019341285,0.541091332274263
"2021-12-30","Central","ZG",1.46945458832145,2.16983742108801
"2021-12-30","Eastern","AI",0.132159250321869,0.152266907574667
"2021-12-30","Eastern","AR",0.307597077280533,0.383930131241839
"2021-12-30","Eastern","GL",0.387048828953537,0.545203898304739
"2021-12-30","Eastern","GR",6.51503810776403,6.60580068941561
"2021-12-30","Eastern","SG",5.78370869449608,7.7720020583223
"2021-12-30","Eastern","SH",0.679402600904741,1.12789672496994
"2021-12-30","Eastern","TG",2.30739574287038,3.30670701739717
"2021-12-30","Espace Mittelland","BE",11.6177056831617,17.3103002445107
"2021-12-30","Espace Mittelland","FR",2.99231165161623,4.08561342830982
"2021-12-30","Espace Mittelland","JU",0.589483363090332,0.74984654350721
"2021-12-30","Espace Mittelland","NE",1.6486408309998,2.27214174961474
"2021-12-30","Espace Mittelland","SO",2.14732790061852,3.22034313075717
"2021-12-30","Lake Geneva","GE",5.99823813104713,7.7093279115438
"2021-12-30","Lake Geneva","VD",9.21760359953172,12.3963616366245
"2021-12-30","Lake Geneva","VS",7.71297826717359,8.55590472713974
"2021-12-30","Northwestern","AG",6.40136505928385,9.19749901604309
"2021-12-30","Northwestern","BL",2.320957767052,3.24552834917521
"2021-12-30","Northwestern","BS",2.18176632123429,3.95978930066664
"2021-12-30","Ticino","TI",3.67703475504661,4.40996233433326
"2021-12-30","Zurich","ZH",17.308045254186,27.5405971445876
"2021-12-31","9999","9999",0.0136714926448678,0.0232478939243465
"2021-12-31","Central","LU",4.16967941925183,6.73410595193668
"2021-12-31","Central","NW",0.462555635455011,0.618788240916157
"2021-12-31","Central","OW",0.59887094758011,0.848038306003463
"2021-12-31","Central","SZ",1.66100767760674,2.31928331229467
"2021-12-31","Central","UR",0.440558234808225,0.612262516305815
"2021-12-31","Central","ZG",1.28237332922799,2.06964035780004
"2021-12-31","Eastern","AI",0.140114177948956,0.170722472488293
"2021-12-31","Eastern","AR",0.260458948235667,0.401943850218306
"2021-12-31","Eastern","GL",0.347225029084976,0.568587744825134
"2021-12-31","Eastern","GR",5.85831660177277,6.68516301735911
"2021-12-31","Eastern","SG",4.86673589513791,7.30813180060376
"2021-12-31","Eastern","SH",0.636844924654318,1.14733794620492
"2021-12-31","Eastern","TG",2.13861635848955,3.42185886625052
"2021-12-31","Espace Mittelland","BE",9.77969789359204,15.9834708833724
"2021-12-31","Espace Mittelland","FR",2.44941069888463,3.77418001891101
"2021-12-31","Espace Mittelland","JU",0.522266789635483,0.764257518688384
"2021-12-31","Espace Mittelland","NE",1.47560227988732,2.2363522287049
"2021-12-31","Espace Mittelland","SO",1.78501670831244,2.9586003952142
"2021-12-31","Lake Geneva","GE",4.31687251083237,6.45516521299353
"2021-12-31","Lake Geneva","VD",8.416939887156,12.4648477568841
"2021-12-31","Lake Geneva","VS",7.08034375478403,8.64468177235961
"2021-12-31","Northwestern","AG",5.4800693168689,8.63394151727176
"2021-12-31","Northwestern","BL",2.02203250777897,3.17772199189587
"2021-12-31","Northwestern","BS",1.93570219004713,3.68723833373779
"2021-12-31","Ticino","TI",3.13019272225665,4.24352236862051
"2021-12-31","Zurich","ZH",15.354796511641,26.5524936765049
"2022-01-01","9999","9999",0.00906798623222414,0.0173339559962232
"2022-01-01","Central","LU",0.919778597389752,1.88498274421675
"2022-01-01","Central","NW",0.194719560723271,0.186560949927979
"2022-01-01","Central","OW",0.397298658707442,0.490754883587191
"2022-01-01","Central","SZ",0.439259611611265,0.6696005236894
"2022-01-01","Central","UR",0.2477999272693,0.292773915591112
"2022-01-01","Central","ZG",0.153418708056987,0.372714042067812
"2022-01-01","Eastern","AI",0.0357023243666637,0.044660427802034
"2022-01-01","Eastern","AR",0.107264686947353,0.111175235418914
"2022-01-01","Eastern","GL",0.119765676868622,0.209061104574057
"2022-01-01","Eastern","GR",4.14170033110392,3.56940142111249
"2022-01-01","Eastern","SG",0.87682833999025,1.64193349063049
"2022-01-01","Eastern","SH",0.101376220336544,0.251818196031408
"2022-01-01","Eastern","TG",0.241023804331258,0.449901128474524
"2022-01-01","Espace Mittelland","BE",2.95742924032196,5.38423262576805
"2022-01-01","Espace Mittelland","FR",0.396345127067592,0.841036747306949
"2022-01-01","Espace Mittelland","JU",0.0586504997742081,0.125382281706015
"2022-01-01","Espace Mittelland","NE",0.182953486629099,0.32577640828196
"2022-01-01","Espace Mittelland","SO",0.288641324888423,0.608931677702619
"2022-01-01","Lake Geneva","GE",1.02207267832687,1.80701393038275
"2022-01-01","Lake Geneva","VD",1.57644714702311,2.74756797799743
"2022-01-01","Lake Geneva","VS",4.07181974700567,4.25837518973884
"2022-01-01","Northwestern","AG",0.741661906318374,1.69903358097099
"2022-01-01","Northwestern","BL",0.257672691151061,0.634626718355844
"2022-01-01","Northwestern","BS",0.441315499369664,1.14291948683333
"2022-01-01","Ticino","TI",0.689786315515562,0.919923241164271
"2022-01-01","Zurich","ZH",3.18388657663705,7.53513864785627
"2022-01-02","9999","9999",0.0105309844290098,0.0231459294773099
"2022-01-02","Central","LU",0.966676971938147,2.09112086797575
"2022-01-02","Central","NW",0.227665616897495,0.212323966879229
"2022-01-02","Central","OW",0.46945616256207,0.476445872853054
"2022-01-02","Central","SZ",0.521898323346415,0.784276538456571
"2022-01-02","Central","UR",0.307984129007343,0.291482365928648
"2022-01-02","Central","ZG",0.208851303367653,0.539799782611799
"2022-01-02","Eastern","AI",0.0312267817865232,0.0482631715973274
"2022-01-02","Eastern","AR",0.0980068010875747,0.114336133277049
"2022-01-02","Eastern","GL",0.130585142848845,0.24213157356293
"2022-01-02","Eastern","GR",5.25394857826042,3.79933124918004
"2022-01-02","Eastern","SG",1.01815457356627,1.89922377865286
"2022-01-02","Eastern","SH",0.142211066451802,0.325708431983936
"2022-01-02","Eastern","TG",0.27382394563071,0.629596472302038
"2022-01-02","Espace Mittelland","BE",3.47121472639285,5.72560959444661
"2022-01-02","Espace Mittelland","FR",0.530140365833235,1.180986213727
"2022-01-02","Espace Mittelland","JU",0.0755993185919066,0.178777663804185
"2022-01-02","Espace Mittelland","NE",0.209231603873504,0.441268138625424
"2022-01-02","Espace Mittelland","SO",0.310109400833565,0.773502295219703
"2022-01-02","Lake Geneva","GE",1.19664743765691,2.23353121233688
"2022-01-02","Lake Geneva","VD",1.93135952590639,3.36227764103212
"2022-01-02","Lake Geneva","VS",4.90982166254322,4.60247121033838
"2022-01-02","Northwestern","AG",0.890527977081187,2.21500767112523
"2022-01-02","Northwestern","BL",0.318997739582358,0.857215106236757
"2022-01-02","Northwestern","BS",0.490713047471105,1.39599524437819
"2022-01-02","Ticino","TI",1.18670715764955,1.40153531266718
"2022-01-02","Zurich","ZH",4.0203255140345,9.5994768544104
"2022-01-03","9999","9999",0.0103430310641103,0.0203249131092971
"2022-01-03","Central","LU",3.27042089558964,6.01199373802343
"2022-01-03","Central","NW",0.386751512857961,0.51743558056177
"2022-01-03","Central","OW",0.322829828932089,0.450410950709707
"2022-01-03","Central","SZ",1.25561399168927,1.79899272721587
"2022-01-03","Central","UR",0.409552273554523,0.431615504305959
"2022-01-03","Central","ZG",1.09664486365602,1.97637687691056
"2022-01-03","Eastern","AI",0.0695015954595799,0.100299027735009
"2022-01-03","Eastern","AR",0.193688288225851,0.317857169562117
"2022-01-03","Eastern","GL",0.24360397295569,0.406464274036929
"2022-01-03","Eastern","GR",4.61645965213269,4.58540915953425
"2022-01-03","Eastern","SG",3.75088900833363,6.14203239614411
"2022-01-03","Eastern","SH",0.488533417351312,0.948643227079582
"2022-01-03","Eastern","TG",1.56171203162773,2.73468646952181
"2022-01-03","Espace Mittelland","BE",7.87855853616174,13.859993297537
"2022-01-03","Espace Mittelland","FR",2.20936615837009,3.44068830080328
"2022-01-03","Espace Mittelland","JU",0.41286724444143,0.632417488670051
"2022-01-03","Espace Mittelland","NE",1.18552674347569,1.87210123574112
"2022-01-03","Espace Mittelland","SO",1.36475582742856,2.53225305400513
"2022-01-03","Lake Geneva","GE",5.06608555989142,6.92331797748761
"2022-01-03","Lake Geneva","VD",7.29176528399769,10.7923929084407
"2022-01-03","Lake Geneva","VS",6.35827247016919,7.04883621178967
"2022-01-03","Northwestern","AG",4.27610543930013,7.36907255178264
"2022-01-03","Northwestern","BL",1.70914412974465,2.94507311190734
"2022-01-03","Northwestern","BS",1.64883027636887,3.64703035345636
"2022-01-03","Ticino","TI",2.91041220249197,3.47450650907042
"2022-01-03","Zurich","ZH",12.6865316043665,25.7782776301559
"2022-01-04","9999","9999",0.00748805955134526,0.0178437782314063
"2022-01-04","Central","LU",3.02066477463569,5.80449608830393
"2022-01-04","Central","NW",0.321490815890026,0.489123452434605
"2022-01-04","Central","OW",0.277123863331212,0.419107865469468
"2022-01-04","Central","SZ",1.15626696359299,1.71137127906242
"2022-01-04","Central","UR",0.316346608733463,0.383318344559619
"2022-01-04","Central","ZG",1.01644696500644,1.89616484524176
"2022-01-04","Eastern","AI",0.0783649656556892,0.100434980331058
"2022-01-04","Eastern","AR",0.195530498274529,0.311875255335969
"2022-01-04","Eastern","GL",0.233000663526756,0.384541917924058
"2022-01-04","Eastern","GR",3.93714542799974,4.19709455706984
"2022-01-04","Eastern","SG",3.4927223345744,5.9679111087546
"2022-01-04","Eastern","SH",0.450900862522127,0.901977498485828
"2022-01-04","Eastern","TG",1.47999704277725,2.63187231875989
"2022-01-04","Espace Mittelland","BE",7.3048683582989,13.3816780764883
"2022-01-04","Espace Mittelland","FR",1.96514206383971,3.17904752970734
"2022-01-04","Espace Mittelland","JU",0.374447271685739,0.581537229598784
"2022-01-04","Espace Mittelland","NE",1.10340743324387,1.77153030281401
"2022-01-04","Espace Mittelland","SO",1.31250999246295,2.43892159681762
"2022-01-04","Lake Geneva","GE",4.46611762114213,6.45448545001329
"2022-01-04","Lake Geneva","VD",6.73826819990445,10.1027393768341
"2022-01-04","Lake Geneva","VS",5.21153033586929,6.43861298442459
"2022-01-04","Northwestern","AG",4.06555124226245,7.12017733656629
"2022-01-04","Northwestern","BL",1.55350861286035,2.76323651469206
"2022-01-04","Northwestern","BS",1.51026876175954,3.46600947181737
"2022-01-04","Ticino","TI",2.56373169227181,3.19723118942887
"2022-01-04","Zurich","ZH",11.662860778111,24.564118982993
"2022-01-05","9999","9999",0.0097892116483765,0.0195431856820164
"2022-01-05","Central","LU",3.1543815128356,5.91757466006753
"2022-01-05","Central","NW",0.324191558814509,0.496362928174204
"2022-01-05","Central","OW",0.306245078711385,0.412480176412089
"2022-01-05","Central","SZ",1.2454231724624,1.83957457713644
"2022-01-05","Central","UR",0.307757536258922,0.378050181462728
"2022-01-05","Central","ZG",1.04151364927118,1.99806131598034
"2022-01-05","Eastern","AI",0.0628518190371876,0.087315554812348
"2022-01-05","Eastern","AR",0.183413219713783,0.305927329258834
"2022-01-05","Eastern","GL",0.223896520668603,0.384473941626034
"2022-01-05","Eastern","GR",3.39276997963242,3.84898793488686
"2022-01-05","Eastern","SG",3.52901801842525,5.96906670582101
"2022-01-05","Eastern","SH",0.48030842522183,0.946909831479959
"2022-01-05","Eastern","TG",1.5334651385218,2.70348534872861
"2022-01-05","Espace Mittelland","BE",7.25130064288502,13.2628215193926
"2022-01-05","Espace Mittelland","FR",2.00202638445289,3.18632099359595
"2022-01-05","Espace Mittelland","JU",0.383789849341139,0.574637635349306
"2022-01-05","Espace Mittelland","NE",1.04577308229229,1.73434726779467
"2022-01-05","Espace Mittelland","SO",1.33923184976049,2.49952246650638
"2022-01-05","Lake Geneva","GE",4.46351376450403,6.48419109224995
"2022-01-05","Lake Geneva","VD",6.46251796724481,10.0980150241214
"2022-01-05","Lake Geneva","VS",5.07782525566519,6.23386837477508
"2022-01-05","Northwestern","AG",4.27542224236815,7.44180719066876
"2022-01-05","Northwestern","BL",1.57730837020564,2.8558202326013
"2022-01-05","Northwestern","BS",1.57608741346185,3.57664089685209
"2022-01-05","Ticino","TI",2.81165009485368,3.65641108258373
"2022-01-05","Zurich","ZH",11.9436618521441,25.1413737058163
"2022-01-06","9999","9999",0.00926734696757026,0.0189993752978212
"2022-01-06","Central","LU",3.17385192442907,6.11021948866869
"2022-01-06","Central","NW",0.359003881157098,0.531132804613687
"2022-01-06","Central","OW",0.325698028765269,0.509550329990939
"2022-01-06","Central","SZ",0.378622780451426,0.67361112527284
"2022-01-06","Central","UR",0.209769156136188,0.231187389581001
"2022-01-06","Central","ZG",1.14771401250018,2.18516607629252
"2022-01-06","Eastern","AI",0.0774779476399504,0.101828494440558
"2022-01-06","Eastern","AR",0.193781622680785,0.309835966395237
"2022-01-06","Eastern","GL",0.25567982000963,0.431309610964849
"2022-01-06","Eastern","GR",3.70025165959324,4.19661872298367
"2022-01-06","Eastern","SG",3.84108225408403,6.45550509448366
"2022-01-06","Eastern","SH",0.491322916901669,1.01910065998188
"2022-01-06","Eastern","TG",1.58949606274785,2.83947193292643
"2022-01-06","Espace Mittelland","BE",7.62247695584878,14.099507783626
"2022-01-06","Espace Mittelland","FR",1.90532733480825,3.20389286663526
"2022-01-06","Espace Mittelland","JU",0.405856857268972,0.61018923921607
"2022-01-06","Espace Mittelland","NE",1.06333968090385,1.78454776388569
"2022-01-06","Espace Mittelland","SO",1.43880635954206,2.67187637014726
"2022-01-06","Lake Geneva","GE",4.55859677783412,6.76595284756111
"2022-01-06","Lake Geneva","VD",6.4767271100529,10.2865472866921
"2022-01-06","Lake Geneva","VS",5.09188930204699,6.57939189763313
"2022-01-06","Northwestern","AG",4.31307650762018,7.66684272527855
"2022-01-06","Northwestern","BL",1.58683866626466,2.95492967512088
"2022-01-06","Northwestern","BS",1.57346486565342,3.72608678805874
"2022-01-06","Ticino","TI",0.779928139988462,1.13054780059289
"2022-01-06","Zurich","ZH",12.0401987471731,25.5732611153143
"2022-01-07","9999","9999",0.0138803888924135,0.0209706879405289
"2022-01-07","Central","LU",3.95005471406412,6.76693850388247
"2022-01-07","Central","NW",0.412854376394987,0.574977516839428
"2022-01-07","Central","OW",0.386886705666037,0.518489213181148
"2022-01-07","Central","SZ",1.62441305642744,2.2054570012528
"2022-01-07","Central","UR",0.465969662104171,0.49660084521729
"2022-01-07","Central","ZG",1.36490572098112,2.37495590037666
"2022-01-07","Eastern","AI",0.105987813333455,0.126877760262552
"2022-01-07","Eastern","AR",0.243140276857311,0.354870263836406
"2022-01-07","Eastern","GL",0.30008768716042,0.475834086170834
"2022-01-07","Eastern","GR",4.4429745531797,4.53911730057963
"2022-01-07","Eastern","SG",4.43149583282257,6.93123721620745
"2022-01-07","Eastern","SH",0.568908856664793,1.02399495343963
"2022-01-07","Eastern","TG",1.86147627499755,3.02049281456542
"2022-01-07","Espace Mittelland","BE",8.94803465006983,15.0637515711022
"2022-01-07","Espace Mittelland","FR",2.41309509814875,3.64295177557489
"2022-01-07","Espace Mittelland","JU",0.468272384525799,0.679559051349975
"2022-01-07","Espace Mittelland","NE",1.24678973079925,1.94449599313711
"2022-01-07","Espace Mittelland","SO",1.64449108965517,2.77404474607794
"2022-01-07","Lake Geneva","GE",4.83344154018502,7.05644955716841
"2022-01-07","Lake Geneva","VD",7.48514318836443,11.1492344849198
"2022-01-07","Lake Geneva","VS",5.71481421550399,6.74450632553441
"2022-01-07","Northwestern","AG",4.97948688895855,8.11596212632579
"2022-01-07","Northwestern","BL",1.94433055979679,3.1597082729194
"2022-01-07","Northwestern","BS",1.75202830036638,3.75684606291478
"2022-01-07","Ticino","TI",3.21019395047761,3.92970978879084
"2022-01-07","Zurich","ZH",14.3420876593018,27.357672926604
"2022-01-08","9999","9999",0.011403861691339,0.0205288420033703
"2022-01-08","Central","LU",4.48900133883682,7.08547543642483
"2022-01-08","Central","NW",0.446662748321723,0.619196098704304
"2022-01-08","Central","OW",0.430240881096678,0.620249731323682
"2022-01-08","Central","SZ",1.72124552100643,2.32903791106117
"2022-01-08","Central","UR",0.365314338237979,0.455815066402647
"2022-01-08","Central","ZG",1.48267551528782,2.32407564130539
"2022-01-08","Eastern","AI",0.125566851445574,0.148426246736288
"2022-01-08","Eastern","AR",0.265262786556974,0.359492652102065
"2022-01-08","Eastern","GL",0.332093071909193,0.524165234066186
"2022-01-08","Eastern","GR",4.505649015606,4.59264863527385
"2022-01-08","Eastern","SG",5.36700822897472,7.50064067660888
"2022-01-08","Eastern","SH",0.663717149343003,1.13126155172215
"2022-01-08","Eastern","TG",2.27793305042089,3.40102413090604
"2022-01-08","Espace Mittelland","BE",9.33069963008517,15.1541600474746
"2022-01-08","Espace Mittelland","FR",2.20905058969859,3.43878496445859
"2022-01-08","Espace Mittelland","JU",0.50518005637481,0.710998089186263
"2022-01-08","Espace Mittelland","NE",1.40948261928122,2.12198210727883
"2022-01-08","Espace Mittelland","SO",1.96468849848879,3.14594307256946
"2022-01-08","Lake Geneva","GE",5.39290525467695,7.30616048796106
"2022-01-08","Lake Geneva","VD",8.15943161408101,11.8675400261437
"2022-01-08","Lake Geneva","VS",5.22469864717163,6.01461082549737
"2022-01-08","Northwestern","AG",6.44438231981014,9.60348745599384
"2022-01-08","Northwestern","BL",2.33589570102965,3.33114449653695
"2022-01-08","Northwestern","BS",2.21179608100004,4.07800008293108
"2022-01-08","Ticino","TI",2.73455597605489,3.72214416277332
"2022-01-08","Zurich","ZH",18.2413085891582,29.5954186694184
"2022-01-09","9999","9999",0.00702318864653594,0.0184215767646137
"2022-01-09","Central","LU",0.718645047810843,1.85116453594961
"2022-01-09","Central","NW",0.117811339378133,0.170654496190268
"2022-01-09","Central","OW",0.204947817115079,0.278125023366852
"2022-01-09","Central","SZ",0.370679804521765,0.611718705921619
"2022-01-09","Central","UR",0.149449483552547,0.157705011416619
"2022-01-09","Central","ZG",0.212046420502452,0.572394417514501
"2022-01-09","Eastern","AI",0.0146266259374853,0.0227380716891634
"2022-01-09","Eastern","AR",0.0650567623195499,0.0924137771641784
"2022-01-09","Eastern","GL",0.079976788331174,0.179695343827514
"2022-01-09","Eastern","GR",2.38314179478554,1.86183681473944
"2022-01-09","Eastern","SG",0.794239028865531,1.65056648047959
"2022-01-09","Eastern","SH",0.115380770604645,0.276119722575133
"2022-01-09","Eastern","TG",0.263475580945403,0.600672557492653
"2022-01-09","Espace Mittelland","BE",2.02371013919471,4.56566204495816
"2022-01-09","Espace Mittelland","FR",0.465029628990216,1.08395004829716
"2022-01-09","Espace Mittelland","JU",0.0729095914357269,0.164978475305231
"2022-01-09","Espace Mittelland","NE",0.170660911284739,0.387023052801949
"2022-01-09","Espace Mittelland","SO",0.290786819049347,0.700223845949394
"2022-01-09","Lake Geneva","GE",1.09381998285198,2.18798709266053
"2022-01-09","Lake Geneva","VD",1.39631437846727,2.97212767852105
"2022-01-09","Lake Geneva","VS",2.23582093125754,2.36758047204101
"2022-01-09","Northwestern","AG",0.923664614270694,2.23502669089342
"2022-01-09","Northwestern","BL",0.289153317279186,0.760416857850005
"2022-01-09","Northwestern","BS",0.421011382476298,1.28995221946012
"2022-01-09","Ticino","TI",0.73212607692107,1.10308537619103
"2022-01-09","Zurich","ZH",3.23024374919078,8.70881740954564
"2022-01-10","9999","9999",0.00823833401451874,0.0205628301523825
"2022-01-10","Central","LU",2.50062711754698,5.39507484530294
"2022-01-10","Central","NW",0.267088416170886,0.467608954109881
"2022-01-10","Central","OW",0.195011335648514,0.343688162811391
"2022-01-10","Central","SZ",1.00343792221197,1.66902204539321
"2022-01-10","Central","UR",0.235661243735379,0.329888974312437
"2022-01-10","Central","ZG",0.974239627781849,2.02287266475925
"2022-01-10","Eastern","AI",0.0506609349375085,0.084120668805201
"2022-01-10","Eastern","AR",0.164860187050252,0.290258792564209
"2022-01-10","Eastern","GL",0.199743287564298,0.387532875037132
"2022-01-10","Eastern","GR",2.26031081689276,2.93144386415345
"2022-01-10","Eastern","SG",2.85547918186809,5.46407078779771
"2022-01-10","Eastern","SH",0.420004690845439,0.890829385609826
"2022-01-10","Eastern","TG",1.29771581563225,2.54928111666024
"2022-01-10","Espace Mittelland","BE",6.01150620299558,13.1621146338695
"2022-01-10","Espace Mittelland","FR",1.80582299621481,3.27727328035261
"2022-01-10","Espace Mittelland","JU",0.364060291113039,0.619128122406279
"2022-01-10","Espace Mittelland","NE",0.961170180356714,1.84321130908075
"2022-01-10","Espace Mittelland","SO",1.19806635320038,2.51726428029075
"2022-01-10","Lake Geneva","GE",4.45047753277272,7.51447385325685
"2022-01-10","Lake Geneva","VD",6.10689717616752,10.726523875655
"2022-01-10","Lake Geneva","VS",3.58466319495963,4.8810720677914
"2022-01-10","Northwestern","AG",3.6177321437186,7.27625091683032
"2022-01-10","Northwestern","BL",1.39904468343758,2.76598955476205
"2022-01-10","Northwestern","BS",1.34863678614126,3.36085013877361
"2022-01-10","Ticino","TI",2.40044370950817,3.24454269285386
"2022-01-10","Zurich","ZH",10.6850861734419,24.5848177657414
"2022-01-11","9999","9999",0.00861299936552229,0.0206308064504069
"2022-01-11","Central","LU",2.58417755347712,5.45054350449085
"2022-01-11","Central","NW",0.266139850046219,0.474610512806395
"2022-01-11","Central","OW",0.238758934172843,0.393344848518219
"2022-01-11","Central","SZ",1.0260322733346,1.70453966111096
"2022-01-11","Central","UR",0.249738056347061,0.357963185396516
"2022-01-11","Central","ZG",0.982267166278425,2.05237437810184
"2022-01-11","Eastern","AI",0.0688843913208637,0.0966962839397159
"2022-01-11","Eastern","AR",0.175254204713475,0.310073883438323
"2022-01-11","Eastern","GL",0.206338439403662,0.40092420574794
"2022-01-11","Eastern","GR",2.06949791048341,2.96998642513328
"2022-01-11","Eastern","SG",3.0750242234317,5.71469939861369
"2022-01-11","Eastern","SH",0.422886334380213,0.892562781209448
"2022-01-11","Eastern","TG",1.37387982059938,2.60046726907262
"2022-01-11","Espace Mittelland","BE",6.07193004174945,13.2043279149426
"2022-01-11","Espace Mittelland","FR",1.6846447399254,3.11443605843514
"2022-01-11","Espace Mittelland","JU",0.351933778573745,0.602677858284373
"2022-01-11","Espace Mittelland","NE",0.946084765095711,1.79454027969528
"2022-01-11","Espace Mittelland","SO",1.19366254430092,2.53286484068735
"2022-01-11","Lake Geneva","GE",4.16723187844143,7.22978911713064
"2022-01-11","Lake Geneva","VD",5.50646928895236,10.1085173621662
"2022-01-11","Lake Geneva","VS",3.31967545800034,4.76615813598115
"2022-01-11","Northwestern","AG",3.73784764661425,7.38858174931565
"2022-01-11","Northwestern","BL",1.40469486405996,2.73081182053442
"2022-01-11","Northwestern","BS",1.34588739448246,3.35836900389572
"2022-01-11","Ticino","TI",2.10012874429558,3.12354488237042
"2022-01-11","Zurich","ZH",10.8138548893272,24.6943615700078
"2022-01-12","9999","9999",0.00905969209882016,0.0216504509207729
"2022-01-12","Central","LU",2.82855177652133,5.72700310855611
"2022-01-12","Central","NW",0.284902867611255,0.493711852551252
"2022-01-12","Central","OW",0.253379744818494,0.407891776295441
"2022-01-12","Central","SZ",1.09423513594862,1.75236098677113
"2022-01-12","Central","UR",0.24169976837164,0.364115040367725
"2022-01-12","Central","ZG",1.07765739540629,2.1469633968028
"2022-01-12","Eastern","AI",0.0761826099849767,0.103935759679315
"2022-01-12","Eastern","AR",0.19371128310373,0.326252242368131
"2022-01-12","Eastern","GL",0.219379519169506,0.413125951243321
"2022-01-12","Eastern","GR",2.18601048960383,3.11950029263796
"2022-01-12","Eastern","SG",3.20782901030739,5.96291485084981
"2022-01-12","Eastern","SH",0.448500885708107,0.927400633946955
"2022-01-12","Eastern","TG",1.41435708696517,2.64074322565208
"2022-01-12","Espace Mittelland","BE",6.33101307235703,13.5979106805039
"2022-01-12","Espace Mittelland","FR",1.75394314478067,3.22999576507663
"2022-01-12","Espace Mittelland","JU",0.36163075225319,0.622356996562439
"2022-01-12","Espace Mittelland","NE",0.984732779527754,1.84480875208432
"2022-01-12","Espace Mittelland","SO",1.29233563293991,2.64454989834145
"2022-01-12","Lake Geneva","GE",4.44232829999396,7.44799303378898
"2022-01-12","Lake Geneva","VD",5.85869379295761,10.665209254837
"2022-01-12","Lake Geneva","VS",3.4384921849742,4.88875338946816
"2022-01-12","Northwestern","AG",3.92677915926442,7.63785083417114
"2022-01-12","Northwestern","BL",1.42760568062299,2.7995698459861
"2022-01-12","Northwestern","BS",1.38941324046086,3.45441951300421
"2022-01-12","Ticino","TI",2.04990644683527,3.16490845971827
"2022-01-12","Zurich","ZH",11.4564439556223,25.4281317190322
"2022-01-13","9999","9999",0.00914087513923463,0.021820391665834
"2022-01-13","Central","LU",2.8497277055192,5.776829735008
"2022-01-13","Central","NW",0.297491118238209,0.495445248150875
"2022-01-13","Central","OW",0.258341500620276,0.429202345726092
"2022-01-13","Central","SZ",1.12348439348172,1.79372456411898
"2022-01-13","Central","UR",0.263429414968679,0.3754670821378
"2022-01-13","Central","ZG",1.08943357283577,2.17143486409159
"2022-01-13","Eastern","AI",0.0770000207196694,0.109441839819292
"2022-01-13","Eastern","AR",0.18238011451833,0.318400979946312
"2022-01-13","Eastern","GL",0.233515322728118,0.441132186029375
"2022-01-13","Eastern","GR",2.45492553789012,3.28933907325194
"2022-01-13","Eastern","SG",3.35032308371243,6.06083470815396
"2022-01-13","Eastern","SH",0.458946250244414,0.950410610828216
"2022-01-13","Eastern","TG",1.48192966201285,2.70532070877526
"2022-01-13","Espace Mittelland","BE",6.66489360833521,13.9151220752348
"2022-01-13","Espace Mittelland","FR",1.80341452163427,3.25895366803503
"2022-01-13","Espace Mittelland","JU",0.39243082867983,0.655019607763165
"2022-01-13","Espace Mittelland","NE",1.05435018740532,1.92430703262386
"2022-01-13","Espace Mittelland","SO",1.38706075323881,2.76245478726478
"2022-01-13","Lake Geneva","GE",4.61351932310066,7.73267776991519
"2022-01-13","Lake Geneva","VD",5.80617280657775,10.578675427452
"2022-01-13","Lake Geneva","VS",3.47830814105182,4.98181294146357
"2022-01-13","Northwestern","AG",4.02480762378259,7.71310059608416
"2022-01-13","Northwestern","BL",1.48287724130012,2.84912456724589
"2022-01-13","Northwestern","BS",1.45907075231397,3.56263777945906
"2022-01-13","Ticino","TI",2.25009326298754,3.36003442319732
"2022-01-13","Zurich","ZH",11.6856881168451,25.8086290472238
"2022-01-14","9999","9999",0.0123581256271973,0.0244714672887857
"2022-01-14","Central","LU",3.75937975734193,6.82709752763406
"2022-01-14","Central","NW",0.400115386354851,0.590136231298871
"2022-01-14","Central","OW",0.387276341966995,0.561892079469731
"2022-01-14","Central","SZ",1.44674482421503,2.12952747635954
"2022-01-14","Central","UR",0.355629927155305,0.495581200746924
"2022-01-14","Central","ZG",1.37573917890593,2.48395589425879
"2022-01-14","Eastern","AI",0.117119151260937,0.144381657003836
"2022-01-14","Eastern","AR",0.237337919641885,0.367411890821908
"2022-01-14","Eastern","GL",0.307772295743719,0.531098816464675
"2022-01-14","Eastern","GR",3.30038640910769,4.16874844079366
"2022-01-14","Eastern","SG",4.24715252668928,7.12469776038491
"2022-01-14","Eastern","SH",0.556026630308548,1.07484122436189
"2022-01-14","Eastern","TG",1.78261040320778,3.06831414022559
"2022-01-14","Espace Mittelland","BE",8.4408223038818,15.999173408216
"2022-01-14","Espace Mittelland","FR",2.37320899437913,3.94160564094512
"2022-01-14","Espace Mittelland","JU",0.469929915003499,0.749438685719063
"2022-01-14","Espace Mittelland","NE",1.29163751596626,2.16898771736271
"2022-01-14","Espace Mittelland","SO",1.65461766655036,3.03109711705722
"2022-01-14","Lake Geneva","GE",5.06883497504635,8.21840240744857
"2022-01-14","Lake Geneva","VD",7.47207962671951,12.4218867365327
"2022-01-14","Lake Geneva","VS",4.67143370091317,6.17666631998755
"2022-01-14","Northwestern","AG",4.96984558935588,8.72217475210743
"2022-01-14","Northwestern","BL",1.86893108752689,3.23142326733515
"2022-01-14","Northwestern","BS",1.74968374700376,3.93541979782489
"2022-01-14","Ticino","TI",2.42425112267537,3.58765305713204
"2022-01-14","Zurich","ZH",14.0338877614293,28.7714099847665
"2022-01-15","9999","9999",0.0115061129270856,0.0223642020500292
"2022-01-15","Central","LU",4.35437865648956,6.99836381050655
"2022-01-15","Central","NW",0.454534174623706,0.668478914771997
"2022-01-15","Central","OW",0.558417498456706,0.881516632780482
"2022-01-15","Central","SZ",1.84418111149588,2.54819349589185
"2022-01-15","Central","UR",0.393985481358354,0.59166569800442
"2022-01-15","Central","ZG",1.502872916681,2.38025805162256
"2022-01-15","Eastern","AI",0.150038629397666,0.192542864154127
"2022-01-15","Eastern","AR",0.280825733220092,0.394364492988585
"2022-01-15","Eastern","GL",0.392651978158453,0.643769530440126
"2022-01-15","Eastern","GR",4.41925505077774,5.57018178901381
"2022-01-15","Eastern","SG",5.29893962323966,7.66867808532521
"2022-01-15","Eastern","SH",0.651701832232418,1.12830458275808
"2022-01-15","Eastern","TG",2.17752079008928,3.33199420026225
"2022-01-15","Espace Mittelland","BE",9.5815174666872,16.0806430013983
"2022-01-15","Espace Mittelland","FR",2.41244697702079,3.74029383434584
"2022-01-15","Espace Mittelland","JU",0.539294124682998,0.804567463416856
"2022-01-15","Espace Mittelland","NE",1.49810243111428,2.26463036868305
"2022-01-15","Espace Mittelland","SO",1.97174581917817,3.28848936952663
"2022-01-15","Lake Geneva","GE",5.78805279190066,7.84011430894276
"2022-01-15","Lake Geneva","VD",8.85056584375536,12.9257950337876
"2022-01-15","Lake Geneva","VS",5.52617474015249,6.94775545662738
"2022-01-15","Northwestern","AG",6.37757958366873,9.62656540917313
"2022-01-15","Northwestern","BL",2.22284896535405,3.26615915562562
"2022-01-15","Northwestern","BS",2.13324778680077,4.01794302362652
"2022-01-15","Ticino","TI",2.97639400739541,4.0557718334771
"2022-01-15","Zurich","ZH",17.5952094166281,29.290782889822
"2022-01-16","9999","9999",0.00922404360251776,0.0209366997915167
"2022-01-16","Central","LU",0.868872993348869,2.16433134094804
"2022-01-16","Central","NW",0.177275635399247,0.272720907673912
"2022-01-16","Central","OW",0.368017184065974,0.568349827782049
"2022-01-16","Central","SZ",0.594611604627495,0.995105026779263
"2022-01-16","Central","UR",0.251496389132575,0.311331444951774
"2022-01-16","Central","ZG",0.232147338959463,0.61882222906517
"2022-01-16","Eastern","AI",0.039437241560452,0.0696077291769906
"2022-01-16","Eastern","AR",0.0872718193538371,0.132655745594626
"2022-01-16","Eastern","GL",0.155135703320211,0.308306499689688
"2022-01-16","Eastern","GR",2.85892628715033,3.05869549405513
"2022-01-16","Eastern","SG",1.07056186217972,2.19594031952939
"2022-01-16","Eastern","SH",0.139786896457343,0.331146535825888
"2022-01-16","Eastern","TG",0.2964619486443,0.676636070534926
"2022-01-16","Espace Mittelland","BE",2.53224019526818,5.66412503288353
"2022-01-16","Espace Mittelland","FR",0.579666198880937,1.32258084251183
"2022-01-16","Espace Mittelland","JU",0.0881774697995742,0.188294345527601
"2022-01-16","Espace Mittelland","NE",0.211372050282796,0.469682231199625
"2022-01-16","Espace Mittelland","SO",0.324722959007514,0.817211054849395
"2022-01-16","Lake Geneva","GE",1.03830459893211,2.24525712374609
"2022-01-16","Lake Geneva","VD",1.66342844849459,3.63707182579578
"2022-01-16","Lake Geneva","VS",2.81922918232333,3.49459350513663
"2022-01-16","Northwestern","AG",0.979299511248805,2.3929016430551
"2022-01-16","Northwestern","BL",0.314284694218073,0.812010868050528
"2022-01-16","Northwestern","BS",0.425947793787339,1.35075701804295
"2022-01-16","Ticino","TI",0.808442556098877,1.25691573862026
"2022-01-16","Zurich","ZH",3.35022225399247,9.30683889141534
"2022-01-17","9999","9999",0.00984776400090543,0.0212425931326265
"2022-01-17","Central","LU",2.44003129104761,5.41030153606041
"2022-01-17","Central","NW",0.263136085382926,0.47484842984948
"2022-01-17","Central","OW",0.209873153917496,0.364998732242042
"2022-01-17","Central","SZ",1.00101804026098,1.70107286991172
"2022-01-17","Central","UR",0.21975737216196,0.339949466420049
"2022-01-17","Central","ZG",0.982976874675531,2.07232542157201
"2022-01-17","Eastern","AI",0.0567024709942544,0.0908843104586293
"2022-01-17","Eastern","AR",0.15780191476766,0.297260351260722
"2022-01-17","Eastern","GL",0.191186581006935,0.392495144792914
"2022-01-17","Eastern","GR",2.28540199978762,3.1014865736615
"2022-01-17","Eastern","SG",2.88290684328936,5.79059493535794
"2022-01-17","Eastern","SH",0.406196380243598,0.899836245098059
"2022-01-17","Eastern","TG",1.30556516732139,2.59013487177291
"2022-01-17","Espace Mittelland","BE",6.00468416862221,13.4314707147912
"2022-01-17","Espace Mittelland","FR",1.66338952715752,3.25256389602074
"2022-01-17","Espace Mittelland","JU",0.330579882065647,0.60169220196302
"2022-01-17","Espace Mittelland","NE",0.897768673306409,1.82594532938255
"2022-01-17","Espace Mittelland","SO",1.12656237458329,2.56042922953625
"2022-01-17","Lake Geneva","GE",4.07463190465606,7.49258548529299
"2022-01-17","Lake Geneva","VD",5.52800514731256,10.6115079793977
"2022-01-17","Lake Geneva","VS",3.31820483922584,4.91081169817708
"2022-01-17","Northwestern","AG",3.51241709895203,7.29810529664517
"2022-01-17","Northwestern","BL",1.3705252861479,2.76731509257352
"2022-01-17","Northwestern","BS",1.28566093495709,3.36285543956533
"2022-01-17","Ticino","TI",2.02637533247658,3.21806592477335
"2022-01-17","Zurich","ZH",10.5725361106812,25.3668850745122
"2022-01-18","9999","9999",0.00812423289790321,0.0187954464037479
"2022-01-18","Central","LU",2.52951610893991,5.33460992821023
"2022-01-18","Central","NW",0.274247827539136,0.485384756043263
"2022-01-18","Central","OW",0.234602993766277,0.379103814082106
"2022-01-18","Central","SZ",1.04363408872695,1.71371646134426
"2022-01-18","Central","UR",0.236967687227149,0.356127825349857
"2022-01-18","Central","ZG",1.04615106451345,2.17745076646675
"2022-01-18","Eastern","AI",0.0753020729847164,0.10108075516229
"2022-01-18","Eastern","AR",0.170228202663993,0.305145601831553
"2022-01-18","Eastern","GL",0.20643908507062,0.397763307889805
"2022-01-18","Eastern","GR",1.9126666991096,2.96145539973122
"2022-01-18","Eastern","SG",2.99912398992052,5.7512026706528
"2022-01-18","Eastern","SH",0.431572849216175,0.913397516553928
"2022-01-18","Eastern","TG",1.32289375015001,2.58806159468317
"2022-01-18","Espace Mittelland","BE",5.87642662667918,13.3282147180921
"2022-01-18","Espace Mittelland","FR",1.68900988594521,3.32227358964476
"2022-01-18","Espace Mittelland","JU",0.341989100874312,0.658724316005495
"2022-01-18","Espace Mittelland","NE",0.935692736771379,1.83491820072177
"2022-01-18","Espace Mittelland","SO",1.19045997497733,2.56046321768526
"2022-01-18","Lake Geneva","GE",4.12046270518831,7.46039870817843
"2022-01-18","Lake Geneva","VD",5.44806254584853,10.4184892811574
"2022-01-18","Lake Geneva","VS",3.15460438536366,4.73509296778399
"2022-01-18","Northwestern","AG",3.62160978814571,7.30208191007959
"2022-01-18","Northwestern","BL",1.39991203910968,2.77482647350522
"2022-01-18","Northwestern","BS",1.35489141250451,3.41669266760066
"2022-01-18","Ticino","TI",1.96752612985863,3.2079034682187
"2022-01-18","Zurich","ZH",11.3002846982829,25.1566683728717
"2022-01-19","9999","9999",0.00891074622345648,0.0216164627717607
"2022-01-19","Central","LU",2.67940892919538,5.63044277721244
"2022-01-19","Central","NW",0.300147809837545,0.499795731224437
"2022-01-19","Central","OW",0.247586014598294,0.414553453501833
"2022-01-19","Central","SZ",1.09443821690433,1.78108097268644
"2022-01-19","Central","UR",0.24680198011431,0.367683796014006
"2022-01-19","Central","ZG",1.08150789005677,2.14128737591777
"2022-01-19","Eastern","AI",0.0755079460637126,0.107266598282511
"2022-01-19","Eastern","AR",0.185686043311738,0.320406280738032
"2022-01-19","Eastern","GL",0.220037316786441,0.424002158927225
"2022-01-19","Eastern","GR",2.12505985589817,3.10298205221803
"2022-01-19","Eastern","SG",3.14064979569705,5.97674802749777
"2022-01-19","Eastern","SH",0.455291298208373,0.93147921182842
"2022-01-19","Eastern","TG",1.38538572989335,2.65172139778302
"2022-01-19","Espace Mittelland","BE",6.2088834069114,13.6224161359417
"2022-01-19","Espace Mittelland","FR",1.72433609603294,3.24882519962939
"2022-01-19","Espace Mittelland","JU",0.351908555479668,0.627081349275135
"2022-01-19","Espace Mittelland","NE",0.964961511755327,1.89334382887375
"2022-01-19","Espace Mittelland","SO",1.26560809349526,2.64315638423195
"2022-01-19","Lake Geneva","GE",4.42684603512052,7.54380562585438
"2022-01-19","Lake Geneva","VD",5.99535497592808,10.8565285456267
"2022-01-19","Lake Geneva","VS",3.31163209094512,4.90455787875883
"2022-01-19","Northwestern","AG",3.85831211792823,7.61902139961838
"2022-01-19","Northwestern","BL",1.41643246084624,2.80748908470594
"2022-01-19","Northwestern","BS",1.40366759765247,3.48133812702187
"2022-01-19","Ticino","TI",2.03520130858399,3.27791905518384
"2022-01-19","Zurich","ZH",11.8942991644655,25.9056992008027
"2022-01-20","9999","9999",0.00814578276387209,0.0202569368112726
"2022-01-20","Central","LU",2.81020650837515,5.63744433590896
"2022-01-20","Central","NW",0.294392162925821,0.491910480653606
"2022-01-20","Central","OW",0.207280959191231,0.348038645884953
"2022-01-20","Central","SZ",1.08694797612905,1.70984181235687
"2022-01-20","Central","UR",0.234180795747069,0.334035528491925
"2022-01-20","Central","ZG",1.10962314218607,2.17755273091378
"2022-01-20","Eastern","AI",0.0713634639358725,0.0956426513203376
"2022-01-20","Eastern","AR",0.176465340075506,0.296852493472576
"2022-01-20","Eastern","GL",0.206414022533422,0.399938549426586
"2022-01-20","Eastern","GR",2.15550510162238,2.98181430098953
"2022-01-20","Eastern","SG",3.28470327191462,5.93140783671549
"2022-01-20","Eastern","SH",0.452255555314024,0.951192338255497
"2022-01-20","Eastern","TG",1.44456857753776,2.65773730015818
"2022-01-20","Espace Mittelland","BE",6.42141773627277,13.8863001248725
"2022-01-20","Espace Mittelland","FR",1.74563268939935,3.22180462116469
"2022-01-20","Espace Mittelland","JU",0.385056940733487,0.650023349858371
"2022-01-20","Espace Mittelland","NE",1.04750465690332,1.93426556028444
"2022-01-20","Espace Mittelland","SO",1.3607246358009,2.73380277764749
"2022-01-20","Lake Geneva","GE",4.71839890628341,7.96308343206891
"2022-01-20","Lake Geneva","VD",5.79111391844596,10.712520758262
"2022-01-20","Lake Geneva","VS",3.51100837289634,4.9030624002023
"2022-01-20","Northwestern","AG",3.96388880383508,7.62197836858244
"2022-01-20","Northwestern","BL",1.47949965323043,2.83804443066791
"2022-01-20","Northwestern","BS",1.44785109635501,3.53381582909671
"2022-01-20","Ticino","TI",2.15952069965268,3.41132254005673
"2022-01-20","Zurich","ZH",12.0933631711193,25.9445816432726
"2022-01-21","9999","9999",0.0121198944630656,0.025525099908164
"2022-01-21","Central","LU",3.78965821579712,6.78699151179967
"2022-01-21","Central","NW",0.398061127661371,0.594860584011567
"2022-01-21","Central","OW",0.314197774206253,0.484229158976848
"2022-01-21","Central","SZ",1.37498021479119,2.03242333463168
"2022-01-21","Central","UR",0.334491114208623,0.453877741908951
"2022-01-21","Central","ZG",1.45665331396036,2.58979499028279
"2022-01-21","Eastern","AI",0.101292256920909,0.125586210600088
"2022-01-21","Eastern","AR",0.239007335244647,0.361633905489834
"2022-01-21","Eastern","GL",0.30692533079524,0.514308670852647
"2022-01-21","Eastern","GR",3.10335104253517,3.92121275153779
"2022-01-21","Eastern","SG",4.2739444533584,7.07939155775164
"2022-01-21","Eastern","SH",0.582322424473721,1.08891231805294
"2022-01-21","Eastern","TG",1.80269531688518,3.06936777284496
"2022-01-21","Espace Mittelland","BE",8.68741934293022,16.4639953341069
"2022-01-21","Espace Mittelland","FR",2.39591238320265,3.99350554448675
"2022-01-21","Espace Mittelland","JU",0.493049490753328,0.819148379343091
"2022-01-21","Espace Mittelland","NE",1.30530757534728,2.23098210116097
"2022-01-21","Espace Mittelland","SO",1.70849439521586,3.09750996022707
"2022-01-21","Lake Geneva","GE",5.08735314337102,8.35554458871281
"2022-01-21","Lake Geneva","VD",7.56905986236743,12.7026968236715
"2022-01-21","Lake Geneva","VS",4.82133057816685,6.29331364739742
"2022-01-21","Northwestern","AG",5.08901932434008,8.91532940294378
"2022-01-21","Northwestern","BL",1.93720246485197,3.31785513027318
"2022-01-21","Northwestern","BS",1.77877646941195,3.99717626458007
"2022-01-21","Ticino","TI",2.50308829394403,3.7465816419131
"2022-01-21","Zurich","ZH",14.9034612331128,29.6747130210638
"2022-01-22","9999","9999",0.0112042816587924,0.0239956332026149
"2022-01-22","Central","LU",4.70870063640087,7.24168496928491
"2022-01-22","Central","NW",0.476170709979033,0.662327059800789
"2022-01-22","Central","OW",0.475444511215656,0.711949757358604
"2022-01-22","Central","SZ",1.82193557215072,2.47352153251204
"2022-01-22","Central","UR",0.359663938318402,0.507171159560085
"2022-01-22","Central","ZG",1.61493543085675,2.54846540108395
"2022-01-22","Eastern","AI",0.128896272451584,0.151723097190472
"2022-01-22","Eastern","AR",0.278689993868568,0.372578089471763
"2022-01-22","Eastern","GL",0.369268924654287,0.588232894954187
"2022-01-22","Eastern","GR",4.24730465237405,5.04577863790454
"2022-01-22","Eastern","SG",5.50736220841241,7.82108094549592
"2022-01-22","Eastern","SH",0.694867560879458,1.1907408124935
"2022-01-22","Eastern","TG",2.29618937788819,3.44500479572783
"2022-01-22","Espace Mittelland","BE",10.0241082967583,16.6404618037783
"2022-01-22","Espace Mittelland","FR",2.52231893929296,4.03062060320807
"2022-01-22","Espace Mittelland","JU",0.535940271619241,0.761232573426298
"2022-01-22","Espace Mittelland","NE",1.57809310957349,2.33352434673078
"2022-01-22","Espace Mittelland","SO",2.08698081980084,3.35806311055461
"2022-01-22","Lake Geneva","GE",5.79354883791927,8.22958450847358
"2022-01-22","Lake Geneva","VD",9.0599027846895,13.2494641768308
"2022-01-22","Lake Geneva","VS",5.82911434432896,7.07837191328128
"2022-01-22","Northwestern","AG",6.75220128669734,10.0726938531073
"2022-01-22","Northwestern","BL",2.34073094584288,3.42641327821815
"2022-01-22","Northwestern","BS",2.27457713361383,4.2847160052233
"2022-01-22","Ticino","TI",3.1220979104278,4.23998760112324
"2022-01-22","Zurich","ZH",18.716375525419,30.7826247144146
"2022-01-23","9999","9999",0.00719559932235129,0.0184215767646137
"2022-01-23","Central","LU",0.845003013907159,2.11243143740641
"2022-01-23","Central","NW",0.173116276305967,0.260723091072605
"2022-01-23","Central","OW",0.381800467374809,0.560906423148377
"2022-01-23","Central","SZ",0.592974030195039,0.993201690434579
"2022-01-23","Central","UR",0.232867843827671,0.339167738992768
"2022-01-23","Central","ZG",0.24115830400354,0.666439625831265
"2022-01-23","Eastern","AI",0.0375540973396912,0.0625381941824525
"2022-01-23","Eastern","AR",0.066501993527075,0.106824752345352
"2022-01-23","Eastern","GL",0.158807368935746,0.320848126675191
"2022-01-23","Eastern","GR",2.95806379635166,3.14451557031094
"2022-01-23","Eastern","SG",1.06106079922074,2.19981496851678
"2022-01-23","Eastern","SH",0.136465883149359,0.322955391913947
"2022-01-23","Eastern","TG",0.289881869571447,0.672523504504449
"2022-01-23","Espace Mittelland","BE",2.71763003855045,5.91720079042839
"2022-01-23","Espace Mittelland","FR",0.584629239137751,1.30925748809905
"2022-01-23","Espace Mittelland","JU",0.0860617099894226,0.175072955561855
"2022-01-23","Espace Mittelland","NE",0.212726766570822,0.465399724424088
"2022-01-23","Espace Mittelland","SO",0.323927990991678,0.811399081368308
"2022-01-23","Lake Geneva","GE",1.09953297645821,2.35439307022427
"2022-01-23","Lake Geneva","VD",1.72844315665992,3.73883234393832
"2022-01-23","Lake Geneva","VS",3.02468943042357,3.64550088675081
"2022-01-23","Northwestern","AG",0.974948333677467,2.38467651099415
"2022-01-23","Northwestern","BL",0.317481307273062,0.793283397944805
"2022-01-23","Northwestern","BS",0.451032323361773,1.39208660724179
"2022-01-23","Ticino","TI",0.825548818558458,1.3002166404618
"2022-01-23","Zurich","ZH",3.38933842487131,9.33277184911165
"2022-01-24","9999","9999",0.00865530022908686,0.0203249131092971
"2022-01-24","Central","LU",2.46127933358024,5.29355224420349
"2022-01-24","Central","NW",0.25546905973588,0.465467700722112
"2022-01-24","Central","OW",0.235653059250575,0.415539109823187
"2022-01-24","Central","SZ",1.00603821527057,1.72268933268348
"2022-01-24","Central","UR",0.239758475148558,0.371898326491519
"2022-01-24","Central","ZG",1.04649691577872,2.02786892266405
"2022-01-24","Eastern","AI",0.0579474172853742,0.0982597387942772
"2022-01-24","Eastern","AR",0.147753889346478,0.292773915591112
"2022-01-24","Eastern","GL",0.196271084500666,0.401841885771269
"2022-01-24","Eastern","GR",2.34741421991265,3.3792037392402
"2022-01-24","Eastern","SG",2.90081021582851,5.65144745330198
"2022-01-24","Eastern","SH",0.409455825862547,0.888076345539837
"2022-01-24","Eastern","TG",1.28030643353333,2.53656954892968
"2022-01-24","Espace Mittelland","BE",5.98880107154251,13.383785341727
"2022-01-24","Espace Mittelland","FR",1.68770110067262,3.22799046428491
"2022-01-24","Espace Mittelland","JU",0.3325279108456,0.594146832882311
"2022-01-24","Espace Mittelland","NE",0.995708710144501,1.85435942195675
"2022-01-24","Espace Mittelland","SO",1.12621370378259,2.51556487284014
"2022-01-24","Lake Geneva","GE",4.05166656924258,7.46138436449979
"2022-01-24","Lake Geneva","VD",5.50449021395445,10.5143698495209
"2022-01-24","Lake Geneva","VS",3.35809795658986,4.99901094486374
"2022-01-24","Northwestern","AG",3.50945328553944,7.18788172939859
"2022-01-24","Northwestern","BL",1.39901843434589,2.77156361120005
"2022-01-24","Northwestern","BS",1.30350426313954,3.35717941868029
"2022-01-24","Ticino","TI",2.08430802160533,3.22493153087381
"2022-01-24","Zurich","ZH",10.6221140346461,24.9972639540045
"2022-01-25","9999","9999",0.0094432742306362,0.0214465220266997
"2022-01-25","Central","LU",2.9048947906604,5.71673868755442
"2022-01-25","Central","NW",0.292130010486283,0.502990617231584
"2022-01-25","Central","OW",0.2544563726762,0.425939483420921
"2022-01-25","Central","SZ",1.15177513036367,1.80198368432895
"2022-01-25","Central","UR",0.247431245599053,0.383658226049741
"2022-01-25","Central","ZG",1.10349419661483,2.23261353231355
"2022-01-25","Eastern","AI",0.0793295326439488,0.109951662054475
"2022-01-25","Eastern","AR",0.190561909015338,0.327747720924668
"2022-01-25","Eastern","GL",0.245612269305562,0.436781702955813
"2022-01-25","Eastern","GR",2.26217825786756,3.32281740002896
"2022-01-25","Eastern","SG",3.44967224212438,6.19372837079167
"2022-01-25","Eastern","SH",0.486144569870216,0.97947047823365
"2022-01-25","Eastern","TG",1.55668232502197,2.78512488265592
"2022-01-25","Espace Mittelland","BE",6.56364478400806,14.1183372181788
"2022-01-25","Espace Mittelland","FR",1.97699276707316,3.3881086342814
"2022-01-25","Espace Mittelland","JU",0.396709328809316,0.705152127556164
"2022-01-25","Espace Mittelland","NE",1.12399735312978,1.96556864552468
"2022-01-25","Espace Mittelland","SO",1.38689118167854,2.81622403900208
"2022-01-25","Lake Geneva","GE",4.57803281850744,7.63502981780313
"2022-01-25","Lake Geneva","VD",6.41075963778791,11.0047848516179
"2022-01-25","Lake Geneva","VS",3.43499800519826,5.04295762153652
"2022-01-25","Northwestern","AG",4.21498921662799,7.88888730277527
"2022-01-25","Northwestern","BL",1.59064033595986,2.95176877726274
"2022-01-25","Northwestern","BS",1.5176512375409,3.62198108763436
"2022-01-25","Ticino","TI",2.71000424860914,3.32509460601278
"2022-01-25","Zurich","ZH",12.193583652133,26.7150589932302
"2022-01-26","9999","9999",0.0102287811386801,0.0247093843318712
"2022-01-26","Central","LU",3.0364909719239,5.96175925378339
"2022-01-26","Central","NW",0.314687919113418,0.521786063635332
"2022-01-26","Central","OW",0.286486318711427,0.465501688871124
"2022-01-26","Central","SZ",1.19823886569275,1.87957862852381
"2022-01-26","Central","UR",0.259714829758193,0.398205153826964
"2022-01-26","Central","ZG",1.1563885717227,2.23723592057921
"2022-01-26","Eastern","AI",0.0850204633854012,0.116783280005928
"2022-01-26","Eastern","AR",0.209279978486318,0.337978153777341
"2022-01-26","Eastern","GL",0.265942807595564,0.459791679837074
"2022-01-26","Eastern","GR",2.47874497324314,3.49415165919947
"2022-01-26","Eastern","SG",3.68129111790691,6.48466692633612
"2022-01-26","Eastern","SH",0.494529519727344,1.00730677227464
"2022-01-26","Eastern","TG",1.62299591092566,2.8580634504361
"2022-01-26","Espace Mittelland","BE",6.94186948913233,14.5357796643466
"2022-01-26","Espace Mittelland","FR",2.07620637631908,3.54805686353282
"2022-01-26","Espace Mittelland","JU",0.429121177003163,0.690775140524002
"2022-01-26","Espace Mittelland","NE",1.17201659874608,2.01553122457262
"2022-01-26","Espace Mittelland","SO",1.45199601707725,2.84283675967864
"2022-01-26","Lake Geneva","GE",4.85423992947214,7.94303042415171
"2022-01-26","Lake Geneva","VD",6.76112900887373,11.5320769953932
"2022-01-26","Lake Geneva","VS",3.70111936770727,5.27944716236343
"2022-01-26","Northwestern","AG",4.4675401355093,8.23237153669259
"2022-01-26","Northwestern","BL",1.63227511560614,2.99309836646158
"2022-01-26","Northwestern","BS",1.53546203141725,3.61470762374575
"2022-01-26","Ticino","TI",2.38672532250659,3.40911331037094
"2022-01-26","Zurich","ZH",12.8201904950978,27.4876775965756
"2022-01-27","9999","9999",0.0112834205360166,0.0252192065670542
"2022-01-27","Central","LU",3.14908197668873,6.08707355919138
"2022-01-27","Central","NW",0.316274694915791,0.517775462051892
"2022-01-27","Central","OW",0.276228437617448,0.445856538742071
"2022-01-27","Central","SZ",1.18949417052629,1.86557551113078
"2022-01-27","Central","UR",0.299534936818538,0.395486101905987
"2022-01-27","Central","ZG",1.18653486053836,2.28328986249075
"2022-01-27","Eastern","AI",0.0872157066826636,0.119332391181843
"2022-01-27","Eastern","AR",0.201968484509533,0.341546909423622
"2022-01-27","Eastern","GL",0.265639167125367,0.468560622282223
"2022-01-27","Eastern","GR",2.69275963311218,3.54700323091345
"2022-01-27","Eastern","SG",3.73997034953041,6.68298777582233
"2022-01-27","Eastern","SH",0.534724946114272,1.02317923786334
"2022-01-27","Eastern","TG",1.65272262937249,2.89031820384868
"2022-01-27","Espace Mittelland","BE",7.19549304152948,14.9596118825288
"2022-01-27","Espace Mittelland","FR",2.04368580370605,3.47409865128227
"2022-01-27","Espace Mittelland","JU",0.475803563389189,0.775507596011423
"2022-01-27","Espace Mittelland","NE",1.21643541509281,2.091800630956
"2022-01-27","Espace Mittelland","SO",1.53652481222315,2.93885328063811
"2022-01-27","Lake Geneva","GE",5.28130803825234,8.33746289343832
"2022-01-27","Lake Geneva","VD",6.68196235922544,11.4721558886847
"2022-01-27","Lake Geneva","VS",3.92386327795422,5.32686063023545
"2022-01-27","Northwestern","AG",4.54154690608324,8.2652720649364
"2022-01-27","Northwestern","BL",1.63770306592798,3.01090815654398
"2022-01-27","Northwestern","BS",1.58942369858771,3.72666458659195
"2022-01-27","Ticino","TI",2.73328737307827,3.59866521741199
"2022-01-27","Zurich","ZH",12.8902529783918,27.7815391329351
"2022-01-28","9999","9999",0.0132314140717774,0.0277343295939572
"2022-01-28","Central","LU",4.35455495577467,7.33460856868427
"2022-01-28","Central","NW",0.431147424395303,0.638331426598174
"2022-01-28","Central","OW",0.353825318744467,0.518149331691026
"2022-01-28","Central","SZ",1.58012761585484,2.22561197361704
"2022-01-28","Central","UR",0.37922011469737,0.486098507172519
"2022-01-28","Central","ZG",1.61163689551182,2.78668833751048
"2022-01-28","Eastern","AI",0.105118045392147,0.130344551461796
"2022-01-28","Eastern","AR",0.261611711382156,0.38719299354701
"2022-01-28","Eastern","GL",0.331021229429683,0.545645744241898
"2022-01-28","Eastern","GR",3.77474815997607,4.40724328241229
"2022-01-28","Eastern","SG",4.8696095225768,7.55322034313076
"2022-01-28","Eastern","SH",0.637005626426036,1.15909784576314
"2022-01-28","Eastern","TG",2.09957436488878,3.364724787761
"2022-01-28","Espace Mittelland","BE",9.70552823610642,17.4033937846552
"2022-01-28","Espace Mittelland","FR",2.82909388703297,4.45081608944593
"2022-01-28","Espace Mittelland","JU",0.539264261103518,0.812146820646577
"2022-01-28","Espace Mittelland","NE",1.53194755881822,2.37495590037666
"2022-01-28","Espace Mittelland","SO",1.91915790799196,3.33753426855124
"2022-01-28","Lake Geneva","GE",5.99834810467715,9.01994492560334
"2022-01-28","Lake Geneva","VD",8.51182966440828,13.4494844337676
"2022-01-28","Lake Geneva","VS",5.46314811383437,6.73543148974815
"2022-01-28","Northwestern","AG",5.78890620653644,9.60906151243185
"2022-01-28","Northwestern","BL",2.14279425994434,3.51298109375223
"2022-01-28","Northwestern","BS",1.91950626159492,4.25195142957554
"2022-01-28","Ticino","TI",3.11473280611754,3.98789749989973
"2022-01-28","Zurich","ZH",16.0908953296538,31.3496150162361
"2022-01-29","9999","9999",0.0129639537236385,0.0280062347860548
"2022-01-29","Central","LU",5.10111614952086,7.78328612379436
"2022-01-29","Central","NW",0.516786552595416,0.722588047999424
"2022-01-29","Central","OW",0.55291358515103,0.831859947073654
"2022-01-29","Central","SZ",1.97858445356642,2.68985610097471
"2022-01-29","Central","UR",0.440099136119014,0.620827529856889
"2022-01-29","Central","ZG",1.67858096869894,2.57514609805853
"2022-01-29","Eastern","AI",0.134692215223896,0.165522285689426
"2022-01-29","Eastern","AR",0.267832883174268,0.385459597947388
"2022-01-29","Eastern","GL",0.418294948053917,0.667935104387802
"2022-01-29","Eastern","GR",5.40668880427524,6.04496224256526
"2022-01-29","Eastern","SG",5.87208570908401,8.34014795721028
"2022-01-29","Eastern","SH",0.709133399845913,1.23094879277494
"2022-01-29","Eastern","TG",2.3862104205119,3.53269422017931
"2022-01-29","Espace Mittelland","BE",11.0836171453553,18.1753326250203
"2022-01-29","Espace Mittelland","FR",2.83654941227822,4.18968514058518
"2022-01-29","Espace Mittelland","JU",0.625313894082828,0.83780787315079
"2022-01-29","Espace Mittelland","NE",1.76769068656185,2.52616917533195
"2022-01-29","Espace Mittelland","SO",2.30038786586767,3.55991872753808
"2022-01-29","Lake Geneva","GE",6.45624561696853,8.83929791360348
"2022-01-29","Lake Geneva","VD",10.0187159822316,14.1797198152948
"2022-01-29","Lake Geneva","VS",6.70375143144779,7.74746261473549
"2022-01-29","Northwestern","AG",7.21005580890539,10.5882940736224
"2022-01-29","Northwestern","BL",2.57648100494446,3.65909614635569
"2022-01-29","Northwestern","BS",2.49916266650625,4.46349366902748
"2022-01-29","Ticino","TI",3.48511542768846,4.49625824467525
"2022-01-29","Zurich","ZH",20.4562760092109,32.98420706668
"2022-01-30","9999","9999",0.0093071807376294,0.0227380716891634
"2022-01-30","Central","LU",0.92897035339552,2.39127021190251
"2022-01-30","Central","NW",0.156220574403043,0.212357955028241
"2022-01-30","Central","OW",0.330319051541801,0.45292607373661
"2022-01-30","Central","SZ",0.468718360627174,0.780843735406339
"2022-01-30","Central","UR",0.22845815698004,0.262286545927166
"2022-01-30","Central","ZG",0.254932901576828,0.693086334656832
"2022-01-30","Eastern","AI",0.0185272809065599,0.0322207652635679
"2022-01-30","Eastern","AR",0.0580031461864469,0.0999251580958751
"2022-01-30","Eastern","GL",0.126871336926625,0.239208592747881
"2022-01-30","Eastern","GR",3.48313370937608,3.27142731872251
"2022-01-30","Eastern","SG",1.00185284204688,2.05244235439987
"2022-01-30","Eastern","SH",0.152651207015512,0.36635825820253
"2022-01-30","Eastern","TG",0.310265391631494,0.713547200362178
"2022-01-30","Espace Mittelland","BE",2.86558931538927,6.25541686124882
"2022-01-30","Espace Mittelland","FR",0.644837414759031,1.41071211290047
"2022-01-30","Espace Mittelland","JU",0.0954539545447107,0.195941679055347
"2022-01-30","Espace Mittelland","NE",0.261118613794827,0.520460525823856
"2022-01-30","Espace Mittelland","SO",0.365668773422238,0.906871791943585
"2022-01-30","Lake Geneva","GE",1.25722604541002,2.69913486565504
"2022-01-30","Lake Geneva","VD",1.93482220912191,4.03493709813262
"2022-01-30","Lake Geneva","VS",3.32831399765768,3.95343351680136
"2022-01-30","Northwestern","AG",1.09069188450805,2.63870393671135
"2022-01-30","Northwestern","BL",0.345745912543955,0.88858616777502
"2022-01-30","Northwestern","BS",0.505046085365422,1.53259361525823
"2022-01-30","Ticino","TI",1.01423738123867,1.57297153628473
"2022-01-30","Zurich","ZH",3.93372279393546,10.380932376499
"2022-01-31","9999","9999",0.0101934312131666,0.0235537872654563
"2022-01-31","Central","LU",2.86356131361952,5.67598689688879
"2022-01-31","Central","NW",0.299703372732595,0.488817559093495
"2022-01-31","Central","OW",0.245360954713808,0.400686288704854
"2022-01-31","Central","SZ",1.10420311005958,1.75103544895966
"2022-01-31","Central","UR",0.285477492848885,0.356535683138003
"2022-01-31","Central","ZG",1.03511710237503,2.12646854294844
"2022-01-31","Eastern","AI",0.0560740631182064,0.0905784171175195
"2022-01-31","Eastern","AR",0.162623559238441,0.277989070770804
"2022-01-31","Eastern","GL",0.232476476645238,0.407891776295441
"2022-01-31","Eastern","GR",3.04515212268901,3.79069825933094
"2022-01-31","Eastern","SG",3.3587719038792,5.72017149060466
"2022-01-31","Eastern","SH",0.448262760276554,0.866833752407211
"2022-01-31","Eastern","TG",1.40491915810379,2.45737716173125
"2022-01-31","Espace Mittelland","BE",6.56537101716585,13.876715466851
"2022-01-31","Espace Mittelland","FR",1.94415104545809,3.38440392603907
"2022-01-31","Espace Mittelland","JU",0.387450691073422,0.641458336307296
"2022-01-31","Espace Mittelland","NE",1.13730930409844,1.91441648126131
"2022-01-31","Espace Mittelland","SO",1.2590032964951,2.61005192709406
"2022-01-31","Lake Geneva","GE",4.81975672915124,7.85574885748837
"2022-01-31","Lake Geneva","VD",6.46796317938914,11.0200455305244
"2022-01-31","Lake Geneva","VS",3.88899967139489,5.25191676166354
"2022-01-31","Northwestern","AG",3.94594894180818,7.33066594339886
"2022-01-31","Northwestern","BL",1.57398226998581,2.94806406902041
"2022-01-31","Northwestern","BS",1.43090575888037,3.48929135389073
"2022-01-31","Ticino","TI",2.50427592926141,3.47069983638105
"2022-01-31","Zurich","ZH",11.6139629887494,25.8601550811263
"2022-02-01","9999","9999",0.00927338938864785,0.0210386642385533
"2022-02-01","Central","LU",2.8434804686884,5.72792078857944
"2022-02-01","Central","NW",0.288727708405306,0.485792613831409
"2022-02-01","Central","OW",0.233212892308545,0.386683171311827
"2022-02-01","Central","SZ",1.02670806507004,1.6762275329838
"2022-02-01","Central","UR",0.236138798633623,0.337842201181292
"2022-02-01","Central","ZG",1.07390558058,2.12425931326265
"2022-02-01","Eastern","AI",0.0693770855579843,0.0897627015412266
"2022-02-01","Eastern","AR",0.161021225082899,0.264053929675801
"2022-02-01","Eastern","GL",0.212233531922743,0.382774534175424
"2022-02-01","Eastern","GR",2.35182305306761,3.43049185609961
"2022-02-01","Eastern","SG",3.12807640637145,5.54666198989736
"2022-02-01","Eastern","SH",0.432380747934797,0.87638442227964
"2022-02-01","Eastern","TG",1.32860174299686,2.38256924575539
"2022-02-01","Espace Mittelland","BE",6.39171686748344,13.8940494228472
"2022-02-01","Espace Mittelland","FR",1.93148927936069,3.35225113707353
"2022-02-01","Espace Mittelland","JU",0.395682602812783,0.653694069951689
"2022-02-01","Espace Mittelland","NE",1.12197878505568,1.94058735600071
"2022-02-01","Espace Mittelland","SO",1.33676777550759,2.67972763256908
"2022-02-01","Lake Geneva","GE",4.77538307236373,7.96461289877445
"2022-02-01","Lake Geneva","VD",6.2674812048691,10.9291612200658
"2022-02-01","Lake Geneva","VS",3.55240033180136,5.14349456631462
"2022-02-01","Northwestern","AG",4.0114103035466,7.41471863590603
"2022-02-01","Northwestern","BL",1.52250522834875,2.94310179926463
"2022-02-01","Northwestern","BS",1.48265029219374,3.6084198161785
"2022-02-01","Ticino","TI",2.44948910546585,3.42396613148927
"2022-02-01","Zurich","ZH",11.7284737329553,25.8993434169374
"2022-02-02","9999","9999",0.0088486302914197,0.0224661664970658
"2022-02-02","Central","LU",2.95744041273112,5.91424382146433
"2022-02-02","Central","NW",0.311490515022099,0.512847180445122
"2022-02-02","Central","OW",0.248966188941683,0.394092587796487
"2022-02-02","Central","SZ",1.15907647401289,1.78978193883357
"2022-02-02","Central","UR",0.223679248051203,0.346679119924465
"2022-02-02","Central","ZG",1.13896415601747,2.26129953007985
"2022-02-02","Eastern","AI",0.0737723418666195,0.0995512884567409
"2022-02-02","Eastern","AR",0.151807966203419,0.277717165578706
"2022-02-02","Eastern","GL",0.218710447326855,0.389606152126876
"2022-02-02","Eastern","GR",2.50113262500625,3.52715415189032
"2022-02-02","Eastern","SG",3.44210570550343,5.91254441401372
"2022-02-02","Eastern","SH",0.439536752364397,0.897389098369181
"2022-02-02","Eastern","TG",1.35625941193725,2.42872515211396
"2022-02-02","Espace Mittelland","BE",6.7849522153554,14.324985164173
"2022-02-02","Espace Mittelland","FR",1.96752843247924,3.49741452150464
"2022-02-02","Espace Mittelland","JU",0.409115574507933,0.684997155191928
"2022-02-02","Espace Mittelland","NE",1.16126067804572,2.02620350336245
"2022-02-02","Espace Mittelland","SO",1.38688002101744,2.76479996954662
"2022-02-02","Lake Geneva","GE",4.88093841986976,8.16385142828399
"2022-02-02","Lake Geneva","VD",6.7764500668087,11.4882662713165
"2022-02-02","Lake Geneva","VS",3.76230089003688,5.28556502918562
"2022-02-02","Northwestern","AG",4.06332076260429,7.60559608075856
"2022-02-02","Northwestern","BL",1.56679776083617,3.00703350755659
"2022-02-02","Northwestern","BS",1.51465642490261,3.65297827953349
"2022-02-02","Ticino","TI",2.49671662944808,3.57691280204418
"2022-02-02","Zurich","ZH",12.2549152912284,26.9418279234397
"2022-02-03","9999","9999",0.00987319464411857,0.0238256924575539
"2022-02-03","Central","LU",3.15874781016571,6.18883407733392
"2022-02-03","Central","NW",0.319519843140472,0.524063269619149
"2022-02-03","Central","OW",0.303419211069941,0.471619555693321
"2022-02-03","Central","SZ",1.22539566374325,1.89330984072474
"2022-02-03","Central","UR",0.30434129705765,0.42345834854303
"2022-02-03","Central","ZG",1.17477349741797,2.32638683543822
"2022-02-03","Eastern","AI",0.0847477281563864,0.114404109575073
"2022-02-03","Eastern","AR",0.168770921858506,0.293147785230246
"2022-02-03","Eastern","GL",0.262708745627571,0.456086971594744
"2022-02-03","Eastern","GR",3.36660737327235,4.34436520673971
"2022-02-03","Eastern","SG",3.59769307490417,6.13183595144045
"2022-02-03","Eastern","SH",0.467336055968123,0.933314571875079
"2022-02-03","Eastern","TG",1.39674186703144,2.50332913919575
"2022-02-03","Espace Mittelland","BE",7.11995072454561,14.9271871883712
"2022-02-03","Espace Mittelland","FR",1.94080442528593,3.45999356944221
"2022-02-03","Espace Mittelland","JU",0.427077479819498,0.702501051933212
"2022-02-03","Espace Mittelland","NE",1.16354982362102,2.08068650622901
"2022-02-03","Espace Mittelland","SO",1.51752791810982,3.0229399612943
"2022-02-03","Lake Geneva","GE",5.00012665979736,8.50696179256217
"2022-02-03","Lake Geneva","VD",6.49264197389849,11.3691038208797
"2022-02-03","Lake Geneva","VS",4.1930927436017,5.71782630832281
"2022-02-03","Northwestern","AG",4.18616128384131,7.84640211651002
"2022-02-03","Northwestern","BL",1.56077792345421,3.03979808320435
"2022-02-03","Northwestern","BS",1.54541320971226,3.84140857765714
"2022-02-03","Ticino","TI",2.51354888397168,3.68247999287608
"2022-02-03","Zurich","ZH",12.6488476987482,27.8980165195999
"2022-02-04","9999","9999",0.0112634253305583,0.0260009339943349
"2022-02-04","Central","LU",4.04759953035468,7.29022004607433
"2022-02-04","Central","NW",0.423430496887082,0.629426531556977
"2022-02-04","Central","OW",0.423939916451761,0.630854033815489
"2022-02-04","Central","SZ",1.56000302113222,2.25898833594702
"2022-02-04","Central","UR",0.410765719369202,0.557507608247156
"2022-02-04","Central","ZG",1.49316267943695,2.68299049487425
"2022-02-04","Eastern","AI",0.113351272914712,0.141254747294713
"2022-02-04","Eastern","AR",0.223307523632299,0.343008399831147
"2022-02-04","Eastern","GL",0.337750050744785,0.552375397746314
"2022-02-04","Eastern","GR",4.64118077100173,5.33559558453159
"2022-02-04","Eastern","SG",4.37384039017953,7.03571678627096
"2022-02-04","Eastern","SH",0.571241673711165,1.04476171248609
"2022-02-04","Eastern","TG",1.74472096520436,2.91312425183587
"2022-02-04","Espace Mittelland","BE",9.50337591788654,17.533840300564
"2022-02-04","Espace Mittelland","FR",2.64615323712214,4.29681578627164
"2022-02-04","Espace Mittelland","JU",0.526482096927037,0.82516428171825
"2022-02-04","Espace Mittelland","NE",1.41875908666272,2.3767572722743
"2022-02-04","Espace Mittelland","SO",1.83013939818434,3.31618971097158
"2022-02-04","Lake Geneva","GE",5.69529280164732,9.26700478077304
"2022-02-04","Lake Geneva","VD",8.24415390376214,13.4708289913473
"2022-02-04","Lake Geneva","VS",5.58456036415271,7.17330081347236
"2022-02-04","Northwestern","AG",5.26013599003172,9.02609678057455
"2022-02-04","Northwestern","BL",2.07016199331475,3.55145567843404
"2022-02-04","Northwestern","BS",1.90870503252653,4.30266174790174
"2022-02-04","Ticino","TI",3.00149145592457,4.06406494183608
"2022-02-04","Zurich","ZH",15.5588394693467,31.3497849569812
"2022-02-05","9999","9999",0.0118974683614544,0.0269186140176643
"2022-02-05","Central","LU",4.90693897734674,7.77193408202428
"2022-02-05","Central","NW",0.515124992531658,0.70926469358664
"2022-02-05","Central","OW",0.572751550600575,0.833967212312411
"2022-02-05","Central","SZ",1.9899060827236,2.71330792379313
"2022-02-05","Central","UR",0.462874806866228,0.61882222906517
"2022-02-05","Central","ZG",1.57173304041702,2.48915608105766
"2022-02-05","Eastern","AI",0.139282685201175,0.180952905340966
"2022-02-05","Eastern","AR",0.266989865575398,0.387702815782193
"2022-02-05","Eastern","GL",0.421928882802904,0.673849042315925
"2022-02-05","Eastern","GR",6.17965576581662,6.49917986596434
"2022-02-05","Eastern","SG",5.55047482797672,8.06290662571774
"2022-02-05","Eastern","SH",0.63368607771007,1.13860299190878
"2022-02-05","Eastern","TG",2.23552811075458,3.44751991875473
"2022-02-05","Espace Mittelland","BE",10.8352200835572,17.7269269751023
"2022-02-05","Espace Mittelland","FR",2.68035256504906,4.17014195490316
"2022-02-05","Espace Mittelland","JU",0.58268647740663,0.830772326305264
"2022-02-05","Espace Mittelland","NE",1.68375146410741,2.5157348135852
"2022-02-05","Espace Mittelland","SO",2.11775545775222,3.47158352825537
"2022-02-05","Lake Geneva","GE",6.38408596321813,9.08122555827234
"2022-02-05","Lake Geneva","VD",9.61486598021657,14.0851307965938
"2022-02-05","Lake Geneva","VS",7.07409949804555,8.17234846553704
"2022-02-05","Northwestern","AG",6.52867194003074,10.0239208592748
"2022-02-05","Northwestern","BL",2.39996534790951,3.61739268751772
"2022-02-05","Northwestern","BS",2.35364402653203,4.57657224079108
"2022-02-05","Ticino","TI",3.30502093432614,4.51549553701615
"2022-02-05","Zurich","ZH",19.4304592971923,32.8482884587802
"2022-02-06","9999","9999",0.00798332661455009,0.0212086049836143
"2022-02-06","Central","LU",0.875162249089689,2.16773015584926
"2022-02-06","Central","NW",0.185087138741197,0.232003105157294
"2022-02-06","Central","OW",0.34051818448218,0.444225107589486
"2022-02-06","Central","SZ",0.519686550522666,0.840187043581644
"2022-02-06","Central","UR",0.295802823496099,0.309801978246225
"2022-02-06","Central","ZG",0.241173709631874,0.636767971743612
"2022-02-06","Eastern","AI",0.0177266346596398,0.0305893341109822
"2022-02-06","Eastern","AR",0.0615480149438668,0.100299027735009
"2022-02-06","Eastern","GL",0.140337218865933,0.268914234984546
"2022-02-06","Eastern","GR",3.68427968840703,3.63176967454988
"2022-02-06","Eastern","SG",1.07173492598134,2.15382900290327
"2022-02-06","Eastern","SH",0.13517884354381,0.32006639924791
"2022-02-06","Eastern","TG",0.311908041227733,0.708550942457384
"2022-02-06","Espace Mittelland","BE",2.8150962837869,5.87763858497819
"2022-02-06","Espace Mittelland","FR",0.599882612558194,1.36244894130315
"2022-02-06","Espace Mittelland","JU",0.0960137968014148,0.193732449369554
"2022-02-06","Espace Mittelland","NE",0.256256395425935,0.500373529757644
"2022-02-06","Espace Mittelland","SO",0.312966815943707,0.782951000645095
"2022-02-06","Lake Geneva","GE",1.28202954953806,2.83471359206472
"2022-02-06","Lake Geneva","VD",1.89041590054765,3.84405965328009
"2022-02-06","Lake Geneva","VS",3.7442477923341,4.12082515068646
"2022-02-06","Northwestern","AG",1.0113361184365,2.45520192019447
"2022-02-06","Northwestern","BL",0.324325694296797,0.835972513104131
"2022-02-06","Northwestern","BS",0.510503198298902,1.65053249233057
"2022-02-06","Ticino","TI",0.965396949843014,1.47848448203081
"2022-02-06","Zurich","ZH",3.75578667452858,9.81934619037034
"2022-02-07","9999","9999",0.00881087592874371,0.0219223561128706
"2022-02-07","Central","LU",2.60777546732948,5.77421264753406
"2022-02-07","Central","NW",0.270857876589772,0.500237577161595
"2022-02-07","Central","OW",0.247381312409707,0.419923581045761
"2022-02-07","Central","SZ",1.02446109504561,1.76463070856454
"2022-02-07","Central","UR",0.23812361843498,0.376588691055203
"2022-02-07","Central","ZG",0.972649037774597,2.03419071838032
"2022-02-07","Eastern","AI",0.0551641128809313,0.089830677839251
"2022-02-07","Eastern","AR",0.158431376053475,0.307830665603517
"2022-02-07","Eastern","GL",0.219675210116186,0.41914185361848
"2022-02-07","Eastern","GR",3.07951236776883,3.92926794285369
"2022-02-07","Eastern","SG",3.07856212950301,5.85585218146137
"2022-02-07","Eastern","SH",0.413144706308319,0.87917145049864
"2022-02-07","Eastern","TG",1.40983387857209,2.7338367657965
"2022-02-07","Espace Mittelland","BE",6.35797419073234,13.9950282135625
"2022-02-07","Espace Mittelland","FR",1.78242241068267,3.41023491928834
"2022-02-07","Espace Mittelland","JU",0.353873669861152,0.632655405713136
"2022-02-07","Espace Mittelland","NE",0.992306740925346,1.91954869176216
"2022-02-07","Espace Mittelland","SO",1.14767403383733,2.49632758049923
"2022-02-07","Lake Geneva","GE",4.67656886597623,8.25018132677498
"2022-02-07","Lake Geneva","VD",5.83630499771624,11.0654876857537
"2022-02-07","Lake Geneva","VS",4.01916683769564,5.6537246592858
"2022-02-07","Northwestern","AG",3.63954704210233,7.15151440995554
"2022-02-07","Northwestern","BL",1.38647340093151,2.89636809437285
"2022-02-07","Northwestern","BS",1.35959162506654,3.65165274172202
"2022-02-07","Ticino","TI",2.30647295199882,3.44106217044241
"2022-02-07","Zurich","ZH",11.1604975042079,26.2809623540464
"2022-02-08","9999","9999",0.00915421702427115,0.0220922968579316
"2022-02-08","Central","LU",2.71916250696753,5.84861270572177
"2022-02-08","Central","NW",0.295587332668453,0.508258780328475
"2022-02-08","Central","OW",0.287414364883764,0.513085097488208
"2022-02-08","Central","SZ",1.12671980647711,1.8414099371831
"2022-02-08","Central","UR",0.252614041230858,0.419107865469468
"2022-02-08","Central","ZG",0.994462636039207,2.03140369016131
"2022-02-08","Eastern","AI",0.0768703612498839,0.107130645686462
"2022-02-08","Eastern","AR",0.179133564357974,0.319964434800874
"2022-02-08","Eastern","GL",0.232159713587205,0.454829410081293
"2022-02-08","Eastern","GR",2.97451082401444,4.15447341820854
"2022-02-08","Eastern","SG",3.20385684095483,6.06899186391689
"2022-02-08","Eastern","SH",0.418134872845629,0.880530976459128
"2022-02-08","Eastern","TG",1.39780876749189,2.73815326072105
"2022-02-08","Espace Mittelland","BE",6.50452418544042,14.2689387064518
"2022-02-08","Espace Mittelland","FR",1.77039167227966,3.35517411788857
"2022-02-08","Espace Mittelland","JU",0.356226399876533,0.643191731906919
"2022-02-08","Espace Mittelland","NE",1.02357744089229,1.96441304845826
"2022-02-08","Espace Mittelland","SO",1.16741919741086,2.48127083048683
"2022-02-08","Lake Geneva","GE",4.60790094840439,8.14332258628062
"2022-02-08","Lake Geneva","VD",5.8440666892655,11.0385350835871
"2022-02-08","Lake Geneva","VS",4.00155838073093,5.82183004430015
"2022-02-08","Northwestern","AG",3.67933765760523,7.16194877170228
"2022-02-08","Northwestern","BL",1.4210666962791,2.92508808028817
"2022-02-08","Northwestern","BS",1.46173967756427,3.73665710240153
"2022-02-08","Ticino","TI",2.21421511709039,3.47467644981548
"2022-02-08","Zurich","ZH",11.5391512643049,26.6303605258918
"2022-02-09","9999","9999",0.0105104566446361,0.0241655739476759
"2022-02-09","Central","LU",2.86225993745949,6.07225472622206
"2022-02-09","Central","NW",0.318986978355449,0.547956938374728
"2022-02-09","Central","OW",0.324427279808899,0.568587744825134
"2022-02-09","Central","SZ",1.15644253841412,1.9402814626596
"2022-02-09","Central","UR",0.304821503102407,0.4425936764369
"2022-02-09","Central","ZG",1.00942787251832,2.05713271896355
"2022-02-09","Eastern","AI",0.0800783385990834,0.113554405849768
"2022-02-09","Eastern","AR",0.186032294011193,0.339983454569061
"2022-02-09","Eastern","GL",0.24293787728933,0.469036456368393
"2022-02-09","Eastern","GR",2.96302580277881,4.34725419940575
"2022-02-09","Eastern","SG",3.37098835176682,6.27733921736169
"2022-02-09","Eastern","SH",0.42498467181099,0.889877717437484
"2022-02-09","Eastern","TG",1.43032902682321,2.75365185667062
"2022-02-09","Espace Mittelland","BE",6.74467020573449,14.69841295737
"2022-02-09","Espace Mittelland","FR",1.83204124532348,3.50336244758178
"2022-02-09","Espace Mittelland","JU",0.381685892419599,0.668478914771997
"2022-02-09","Espace Mittelland","NE",1.08677131265395,2.04227989784522
"2022-02-09","Espace Mittelland","SO",1.22912433488285,2.58799361838514
"2022-02-09","Lake Geneva","GE",4.76312385368997,8.43670828855395
"2022-02-09","Lake Geneva","VD",6.20628212309937,11.5940713791915
"2022-02-09","Lake Geneva","VS",4.06738299653389,6.01828154559068
"2022-02-09","Northwestern","AG",3.71073345487698,7.27693067981056
"2022-02-09","Northwestern","BL",1.4502884241815,2.98443138846347
"2022-02-09","Northwestern","BS",1.48125591835662,3.84151054210418
"2022-02-09","Ticino","TI",2.33193979883014,3.62368049508497
"2022-02-09","Zurich","ZH",12.0023914907956,27.5300608183938
"2022-02-10","9999","9999",0.0114440283232203,0.0240296213516271
"2022-02-10","Central","LU",2.95282216641378,6.18458555870739
"2022-02-10","Central","NW",0.307042353263847,0.536740849200701
"2022-02-10","Central","OW",0.341976264156041,0.550811942891753
"2022-02-10","Central","SZ",1.19611626067713,1.92145202810684
"2022-02-10","Central","UR",0.297478547809396,0.444361060185535
"2022-02-10","Central","ZG",1.08094146105201,2.13510153279754
"2022-02-10","Eastern","AI",0.0753937509625826,0.113656370296805
"2022-02-10","Eastern","AR",0.192587365371148,0.333525706256742
"2022-02-10","Eastern","GL",0.248546610740816,0.478519149942798
"2022-02-10","Eastern","GR",3.30201256442164,4.45537050141357
"2022-02-10","Eastern","SG",3.51103685020423,6.40591638507485
"2022-02-10","Eastern","SH",0.435620421561509,0.906429946006426
"2022-02-10","Eastern","TG",1.4683527060415,2.8282558437524
"2022-02-10","Espace Mittelland","BE",7.11322240056523,15.107834200371
"2022-02-10","Espace Mittelland","FR",1.94753027434076,3.58802692677117
"2022-02-10","Espace Mittelland","JU",0.420565574763845,0.72190828501918
"2022-02-10","Espace Mittelland","NE",1.14340952565244,2.15800954523177
"2022-02-10","Espace Mittelland","SO",1.34708962481174,2.66110212691039
"2022-02-10","Lake Geneva","GE",5.20715599894717,8.94384545996502
"2022-02-10","Lake Geneva","VD",6.44966036874738,11.826754247329
"2022-02-10","Lake Geneva","VS",4.25141544496947,6.083232898353
"2022-02-10","Northwestern","AG",3.88774957553558,7.45720382217128
"2022-02-10","Northwestern","BL",1.55174202510164,3.02185234052591
"2022-02-10","Northwestern","BS",1.54057756938087,3.94843725889657
"2022-02-10","Ticino","TI",2.55364166752072,3.80881394275444
"2022-02-10","Zurich","ZH",12.5463935230227,28.0384895394674
"2022-02-11","9999","9999",0.0118822937783853,0.0255590880571762
"2022-02-11","Central","LU",4.09201479095394,7.34935942535557
"2022-02-11","Central","NW",0.428518693189029,0.637617675468917
"2022-02-11","Central","OW",0.404303120939465,0.55478855632618
"2022-02-11","Central","SZ",1.55885798821205,2.21072516434969
"2022-02-11","Central","UR",0.412192686252745,0.515702184962147
"2022-02-11","Central","ZG",1.41039359943213,2.42145168822535
"2022-02-11","Eastern","AI",0.102496778122733,0.127285618050698
"2022-02-11","Eastern","AR",0.242102213978719,0.370844693872141
"2022-02-11","Eastern","GL",0.336307020341307,0.564339226198609
"2022-02-11","Eastern","GR",4.58931134010064,5.13054508154097
"2022-02-11","Eastern","SG",4.44967147458418,7.23849008327776
"2022-02-11","Eastern","SH",0.571126209819089,1.04537349916831
"2022-02-11","Eastern","TG",1.90602109716606,3.24039613867437
"2022-02-11","Espace Mittelland","BE",9.40523868978898,17.11316898024
"2022-02-11","Espace Mittelland","FR",2.55746384150417,4.27615099167222
"2022-02-11","Espace Mittelland","JU",0.509841222287095,0.82037195270753
"2022-02-11","Espace Mittelland","NE",1.41293340562361,2.4045935663153
"2022-02-11","Espace Mittelland","SO",1.64253282439518,3.00360070450635
"2022-02-11","Lake Geneva","GE",5.84585569624694,9.42484574478571
"2022-02-11","Lake Geneva","VD",8.09816141736198,13.4996849298587
"2022-02-11","Lake Geneva","VS",5.61852739368798,7.07011279307131
"2022-02-11","Northwestern","AG",5.1043931859081,8.73036589601938
"2022-02-11","Northwestern","BL",2.0151217481079,3.53633095212361
"2022-02-11","Northwestern","BS",1.90158337552096,4.35381391216511
"2022-02-11","Ticino","TI",2.76505147608221,4.11073067042983
"2022-02-11","Zurich","ZH",15.3763685931995,30.9096044391242
"2022-02-12","9999","9999",0.0142413364203226,0.0281761755311158
"2022-02-12","Central","LU",4.75292174065727,7.65851562877056
"2022-02-12","Central","NW",0.503478964074643,0.726292756241754
"2022-02-12","Central","OW",0.643743106064536,0.925089439814126
"2022-02-12","Central","SZ",1.92901875150446,2.68972014837866
"2022-02-12","Central","UR",0.470202407439185,0.635476422081149
"2022-02-12","Central","ZG",1.44914683344417,2.26935472139574
"2022-02-12","Eastern","AI",0.14187008280118,0.183468028367869
"2022-02-12","Eastern","AR",0.292773189595192,0.412412200114064
"2022-02-12","Eastern","GL",0.439169785911539,0.711371958825397
"2022-02-12","Eastern","GR",6.58247183635564,6.81870245482805
"2022-02-12","Eastern","SG",5.61269230244936,8.27798363266696
"2022-02-12","Eastern","SH",0.686711596459849,1.20263666464777
"2022-02-12","Eastern","TG",2.32753913841192,3.63713980209381
"2022-02-12","Espace Mittelland","BE",10.8903697071588,17.5943052176567
"2022-02-12","Espace Mittelland","FR",2.65057495007161,4.19104466654567
"2022-02-12","Espace Mittelland","JU",0.579834501650264,0.827577440298117
"2022-02-12","Espace Mittelland","NE",1.67624502275144,2.54234753426175
"2022-02-12","Espace Mittelland","SO",2.0233911518365,3.31880679844552
"2022-02-12","Lake Geneva","GE",5.95227124876993,8.63825801219631
"2022-02-12","Lake Geneva","VD",9.70102111081339,14.2225448830502
"2022-02-12","Lake Geneva","VS",7.69892465307291,8.35462690868948
"2022-02-12","Northwestern","AG",6.42928687170221,9.80619277670262
"2022-02-12","Northwestern","BL",2.3229244204299,3.55896705936574
"2022-02-12","Northwestern","BS",2.3784174869436,4.63934835201662
"2022-02-12","Ticino","TI",3.23175349293546,4.48946061487281
"2022-02-12","Zurich","ZH",18.3926328092335,31.1889870240045
"2022-02-13","9999","9999",0.0120266383285603,0.0262388510374203
"2022-02-13","Central","LU",1.07526820723133,2.67136654791207
"2022-02-13","Central","NW",0.203560864138582,0.29290986818716
"2022-02-13","Central","OW",0.419355868749639,0.606008696887569
"2022-02-13","Central","SZ",0.654895747148636,1.05801709060085
"2022-02-13","Central","UR",0.285896859584594,0.347766740692855
"2022-02-13","Central","ZG",0.254413617554149,0.695363540640649
"2022-02-13","Eastern","AI",0.0395284535317671,0.0705593973493322
"2022-02-13","Eastern","AR",0.0868161589314481,0.136496406433005
"2022-02-13","Eastern","GL",0.184766870843978,0.331622369912059
"2022-02-13","Eastern","GR",4.31632472208965,4.2203764391432
"2022-02-13","Eastern","SG",1.27275392801719,2.53062162285254
"2022-02-13","Eastern","SH",0.171382724104107,0.410882733408515
"2022-02-13","Eastern","TG",0.367145834052005,0.842464249565462
"2022-02-13","Espace Mittelland","BE",3.42150733484325,7.46889574543148
"2022-02-13","Espace Mittelland","FR",0.692845280417034,1.53439498715588
"2022-02-13","Espace Mittelland","JU",0.109648972263474,0.215144983247241
"2022-02-13","Espace Mittelland","NE",0.285734755877201,0.565324882519963
"2022-02-13","Espace Mittelland","SO",0.375336470925419,0.933756417812237
"2022-02-13","Lake Geneva","GE",1.27826400122459,2.91043918806391
"2022-02-13","Lake Geneva","VD",2.18167240720818,4.31085289181368
"2022-02-13","Lake Geneva","VS",4.42290139931468,4.7376080908109
"2022-02-13","Northwestern","AG",1.12784162913823,2.74495089052349
"2022-02-13","Northwestern","BL",0.360721021313115,0.950750492318338
"2022-02-13","Northwestern","BS",0.551761413323778,1.72282528527953
"2022-02-13","Ticino","TI",0.945048307785908,1.46172832456779
"2022-02-13","Zurich","ZH",4.05732673571962,11.0017599063559
"2022-02-14","9999","9999",0.0083907416528329,0.0209027116425045
"2022-02-14","Central","LU",2.93442842967027,6.32512655487285
"2022-02-14","Central","NW",0.333728982032538,0.555536295604449
"2022-02-14","Central","OW",0.315587785595492,0.521072312506075
"2022-02-14","Central","SZ",1.19364426039683,1.9865053453162
"2022-02-14","Central","UR",0.303680112082173,0.442423735691839
"2022-02-14","Central","ZG",1.04539282094665,2.12442925400771
"2022-02-14","Eastern","AI",0.064440321805014,0.106892728643377
"2022-02-14","Eastern","AR",0.167676781552933,0.330466772845644
"2022-02-14","Eastern","GL",0.261194275245015,0.487220116089922
"2022-02-14","Eastern","GR",3.74281891051608,4.97929781843667
"2022-02-14","Eastern","SG",3.27004420173953,6.43456839469214
"2022-02-14","Eastern","SH",0.46241105594355,1.01967845851509
"2022-02-14","Eastern","TG",1.46343787984062,2.93946506732033
"2022-02-14","Espace Mittelland","BE",7.07761346939383,15.2560565182132
"2022-02-14","Espace Mittelland","FR",1.97885978120162,3.84592900147577
"2022-02-14","Espace Mittelland","JU",0.400199408510808,0.71126999437836
"2022-02-14","Espace Mittelland","NE",1.11044466474328,2.18074761692093
"2022-02-14","Espace Mittelland","SO",1.26943513117734,2.70419909985786
"2022-02-14","Lake Geneva","GE",4.6578905010466,8.03962474364439
"2022-02-14","Lake Geneva","VD",6.67537239611448,12.4043148634934
"2022-02-14","Lake Geneva","VS",4.96819592224923,6.88684869359752
"2022-02-14","Northwestern","AG",3.9878521138157,8.03863908732303
"2022-02-14","Northwestern","BL",1.47178635587408,3.0733783744284
"2022-02-14","Northwestern","BS",1.44684701279443,3.7680281639398
"2022-02-14","Ticino","TI",2.51198316070055,4.00315817880621
"2022-02-14","Zurich","ZH",11.7538618873359,26.5371650213004
"2022-02-15","9999","9999",0.00880696382332796,0.0198830671721384
"2022-02-15","Central","LU",2.70682396536354,5.69682163223327
"2022-02-15","Central","NW",0.30567321818489,0.498980015648144
"2022-02-15","Central","OW",0.26308925759858,0.444021178695412
"2022-02-15","Central","SZ",1.0672359460129,1.74695687107819
"2022-02-15","Central","UR",0.306699262793692,0.390047998064035
"2022-02-15","Central","ZG",0.940860075866571,1.91570803092378
"2022-02-15","Eastern","AI",0.0667548510312747,0.0928896112503492
"2022-02-15","Eastern","AR",0.170864947749681,0.307354831517346
"2022-02-15","Eastern","GL",0.213103781534688,0.42808073680869
"2022-02-15","Eastern","GR",3.19257095724133,4.30201597307051
"2022-02-15","Eastern","SG",3.00547205255526,5.80837073729132
"2022-02-15","Eastern","SH",0.440130346809868,0.936101600094079
"2022-02-15","Eastern","TG",1.33877586822434,2.64223870420862
"2022-02-15","Espace Mittelland","BE",6.38369351912981,14.1454257729415
"2022-02-15","Espace Mittelland","FR",1.68820910655356,3.28094400044592
"2022-02-15","Espace Mittelland","JU",0.334019362854149,0.622560925456512
"2022-02-15","Espace Mittelland","NE",0.947893007574443,1.88688608056143
"2022-02-15","Espace Mittelland","SO",1.17734816794831,2.45591567132372
"2022-02-15","Lake Geneva","GE",4.0782511073324,7.19138250874685
"2022-02-15","Lake Geneva","VD",5.66659136418511,10.9086663662114
"2022-02-15","Lake Geneva","VS",4.02044564190811,5.91210256807656
"2022-02-15","Northwestern","AG",3.64322069705675,7.34045453031437
"2022-02-15","Northwestern","BL",1.41092094654295,2.88267087032094
"2022-02-15","Northwestern","BS",1.40906583320364,3.70532002901228
"2022-02-15","Ticino","TI",1.97340890649029,3.28342513532382
"2022-02-15","Zurich","ZH",10.6659797051328,24.3321838541337
"2022-02-16","9999","9999",0.00918193070798218,0.0199510434701628
"2022-02-16","Central","LU",3.190293132884,5.98527905289983
"2022-02-16","Central","NW",0.312949648105726,0.528651669735797
"2022-02-16","Central","OW",0.253430198838691,0.435660094038411
"2022-02-16","Central","SZ",1.11670261189271,1.77897370744769
"2022-02-16","Central","UR",0.259365998400611,0.398545035317086
"2022-02-16","Central","ZG",1.02938669813749,1.95238124370794
"2022-02-16","Eastern","AI",0.0694413631338544,0.0997212292018019
"2022-02-16","Eastern","AR",0.169697613087425,0.312317101273128
"2022-02-16","Eastern","GL",0.237263252861142,0.442423735691839
"2022-02-16","Eastern","GR",3.31676013668121,4.56793925094198
"2022-02-16","Eastern","SG",3.22038975871579,6.05050231085425
"2022-02-16","Eastern","SH",0.448930081657623,0.93997624908147
"2022-02-16","Eastern","TG",1.40262014807049,2.69621188483999
"2022-02-16","Espace Mittelland","BE",6.67284560677826,14.3321906517635
"2022-02-16","Espace Mittelland","FR",1.80765339945885,3.43902288150168
"2022-02-16","Espace Mittelland","JU",0.362364990608578,0.659777948624873
"2022-02-16","Espace Mittelland","NE",1.00063719934417,1.92655025045867
"2022-02-16","Espace Mittelland","SO",1.19087981555163,2.43028860696852
"2022-02-16","Lake Geneva","GE",4.01469044142283,6.96926995495211
"2022-02-16","Lake Geneva","VD",6.03236425678532,11.147127219681
"2022-02-16","Lake Geneva","VS",4.11641328839688,5.95584531585527
"2022-02-16","Northwestern","AG",3.81807657190168,7.467536219471
"2022-02-16","Northwestern","BL",1.44961649755922,2.89018225125263
"2022-02-16","Northwestern","BS",1.45249751061454,3.73828853355412
"2022-02-16","Ticino","TI",2.22108640326538,3.62436025806522
"2022-02-16","Zurich","ZH",11.0666159027586,24.5257463627582
"2022-02-17","9999","9999",0.00905027798328514,0.0205288420033703
"2022-02-17","Central","LU",3.20121616196715,6.36628620332662
"2022-02-17","Central","NW",0.320960512183023,0.534089773577749
"2022-02-17","Central","OW",0.295186151936298,0.459043940558806
"2022-02-17","Central","SZ",1.17155652105151,1.84956709294603
"2022-02-17","Central","UR",0.294800400328606,0.413295891988382
"2022-02-17","Central","ZG",1.08202235345706,2.09859826075844
"2022-02-17","Eastern","AI",0.0746543199627687,0.0984296795393382
"2022-02-17","Eastern","AR",0.184779950355578,0.317245382879897
"2022-02-17","Eastern","GL",0.233670522489717,0.462000909522868
"2022-02-17","Eastern","GR",3.77009036184222,4.82601126639163
"2022-02-17","Eastern","SG",3.4789964718879,6.30228651873665
"2022-02-17","Eastern","SH",0.47175115475738,1.01417237837511
"2022-02-17","Eastern","TG",1.48133599707899,2.80527985502015
"2022-02-17","Espace Mittelland","BE",7.26227004157801,15.2463019194467
"2022-02-17","Espace Mittelland","FR",1.88255971540111,3.49455951698762
"2022-02-17","Espace Mittelland","JU",0.399905722567104,0.693630145041027
"2022-02-17","Espace Mittelland","NE",1.094840952297,2.10366249496126
"2022-02-17","Espace Mittelland","SO",1.36418938275972,2.6678317804148
"2022-02-17","Lake Geneva","GE",4.86290843844153,7.8750541261273
"2022-02-17","Lake Geneva","VD",6.42970363819969,11.7276787929585
"2022-02-17","Lake Geneva","VS",4.47017580982158,6.28464666939931
"2022-02-17","Northwestern","AG",4.06206214548233,7.90210869274101
"2022-02-17","Northwestern","BL",1.51544709312691,3.00013391330711
"2022-02-17","Northwestern","BS",1.55065672717247,3.95394333903654
"2022-02-17","Ticino","TI",2.40468771340481,3.8964353909079
"2022-02-17","Zurich","ZH",11.7528116691267,25.8670886635248
"2022-02-18","9999","9999",0.0168118442198684,0.0282441518291402
"2022-02-18","Central","LU",4.07037435915729,7.38433323068912
"2022-02-18","Central","NW",0.438487611061158,0.623342652883793
"2022-02-18","Central","OW",0.466272166928152,0.655495441849336
"2022-02-18","Central","SZ",1.53842114560411,2.22986049224356
"2022-02-18","Central","UR",0.449335131418958,0.579973774744222
"2022-02-18","Central","ZG",1.33558311636649,2.34008405949014
"2022-02-18","Eastern","AI",0.104405368650792,0.136904264221151
"2022-02-18","Eastern","AR",0.243901617997066,0.372985947259909
"2022-02-18","Eastern","GL",0.342390066225287,0.583236637049394
"2022-02-18","Eastern","GR",5.35573367822726,5.87848828870349
"2022-02-18","Eastern","SG",4.45739092792622,7.42889169404412
"2022-02-18","Eastern","SH",0.583978478611339,1.14720199360887
"2022-02-18","Eastern","TG",1.85920513137279,3.21548282544842
"2022-02-18","Espace Mittelland","BE",9.44015434418924,17.4607657801878
"2022-02-18","Espace Mittelland","FR",2.48476566431777,4.18815567387963
"2022-02-18","Espace Mittelland","JU",0.496962680907023,0.802766091519209
"2022-02-18","Espace Mittelland","NE",1.34560254699914,2.34212334843087
"2022-02-18","Espace Mittelland","SO",1.66416482108166,3.04730946413604
"2022-02-18","Lake Geneva","GE",4.93238005284099,8.20514702933381
"2022-02-18","Lake Geneva","VD",8.01980460486292,13.3437133140417
"2022-02-18","Lake Geneva","VS",6.15902997909036,7.70106879133384
"2022-02-18","Northwestern","AG",5.12309970311584,9.02674255540578
"2022-02-18","Northwestern","BL",1.97214232418073,3.46981614450673
"2022-02-18","Northwestern","BS",1.94528810535861,4.45404496360209
"2022-02-18","Ticino","TI",2.77840936589835,4.23526324841054
"2022-02-18","Zurich","ZH",14.4594206292493,28.9787037055919
"2022-02-19","9999","9999",0.0124480688075668,0.0240636095006393
"2022-02-19","Central","LU",4.8316122569231,7.58748039733506
"2022-02-19","Central","NW",0.496948109391255,0.677383809813194
"2022-02-19","Central","OW",0.550442935898132,0.729827523739023
"2022-02-19","Central","SZ",1.87670070901957,2.46934099018354
"2022-02-19","Central","UR",0.563155191259916,0.580177703638295
"2022-02-19","Central","ZG",1.55632482359293,2.39303759565115
"2022-02-19","Eastern","AI",0.123064173053342,0.14536731332519
"2022-02-19","Eastern","AR",0.273403603805663,0.383454297155668
"2022-02-19","Eastern","GL",0.418654454485937,0.634218860567697
"2022-02-19","Eastern","GR",7.0699866534549,6.52409317919028
"2022-02-19","Eastern","SG",5.52667409554208,8.00298551900923
"2022-02-19","Eastern","SH",0.702774669968776,1.26680628998281
"2022-02-19","Eastern","TG",2.3289311117279,3.58765305713204
"2022-02-19","Espace Mittelland","BE",11.0797484333731,17.5877455048974
"2022-02-19","Espace Mittelland","FR",2.66906713167803,4.19706056892083
"2022-02-19","Espace Mittelland","JU",0.55037429195836,0.824722435781092
"2022-02-19","Espace Mittelland","NE",1.66855424643438,2.52586328199084
"2022-02-19","Espace Mittelland","SO",2.10378837989326,3.44123211118747
"2022-02-19","Lake Geneva","GE",5.79964229650425,8.4115230701359
"2022-02-19","Lake Geneva","VD",9.24729131048902,13.6589533961298
"2022-02-19","Lake Geneva","VS",8.09175105082617,8.33436997187821
"2022-02-19","Northwestern","AG",6.73231656786786,10.280633348764
"2022-02-19","Northwestern","BL",2.40453715412862,3.61467363559674
"2022-02-19","Northwestern","BS",2.5053311443139,4.90404805652365
"2022-02-19","Ticino","TI",3.39742564353459,4.6253792227726
"2022-02-19","Zurich","ZH",18.2058994768967,30.4432530465277
"2022-02-20","9999","9999",0.0101376827319867,0.0224661664970658
"2022-02-20","Central","LU",0.955552964802795,2.36860011651137
"2022-02-20","Central","NW",0.189706207423032,0.216776414399827
"2022-02-20","Central","OW",0.340127894205642,0.431037705772751
"2022-02-20","Central","SZ",0.535515680910935,0.813914204395211
"2022-02-20","Central","UR",0.284626631459076,0.303650123275016
"2022-02-20","Central","ZG",0.268120906550974,0.710726183994165
"2022-02-20","Eastern","AI",0.0178501812199618,0.0334443386280072
"2022-02-20","Eastern","AR",0.0713736808358021,0.107164633835474
"2022-02-20","Eastern","GL",0.133945296791094,0.248793250769322
"2022-02-20","Eastern","GR",4.53816873452636,3.83498481749384
"2022-02-20","Eastern","SG",1.08188911474368,2.18241303622253
"2022-02-20","Eastern","SH",0.166712159740373,0.384711858669119
"2022-02-20","Eastern","TG",0.342655353181529,0.753585239898552
"2022-02-20","Espace Mittelland","BE",3.29236690237108,6.37600681394411
"2022-02-20","Espace Mittelland","FR",0.640916341654183,1.43939811066677
"2022-02-20","Espace Mittelland","JU",0.100689318848289,0.197777039102006
"2022-02-20","Espace Mittelland","NE",0.275043410370338,0.546631400563252
"2022-02-20","Espace Mittelland","SO",0.371901697194684,0.911970014295415
"2022-02-20","Lake Geneva","GE",1.43174951660729,3.10376377964531
"2022-02-20","Lake Geneva","VD",2.10667836846971,4.12772474493594
"2022-02-20","Lake Geneva","VS",4.33360785557346,4.56396263750755
"2022-02-20","Northwestern","AG",1.18153479821488,2.75749251750899
"2022-02-20","Northwestern","BL",0.365104897663454,0.906260005261366
"2022-02-20","Northwestern","BS",0.556356613854953,1.68836130218116
"2022-02-20","Ticino","TI",1.13683698492085,1.68897308886338
"2022-02-20","Zurich","ZH",4.09699023716667,10.7855612904892
"2022-02-21","9999","9999",0.00747548129048899,0.0189313989997968
"2022-02-21","Central","LU",2.66271205544889,5.39684222905157
"2022-02-21","Central","NW",0.287149919872132,0.467574965960869
"2022-02-21","Central","OW",0.253229330435091,0.40000652572461
"2022-02-21","Central","SZ",1.02688260606151,1.72602017128668
"2022-02-21","Central","UR",0.258642395959446,0.365372601881176
"2022-02-21","Central","ZG",1.03200608180059,2.1575337111456
"2022-02-21","Eastern","AI",0.0537026928407848,0.0848684080834695
"2022-02-21","Eastern","AR",0.155828514084815,0.290938555544453
"2022-02-21","Eastern","GL",0.211265209469925,0.405580582162612
"2022-02-21","Eastern","GR",3.63389285930604,4.54662868151133
"2022-02-21","Eastern","SG",2.97220158141712,5.8317205956627
"2022-02-21","Eastern","SH",0.400258462114081,0.910372571291842
"2022-02-21","Eastern","TG",1.27053455811185,2.54761569735865
"2022-02-21","Espace Mittelland","BE",6.37684417833895,14.1197647204373
"2022-02-21","Espace Mittelland","FR",1.71241571111403,3.35089161111304
"2022-02-21","Espace Mittelland","JU",0.291112827833993,0.556012129690619
"2022-02-21","Espace Mittelland","NE",0.929034466498489,1.86221068437857
"2022-02-21","Espace Mittelland","SO",1.15437323436628,2.54289134464595
"2022-02-21","Lake Geneva","GE",4.35606539657116,8.22288884311818
"2022-02-21","Lake Geneva","VD",5.63612320581947,10.3306978922589
"2022-02-21","Lake Geneva","VS",4.3855809083178,6.12201337637593
"2022-02-21","Northwestern","AG",3.5235904675376,7.38892163080577
"2022-02-21","Northwestern","BL",1.38080463487139,2.86876971737495
"2022-02-21","Northwestern","BS",1.37853858207451,3.68958351601963
"2022-02-21","Ticino","TI",2.15656672720196,3.58432221852884
"2022-02-21","Zurich","ZH",10.4121812671342,24.9228638958168
"2022-02-22","9999","9999",0.0071941582264624,0.0180816952744917
"2022-02-22","Central","LU",2.76096199055944,5.59247801476581
"2022-02-22","Central","NW",0.29920118605951,0.495309295554826
"2022-02-22","Central","OW",0.272030016210332,0.459689715390038
"2022-02-22","Central","SZ",1.11255918709065,1.82404199303787
"2022-02-22","Central","UR",0.27463003906345,0.403779210264965
"2022-02-22","Central","ZG",1.07911637576508,2.29226273382997
"2022-02-22","Eastern","AI",0.0696451411413817,0.0934674097835567
"2022-02-22","Eastern","AR",0.169306382965742,0.312690970912262
"2022-02-22","Eastern","GL",0.232621909849372,0.43487836661113
"2022-02-22","Eastern","GR",3.09827170818974,4.37492055270168
"2022-02-22","Eastern","SG",3.20283224527396,6.12174147118383
"2022-02-22","Eastern","SH",0.451221482861276,0.952687816812034
"2022-02-22","Eastern","TG",1.3410891364917,2.64754085545452
"2022-02-22","Espace Mittelland","BE",6.64008180224172,14.6855314488944
"2022-02-22","Espace Mittelland","FR",1.76168362324182,3.40082020201196
"2022-02-22","Espace Mittelland","JU",0.326706318132874,0.578342343591636
"2022-02-22","Espace Mittelland","NE",1.00004526920781,1.95435255635065
"2022-02-22","Espace Mittelland","SO",1.23516500158284,2.68781681203398
"2022-02-22","Lake Geneva","GE",4.6776379789888,8.43837370785555
"2022-02-22","Lake Geneva","VD",5.56243320221958,10.4165179685147
"2022-02-22","Lake Geneva","VS",4.43827294651404,6.44581847201518
"2022-02-22","Northwestern","AG",3.74346906014315,7.67095529130903
"2022-02-22","Northwestern","BL",1.43674407300463,2.94024679474761
"2022-02-22","Northwestern","BS",1.50424079471708,3.91380333505313
"2022-02-22","Ticino","TI",2.13712612044765,3.61219250071885
"2022-02-22","Zurich","ZH",10.9826943376449,26.0893031817666
"2022-02-23","9999","9999",0.00915247831075304,0.0205288420033703
"2022-02-23","Central","LU",2.99357846888707,5.91383596367619
"2022-02-23","Central","NW",0.303179859923678,0.525184878536552
"2022-02-23","Central","OW",0.347578312958933,0.561280292787511
"2022-02-23","Central","SZ",1.16419979702713,1.9004473520173
"2022-02-23","Central","UR",0.318566483805566,0.462986565844221
"2022-02-23","Central","ZG",1.16033182517297,2.37872858491701
"2022-02-23","Eastern","AI",0.0720158221990303,0.106450882706218
"2022-02-23","Eastern","AR",0.175330148117206,0.323533190447155
"2022-02-23","Eastern","GL",0.238458829870003,0.454115658952037
"2022-02-23","Eastern","GR",3.58759824127875,4.85337172634646
"2022-02-23","Eastern","SG",3.38345533495793,6.56294163351123
"2022-02-23","Eastern","SH",0.475772395774571,0.984806617628565
"2022-02-23","Eastern","TG",1.42106955105873,2.75178250847494
"2022-02-23","Espace Mittelland","BE",6.82481364427395,15.1111990271232
"2022-02-23","Espace Mittelland","FR",1.88120691796358,3.72795613625441
"2022-02-23","Espace Mittelland","JU",0.328069583095698,0.581843122939893
"2022-02-23","Espace Mittelland","NE",1.06242364516927,2.02909249602848
"2022-02-23","Espace Mittelland","SO",1.30356041497092,2.83474758021373
"2022-02-23","Lake Geneva","GE",4.93741176053371,8.64726487168454
"2022-02-23","Lake Geneva","VD",5.74462752110083,10.4971378579717
"2022-02-23","Lake Geneva","VS",4.70899891583772,6.86094972405022
"2022-02-23","Northwestern","AG",3.93643065618692,7.95988854606176
"2022-02-23","Northwestern","BL",1.51178081595687,3.06206032080734
"2022-02-23","Northwestern","BS",1.56040430368093,3.99697233568599
"2022-02-23","Ticino","TI",2.25439058351605,3.71935713455432
"2022-02-23","Zurich","ZH",11.5440157187221,26.7798404052475
"2022-02-24","9999","9999",0.00909559026733492,0.0209027116425045
"2022-02-24","Central","LU",2.46651422404523,5.57748924105143
"2022-02-24","Central","NW",0.251346053069601,0.466147463702356
"2022-02-24","Central","OW",0.311482542002453,0.48936136947769
"2022-02-24","Central","SZ",1.14695510320974,1.82550348344539
"2022-02-24","Central","UR",0.300722822761297,0.414383512756772
"2022-02-24","Central","ZG",1.11227628586999,2.33988013059606
"2022-02-24","Eastern","AI",0.0687705643257488,0.103901771530303
"2022-02-24","Eastern","AR",0.193604266069894,0.328801353544046
"2022-02-24","Eastern","GL",0.263674929932684,0.482121893738091
"2022-02-24","Eastern","GR",3.90874339387253,4.90761681216993
"2022-02-24","Eastern","SG",3.47240314491452,6.47477637497357
"2022-02-24","Eastern","SH",0.496129856711953,1.00880225083118
"2022-02-24","Eastern","TG",1.48265953792036,2.78991721166664
"2022-02-24","Espace Mittelland","BE",7.51171491323211,15.6124222606062
"2022-02-24","Espace Mittelland","FR",2.01229882531457,3.65284232693744
"2022-02-24","Espace Mittelland","JU",0.360205574991444,0.607300246550033
"2022-02-24","Espace Mittelland","NE",1.21613614881856,2.17211462707183
"2022-02-24","Espace Mittelland","SO",1.39953303872295,2.92726332182495
"2022-02-24","Lake Geneva","GE",5.06634601447721,9.0546468257448
"2022-02-24","Lake Geneva","VD",6.04197608049464,10.6799261233593
"2022-02-24","Lake Geneva","VS",4.76317648501808,6.79310937862186
"2022-02-24","Northwestern","AG",4.08127534103975,8.05743453372678
"2022-02-24","Northwestern","BL",1.58876474182844,3.10563312784098
"2022-02-24","Northwestern","BS",1.65253929691289,4.14091214675267
"2022-02-24","Ticino","TI",2.64236485840369,3.93174907773158
"2022-02-24","Zurich","ZH",12.1533437906509,27.4168802821832
"2022-02-25","9999","9999",0.0160574344380572,0.0269865903156887
"2022-02-25","Central","LU",4.40208460081078,7.01284276198575
"2022-02-25","Central","NW",0.435038998110665,0.617836572743816
"2022-02-25","Central","OW",0.466712409974143,0.589796349808749
"2022-02-25","Central","SZ",1.74674879075314,2.30279906002375
"2022-02-25","Central","UR",0.431415624871493,0.509720270736
"2022-02-25","Central","ZG",1.61545279602893,2.80381836461263
"2022-02-25","Eastern","AI",0.106412740819605,0.128169309925015
"2022-02-25","Eastern","AR",0.276592236008963,0.406464274036929
"2022-02-25","Eastern","GL",0.39249050101449,0.611378824431497
"2022-02-25","Eastern","GR",5.61656950828207,5.77727158094516
"2022-02-25","Eastern","SG",5.12717406104781,8.08982523973541
"2022-02-25","Eastern","SH",0.702549346011301,1.26823379224132
"2022-02-25","Eastern","TG",2.27432098665163,3.55420871850403
"2022-02-25","Espace Mittelland","BE",10.8592445500446,19.1592555507746
"2022-02-25","Espace Mittelland","FR",3.13706757984318,4.92274153848036
"2022-02-25","Espace Mittelland","JU",0.573117440147538,0.818638557107908
"2022-02-25","Espace Mittelland","NE",1.68354414993252,2.60580340846754
"2022-02-25","Espace Mittelland","SO",2.15180156742439,3.69186072200345
"2022-02-25","Lake Geneva","GE",6.64357096951022,10.1085173621662
"2022-02-25","Lake Geneva","VD",9.04794757459196,13.3917045804469
"2022-02-25","Lake Geneva","VS",6.80622113811433,8.19236748530522
"2022-02-25","Northwestern","AG",6.15180925457447,10.1585479175121
"2022-02-25","Northwestern","BL",2.31565296777231,3.84885198229082
"2022-02-25","Northwestern","BS",2.12361440539344,4.70627101742165
"2022-02-25","Ticino","TI",4.0981427340237,4.46815004544216
"2022-02-25","Zurich","ZH",16.8411532867969,32.0964366144813
"2022-02-26","9999","9999",0.0146764925544665,0.0265447443785301
"2022-02-26","Central","LU",4.53135999504576,7.30592257091797
"2022-02-26","Central","NW",0.475545709041636,0.643123755608894
"2022-02-26","Central","OW",0.620522023123034,0.81405015699126
"2022-02-26","Central","SZ",1.98286481380608,2.60916823521974
"2022-02-26","Central","UR",0.528882586739865,0.60617863763263
"2022-02-26","Central","ZG",1.66973973185599,2.6792517984829
"2022-02-26","Eastern","AI",0.0972007468150498,0.134864975280419
"2022-02-26","Eastern","AR",0.293589922858176,0.40741594220927
"2022-02-26","Eastern","GL",0.462262055243886,0.701889265250992
"2022-02-26","Eastern","GR",7.45936259381157,6.81985805189447
"2022-02-26","Eastern","SG",6.15348866777996,8.67241610195357
"2022-02-26","Eastern","SH",0.805143398106534,1.34926153948641
"2022-02-26","Eastern","TG",2.66348433403652,3.87097826729776
"2022-02-26","Espace Mittelland","BE",12.0993579929563,19.2903138533656
"2022-02-26","Espace Mittelland","FR",2.93432506628444,4.30483698943852
"2022-02-26","Espace Mittelland","JU",0.646695226237115,0.925973131688443
"2022-02-26","Espace Mittelland","NE",1.78794132626647,2.55322374194566
"2022-02-26","Espace Mittelland","SO",2.3363934234383,3.74219717069052
"2022-02-26","Lake Geneva","GE",7.09135722438228,9.68923955595163
"2022-02-26","Lake Geneva","VD",10.1460659744584,14.2459627177196
"2022-02-26","Lake Geneva","VS",8.35067033691338,8.66378311210447
"2022-02-26","Northwestern","AG",7.50495449354003,11.119188961193
"2022-02-26","Northwestern","BL",2.51738790859538,3.70552395790636
"2022-02-26","Northwestern","BS",2.4772807414996,4.73448118110177
"2022-02-26","Ticino","TI",3.59375520206735,4.65022455970052
"2022-02-26","Zurich","ZH",20.2869023098367,33.1220629990735
"2022-02-27","9999","9999",0.0119642208628728,0.0252531947160664
"2022-02-27","Central","LU",1.1135893865982,2.5901008836239
"2022-02-27","Central","NW",0.217931977509333,0.270239772796021
"2022-02-27","Central","OW",0.420627381330188,0.576778888737075
"2022-02-27","Central","SZ",0.664678536521856,1.04054718200858
"2022-02-27","Central","UR",0.31748070420576,0.370402847934982
"2022-02-27","Central","ZG",0.278333044598546,0.765039246115664
"2022-02-27","Eastern","AI",0.0241613275206156,0.0509822235183036
"2022-02-27","Eastern","AR",0.0943593756447362,0.14614904075247
"2022-02-27","Eastern","GL",0.190396312216823,0.348990314057295
"2022-02-27","Eastern","GR",4.86622141998955,4.26337144764364
"2022-02-27","Eastern","SG",1.41360842981885,2.70688416362983
"2022-02-27","Eastern","SH",0.200708042521586,0.445380704655901
"2022-02-27","Eastern","TG",0.4186537535181,0.902963154807182
"2022-02-27","Espace Mittelland","BE",3.78545424538762,7.31234633108128
"2022-02-27","Espace Mittelland","FR",0.72821162189245,1.55438001877505
"2022-02-27","Espace Mittelland","JU",0.125758387970089,0.230949472537915
"2022-02-27","Espace Mittelland","NE",0.292441514327526,0.591767662451456
"2022-02-27","Espace Mittelland","SO",0.433953398647846,1.01593976212374
"2022-02-27","Lake Geneva","GE",1.59847492033217,3.38936619579485
"2022-02-27","Lake Geneva","VD",2.42123188189536,4.57898539937095
"2022-02-27","Lake Geneva","VS",4.90257031082367,4.8612909650663
"2022-02-27","Northwestern","AG",1.31554336616433,3.04761535747715
"2022-02-27","Northwestern","BL",0.399967204103668,1.01223505388141
"2022-02-27","Northwestern","BS",0.606556206222968,1.80181374358389
"2022-02-27","Ticino","TI",1.13987728214813,1.67123127507901
"2022-02-27","Zurich","ZH",4.7349824660336,12.2801221670028
"2022-02-28","9999","9999",0.00893228042533961,0.0217184272187974
"2022-02-28","Central","LU",2.96508059013519,5.93555439089498
"2022-02-28","Central","NW",0.334166906793838,0.521072312506075
"2022-02-28","Central","OW",0.388812131170255,0.561586186128621
"2022-02-28","Central","SZ",1.1642863254368,1.78339216681927
"2022-02-28","Central","UR",0.305263868632017,0.446944159510462
"2022-02-28","Central","ZG",1.08708067834749,2.20705444425638
"2022-02-28","Eastern","AI",0.0631409428159171,0.0970701535788501
"2022-02-28","Eastern","AR",0.194414674958257,0.336856544859938
"2022-02-28","Eastern","GL",0.269609378467209,0.463870257718539
"2022-02-28","Eastern","GR",4.20370042722658,4.87175931496206
"2022-02-28","Eastern","SG",3.70014395725565,6.67357305854595
"2022-02-28","Eastern","SH",0.516849467395826,1.03344365886503
"2022-02-28","Eastern","TG",1.63599429430977,2.89300326762065
"2022-02-28","Espace Mittelland","BE",7.91000690993731,16.0624253535277
"2022-02-28","Espace Mittelland","FR",2.20843592314177,3.58211298884305
"2022-02-28","Espace Mittelland","JU",0.439911499951851,0.691998713888441
"2022-02-28","Espace Mittelland","NE",1.30363348401492,1.9455836139055
"2022-02-28","Espace Mittelland","SO",1.42285081214976,2.85571826815426
"2022-02-28","Lake Geneva","GE",5.64278853667901,9.13638832411915
"2022-02-28","Lake Geneva","VD",7.4122325748471,12.3367124351081
"2022-02-28","Lake Geneva","VS",5.20467934251739,6.60474705679624
"2022-02-28","Northwestern","AG",4.31032674393935,8.130475065954
"2022-02-28","Northwestern","BL",1.58037400800764,2.86271982685077
"2022-02-28","Northwestern","BS",1.59310865126399,3.83814571535197
"2022-02-28","Ticino","TI",3.12063791190344,3.58683734155575
"2022-02-28","Zurich","ZH",13.2218470551854,29.4705122217985
"2022-03-01","9999","9999",0.0092990001688471,0.0215484864737363
"2022-03-01","Central","LU",2.89212681814561,5.82801588742037
"2022-03-01","Central","NW",0.318696652358138,0.506049550642682
"2022-03-01","Central","OW",0.354581146126038,0.532832212064297
"2022-03-01","Central","SZ",1.13526830505354,1.7433541272829
"2022-03-01","Central","UR",0.310576871976609,0.426279364911043
"2022-03-01","Central","ZG",1.10164754971386,2.23077817226689
"2022-03-01","Eastern","AI",0.0763747613248569,0.0993473595626677
"2022-03-01","Eastern","AR",0.195771991484517,0.339133750843756
"2022-03-01","Eastern","GL",0.26739493491684,0.472299318673565
"2022-03-01","Eastern","GR",3.48698485800215,4.5239925742692
"2022-03-01","Eastern","SG",3.71076984254817,6.76802612465086
"2022-03-01","Eastern","SH",0.514814628252653,1.03677449746822
"2022-03-01","Eastern","TG",1.57867429806305,2.85942297639659
"2022-03-01","Espace Mittelland","BE",7.60739584429534,16.3173704592683
"2022-03-01","Espace Mittelland","FR",2.13864128788202,3.6663696102443
"2022-03-01","Espace Mittelland","JU",0.405460853517157,0.684181439615635
"2022-03-01","Espace Mittelland","NE",0.256803181667168,0.569369472252415
"2022-03-01","Espace Mittelland","SO",1.41104117231709,2.86999329073939
"2022-03-01","Lake Geneva","GE",5.49133328261041,9.20939486819736
"2022-03-01","Lake Geneva","VD",7.18317184790046,12.3398733329663
"2022-03-01","Lake Geneva","VS",4.7755561879234,6.46889642519446
"2022-03-01","Northwestern","AG",4.29641347221493,8.18070955019404
"2022-03-01","Northwestern","BL",1.53659673778889,2.83461162761768
"2022-03-01","Northwestern","BS",1.61418970289447,3.94320308394869
"2022-03-01","Ticino","TI",2.87746267672275,3.53177654015598
"2022-03-01","Zurich","ZH",12.9894303840195,29.5622802241314
"2022-03-02","9999","9999",0.00999768888162841,0.0233498583713831
"2022-03-02","Central","LU",3.09716152394434,6.08340283909806
"2022-03-02","Central","NW",0.337743021486305,0.521616122890271
"2022-03-02","Central","OW",0.332331902224604,0.52453910370532
"2022-03-02","Central","SZ",1.21719386620874,1.84161386607718
"2022-03-02","Central","UR",0.326624128674951,0.434232591779898
"2022-03-02","Central","ZG",1.20035648952911,2.50927706527288
"2022-03-02","Eastern","AI",0.0721552168981087,0.0992453951156311
"2022-03-02","Eastern","AR",0.198833838577767,0.33780821303228
"2022-03-02","Eastern","GL",0.272151679164342,0.493134054018045
"2022-03-02","Eastern","GR",3.63193044306333,4.61667825662548
"2022-03-02","Eastern","SG",3.72210819311689,6.82281502085853
"2022-03-02","Eastern","SH",0.529987946446856,1.06953907311599
"2022-03-02","Eastern","TG",1.62478689941394,2.94126643921797
"2022-03-02","Espace Mittelland","BE",7.71611740086593,16.3703919717273
"2022-03-02","Espace Mittelland","FR",2.03758757932298,3.51114573370557
"2022-03-02","Espace Mittelland","JU",0.425527788740136,0.703588672701602
"2022-03-02","Espace Mittelland","NE",1.31976666213962,2.11229548481036
"2022-03-02","Espace Mittelland","SO",1.44159981035805,2.97243357186216
"2022-03-02","Lake Geneva","GE",5.69325280118789,9.36985291968396
"2022-03-02","Lake Geneva","VD",7.48497126327527,12.7335240748256
"2022-03-02","Lake Geneva","VS",4.73213554194488,6.48381722261082
"2022-03-02","Northwestern","AG",4.43005552405399,8.47375537097725
"2022-03-02","Northwestern","BL",1.54254591839606,2.91618318524697
"2022-03-02","Northwestern","BS",1.62521630682861,3.91145815277129
"2022-03-02","Ticino","TI",2.81139271826074,3.49486541032873
"2022-03-02","Zurich","ZH",13.1818242274433,30.048412719453
"2022-03-03","9999","9999",0.0100577214902606,0.0227040835401512
"2022-03-03","Central","LU",3.22704104672246,6.18975175735724
"2022-03-03","Central","NW",0.33113816966184,0.539833770760811
"2022-03-03","Central","OW",0.364568551535373,0.543912348642275
"2022-03-03","Central","SZ",1.25917920026204,1.86581342817386
"2022-03-03","Central","UR",0.356150002214314,0.451566547776121
"2022-03-03","Central","ZG",1.2193026672488,2.46903509684243
"2022-03-03","Eastern","AI",0.0801635159813638,0.102984091506973
"2022-03-03","Eastern","AR",0.212864121022732,0.344265961344598
"2022-03-03","Eastern","GL",0.269812067820776,0.503636392062816
"2022-03-03","Eastern","GR",3.98387317366208,4.70402779958684
"2022-03-03","Eastern","SG",3.81665305894904,6.93786490526483
"2022-03-03","Eastern","SH",0.533562318509784,1.08711094615529
"2022-03-03","Eastern","TG",1.64624627004343,2.9781095927472
"2022-03-03","Espace Mittelland","BE",7.8627617442785,16.7850134015272
"2022-03-03","Espace Mittelland","FR",2.07444446820599,3.56661439289349
"2022-03-03","Espace Mittelland","JU",0.447057079932385,0.732852469001109
"2022-03-03","Espace Mittelland","NE",1.20141920767867,2.0717476230388
"2022-03-03","Espace Mittelland","SO",1.57150701549171,3.14754051557303
"2022-03-03","Lake Geneva","GE",5.97355997093325,9.87427103917406
"2022-03-03","Lake Geneva","VD",7.21484731567519,12.773766043256
"2022-03-03","Lake Geneva","VS",5.12708642048804,6.63271930343328
"2022-03-03","Northwestern","AG",4.50813461622874,8.61252898339407
"2022-03-03","Northwestern","BL",1.58156302959662,2.94769019938128
"2022-03-03","Northwestern","BS",1.69698419396239,4.18475685897841
"2022-03-03","Ticino","TI",2.85565919745754,3.71714790486853
"2022-03-03","Zurich","ZH",13.3936849541252,30.9154504007543
"2022-03-04","9999","9999",0.0153337184322708,0.0273264718058107
"2022-03-04","Central","LU",4.32245262208317,7.225234705163
"2022-03-04","Central","NW",0.426673185850301,0.636156185061393
"2022-03-04","Central","OW",0.477219624153029,0.664162419847448
"2022-03-04","Central","SZ",1.60757508842856,2.24005693694723
"2022-03-04","Central","UR",0.483116502377885,0.559750826081962
"2022-03-04","Central","ZG",1.62670984216057,2.97331726373648
"2022-03-04","Eastern","AI",0.109522147993209,0.132519792998577
"2022-03-04","Eastern","AR",0.279883828247889,0.413193927541345
"2022-03-04","Eastern","GL",0.350484627428761,0.617836572743816
"2022-03-04","Eastern","GR",5.60426533368221,5.64196475972758
"2022-03-04","Eastern","SG",4.87226168333933,8.06001763305171
"2022-03-04","Eastern","SH",0.658320887466635,1.25242930295065
"2022-03-04","Eastern","TG",2.08539880196451,3.45040891142077
"2022-03-04","Espace Mittelland","BE",10.4324080426042,19.0656182002459
"2022-03-04","Espace Mittelland","FR",2.76223353446816,4.28950833423402
"2022-03-04","Espace Mittelland","JU",0.583366561101563,0.966487005310988
"2022-03-04","Espace Mittelland","NE",1.42595660875159,2.28787826260739
"2022-03-04","Espace Mittelland","SO",1.92366479440768,3.49037897465912
"2022-03-04","Lake Geneva","GE",6.59086048685302,10.4469033737316
"2022-03-04","Lake Geneva","VD",9.14555458121897,14.656641522234
"2022-03-04","Lake Geneva","VS",6.67272116344903,7.82002731287655
"2022-03-04","Northwestern","AG",5.73472609585817,9.95417717750175
"2022-03-04","Northwestern","BL",2.03522382962327,3.4365757347728
"2022-03-04","Northwestern","BS",1.97313547420946,4.37594019717205
"2022-03-04","Ticino","TI",3.6101240933544,4.06899322344285
"2022-03-04","Zurich","ZH",16.6061088555981,33.9288736803251
"2022-03-05","9999","9999",0.0146952463811292,0.0280062347860548
"2022-03-05","Central","LU",5.04673379591545,7.77614861250179
"2022-03-05","Central","NW",0.533127440413162,0.720106913121533
"2022-03-05","Central","OW",0.609058814126814,0.834443046398582
"2022-03-05","Central","SZ",1.97714338508968,2.63595089664136
"2022-03-05","Central","UR",0.541720789183112,0.633811002779551
"2022-03-05","Central","ZG",1.7786594939356,2.68863252761027
"2022-03-05","Eastern","AI",0.139914284634695,0.166915799798926
"2022-03-05","Eastern","AR",0.29450046833071,0.414179583862699
"2022-03-05","Eastern","GL",0.437410763906251,0.692712465017698
"2022-03-05","Eastern","GR",6.65977990306962,6.5013211193521
"2022-03-05","Eastern","SG",5.96645935862688,8.72367023066397
"2022-03-05","Eastern","SH",0.778629845737303,1.33311716870562
"2022-03-05","Eastern","TG",2.55935611788692,3.82944474920485
"2022-03-05","Espace Mittelland","BE",11.5196183255972,19.0477744220145
"2022-03-05","Espace Mittelland","FR",2.7716891402503,4.17547809429808
"2022-03-05","Espace Mittelland","JU",0.605186565977245,0.874956920021127
"2022-03-05","Espace Mittelland","NE",1.64818915317121,2.5043147955171
"2022-03-05","Espace Mittelland","SO",2.262174866593,3.73261251266908
"2022-03-05","Lake Geneva","GE",7.08530507982346,9.9309292835774
"2022-03-05","Lake Geneva","VD",10.5195167557492,15.0922676281234
"2022-03-05","Lake Geneva","VS",7.63088788850814,8.23628017382899
"2022-03-05","Northwestern","AG",7.32276254385175,11.0363258539013
"2022-03-05","Northwestern","BL",2.31628041230709,3.48728605309901
"2022-03-05","Northwestern","BS",2.28245686188126,4.48307084285851
"2022-03-05","Ticino","TI",3.45488508930469,4.40262089414663
"2022-03-05","Zurich","ZH",20.2943458873005,34.2095478148679
"2022-03-06","9999","9999",0.0102638373625859,0.0242335502457003
"2022-03-06","Central","LU",1.14521657766066,2.60831853149444
"2022-03-06","Central","NW",0.205935445553582,0.259329576963104
"2022-03-06","Central","OW",0.334368429173017,0.471347650501223
"2022-03-06","Central","SZ",0.613766193008079,0.963462060048902
"2022-03-06","Central","UR",0.30094056921729,0.339847501973012
"2022-03-06","Central","ZG",0.322344273602048,0.771089136639836
"2022-03-06","Eastern","AI",0.0234331746625409,0.0427570914573506
"2022-03-06","Eastern","AR",0.0909989554130297,0.126707819517491
"2022-03-06","Eastern","GL",0.153494310766854,0.300659166161943
"2022-03-06","Eastern","GR",4.2141301198451,3.49765243854773
"2022-03-06","Eastern","SG",1.22873448711673,2.51777410252593
"2022-03-06","Eastern","SH",0.214446048790565,0.461015253201514
"2022-03-06","Eastern","TG",0.404890680795902,0.853646350590476
"2022-03-06","Espace Mittelland","BE",3.32168272443658,6.90924688379656
"2022-03-06","Espace Mittelland","FR",0.70470708557126,1.56284306787909
"2022-03-06","Espace Mittelland","JU",0.124168749556046,0.23302274962766
"2022-03-06","Espace Mittelland","NE",0.294966095027656,0.610155251067058
"2022-03-06","Espace Mittelland","SO",0.413664981084422,0.983718996860175
"2022-03-06","Lake Geneva","GE",1.63518037275018,3.54581364569802
"2022-03-06","Lake Geneva","VD",2.26061417149339,4.57803373119861
"2022-03-06","Lake Geneva","VS",3.78732714138028,4.14053827711354
"2022-03-06","Northwestern","AG",1.29779728454223,2.99435592797503
"2022-03-06","Northwestern","BL",0.393980437522743,1.05302083269606
"2022-03-06","Northwestern","BS",0.625552516849103,1.85571894791724
"2022-03-06","Ticino","TI",1.22397031417656,1.56182342340873
"2022-03-06","Zurich","ZH",4.59891830402735,11.9542098061248
"2022-03-07","9999","9999",0.00908464107139652,0.0239956332026149
"2022-03-07","Central","LU",3.02948894937323,6.18135668455123
"2022-03-07","Central","NW",0.320924328144943,0.527326131924321
"2022-03-07","Central","OW",0.282667782711891,0.472435271269614
"2022-03-07","Central","SZ",1.15701609066188,1.86064722952401
"2022-03-07","Central","UR",0.289195849188015,0.420977213665139
"2022-03-07","Central","ZG",1.16364287220639,2.36319600081843
"2022-03-07","Eastern","AI",0.0693910970826866,0.103289984848083
"2022-03-07","Eastern","AR",0.172180535151507,0.322955391913947
"2022-03-07","Eastern","GL",0.236537179410451,0.459485786495965
"2022-03-07","Eastern","GR",3.23152229494583,4.08578336905488
"2022-03-07","Eastern","SG",3.36797235345256,6.52728806519743
"2022-03-07","Eastern","SH",0.507859492226652,1.04683498957583
"2022-03-07","Eastern","TG",1.54321899632864,2.92763719146408
"2022-03-07","Espace Mittelland","BE",7.06481665146513,15.55620586214
"2022-03-07","Espace Mittelland","FR",2.00115505793505,3.6833636847504
"2022-03-07","Espace Mittelland","JU",0.386256860610122,0.670620168159766
"2022-03-07","Espace Mittelland","NE",1.08594798872689,2.08931949607811
"2022-03-07","Espace Mittelland","SO",1.31399364767282,2.81754957681356
"2022-03-07","Lake Geneva","GE",5.30066428215683,9.21228386086339
"2022-03-07","Lake Geneva","VD",6.39921492855354,12.0674583186335
"2022-03-07","Lake Geneva","VS",4.26127691896143,5.849258480553
"2022-03-07","Northwestern","AG",4.06100196491466,8.15654397624636
"2022-03-07","Northwestern","BL",1.38454445884004,2.58167182266887
"2022-03-07","Northwestern","BS",1.19744123478234,3.38912827875177
"2022-03-07","Ticino","TI",2.85848404693341,3.70389252675377
"2022-03-07","Zurich","ZH",12.5059852177944,29.2460884738709
"2022-03-08","9999","9999",0.00914333048467575,0.0222282494539804
"2022-03-08","Central","LU",2.98022996969035,6.31727529245103
"2022-03-08","Central","NW",0.29474043820836,0.524912973344454
"2022-03-08","Central","OW",0.279125733489906,0.457242568661159
"2022-03-08","Central","SZ",1.1516449069868,1.84647417138592
"2022-03-08","Central","UR",0.273064119991251,0.414145595713687
"2022-03-08","Central","ZG",1.19488064626509,2.54523652692779
"2022-03-08","Eastern","AI",0.0745001461987863,0.104207664871413
"2022-03-08","Eastern","AR",0.208080591188599,0.345761439901135
"2022-03-08","Eastern","GL",0.250897441485799,0.473998726124175
"2022-03-08","Eastern","GR",2.73754208729355,3.86010205961385
"2022-03-08","Eastern","SG",3.46275959359952,6.67143180515818
"2022-03-08","Eastern","SH",0.527277624933938,1.08041528079989
"2022-03-08","Eastern","TG",1.58712669747341,2.99269050867344
"2022-03-08","Espace Mittelland","BE",7.12541042596927,15.9717449719632
"2022-03-08","Espace Mittelland","FR",1.9440590894427,3.673880991176
"2022-03-08","Espace Mittelland","JU",0.407192157922712,0.746787610096112
"2022-03-08","Espace Mittelland","NE",1.11429604049859,2.11076601810481
"2022-03-08","Espace Mittelland","SO",1.36296575920532,2.91852836752881
"2022-03-08","Lake Geneva","GE",5.07372961807274,9.3961257588704
"2022-03-08","Lake Geneva","VD",6.36114198186955,12.1342790195914
"2022-03-08","Lake Geneva","VS",3.95432432874096,5.79192047316941
"2022-03-08","Northwestern","AG",4.26485784644424,8.4766783517923
"2022-03-08","Northwestern","BL",1.37275872240224,2.71466744975362
"2022-03-08","Northwestern","BS",1.38896405713793,3.81323240212603
"2022-03-08","Ticino","TI",2.67388865866816,3.91744006699744
"2022-03-08","Zurich","ZH",12.764878634644,30.5782879625532
"2022-03-09","9999","9999",0.0124876950284898,0.025355159163103
"2022-03-09","Central","LU",3.18686638308119,6.39320481734429
"2022-03-09","Central","NW",0.323438997394816,0.546699376861276
"2022-03-09","Central","OW",0.296341064978555,0.487050175344861
"2022-03-09","Central","SZ",1.22480625160868,1.88647822277328
"2022-03-09","Central","UR",0.290511291697047,0.425293708589689
"2022-03-09","Central","ZG",1.18535630647468,2.45105536601498
"2022-03-09","Eastern","AI",0.0816746264175268,0.110597436885707
"2022-03-09","Eastern","AR",0.202748227034021,0.347800728841867
"2022-03-09","Eastern","GL",0.26466951322526,0.490958812481264
"2022-03-09","Eastern","GR",2.82221339429158,3.94028010313364
"2022-03-09","Eastern","SG",3.54613526140894,6.71459675440367
"2022-03-09","Eastern","SH",0.526959138826473,1.07837599185916
"2022-03-09","Eastern","TG",1.6113169017361,2.9382754821049
"2022-03-09","Espace Mittelland","BE",7.36782128117756,16.238585929858
"2022-03-09","Espace Mittelland","FR",2.06014233163684,3.80075875143855
"2022-03-09","Espace Mittelland","JU",0.415033614912636,0.719631079035362
"2022-03-09","Espace Mittelland","NE",1.1615347956303,2.18700143633918
"2022-03-09","Espace Mittelland","SO",1.44274450258435,2.97066618811353
"2022-03-09","Lake Geneva","GE",5.14560263863404,9.37518905907888
"2022-03-09","Lake Geneva","VD",6.70407051279051,12.4941115531836
"2022-03-09","Lake Geneva","VS",4.10758728487733,5.93331117306018
"2022-03-09","Northwestern","AG",4.47504678833043,8.59458324071563
"2022-03-09","Northwestern","BL",1.34779753967103,2.6179711658139
"2022-03-09","Northwestern","BS",1.14641502511323,3.35235310152056
"2022-03-09","Ticino","TI",2.51962551541255,3.75307337837443
"2022-03-09","Zurich","ZH",13.0455131054611,30.7323222538765
"2022-03-10","9999","9999",0.0113675484245519,0.0252192065670542
"2022-03-10","Central","LU",3.19521828563341,6.44778978465789
"2022-03-10","Central","NW",0.325851854003343,0.538644185545384
"2022-03-10","Central","OW",0.309658173347443,0.492318338441752
"2022-03-10","Central","SZ",1.19756840757851,1.87516016915222
"2022-03-10","Central","UR",0.308782355153014,0.433994674736813
"2022-03-10","Central","ZG",1.23017316290437,2.44323809174217
"2022-03-10","Eastern","AI",0.085893274075366,0.109339875372255
"2022-03-10","Eastern","AR",0.201502861728608,0.343348281321269
"2022-03-10","Eastern","GL",0.250777787450786,0.473998726124175
"2022-03-10","Eastern","GR",3.04195379050061,4.04159877533901
"2022-03-10","Eastern","SG",3.55419297676671,6.63057805004551
"2022-03-10","Eastern","SH",0.529480559297303,1.07878384964731
"2022-03-10","Eastern","TG",1.62617599837018,2.95380806620348
"2022-03-10","Espace Mittelland","BE",7.54108907618497,16.1622485471766
"2022-03-10","Espace Mittelland","FR",2.04194658110515,3.73730287723277
"2022-03-10","Espace Mittelland","JU",0.432307533998007,0.730439310421242
"2022-03-10","Espace Mittelland","NE",1.22779510014632,2.23485675014836
"2022-03-10","Espace Mittelland","SO",1.49946405918014,3.03973010690632
"2022-03-10","Lake Geneva","GE",5.47817062995905,9.86482233374867
"2022-03-10","Lake Geneva","VD",6.77220631745344,12.4287863307822
"2022-03-10","Lake Geneva","VS",4.16863368097122,5.94782411268839
"2022-03-10","Northwestern","AG",4.49693583266405,8.45006563111574
"2022-03-10","Northwestern","BL",1.49921266235193,2.81078593516013
"2022-03-10","Northwestern","BS",1.55720471444965,3.75725392070293
"2022-03-10","Ticino","TI",2.6771819700405,3.90211141179294
"2022-03-10","Zurich","ZH",13.3105005056426,30.6842630111733
"2022-03-11","9999","9999",0.0131770518621863,0.0275643888488962
"2022-03-11","Central","LU",4.23526312533199,7.60892691936176
"2022-03-11","Central","NW",0.46853813357257,0.636699995445588
"2022-03-11","Central","OW",0.395107817018275,0.585887712672345
"2022-03-11","Central","SZ",1.59483630985358,2.24576694598128
"2022-03-11","Central","UR",0.384345066776526,0.542009012297592
"2022-03-11","Central","ZG",1.56957647174747,2.81788945830368
"2022-03-11","Eastern","AI",0.117313464244651,0.139215458353981
"2022-03-11","Eastern","AR",0.251696133638022,0.398511047168073
"2022-03-11","Eastern","GL",0.331512310265971,0.581741158492857
"2022-03-11","Eastern","GR",4.41571412153788,5.01444156451528
"2022-03-11","Eastern","SG",4.61932489145366,7.77686236363105
"2022-03-11","Eastern","SH",0.650090553883913,1.25225936220559
"2022-03-11","Eastern","TG",1.99649662540573,3.37631474657416
"2022-03-11","Espace Mittelland","BE",9.72197213486808,18.4300738018668
"2022-03-11","Espace Mittelland","FR",2.64152785972977,4.43202064304218
"2022-03-11","Espace Mittelland","JU",0.537261364947207,0.908775128288268
"2022-03-11","Espace Mittelland","NE",1.41021368174322,2.46033413069531
"2022-03-11","Espace Mittelland","SO",1.8204820663899,3.35983049430325
"2022-03-11","Lake Geneva","GE",6.00840479625377,10.1772413994688
"2022-03-11","Lake Geneva","VD",8.18730108887286,14.1972237120361
"2022-03-11","Lake Geneva","VS",5.62688070209189,7.07609470729746
"2022-03-11","Northwestern","AG",5.62583909912992,9.77166081730622
"2022-03-11","Northwestern","BL",1.96201815955475,3.27261690393793
"2022-03-11","Northwestern","BS",1.79365376379766,4.06287535662065
"2022-03-11","Ticino","TI",2.87830933230554,4.22418311183257
"2022-03-11","Zurich","ZH",16.1902400120532,33.8348624601574
"2022-03-12","9999","9999",0.013133078857468,0.0266127206765545
"2022-03-12","Central","LU",5.2089610263723,8.09682679843192
"2022-03-12","Central","NW",0.526994606232629,0.720820664250789
"2022-03-12","Central","OW",0.523382303586061,0.742233198128477
"2022-03-12","Central","SZ",1.96173151853361,2.6494441917992
"2022-03-12","Central","UR",0.385801779758905,0.574399718306221
"2022-03-12","Central","ZG",1.7318732977373,2.69621188483999
"2022-03-12","Eastern","AI",0.142218056550067,0.169328958378792
"2022-03-12","Eastern","AR",0.279873407714845,0.405376653268538
"2022-03-12","Eastern","GL",0.380454769684153,0.625076048483415
"2022-03-12","Eastern","GR",5.43049844957467,5.97249950887125
"2022-03-12","Eastern","SG",5.69626856062485,8.49703725305061
"2022-03-12","Eastern","SH",0.789667152158035,1.35711280190823
"2022-03-12","Eastern","TG",2.51274547301362,3.78957665041353
"2022-03-12","Espace Mittelland","BE",11.0476083061587,18.3364024631891
"2022-03-12","Espace Mittelland","FR",2.76929871852859,4.41937705160965
"2022-03-12","Espace Mittelland","JU",0.588893950955755,0.834680963441667
"2022-03-12","Espace Mittelland","NE",1.68698266346373,2.60250655801335
"2022-03-12","Espace Mittelland","SO",2.20936520677688,3.64128635627329
"2022-03-12","Lake Geneva","GE",6.67223901897366,9.80055074396659
"2022-03-12","Lake Geneva","VD",9.80757389639163,14.6965775973234
"2022-03-12","Lake Geneva","VS",6.44096236822054,7.61820568404209
"2022-03-12","Northwestern","AG",7.19201924856115,10.8352519643451
"2022-03-12","Northwestern","BL",2.32408427940724,3.48664027826777
"2022-03-12","Northwestern","BS",2.21210537228917,4.26058441942464
"2022-03-12","Ticino","TI",3.40743848350315,4.55804869957943
"2022-03-12","Zurich","ZH",20.431276880232,34.9305384198638
"2022-03-13","9999","9999",0.00903663456459796,0.0272584955077863
"2022-03-13","Central","LU",1.18161173237203,2.85255737029612
"2022-03-13","Central","NW",0.190550623041556,0.255386951677689
"2022-03-13","Central","OW",0.292648577877039,0.424002158927225
"2022-03-13","Central","SZ",0.574266612302369,0.964651645264329
"2022-03-13","Central","UR",0.178603080513984,0.290360757011245
"2022-03-13","Central","ZG",0.301918368441986,0.8194542726842
"2022-03-13","Eastern","AI",0.0285427093652988,0.0495207331107789
"2022-03-13","Eastern","AR",0.0822602400113092,0.130650444802906
"2022-03-13","Eastern","GL",0.12500567382556,0.270511677988119
"2022-03-13","Eastern","GR",3.26080779917336,3.05845757701205
"2022-03-13","Eastern","SG",1.20952214525199,2.52151279891727
"2022-03-13","Eastern","SH",0.240344249299219,0.496940726707412
"2022-03-13","Eastern","TG",0.432216815445393,0.946128104052679
"2022-03-13","Espace Mittelland","BE",2.89619103358205,6.45543711818563
"2022-03-13","Espace Mittelland","FR",0.656746498040069,1.4581255807725
"2022-03-13","Espace Mittelland","JU",0.103868380295196,0.212391943177253
"2022-03-13","Espace Mittelland","NE",0.28565892212207,0.595574335140823
"2022-03-13","Espace Mittelland","SO",0.430886155277056,1.07569092808719
"2022-03-13","Lake Geneva","GE",1.55243404482992,3.41026890743735
"2022-03-13","Lake Geneva","VD",2.00446043065341,4.19505526812911
"2022-03-13","Lake Geneva","VS",3.17010377891487,3.65386197140781
"2022-03-13","Northwestern","AG",1.29159936216939,3.05519471470688
"2022-03-13","Northwestern","BL",0.38816667293687,0.992929785242482
"2022-03-13","Northwestern","BS",0.605270756522123,1.88477881532267
"2022-03-13","Ticino","TI",1.02830124356746,1.51349227551337
"2022-03-13","Zurich","ZH",4.5497940903062,12.4462902275235
"2022-03-14","9999","9999",0.00894072728357964,0.0229080124342244
"2022-03-14","Central","LU",2.77587138848888,6.08652974880719
"2022-03-14","Central","NW",0.294220566782465,0.511929500421793
"2022-03-14","Central","OW",0.24200164663219,0.424444004864384
"2022-03-14","Central","SZ",1.06498773069366,1.81690448174531
"2022-03-14","Central","UR",0.219109031736797,0.385119716457266
"2022-03-14","Central","ZG",1.07723546759256,2.44327207989118
"2022-03-14","Eastern","AI",0.0621843801754751,0.100944802566241
"2022-03-14","Eastern","AR",0.178671524736664,0.326490159411217
"2022-03-14","Eastern","GL",0.206578319212819,0.415675062419236
"2022-03-14","Eastern","GR",2.71289170743575,3.61854828458413
"2022-03-14","Eastern","SG",3.09116696056473,6.32478667338273
"2022-03-14","Eastern","SH",0.471033073906442,1.0375562248955
"2022-03-14","Eastern","TG",1.42923460848011,2.84603164568578
"2022-03-14","Espace Mittelland","BE",6.46827142901657,15.300037183035
"2022-03-14","Espace Mittelland","FR",1.81725417215567,3.57443166716629
"2022-03-14","Espace Mittelland","JU",0.330501079966266,0.638875236982369
"2022-03-14","Espace Mittelland","NE",0.979415554712053,2.00645638878636
"2022-03-14","Espace Mittelland","SO",1.26052322581154,2.82342952659267
"2022-03-14","Lake Geneva","GE",4.72323432340158,9.0577057591559
"2022-03-14","Lake Geneva","VD",5.88839278205664,11.645699377541
"2022-03-14","Lake Geneva","VS",3.61916020317212,5.39208388818987
"2022-03-14","Northwestern","AG",3.82080485620493,7.99866902408468
"2022-03-14","Northwestern","BL",1.48908569777062,3.04618785521864
"2022-03-14","Northwestern","BS",1.47473406660652,3.96271228148169
"2022-03-14","Ticino","TI",2.12115490505357,3.56766802551286
"2022-03-14","Zurich","ZH",11.9561955447604,29.7099587315895
"2022-03-15","9999","9999",0.00746529963475229,0.0211406286855899
"2022-03-15","Central","LU",2.87079592826345,6.07062329506947
"2022-03-15","Central","NW",0.317655292189495,0.516415936091404
"2022-03-15","Central","OW",0.235831481019297,0.391407524024523
"2022-03-15","Central","SZ",1.10003297407531,1.77724031184806
"2022-03-15","Central","UR",0.236409446623212,0.365780459669322
"2022-03-15","Central","ZG",1.09717801431061,2.34990663455466
"2022-03-15","Eastern","AI",0.0776529272258285,0.100434980331058
"2022-03-15","Eastern","AR",0.180695285455191,0.317143418432861
"2022-03-15","Eastern","GL",0.221137965519643,0.427434961977458
"2022-03-15","Eastern","GR",2.29208404031063,3.345215590228
"2022-03-15","Eastern","SG",3.20135720139523,6.25867972355399
"2022-03-15","Eastern","SH",0.49594753458588,1.0219556644989
"2022-03-15","Eastern","TG",1.47041507089935,2.77244730307436
"2022-03-15","Espace Mittelland","BE",6.42928403650269,15.0478111292155
"2022-03-15","Espace Mittelland","FR",1.80975961592476,3.49826422522995
"2022-03-15","Espace Mittelland","JU",0.35056985571932,0.647236321639371
"2022-03-15","Espace Mittelland","NE",0.999540317823595,2.00479096948476
"2022-03-15","Espace Mittelland","SO",1.28403365182897,2.79324805026983
"2022-03-15","Lake Geneva","GE",4.67267730792495,8.95890220997742
"2022-03-15","Lake Geneva","VD",5.72408196582177,11.4176728858182
"2022-03-15","Lake Geneva","VS",3.36116202015124,5.16116840380096
"2022-03-15","Northwestern","AG",3.95251068215265,7.93337778983224
"2022-03-15","Northwestern","BL",1.46533688786422,2.96886481621588
"2022-03-15","Northwestern","BS",1.49265982704022,3.9114921409203
"2022-03-15","Ticino","TI",2.10584271299114,3.5050958431814
"2022-03-15","Zurich","ZH",12.9915322184574,29.1143843964486
"2022-03-16","9999","9999",0.00941647689594148,0.0242335502457003
"2022-03-16","Central","LU",3.13165248581972,6.38226063336236
"2022-03-16","Central","NW",0.301738427256947,0.525864641516796
"2022-03-16","Central","OW",0.249612273738498,0.438685039300497
"2022-03-16","Central","SZ",1.13493292131358,1.85853996428525
"2022-03-16","Central","UR",0.238218883488482,0.397083544909561
"2022-03-16","Central","ZG",1.18434152825956,2.46026615439728
"2022-03-16","Eastern","AI",0.0792674480400835,0.107674456070657
"2022-03-16","Eastern","AR",0.192519951062107,0.334341421833035
"2022-03-16","Eastern","GL",0.223597313134672,0.438379145959387
"2022-03-16","Eastern","GR",2.35048004176766,3.43307495542454
"2022-03-16","Eastern","SG",3.36021977056915,6.55023006578066
"2022-03-16","Eastern","SH",0.518031663359436,1.06552847153255
"2022-03-16","Eastern","TG",1.50490739163418,2.85921904750252
"2022-03-16","Espace Mittelland","BE",6.77764349392179,15.5657565320124
"2022-03-16","Espace Mittelland","FR",1.85644308313271,3.65314822027855
"2022-03-16","Espace Mittelland","JU",0.3725769915954,0.676636070534926
"2022-03-16","Espace Mittelland","NE",1.05229133130267,2.09856427260943
"2022-03-16","Espace Mittelland","SO",1.32376845619435,2.87464966715406
"2022-03-16","Lake Geneva","GE",5.19104522046509,9.24297515942141
"2022-03-16","Lake Geneva","VD",6.24535915725997,12.0500903744882
"2022-03-16","Lake Geneva","VS",3.65403669344198,5.52164671222438
"2022-03-16","Northwestern","AG",4.14192653616622,8.22652557506249
"2022-03-16","Northwestern","BL",1.47359908611338,3.03602539866399
"2022-03-16","Northwestern","BS",1.59483787626216,4.07354763541048
"2022-03-16","Ticino","TI",2.1445144232689,3.68285386251522
"2022-03-16","Zurich","ZH",12.8797327630217,30.5244507345179
"2022-03-17","9999","9999",0.0104014071956745,0.0253211710140908
"2022-03-17","Central","LU",3.12128862543759,6.50094724971297
"2022-03-17","Central","NW",0.320387598246761,0.520086656184721
"2022-03-17","Central","OW",0.25947556084838,0.426279364911043
"2022-03-17","Central","SZ",1.17461692704887,1.86037532433191
"2022-03-17","Central","UR",0.268649616437252,0.403609269519904
"2022-03-17","Central","ZG",1.20800334374973,2.47389540215118
"2022-03-17","Eastern","AI",0.085617214144151,0.106552847153255
"2022-03-17","Eastern","AR",0.191865673948445,0.329753021716388
"2022-03-17","Eastern","GL",0.233707728609392,0.458194236833501
"2022-03-17","Eastern","GR",2.61293682274392,3.53507339061016
"2022-03-17","Eastern","SG",3.51527805806157,6.58826280452532
"2022-03-17","Eastern","SH",0.515398976971511,1.07144240946067
"2022-03-17","Eastern","TG",1.57838794682749,2.91020127102082
"2022-03-17","Espace Mittelland","BE",7.08209113837361,15.8592441987328
"2022-03-17","Espace Mittelland","FR",1.87931105842122,3.64166022591243
"2022-03-17","Espace Mittelland","JU",0.391647898513892,0.696009315471881
"2022-03-17","Espace Mittelland","NE",1.11263385778742,2.15875728451004
"2022-03-17","Espace Mittelland","SO",1.47365120052666,3.09948127286978
"2022-03-17","Lake Geneva","GE",5.29838314876139,9.67350304295898
"2022-03-17","Lake Geneva","VD",6.19952030147162,12.0424090528115
"2022-03-17","Lake Geneva","VS",3.84457665315716,5.57820299218069
"2022-03-17","Northwestern","AG",4.22956665733622,8.36659073714177
"2022-03-17","Northwestern","BL",1.53742435367544,3.05322340206417
"2022-03-17","Northwestern","BS",1.6595961476797,4.33512043020839
"2022-03-17","Ticino","TI",2.4219703847981,3.89317252860273
"2022-03-17","Zurich","ZH",13.1149167024842,30.9739440052043
"2022-03-18","9999","9999",0.0119376271612929,0.0257290288022372
"2022-03-18","Central","LU",4.33790765102752,7.60165345547315
"2022-03-18","Central","NW",0.452624867463723,0.65726282559797
"2022-03-18","Central","OW",0.347739292768173,0.513289026382281
"2022-03-18","Central","SZ",1.61359815261219,2.27853152162904
"2022-03-18","Central","UR",0.357735137203705,0.496396916323216
"2022-03-18","Central","ZG",1.61969799431211,2.83631103506829
"2022-03-18","Eastern","AI",0.117648323237745,0.136190513091895
"2022-03-18","Eastern","AR",0.26096603385157,0.380463340042594
"2022-03-18","Eastern","GL",0.297709150563768,0.528379764543699
"2022-03-18","Eastern","GR",3.82528696986904,4.37488656455267
"2022-03-18","Eastern","SG",4.55624285734823,7.5625330959601
"2022-03-18","Eastern","SH",0.648542315648504,1.2269381911915
"2022-03-18","Eastern","TG",1.99414261485134,3.35806311055461
"2022-03-18","Espace Mittelland","BE",9.33315716458228,17.9810903534156
"2022-03-18","Espace Mittelland","FR",2.56720659347422,4.36394238057074
"2022-03-18","Espace Mittelland","JU",0.495038696498694,0.800522873684404
"2022-03-18","Espace Mittelland","NE",1.40796457357109,2.44765655111376
"2022-03-18","Espace Mittelland","SO",1.840438871342,3.39847501973012
"2022-03-18","Lake Geneva","GE",6.11496513192134,10.2984431388463
"2022-03-18","Lake Geneva","VD",8.07506724484321,13.9981211351226
"2022-03-18","Lake Geneva","VS",5.20985050756552,6.82611187131271
"2022-03-18","Northwestern","AG",5.62906271706874,9.72288782347371
"2022-03-18","Northwestern","BL",2.04173256270156,3.57871417394183
"2022-03-18","Northwestern","BS",1.96481925052856,4.49561246984401
"2022-03-18","Ticino","TI",2.88881527769348,4.41930907531162
"2022-03-18","Zurich","ZH",16.2089219405623,33.4890670321072
"2022-03-19","9999","9999",0.0122518839656063,0.0263748036334691
"2022-03-19","Central","LU",5.49202660637383,8.90815790350221
"2022-03-19","Central","NW",0.446891259920648,0.61311222003112
"2022-03-19","Central","OW",0.526013125947782,0.822479217946286
"2022-03-19","Central","SZ",1.63762510968923,2.30816918756768
"2022-03-19","Central","UR",0.375433889790712,0.571306796746111
"2022-03-19","Central","ZG",1.81791693920381,2.85204754806094
"2022-03-19","Eastern","AI",0.157923428912856,0.177792007482831
"2022-03-19","Eastern","AR",0.323925116631943,0.434742414015081
"2022-03-19","Eastern","GL",0.385869996852341,0.60910161844768
"2022-03-19","Eastern","GR",5.63174690697061,5.95275239429516
"2022-03-19","Eastern","SG",5.95400348127257,8.94894368231685
"2022-03-19","Eastern","SH",0.825283570762431,1.481815320634
"2022-03-19","Eastern","TG",2.5986392600878,3.91322553651993
"2022-03-19","Espace Mittelland","BE",11.4759622170817,20.5231659824852
"2022-03-19","Espace Mittelland","FR",2.8547071108296,4.5326255641183
"2022-03-19","Espace Mittelland","JU",0.613916458582667,0.883351992827141
"2022-03-19","Espace Mittelland","NE",1.76061900973788,2.74773791874249
"2022-03-19","Espace Mittelland","SO",2.33822157888604,3.8602380122099
"2022-03-19","Lake Geneva","GE",7.3933010469636,10.9435042189489
"2022-03-19","Lake Geneva","VD",10.5827024156139,16.0627312468688
"2022-03-19","Lake Geneva","VS",4.40160023986728,5.40245027363859
"2022-03-19","Northwestern","AG",7.73076300775932,11.8413011751063
"2022-03-19","Northwestern","BL",2.54304957357718,3.83039641737719
"2022-03-19","Northwestern","BS",2.62827999836796,5.22972250035858
"2022-03-19","Ticino","TI",3.05630994466948,4.27632093241728
"2022-03-19","Zurich","ZH",21.9737836305816,37.7016601851266
"2022-03-20","9999","9999",0.0216255704953035,0.0544490147175483
"2022-03-20","Central","LU",1.94107162326063,4.92379517109974
"2022-03-20","Central","NW",0.352623589665928,0.45510131527339
"2022-03-20","Central","OW",0.464977263951558,0.693120322805844
"2022-03-20","Central","SZ",0.896723769138365,1.62126869603107
"2022-03-20","Central","UR",0.352166159201849,0.520868383612002
"2022-03-20","Central","ZG",0.587261060084938,1.56399866494551
"2022-03-20","Eastern","AI",0.0997394173603112,0.109135946478182
"2022-03-20","Eastern","AR",0.13066973282791,0.210692535726643
"2022-03-20","Eastern","GL",0.20802819873779,0.443647309056278
"2022-03-20","Eastern","GR",5.05782715235102,5.13438574237935
"2022-03-20","Eastern","SG",1.96835140788039,4.34650646012748
"2022-03-20","Eastern","SH",0.390077311544141,0.841682522138181
"2022-03-20","Eastern","TG",0.793254274786762,1.72384492974989
"2022-03-20","Espace Mittelland","BE",4.82306559496073,11.531363244264
"2022-03-20","Espace Mittelland","FR",1.16057696811494,2.7321713464949
"2022-03-20","Espace Mittelland","JU",0.191321942203933,0.390659784746255
"2022-03-20","Espace Mittelland","NE",0.514881862424708,1.08680505281418
"2022-03-20","Espace Mittelland","SO",0.753523288542285,1.92026244289141
"2022-03-20","Lake Geneva","GE",2.77293602105601,6.11446800729522
"2022-03-20","Lake Geneva","VD",3.52825191540343,7.68149161750281
"2022-03-20","Lake Geneva","VS",5.19026077871488,6.69532547391376
"2022-03-20","Northwestern","AG",2.2790499232309,5.51253788828911
"2022-03-20","Northwestern","BL",0.72910101301718,1.90500176398493
"2022-03-20","Northwestern","BS",1.089170565004,3.48674224271481
"2022-03-20","Ticino","TI",1.946793776441,2.92835094259334
"2022-03-20","Zurich","ZH",8.34502200465312,23.2638003780842
"2022-03-21","9999","9999",0.00785633787138475,0.0228060479871878
"2022-03-21","Central","LU",2.84109686476001,6.09383720084481
"2022-03-21","Central","NW",0.312621986760033,0.526646368944077
"2022-03-21","Central","OW",0.212878704286564,0.391237583279462
"2022-03-21","Central","SZ",1.11903491594027,1.85045078482035
"2022-03-21","Central","UR",0.241846560435213,0.396369793780305
"2022-03-21","Central","ZG",1.05577075550983,2.35561664358871
"2022-03-21","Eastern","AI",0.0618290090620926,0.0971041417278623
"2022-03-21","Eastern","AR",0.168318135795852,0.319794494055813
"2022-03-21","Eastern","GL",0.206310400690172,0.419209829916505
"2022-03-21","Eastern","GR",2.31635780855477,3.26245444738329
"2022-03-21","Eastern","SG",3.06782604345123,6.15165104231457
"2022-03-21","Eastern","SH",0.488346634876822,1.013866485034
"2022-03-21","Eastern","TG",1.43326047823464,2.80619753504348
"2022-03-21","Espace Mittelland","BE",6.3860807218819,15.035235514081
"2022-03-21","Espace Mittelland","FR",1.78743142111513,3.55152365473207
"2022-03-21","Espace Mittelland","JU",0.325040603170371,0.623138723989719
"2022-03-21","Espace Mittelland","NE",0.974839076679369,1.98613147567706
"2022-03-21","Espace Mittelland","SO",1.26032429583855,2.85738368745586
"2022-03-21","Lake Geneva","GE",4.8664601837326,9.16928885236296
"2022-03-21","Lake Geneva","VD",5.75479213431224,11.5208609062192
"2022-03-21","Lake Geneva","VS",3.63866083861904,5.44473153100977
"2022-03-21","Northwestern","AG",3.82669920076391,7.96750189144049
"2022-03-21","Northwestern","BL",1.47958495200937,3.04455642406606
"2022-03-21","Northwestern","BS",1.42333266292352,3.94024611498463
"2022-03-21","Ticino","TI",2.21570276664212,3.65059910910264
"2022-03-21","Zurich","ZH",12.0308020422694,29.7709334709174
"2022-03-22","9999","9999",0.00800487256449753,0.0236557517124929
"2022-03-22","Central","LU",2.87453086503735,6.16545023081352
"2022-03-22","Central","NW",0.304610527447478,0.51573617311116
"2022-03-22","Central","OW",0.217628497596015,0.382944474920485
"2022-03-22","Central","SZ",1.12056475670697,1.82081311888171
"2022-03-22","Central","UR",0.230785718725643,0.394568421882658
"2022-03-22","Central","ZG",1.13198424332384,2.43035658326655
"2022-03-22","Eastern","AI",0.0762301818133957,0.105261297490791
"2022-03-22","Eastern","AR",0.187191244471552,0.334477374429084
"2022-03-22","Eastern","GL",0.213758755700166,0.423084478903896
"2022-03-22","Eastern","GR",2.01834460633856,3.12300107198622
"2022-03-22","Eastern","SG",3.18710987346211,6.30435979582639
"2022-03-22","Eastern","SH",0.498345240107467,1.03911967975006
"2022-03-22","Eastern","TG",1.47628861746849,2.82849376079549
"2022-03-22","Espace Mittelland","BE",6.53502432595315,15.2129935334148
"2022-03-22","Espace Mittelland","FR",1.81715545317126,3.54788692278776
"2022-03-22","Espace Mittelland","JU",0.356568397776707,0.644177388228273
"2022-03-22","Espace Mittelland","NE",1.00040499885306,2.00492692208081
"2022-03-22","Espace Mittelland","SO",1.33167478991142,2.86261786240374
"2022-03-22","Lake Geneva","GE",5.02511202396094,9.12442449566685
"2022-03-22","Lake Geneva","VD",5.88722550613471,11.6949142173107
"2022-03-22","Lake Geneva","VS",3.27243703573045,5.12901561483542
"2022-03-22","Northwestern","AG",4.02371208545736,8.12241987463811
"2022-03-22","Northwestern","BL",1.5006721674576,3.0976119246741
"2022-03-22","Northwestern","BS",1.5281589842987,4.09227510551621
"2022-03-22","Ticino","TI",2.17695160812145,3.66725330211862
"2022-03-22","Zurich","ZH",12.2666106967997,30.2989053776729
"2022-03-23","9999","9999",0.00952826364388763,0.0231459294773099
"2022-03-23","Central","LU",3.17027938506418,6.50172897714025
"2022-03-23","Central","NW",0.33280725240278,0.544626099771532
"2022-03-23","Central","OW",0.241772860911765,0.402283731708428
"2022-03-23","Central","SZ",1.16778910087979,1.88844953541599
"2022-03-23","Central","UR",0.248444289016683,0.399156821999305
"2022-03-23","Central","ZG",1.23459550633329,2.5165845173105
"2022-03-23","Eastern","AI",0.0789361643745612,0.106552847153255
"2022-03-23","Eastern","AR",0.18741952110919,0.342158696105842
"2022-03-23","Eastern","GL",0.222486345684983,0.429508239067202
"2022-03-23","Eastern","GR",2.178613313078,3.22938397839441
"2022-03-23","Eastern","SG",3.47609960286178,6.60440717530611
"2022-03-23","Eastern","SH",0.534983571918049,1.08143492527026
"2022-03-23","Eastern","TG",1.55087554661834,2.91852836752881
"2022-03-23","Espace Mittelland","BE",6.8939000161485,15.7546626642222
"2022-03-23","Espace Mittelland","FR",1.97202395460075,3.7231977953927
"2022-03-23","Espace Mittelland","JU",0.388971102060498,0.68302584254922
"2022-03-23","Espace Mittelland","NE",1.09342743694709,2.10084147859324
"2022-03-23","Espace Mittelland","SO",1.43504205260739,3.00604785123523
"2022-03-23","Lake Geneva","GE",5.12317155427717,9.33175220464129
"2022-03-23","Lake Geneva","VD",6.4217098558079,12.1828820726789
"2022-03-23","Lake Geneva","VS",3.47136609628548,5.39877955354527
"2022-03-23","Northwestern","AG",4.32943313392809,8.48269425416746
"2022-03-23","Northwestern","BL",1.56581951518503,3.14818629040426
"2022-03-23","Northwestern","BS",1.60157238364039,4.20117313495131
"2022-03-23","Ticino","TI",2.273207473788,3.73546751718611
"2022-03-23","Zurich","ZH",13.2049733652389,31.585968604467
"2022-03-24","9999","9999",0.00971396138043938,0.0239276569045905
"2022-03-24","Central","LU",3.39643498801151,6.72475921095832
"2022-03-24","Central","NW",0.338853158739449,0.541397225615372
"2022-03-24","Central","OW",0.25532693556986,0.430188002047446
"2022-03-24","Central","SZ",1.23268100261286,1.92400113928275
"2022-03-24","Central","UR",0.264553344449326,0.426653234550177
"2022-03-24","Central","ZG",1.2879125415509,2.58411896939775
"2022-03-24","Eastern","AI",0.0898700643332225,0.117938877072342
"2022-03-24","Eastern","AR",0.198857201561661,0.347936681437916
"2022-03-24","Eastern","GL",0.235366159772022,0.460641383562379
"2022-03-24","Eastern","GR",2.39258888322106,3.39850900787913
"2022-03-24","Eastern","SG",3.67444210606186,6.81832858518892
"2022-03-24","Eastern","SH",0.54512380006397,1.10611032145312
"2022-03-24","Eastern","TG",1.65163765255708,3.01233565880249
"2022-03-24","Espace Mittelland","BE",7.45564481704361,16.3216869541928
"2022-03-24","Espace Mittelland","FR",1.99976074283825,3.71871135972309
"2022-03-24","Espace Mittelland","JU",0.410406604539326,0.710114397311945
"2022-03-24","Espace Mittelland","NE",1.22288511023191,2.25242862318767
"2022-03-24","Espace Mittelland","SO",1.57261625989196,3.18842825883471
"2022-03-24","Lake Geneva","GE",5.53950008391447,9.90924484450762
"2022-03-24","Lake Geneva","VD",6.43911547461023,12.21381128828
"2022-03-24","Lake Geneva","VS",3.65048603680488,5.41325850502447
"2022-03-24","Northwestern","AG",4.56263625967917,8.63941360926272
"2022-03-24","Northwestern","BL",1.64012906470445,3.20212548288663
"2022-03-24","Northwestern","BS",1.72232624893858,4.34317562152429
"2022-03-24","Ticino","TI",2.52250814578472,3.95615256872234
"2022-03-24","Zurich","ZH",14.0856022549423,32.2679068262478
"2022-03-25","9999","9999",0.0127486978572788,0.0274284362528474
"2022-03-25","Central","LU",5.09650116524938,8.50682583996612
"2022-03-25","Central","NW",0.484779683674518,0.691760796845356
"2022-03-25","Central","OW",0.385741343800065,0.58704330973876
"2022-03-25","Central","SZ",1.76939113271848,2.43966933609589
"2022-03-25","Central","UR",0.412046978927109,0.561960055767755
"2022-03-25","Central","ZG",1.85662540525878,3.27282083283201
"2022-03-25","Eastern","AI",0.135807059534808,0.156821319542302
"2022-03-25","Eastern","AR",0.29452480248792,0.43147955170991
"2022-03-25","Eastern","GL",0.355787492193852,0.600026782661422
"2022-03-25","Eastern","GR",3.49583077840673,4.4741319596683
"2022-03-25","Eastern","SG",5.46688705278218,8.73162345753283
"2022-03-25","Eastern","SH",0.779227598997541,1.3559232166928
"2022-03-25","Eastern","TG",2.5076132371346,3.8488179941418
"2022-03-25","Espace Mittelland","BE",10.8216073155698,19.7995582900154
"2022-03-25","Espace Mittelland","FR",3.11933318754508,4.98929033424625
"2022-03-25","Espace Mittelland","JU",0.607181716243152,0.910270606844805
"2022-03-25","Espace Mittelland","NE",1.68141536543507,2.6508377059087
"2022-03-25","Espace Mittelland","SO",2.25473225247043,3.86727355905543
"2022-03-25","Lake Geneva","GE",7.02464167845817,10.6903604851061
"2022-03-25","Lake Geneva","VD",9.31260336999412,15.0031167132644
"2022-03-25","Lake Geneva","VS",5.33626486828656,6.93378632738337
"2022-03-25","Northwestern","AG",6.67348375771564,10.8606750998062
"2022-03-25","Northwestern","BL",2.4146957523311,3.97413229954979
"2022-03-25","Northwestern","BS",2.27901176943404,5.005298752431
"2022-03-25","Ticino","TI",3.68936749310683,4.5117228524758
"2022-03-25","Zurich","ZH",19.0460088032867,37.3278585222904
"2022-03-26","9999","9999",0.0153292541678324,0.0351437460786173
"2022-03-26","Central","LU",6.1287884604654,9.12829914465424
"2022-03-26","Central","NW",0.612949726034553,0.763101921621969
"2022-03-26","Central","OW",0.471336914093733,0.715314584110812
"2022-03-26","Central","SZ",2.09763282104032,2.74726208465632
"2022-03-26","Central","UR",0.424734516361582,0.611004954792363
"2022-03-26","Central","ZG",1.99161434525901,2.8959262484357
"2022-03-26","Eastern","AI",0.167334262821907,0.180681000148868
"2022-03-26","Eastern","AR",0.334437613523748,0.448745531408109
"2022-03-26","Eastern","GL",0.408037822752074,0.632893322756221
"2022-03-26","Eastern","GR",4.64587816402833,5.34582601738426
"2022-03-26","Eastern","SG",6.41920441662056,9.00227108811699
"2022-03-26","Eastern","SH",0.918992655803328,1.48704949558188
"2022-03-26","Eastern","TG",3.00862769619398,4.23590902324178
"2022-03-26","Espace Mittelland","BE",11.7739919644885,19.2840260457983
"2022-03-26","Espace Mittelland","FR",3.097300660186,4.51821458893713
"2022-03-26","Espace Mittelland","JU",0.680792267684094,0.91914151373699
"2022-03-26","Espace Mittelland","NE",1.94827843415236,2.81034408922297
"2022-03-26","Espace Mittelland","SO",2.64729296774929,4.12055324549436
"2022-03-26","Lake Geneva","GE",7.39980266463094,10.2401874514394
"2022-03-26","Lake Geneva","VD",11.0724374602272,15.6317275292451
"2022-03-26","Lake Geneva","VS",6.05467298505239,7.42501704505673
"2022-03-26","Northwestern","AG",8.28346745386947,11.9001686491954
"2022-03-26","Northwestern","BL",2.78424568285168,3.96223644739552
"2022-03-26","Northwestern","BS",2.78999821261034,5.13064704598801
"2022-03-26","Ticino","TI",3.83619557624524,5.00040445897325
"2022-03-26","Zurich","ZH",23.214430423865,37.7651160593324
"2022-03-27","9999","9999",0.0111693820757441,0.0278023058919816
"2022-03-27","Central","LU",1.20192992344644,3.03483581344857
"2022-03-27","Central","NW",0.185685146542828,0.252090101223505
"2022-03-27","Central","OW",0.242751921095364,0.356229789796894
"2022-03-27","Central","SZ",0.544620869346812,0.904900479300877
"2022-03-27","Central","UR",0.205333717531586,0.284276878338061
"2022-03-27","Central","ZG",0.34377354569077,0.873869299252736
"2022-03-27","Eastern","AI",0.0390123610665593,0.0535993109922432
"2022-03-27","Eastern","AR",0.085648295606298,0.144381657003836
"2022-03-27","Eastern","GL",0.100880005596151,0.239956332026149
"2022-03-27","Eastern","GR",2.63347263104561,2.64781276064662
"2022-03-27","Eastern","SG",1.2197120951221,2.56542548744104
"2022-03-27","Eastern","SH",0.251469748438738,0.555264390412351
"2022-03-27","Eastern","TG",0.499794289435893,1.05890078247517
"2022-03-27","Espace Mittelland","BE",2.73040473487405,6.92688673313389
"2022-03-27","Espace Mittelland","FR",0.716756632625227,1.57086427104597
"2022-03-27","Espace Mittelland","JU",0.125848707088516,0.256066714657933
"2022-03-27","Espace Mittelland","NE",0.343146661147061,0.686356681152416
"2022-03-27","Espace Mittelland","SO",0.480399507964438,1.18013651000169
"2022-03-27","Lake Geneva","GE",1.57840432362914,3.36071418617756
"2022-03-27","Lake Geneva","VD",2.2078568336397,4.88647618348434
"2022-03-27","Lake Geneva","VS",2.54075824677794,3.30493963364854
"2022-03-27","Northwestern","AG",1.5106737606126,3.38572946385054
"2022-03-27","Northwestern","BL",0.58558745825526,1.21422662346093
"2022-03-27","Northwestern","BS",0.665287313382439,2.03116577311823
"2022-03-27","Ticino","TI",1.19674022778486,1.73424530334763
"2022-03-27","Zurich","ZH",5.36072597508023,13.628703943509
"2022-03-28","9999","9999",0.00967724867946568,0.0239276569045905
"2022-03-28","Central","LU",3.13288360855517,6.56936539367453
"2022-03-28","Central","NW",0.323240686153215,0.541907047850555
"2022-03-28","Central","OW",0.237163296413958,0.411324579345674
"2022-03-28","Central","SZ",1.16245384278538,1.91706755688427
"2022-03-28","Central","UR",0.234363023888628,0.391985322557731
"2022-03-28","Central","ZG",1.14947129970797,2.48378595351373
"2022-03-28","Eastern","AI",0.0685969240192022,0.102508257420803
"2022-03-28","Eastern","AR",0.190370815001246,0.351165555594075
"2022-03-28","Eastern","GL",0.240942272764936,0.458941976111769
"2022-03-28","Eastern","GR",2.08072669468833,3.12442857424473
"2022-03-28","Eastern","SG",3.5254559544177,6.71612622110922
"2022-03-28","Eastern","SH",0.558926980677728,1.11528712168641
"2022-03-28","Eastern","TG",1.69936448102062,3.11882052965772
"2022-03-28","Espace Mittelland","BE",7.02307808941872,15.9416654600874
"2022-03-28","Espace Mittelland","FR",2.11219489528044,3.78328884284628
"2022-03-28","Espace Mittelland","JU",0.393858641424003,0.687104420430684
"2022-03-28","Espace Mittelland","NE",1.19433918581301,2.1639574713089
"2022-03-28","Espace Mittelland","SO",1.4885675024019,3.1352028174816
"2022-03-28","Lake Geneva","GE",5.43917217468462,9.37566489316505
"2022-03-28","Lake Geneva","VD",6.76999238298586,12.319752348751
"2022-03-28","Lake Geneva","VS",3.44701245686811,5.18519802515259
"2022-03-28","Northwestern","AG",4.46419790911319,8.65973852237202
"2022-03-28","Northwestern","BL",1.68249139022548,3.29086853995749
"2022-03-28","Northwestern","BS",1.62264122903205,4.261604063895
"2022-03-28","Ticino","TI",2.64136807039105,3.76143446303143
"2022-03-28","Zurich","ZH",13.5357559444902,32.0379090218822
"2022-03-29","9999","9999",0.00890282019606759,0.0225681309441024
"2022-03-29","Central","LU",3.29363321839119,6.61603112226829
"2022-03-29","Central","NW",0.333146975094499,0.541839071552531
"2022-03-29","Central","OW",0.22066063383462,0.381415008214936
"2022-03-29","Central","SZ",1.22543568548234,1.89313989997968
"2022-03-29","Central","UR",0.245035905354414,0.391611452918596
"2022-03-29","Central","ZG",1.23725759812619,2.70314546723848
"2022-03-29","Eastern","AI",0.0862806390838903,0.109271899074231
"2022-03-29","Eastern","AR",0.191108534699692,0.344979712473855
"2022-03-29","Eastern","GL",0.250222832388835,0.462068885820892
"2022-03-29","Eastern","GR",1.87124433229812,2.91383800296513
"2022-03-29","Eastern","SG",3.65603575189728,6.94969278112108
"2022-03-29","Eastern","SH",0.543479278609484,1.09934667979969
"2022-03-29","Eastern","TG",1.70870165456644,3.06841610467262
"2022-03-29","Espace Mittelland","BE",7.24098511403946,16.1680945088067
"2022-03-29","Espace Mittelland","FR",2.21460078254561,4.04785259475726
"2022-03-29","Espace Mittelland","JU",0.410768112058301,0.70154938376087
"2022-03-29","Espace Mittelland","NE",1.18801436084948,2.16786610844531
"2022-03-29","Espace Mittelland","SO",1.4766112780548,3.06732848390423
"2022-03-29","Lake Geneva","GE",5.55064224964122,9.53840015063548
"2022-03-29","Lake Geneva","VD",6.61658773736186,12.2112281889551
"2022-03-29","Lake Geneva","VS",3.28797314198264,5.05386781736944
"2022-03-29","Northwestern","AG",4.58504077383058,8.67792218209355
"2022-03-29","Northwestern","BL",1.66374041834238,3.26439177187698
"2022-03-29","Northwestern","BS",1.71994735598397,4.36261684275927
"2022-03-29","Ticino","TI",2.52705649503542,3.72676655103898
"2022-03-29","Zurich","ZH",13.9648164505732,32.0937855388583
"2022-03-30","9999","9999",0.0108642143571864,0.0240296213516271
"2022-03-30","Central","LU",3.65130798229239,6.96947388384618
"2022-03-30","Central","NW",0.349813018004218,0.570864950808952
"2022-03-30","Central","OW",0.225570662909239,0.382706557877399
"2022-03-30","Central","SZ",1.3318326173234,2.00329549092822
"2022-03-30","Central","UR",0.258858321465471,0.406362309589892
"2022-03-30","Central","ZG",1.33814689644121,2.61844699990007
"2022-03-30","Eastern","AI",0.0840374362720867,0.108728088690036
"2022-03-30","Eastern","AR",0.218235484834802,0.356841576479113
"2022-03-30","Eastern","GL",0.255026948747664,0.472061401630479
"2022-03-30","Eastern","GR",1.96457476547819,2.95741080999877
"2022-03-30","Eastern","SG",3.93239868918701,7.05553187714508
"2022-03-30","Eastern","SH",0.591348011941845,1.11909379437578
"2022-03-30","Eastern","TG",1.79904003590334,3.12816727063607
"2022-03-30","Espace Mittelland","BE",7.64988212755894,16.4352413600426
"2022-03-30","Espace Mittelland","FR",2.28648556683531,3.96617907268094
"2022-03-30","Espace Mittelland","JU",0.451054636851923,0.734925746090853
"2022-03-30","Espace Mittelland","NE",1.31929812583874,2.24213021403697
"2022-03-30","Espace Mittelland","SO",1.62669509442383,3.15590160023003
"2022-03-30","Lake Geneva","GE",6.04333312681542,9.72791806952752
"2022-03-30","Lake Geneva","VD",7.18948216792059,12.7738000314051
"2022-03-30","Lake Geneva","VS",3.53797193878505,5.27587840671715
"2022-03-30","Northwestern","AG",4.89166984585604,8.9880640418299
"2022-03-30","Northwestern","BL",1.71702374053144,3.26915011273869
"2022-03-30","Northwestern","BS",1.75577924583591,4.26445906841203
"2022-03-30","Ticino","TI",2.62145089557589,3.79555856463968
"2022-03-30","Zurich","ZH",14.3301835728642,31.9142941239249
"2022-03-31","9999","9999",0.0108545809444509,0.0239616450536027
"2022-03-31","Central","LU",3.64795942368962,6.84738845259435
"2022-03-31","Central","NW",0.358056270541662,0.551729622915082
"2022-03-31","Central","OW",0.23174752491879,0.37886589703902
"2022-03-31","Central","SZ",1.29906465788812,1.90027741127224
"2022-03-31","Central","UR",0.246540664003806,0.377846252568654
"2022-03-31","Central","ZG",1.35750960569709,2.59118850439229
"2022-03-31","Eastern","AI",0.0870761749228349,0.101896470738583
"2022-03-31","Eastern","AR",0.215548193443956,0.347256918457672
"2022-03-31","Eastern","GL",0.252575773869373,0.470871816415052
"2022-03-31","Eastern","GR",2.03163524631855,2.97797364015115
"2022-03-31","Eastern","SG",3.99084218415203,6.93480597185373
"2022-03-31","Eastern","SH",0.600917107941258,1.13897686154792
"2022-03-31","Eastern","TG",1.82774831857102,3.11266867468651
"2022-03-31","Espace Mittelland","BE",7.71663520854853,16.2370564631524
"2022-03-31","Espace Mittelland","FR",2.21498002180965,3.79249963122858
"2022-03-31","Espace Mittelland","JU",0.459549619079392,0.748588981993758
"2022-03-31","Espace Mittelland","NE",1.39377945947054,2.29923030437747
"2022-03-31","Espace Mittelland","SO",1.65164042118424,3.19464809010394
"2022-03-31","Lake Geneva","GE",6.17449900389533,10.1741144897597
"2022-03-31","Lake Geneva","VD",7.107004494735,12.6394788665088
"2022-03-31","Lake Geneva","VS",3.50127819135511,5.14723326270596
"2022-03-31","Northwestern","AG",4.91635159696157,8.88246286284898
"2022-03-31","Northwestern","BL",1.77700382356809,3.25715229613738
"2022-03-31","Northwestern","BS",1.89295445361227,4.32930845672731
"2022-03-31","Ticino","TI",2.74158465104746,3.94928696262187
"2022-03-31","Zurich","ZH",14.6555230272105,32.4929083727086
"2022-04-01","9999","9999",0.0115837911283137,0.0241995620966881
"2022-04-01","Central","LU",4.77254781410288,7.87495216168027
"2022-04-01","Central","NW",0.465764231535598,0.646318641616041
"2022-04-01","Central","OW",0.317845473770592,0.445652609847998
"2022-04-01","Central","SZ",1.65859041155807,2.22149940758656
"2022-04-01","Central","UR",0.321738598230443,0.477363552876383
"2022-04-01","Central","ZG",1.6587936060784,2.87464966715406
"2022-04-01","Eastern","AI",0.107964989060966,0.127081689156625
"2022-04-01","Eastern","AR",0.265007395386904,0.3754670821378
"2022-04-01","Eastern","GL",0.329193340271401,0.549520393229289
"2022-04-01","Eastern","GR",2.65339002907399,3.62633157070793
"2022-04-01","Eastern","SG",4.89316899676273,7.76037811136013
"2022-04-01","Eastern","SH",0.714170116130046,1.28305262521064
"2022-04-01","Eastern","TG",2.14703493130674,3.4276708397316
"2022-04-01","Espace Mittelland","BE",9.59926206413717,17.8752852455406
"2022-04-01","Espace Mittelland","FR",2.82368204722333,4.42005681458989
"2022-04-01","Espace Mittelland","JU",0.569005257364512,0.83118018409341
"2022-04-01","Espace Mittelland","NE",1.5389752665535,2.46658795011355
"2022-04-01","Espace Mittelland","SO",2.05034637268352,3.63979087771676
"2022-04-01","Lake Geneva","GE",6.53194766846682,10.2453536500893
"2022-04-01","Lake Geneva","VD",8.7836614946897,13.9682115639919
"2022-04-01","Lake Geneva","VS",4.60035926677151,6.09635232387171
"2022-04-01","Northwestern","AG",6.12071357335362,10.1040649146456
"2022-04-01","Northwestern","BL",2.28459577321015,3.66154329308457
"2022-04-01","Northwestern","BS",2.10407357590248,4.65875558510259
"2022-04-01","Ticino","TI",3.30008308583523,4.24763493465099
"2022-04-01","Zurich","ZH",17.382938204747,34.4566756463356
"2022-04-02","9999","9999",0.0120585734833806,0.0237237280105173
"2022-04-02","Central","LU",5.6227366663905,8.15464063990168
"2022-04-02","Central","NW",0.527288679862455,0.678267501687512
"2022-04-02","Central","OW",0.35800743775434,0.515090398279928
"2022-04-02","Central","SZ",2.02694712251469,2.51678844620458
"2022-04-02","Central","UR",0.35195155731107,0.496498880770253
"2022-04-02","Central","ZG",1.85838051515865,2.7093313103587
"2022-04-02","Eastern","AI",0.137473009458598,0.140948853953603
"2022-04-02","Eastern","AR",0.291488648411321,0.384473941626034
"2022-04-02","Eastern","GL",0.374559242486693,0.567975958142915
"2022-04-02","Eastern","GR",3.53618577091916,4.45054418425383
"2022-04-02","Eastern","SG",6.19823059505547,8.40543919146272
"2022-04-02","Eastern","SH",0.790674685733504,1.28590762972767
"2022-04-02","Eastern","TG",2.62710321434598,3.6947837028185
"2022-04-02","Espace Mittelland","BE",11.199613357889,17.7666931094466
"2022-04-02","Espace Mittelland","FR",3.01336565920267,4.51685506297664
"2022-04-02","Espace Mittelland","JU",0.63828690556405,0.84120668805201
"2022-04-02","Espace Mittelland","NE",1.88815633268227,2.69981462863529
"2022-04-02","Espace Mittelland","SO",2.50455496536892,3.8248563490882
"2022-04-02","Lake Geneva","GE",7.45330324377331,9.66395237308655
"2022-04-02","Lake Geneva","VD",10.8825611917412,14.8223337486685
"2022-04-02","Lake Geneva","VS",5.42638804466537,6.44829960689307
"2022-04-02","Northwestern","AG",8.05679256689946,11.3662148282137
"2022-04-02","Northwestern","BL",2.67710842324189,3.73570543422919
"2022-04-02","Northwestern","BS",2.73110805624019,4.87784319363524
"2022-04-02","Ticino","TI",3.7978778194811,4.82162679516906
"2022-04-02","Zurich","ZH",22.2703322133682,35.0437529442234
"2022-04-03","9999","9999",0.0108273763435267,0.0229420005832366
"2022-04-03","Central","LU",1.07578929653989,2.70005254567837
"2022-04-03","Central","NW",0.140014785408859,0.171708128809647
"2022-04-03","Central","OW",0.183676317614041,0.283155269420658
"2022-04-03","Central","SZ",0.44454472113516,0.70355468455259
"2022-04-03","Central","UR",0.143569373731486,0.226157143527195
"2022-04-03","Central","ZG",0.293398691783334,0.755012742157065
"2022-04-03","Eastern","AI",0.0207052310531556,0.027700341444945
"2022-04-03","Eastern","AR",0.0898047411796287,0.117666971880245
"2022-04-03","Eastern","GL",0.0888228457965095,0.198592754678299
"2022-04-03","Eastern","GR",1.93657957856615,1.95210933851585
"2022-04-03","Eastern","SG",1.08629120450973,2.08354151074603
"2022-04-03","Eastern","SH",0.212090542315985,0.418224173595151
"2022-04-03","Eastern","TG",0.39867215623428,0.763985613496286
"2022-04-03","Espace Mittelland","BE",2.26022310584461,5.77020204595062
"2022-04-03","Espace Mittelland","FR",0.687900014981523,1.48467032515103
"2022-04-03","Espace Mittelland","JU",0.103824234985534,0.206919851186288
"2022-04-03","Espace Mittelland","NE",0.274648534432697,0.562367913555901
"2022-04-03","Espace Mittelland","SO",0.537372658276452,1.09584590045143
"2022-04-03","Lake Geneva","GE",1.70529193554086,3.30466772845644
"2022-04-03","Lake Geneva","VD",1.99152733126268,4.13985851413329
"2022-04-03","Lake Geneva","VS",2.41926139864849,2.91037121176588
"2022-04-03","Northwestern","AG",1.3736584596556,2.99819658881341
"2022-04-03","Northwestern","BL",0.406353212986136,0.962578368174585
"2022-04-03","Northwestern","BS",0.679462367223916,2.05495747742677
"2022-04-03","Ticino","TI",1.14993749814405,1.55315644541061
"2022-04-03","Zurich","ZH",4.75855810164,12.0675602830805
"2022-04-04","9999","9999",0.00860844894861227,0.0212425931326265
"2022-04-04","Central","LU",3.11808142737666,6.50876452398578
"2022-04-04","Central","NW",0.313871761505585,0.521276241400149
"2022-04-04","Central","OW",0.253210141930049,0.441438079370485
"2022-04-04","Central","SZ",1.18638621619664,1.92298149481239
"2022-04-04","Central","UR",0.227073083693833,0.400244442767696
"2022-04-04","Central","ZG",1.18404670275361,2.47420129549229
"2022-04-04","Eastern","AI",0.071922315439153,0.102814150761912
"2022-04-04","Eastern","AR",0.192886259623363,0.341037087188439
"2022-04-04","Eastern","GL",0.22935681341149,0.445040823165779
"2022-04-04","Eastern","GR",1.84013326111302,3.10729854714258
"2022-04-04","Eastern","SG",3.47105867293858,6.56215990608395
"2022-04-04","Eastern","SH",0.518445939267277,1.0882325550727
"2022-04-04","Eastern","TG",1.58495688481936,2.8786602687375
"2022-04-04","Espace Mittelland","BE",6.84541062083049,15.433678584951
"2022-04-04","Espace Mittelland","FR",2.10315351058184,3.74953861087716
"2022-04-04","Espace Mittelland","JU",0.397376466137377,0.682448044016013
"2022-04-04","Espace Mittelland","NE",1.15568686375739,2.11617013379775
"2022-04-04","Espace Mittelland","SO",1.38209929897068,2.96029980266481
"2022-04-04","Lake Geneva","GE",5.55214051161105,9.41281394003539
"2022-04-04","Lake Geneva","VD",6.93257672326961,12.1858050534939
"2022-04-04","Lake Geneva","VS",3.55448036574794,5.2398169806152
"2022-04-04","Northwestern","AG",4.33345639952836,8.49482802336481
"2022-04-04","Northwestern","BL",1.6535010600298,3.25021871373889
"2022-04-04","Northwestern","BS",1.67341465560136,4.2763549205663
"2022-04-04","Ticino","TI",2.74871724158489,3.81054733835406
"2022-04-04","Zurich","ZH",13.4874399075252,31.6483708460534
"2022-04-05","9999","9999",0.00841504448187212,0.0214125338776875
"2022-04-05","Central","LU",3.30306037819361,6.59890109516614
"2022-04-05","Central","NW",0.316857579042631,0.524063269619149
"2022-04-05","Central","OW",0.21404247145329,0.373631722091141
"2022-04-05","Central","SZ",1.19870382666605,1.87247510538026
"2022-04-05","Central","UR",0.237642883727328,0.378492027399886
"2022-04-05","Central","ZG",1.21556937520391,2.49928454946329
"2022-04-05","Eastern","AI",0.0840380824156238,0.10308605595401
"2022-04-05","Eastern","AR",0.202214990226962,0.338012141926353
"2022-04-05","Eastern","GL",0.249673861007641,0.450274998113658
"2022-04-05","Eastern","GR",1.74132741151527,2.89031820384868
"2022-04-05","Eastern","SG",3.52592433799374,6.53541123281134
"2022-04-05","Eastern","SH",0.548679946963129,1.06807758270846
"2022-04-05","Eastern","TG",1.56502106582614,2.80602759429842
"2022-04-05","Espace Mittelland","BE",7.03511365236014,15.5881207340624
"2022-04-05","Espace Mittelland","FR",2.10191515887082,3.7281940532975
"2022-04-05","Espace Mittelland","JU",0.412984799488953,0.687512278218831
"2022-04-05","Espace Mittelland","NE",1.17530994927863,2.12402139621957
"2022-04-05","Espace Mittelland","SO",1.47941071255155,3.09774787727015
"2022-04-05","Lake Geneva","GE",5.60860119569371,9.50193086674538
"2022-04-05","Lake Geneva","VD",6.64302983408792,12.0784364907644
"2022-04-05","Lake Geneva","VS",3.58191800519184,5.35061834639498
"2022-04-05","Northwestern","AG",4.48753417790925,8.58737775312504
"2022-04-05","Northwestern","BL",1.63295219962865,3.21476907431917
"2022-04-05","Northwestern","BS",1.70907238823192,4.30813383989271
"2022-04-05","Ticino","TI",2.74355451947897,3.88844817589003
"2022-04-05","Zurich","ZH",13.4363911337406,31.5062663950334
"2022-04-06","9999","9999",0.00938487068692189,0.0241315857986637
"2022-04-06","Central","LU",3.38905554714677,6.8584006128743
"2022-04-06","Central","NW",0.354351389232297,0.562911723940097
"2022-04-06","Central","OW",0.239127909544698,0.396879616015488
"2022-04-06","Central","SZ",1.23546228635024,1.92756989492904
"2022-04-06","Central","UR",0.255914193892646,0.395825983396109
"2022-04-06","Central","ZG",1.3188940433347,2.64618132949403
"2022-04-06","Eastern","AI",0.0823698455353148,0.108592136093987
"2022-04-06","Eastern","AR",0.208698551119452,0.356603659436028
"2022-04-06","Eastern","GL",0.291543194673919,0.508428721073536
"2022-04-06","Eastern","GR",1.75666129442044,2.9811685261583
"2022-04-06","Eastern","SG",3.85824040774367,7.13210717686957
"2022-04-06","Eastern","SH",0.565876219175444,1.12320636040625
"2022-04-06","Eastern","TG",1.65610237516999,2.93406095162739
"2022-04-06","Espace Mittelland","BE",7.49722016323254,16.2279816273662
"2022-04-06","Espace Mittelland","FR",2.18308108627161,3.90551022669416
"2022-04-06","Espace Mittelland","JU",0.442683028879832,0.748622970142771
"2022-04-06","Espace Mittelland","NE",1.20865096362695,2.2154835052114
"2022-04-06","Espace Mittelland","SO",1.60047408452005,3.194818030849
"2022-04-06","Lake Geneva","GE",5.86322264042155,9.62904654405102
"2022-04-06","Lake Geneva","VD",7.04304020841191,12.7747177114284
"2022-04-06","Lake Geneva","VS",3.65769629771149,5.58027626927043
"2022-04-06","Northwestern","AG",4.78692923835807,9.02681053170381
"2022-04-06","Northwestern","BL",1.70184879327232,3.32302132892303
"2022-04-06","Northwestern","BS",1.77199303134587,4.47151487219436
"2022-04-06","Ticino","TI",2.73055258034739,4.00519746774695
"2022-04-06","Zurich","ZH",14.3894087801124,32.9713255582044
"2022-04-07","9999","9999",0.00875823676858495,0.0209366997915167
"2022-04-07","Central","LU",3.60711936534983,7.03106040985629
"2022-04-07","Central","NW",0.362607924914456,0.561994043916767
"2022-04-07","Central","OW",0.230643821688867,0.376418750310142
"2022-04-07","Central","SZ",1.32305570896461,1.98674326235928
"2022-04-07","Central","UR",0.258755655131452,0.406906119974087
"2022-04-07","Central","ZG",1.37592052985869,2.66742392262666
"2022-04-07","Eastern","AI",0.0880729120272011,0.109781721309414
"2022-04-07","Eastern","AR",0.212245037193725,0.355278121624552
"2022-04-07","Eastern","GL",0.0672363650271921,0.152028990531581
"2022-04-07","Eastern","GR",1.7923552502493,2.95601729588927
"2022-04-07","Eastern","SG",4.06563943889725,7.07721631621486
"2022-04-07","Eastern","SH",0.571251177895193,1.10570246366497
"2022-04-07","Eastern","TG",1.69865480395169,2.92053366832053
"2022-04-07","Espace Mittelland","BE",7.51957296240486,16.0865569393264
"2022-04-07","Espace Mittelland","FR",2.15487005217398,3.81802473113675
"2022-04-07","Espace Mittelland","JU",0.468308678212479,0.759159296336553
"2022-04-07","Espace Mittelland","NE",1.23722758573789,2.17575135901614
"2022-04-07","Espace Mittelland","SO",1.63946992780818,3.20905906528512
"2022-04-07","Lake Geneva","GE",5.72809041711295,9.65175062759117
"2022-04-07","Lake Geneva","VD",6.63590088936645,12.0199428863144
"2022-04-07","Lake Geneva","VS",3.5602749457448,5.34191738024786
"2022-04-07","Northwestern","AG",4.77269067448093,8.89779151805349
"2022-04-07","Northwestern","BL",1.74286463006636,3.27098547278535
"2022-04-07","Northwestern","BS",1.82944383445666,4.44031375140116
"2022-04-07","Ticino","TI",2.95189800885073,4.26085632461673
"2022-04-07","Zurich","ZH",14.6079043749231,32.6592463739743
"2022-04-08","9999","9999",0.0124582504633035,0.0239616450536027
"2022-04-08","Central","LU",4.67153097096964,8.33134502661612
"2022-04-08","Central","NW",0.471199955159988,0.654611749975019
"2022-04-08","Central","OW",0.290434044258177,0.448949460302182
"2022-04-08","Central","SZ",1.70876131906906,2.35289759166774
"2022-04-08","Central","UR",0.343966390166444,0.49860614600901
"2022-04-08","Central","ZG",1.7933279899743,3.23142326733515
"2022-04-08","Eastern","AI",0.124290929424886,0.138501707224725
"2022-04-08","Eastern","AR",0.277891219479895,0.400040513873622
"2022-04-08","Eastern","GL",0.350489244418035,0.547956938374728
"2022-04-08","Eastern","GR",2.33189404403567,3.50917442106286
"2022-04-08","Eastern","SG",4.83066683927967,7.97647476277971
"2022-04-08","Eastern","SH",0.691910553512126,1.24209690565094
"2022-04-08","Eastern","TG",2.13734631441704,3.36132597285978
"2022-04-08","Espace Mittelland","BE",9.62824074025305,18.0980095860175
"2022-04-08","Espace Mittelland","FR",2.96192858839641,4.94112912709596
"2022-04-08","Espace Mittelland","JU",0.576173072514766,0.889265930755264
"2022-04-08","Espace Mittelland","NE",1.51089479261058,2.48422779945089
"2022-04-08","Espace Mittelland","SO",1.99506930216424,3.50468798539325
"2022-04-08","Lake Geneva","GE",6.46117362449757,10.3261094921423
"2022-04-08","Lake Geneva","VD",8.75013302039518,14.2131981420718
"2022-04-08","Lake Geneva","VS",4.7049776513244,6.51474643821192
"2022-04-08","Northwestern","AG",6.05930800760556,10.1654135236126
"2022-04-08","Northwestern","BL",2.18899629539281,3.72768423106231
"2022-04-08","Northwestern","BS",2.12331433633479,4.81792208692673
"2022-04-08","Ticino","TI",3.5098046153187,4.63860061273835
"2022-04-08","Zurich","ZH",17.9695094733199,36.031346590071
"2022-04-09","9999","9999",0.0136216338599295,0.0262048628884081
"2022-04-09","Central","LU",5.67571550616474,8.53367647768576
"2022-04-09","Central","NW",0.549750638132336,0.70695349945381
"2022-04-09","Central","OW",0.360623935309644,0.533511975044541
"2022-04-09","Central","SZ",2.00817579906819,2.57912271149296
"2022-04-09","Central","UR",0.358353371256059,0.498266264518888
"2022-04-09","Central","ZG",1.91572155610458,2.86288976759583
"2022-04-09","Eastern","AI",0.128734462445799,0.141288735443725
"2022-04-09","Eastern","AR",0.280742999435188,0.389232282487742
"2022-04-09","Eastern","GL",0.342407653077562,0.5325603068722
"2022-04-09","Eastern","GR",3.13222445991084,3.92692276057184
"2022-04-09","Eastern","SG",5.76012829309159,8.09206845757021
"2022-04-09","Eastern","SH",0.846455732547672,1.40775514393641
"2022-04-09","Eastern","TG",2.58757733755631,3.71690998782545
"2022-04-09","Espace Mittelland","BE",10.9815728008533,17.9056026744595
"2022-04-09","Espace Mittelland","FR",2.95160073974741,4.43253046527737
"2022-04-09","Espace Mittelland","JU",0.634700057056824,0.895383797577461
"2022-04-09","Espace Mittelland","NE",1.83340511335361,2.67870798809871
"2022-04-09","Espace Mittelland","SO",2.44458457840135,3.8819564394287
"2022-04-09","Lake Geneva","GE",7.44507556525312,9.97541977063437
"2022-04-09","Lake Geneva","VD",10.836793783764,15.3125788100205
"2022-04-09","Lake Geneva","VS",5.52025239212421,6.7528334220424
"2022-04-09","Northwestern","AG",7.95797410379666,11.5838749344878
"2022-04-09","Northwestern","BL",2.73167370595669,3.8343390426626
"2022-04-09","Northwestern","BS",2.70740560027954,4.9821868111027
"2022-04-09","Ticino","TI",4.05554007051901,5.29749486948891
"2022-04-09","Zurich","ZH",22.8211145116841,37.1631179640283
"2022-04-10","9999","9999",0.0106536107242941,0.0244714672887857
"2022-04-10","Central","LU",1.16777014342002,2.83879216994618
"2022-04-10","Central","NW",0.149394165833726,0.202705320708775
"2022-04-10","Central","OW",0.235966340965551,0.366936056735737
"2022-04-10","Central","SZ",0.480066082235189,0.803071984860319
"2022-04-10","Central","UR",0.184524288980029,0.282475506440414
"2022-04-10","Central","ZG",0.326251601471652,0.84260020216151
"2022-04-10","Eastern","AI",0.0250752720997566,0.0334783267770194
"2022-04-10","Eastern","AR",0.0835028641017167,0.115015896257293
"2022-04-10","Eastern","GL",0.0820007370187306,0.184215767646137
"2022-04-10","Eastern","GR",1.57883190617783,1.97138061900577
"2022-04-10","Eastern","SG",0.987184263771738,2.17177474558171
"2022-04-10","Eastern","SH",0.229411340093981,0.485214815298202
"2022-04-10","Eastern","TG",0.421490202249467,0.870708401394602
"2022-04-10","Espace Mittelland","BE",2.45712802582704,6.34110098490858
"2022-04-10","Espace Mittelland","FR",0.738387564153879,1.6121598720958
"2022-04-10","Espace Mittelland","JU",0.123325359935138,0.234144358545062
"2022-04-10","Espace Mittelland","NE",0.320776651060525,0.646182689019993
"2022-04-10","Espace Mittelland","SO",0.448911962226433,1.0826584986347
"2022-04-10","Lake Geneva","GE",1.41822449491224,3.34086510715444
"2022-04-10","Lake Geneva","VD",2.19569359665137,4.75565579793638
"2022-04-10","Lake Geneva","VS",2.78133845203283,3.48966522352986
"2022-04-10","Northwestern","AG",1.35469146436595,3.1312941803452
"2022-04-10","Northwestern","BL",0.426672555370849,1.05244303416285
"2022-04-10","Northwestern","BS",0.639691974055716,1.94789480803833
"2022-04-10","Ticino","TI",1.40990143777393,1.94718105690908
"2022-04-10","Zurich","ZH",5.08271158497807,13.3477239156251
"2022-04-11","9999","9999",0.00842411398752067,0.0218883679638584
"2022-04-11","Central","LU",3.28768162159879,6.86611592270007
"2022-04-11","Central","NW",0.342487958929174,0.550913907338789
"2022-04-11","Central","OW",0.241712236983896,0.436169916273594
"2022-04-11","Central","SZ",1.21211637630941,1.99687173076492
"2022-04-11","Central","UR",0.23806266556131,0.415097263886028
"2022-04-11","Central","ZG",1.19672535081942,2.55825398799946
"2022-04-11","Eastern","AI",0.0736717549399837,0.113758334743842
"2022-04-11","Eastern","AR",0.191287062200992,0.333559694405755
"2022-04-11","Eastern","GL",0.217949893307409,0.422030846284518
"2022-04-11","Eastern","GR",2.06085355161822,3.33410146550101
"2022-04-11","Eastern","SG",3.54283973748449,6.44761984391282
"2022-04-11","Eastern","SH",0.540659191015682,1.15043086776503
"2022-04-11","Eastern","TG",1.65007026889287,2.98473728180458
"2022-04-11","Espace Mittelland","BE",7.33777734933022,15.6399526613061
"2022-04-11","Espace Mittelland","FR",2.0447351290623,3.88702067363152
"2022-04-11","Espace Mittelland","JU",0.418196068512628,0.710420290653055
"2022-04-11","Espace Mittelland","NE",1.09421458466812,2.06613957845179
"2022-04-11","Espace Mittelland","SO",1.45602316345477,2.93623619316417
"2022-04-11","Lake Geneva","GE",5.55966362347028,9.27166115718771
"2022-04-11","Lake Geneva","VD",6.49762693604331,12.3518711495676
"2022-04-11","Lake Geneva","VS",3.54214352369726,5.44867415629518
"2022-04-11","Northwestern","AG",4.39852505872103,8.31853149443852
"2022-04-11","Northwestern","BL",1.66182779822826,3.1850634320825
"2022-04-11","Northwestern","BS",1.67812995267797,4.28743505714428
"2022-04-11","Ticino","TI",2.85020536615002,4.33148369826409
"2022-04-11","Zurich","ZH",13.5137862849393,32.59436299751
"2022-04-12","9999","9999",0.00901988182488964,0.0216164627717607
"2022-04-12","Central","LU",3.54131310785537,7.13183527167747
"2022-04-12","Central","NW",0.364378244641589,0.587315214930858
"2022-04-12","Central","OW",0.247193124083521,0.417034588379724
"2022-04-12","Central","SZ",1.34690740450223,2.07263131491312
"2022-04-12","Central","UR",0.287116026706593,0.435456165144337
"2022-04-12","Central","ZG",1.40482894080192,2.87291627155443
"2022-04-12","Eastern","AI",0.0982677608401279,0.121983466804795
"2022-04-12","Eastern","AR",0.205312574931846,0.348684420716185
"2022-04-12","Eastern","GL",0.250378780110529,0.436985631849887
"2022-04-12","Eastern","GR",1.98770556062944,3.23638553709093
"2022-04-12","Eastern","SG",3.82500422137321,6.62367845579603
"2022-04-12","Eastern","SH",0.586701488033713,1.21041995077156
"2022-04-12","Eastern","TG",1.81421483043762,3.07647129598851
"2022-04-12","Espace Mittelland","BE",7.64912194164551,16.1350920161158
"2022-04-12","Espace Mittelland","FR",2.1639604889571,4.19706056892083
"2022-04-12","Espace Mittelland","JU",0.432114039462774,0.733498243832341
"2022-04-12","Espace Mittelland","NE",1.14731991193479,2.10927053954827
"2022-04-12","Espace Mittelland","SO",1.58131832133303,3.05322340206417
"2022-04-12","Lake Geneva","GE",5.15243259511878,9.40982298292231
"2022-04-12","Lake Geneva","VD",6.68489119865058,12.5972995735847
"2022-04-12","Lake Geneva","VS",3.53883808049051,5.52093296109513
"2022-04-12","Northwestern","AG",4.72140296856433,8.5942433592255
"2022-04-12","Northwestern","BL",1.80570035033942,3.28648406873491
"2022-04-12","Northwestern","BS",1.79444947585757,4.43552142239044
"2022-04-12","Ticino","TI",2.9054829653322,4.41750770341397
"2022-04-12","Zurich","ZH",14.6200927919293,33.6870819882523
"2022-04-13","9999","9999",0.0104779654147717,0.0248793250769322
"2022-04-13","Central","LU",4.37029557624641,8.06960229107315
"2022-04-13","Central","NW",0.454372243221256,0.671673800779144
"2022-04-13","Central","OW",0.296512727694276,0.464923890337917
"2022-04-13","Central","SZ",1.61298567511135,2.34593002112024
"2022-04-13","Central","UR",0.366934752664497,0.507035206964036
"2022-04-13","Central","ZG",1.57725927504489,2.93637214576022
"2022-04-13","Eastern","AI",0.121734284341228,0.14737261411691
"2022-04-13","Eastern","AR",0.241592543788668,0.384949775712205
"2022-04-13","Eastern","GL",0.286654558824412,0.490313037650032
"2022-04-13","Eastern","GR",2.3719598814412,3.57331005824889
"2022-04-13","Eastern","SG",4.47469395871496,7.25048789987907
"2022-04-13","Eastern","SH",0.708366133765724,1.32567376407194
"2022-04-13","Eastern","TG",2.18140148509709,3.48980117612591
"2022-04-13","Espace Mittelland","BE",8.99415730776377,17.3996890764128
"2022-04-13","Espace Mittelland","FR",2.44508507335317,4.31877213053353
"2022-04-13","Espace Mittelland","JU",0.509991151083839,0.801066684068599
"2022-04-13","Espace Mittelland","NE",1.29004494053613,2.26225119825219
"2022-04-13","Espace Mittelland","SO",1.87754849633255,3.50149309938611
"2022-04-13","Lake Geneva","GE",5.41998957108667,9.61528134370108
"2022-04-13","Lake Geneva","VD",7.67049440792726,13.6766612217652
"2022-04-13","Lake Geneva","VS",3.82471455718352,5.85153568653682
"2022-04-13","Northwestern","AG",5.53277346340341,9.44136398520564
"2022-04-13","Northwestern","BL",2.0882428712736,3.55665586523291
"2022-04-13","Northwestern","BS",1.9716868752235,4.60304900887159
"2022-04-13","Ticino","TI",3.16236188285397,4.72598414384872
"2022-04-13","Zurich","ZH",16.7574474122278,35.9525620606607
"2022-04-14","9999","9999",0.0149426136232739,0.0326286230517143
"2022-04-14","Central","LU",4.75060472084138,8.52079496921013
"2022-04-14","Central","NW",0.587894648857348,0.816429327422114
"2022-04-14","Central","OW",0.379720590069086,0.576914841333124
"2022-04-14","Central","SZ",2.0491951916097,2.85316915697834
"2022-04-14","Central","UR",0.360482003028675,0.555060461518278
"2022-04-14","Central","ZG",1.97437206762686,3.32896925500017
"2022-04-14","Eastern","AI",0.148623743440258,0.174155275538525
"2022-04-14","Eastern","AR",0.318754292277672,0.447080112106511
"2022-04-14","Eastern","GL",0.390114689968759,0.626265633698842
"2022-04-14","Eastern","GR",3.01181051702146,4.34388937265354
"2022-04-14","Eastern","SG",5.14724785322432,8.07412271489177
"2022-04-14","Eastern","SH",0.858038462434176,1.54132856955437
"2022-04-14","Eastern","TG",2.88009911465922,4.3585382648778
"2022-04-14","Espace Mittelland","BE",10.0613905164777,18.5908717348435
"2022-04-14","Espace Mittelland","FR",3.26477390260871,5.27162988809062
"2022-04-14","Espace Mittelland","JU",0.708620224816676,1.04364010356869
"2022-04-14","Espace Mittelland","NE",1.67573578723977,2.68047537184734
"2022-04-14","Espace Mittelland","SO",2.5046325613337,4.14050428896452
"2022-04-14","Lake Geneva","GE",6.63079960572086,10.6590573998658
"2022-04-14","Lake Geneva","VD",9.51306409226582,15.762445950346
"2022-04-14","Lake Geneva","VS",4.47508695496231,6.50869654768775
"2022-04-14","Northwestern","AG",7.14324322397007,11.3663507808097
"2022-04-14","Northwestern","BL",2.78008708346655,4.28291463332565
"2022-04-14","Northwestern","BS",2.24215692471422,4.72523640457045
"2022-04-14","Ticino","TI",3.85827580074542,5.52062706775402
"2022-04-14","Zurich","ZH",20.5807458499072,40.4994626473641
"2022-04-15","9999","9999",0.0154550328603736,0.0297396303856771
"2022-04-15","Central","LU",1.22393680086511,3.00465433712573
"2022-04-15","Central","NW",0.159712177436874,0.234314299290124
"2022-04-15","Central","OW",0.174960616670307,0.287641705090269
"2022-04-15","Central","SZ",0.467428427081784,0.822411241648262
"2022-04-15","Central","UR",0.163174711843576,0.267010898639862
"2022-04-15","Central","ZG",0.331589248339148,0.827679404745153
"2022-04-15","Eastern","AI",0.028746209335304,0.0495547212597911
"2022-04-15","Eastern","AR",0.0766545767206302,0.113146548061622
"2022-04-15","Eastern","GL",0.0775445787447042,0.184351720242186
"2022-04-15","Eastern","GR",1.88562428412925,2.24372765704054
"2022-04-15","Eastern","SG",0.99484305010968,2.25501172251259
"2022-04-15","Eastern","SH",0.266955835349109,0.584154317072723
"2022-04-15","Eastern","TG",0.366613039755367,0.639622976260637
"2022-04-15","Espace Mittelland","BE",2.79342708489676,7.06997684047526
"2022-04-15","Espace Mittelland","FR",0.837127052852352,1.80694595408473
"2022-04-15","Espace Mittelland","JU",0.138072893034497,0.269152152027631
"2022-04-15","Espace Mittelland","NE",0.363572119880679,0.746413740456977
"2022-04-15","Espace Mittelland","SO",0.45829404079007,1.12218671593589
"2022-04-15","Lake Geneva","GE",1.50879520596896,3.47712359654436
"2022-04-15","Lake Geneva","VD",2.54285030291033,5.32692860653347
"2022-04-15","Lake Geneva","VS",6.12468573487414,7.92776974524523
"2022-04-15","Northwestern","AG",1.30293798294359,3.10172449070458
"2022-04-15","Northwestern","BL",0.441800001289938,1.08605731353592
"2022-04-15","Northwestern","BS",0.69714571809861,2.01396776971805
"2022-04-15","Ticino","TI",4.40414877878656,6.0105322476159
"2022-04-15","Zurich","ZH",4.99464913264413,13.1778511468621
"2022-04-16","9999","9999",0.0152697423900513,0.0263068273354447
"2022-04-16","Central","LU",6.23020846192161,8.93477062417876
"2022-04-16","Central","NW",0.642461443156421,0.821221656432835
"2022-04-16","Central","OW",0.425342756727228,0.634286836865722
"2022-04-16","Central","SZ",2.23652840360641,2.8820250954897
"2022-04-16","Central","UR",0.436979617778059,0.626877420381062
"2022-04-16","Central","ZG",1.93727191157614,2.73580807843921
"2022-04-16","Eastern","AI",0.216077330176571,0.245156518825016
"2022-04-16","Eastern","AR",0.34160250732201,0.446944159510462
"2022-04-16","Eastern","GL",0.421891946888709,0.643531613397041
"2022-04-16","Eastern","GR",4.16019939316,5.10644748389132
"2022-04-16","Eastern","SG",6.34006169777927,8.7735988215629
"2022-04-16","Eastern","SH",0.94722992724459,1.56308098492218
"2022-04-16","Eastern","TG",3.12362273085501,4.51335428362838
"2022-04-16","Espace Mittelland","BE",12.1040430896756,19.2750531744591
"2022-04-16","Espace Mittelland","FR",3.33810368706067,4.88090212704634
"2022-04-16","Espace Mittelland","JU",0.712773788198229,1.01740125253127
"2022-04-16","Espace Mittelland","NE",1.90500083652092,2.8109898640542
"2022-04-16","Espace Mittelland","SO",2.61887261055777,4.06542446779657
"2022-04-16","Lake Geneva","GE",5.75278411208386,8.46270922254828
"2022-04-16","Lake Geneva","VD",10.7245058242341,15.249802698795
"2022-04-16","Lake Geneva","VS",5.44085418421232,7.28648134968299
"2022-04-16","Northwestern","AG",7.89032513500278,11.4183866369474
"2022-04-16","Northwestern","BL",2.78069943957073,4.027629646095
"2022-04-16","Northwestern","BS",2.42504865176923,4.53184383669102
"2022-04-16","Ticino","TI",4.34034936871404,6.04516617145934
"2022-04-16","Zurich","ZH",21.1452104138429,34.0056529089437
"2022-04-17","9999","9999",0.00941432308415103,0.019815090874114
"2022-04-17","Central","LU",1.12808220208318,2.50696587114005
"2022-04-17","Central","NW",0.215582231502288,0.239412521641954
"2022-04-17","Central","OW",0.159904391433097,0.269016199431582
"2022-04-17","Central","SZ",0.474540630811608,0.76928776474219
"2022-04-17","Central","UR",0.157531799356987,0.245462412166126
"2022-04-17","Central","ZG",0.262111180336363,0.625721823314647
"2022-04-17","Eastern","AI",0.0420314921979715,0.0637277793978795
"2022-04-17","Eastern","AR",0.0921371666238574,0.119230426734806
"2022-04-17","Eastern","GL",0.0681223609613358,0.156753343244278
"2022-04-17","Eastern","GR",1.72293784925062,1.86741087117744
"2022-04-17","Eastern","SG",0.940360740057093,1.95333291188029
"2022-04-17","Eastern","SH",0.230435340539593,0.482631715973274
"2022-04-17","Eastern","TG",0.379104071234122,0.597341718889458
"2022-04-17","Espace Mittelland","BE",2.52844121196368,5.924474254317
"2022-04-17","Espace Mittelland","FR",0.680492692044149,1.37386895937125
"2022-04-17","Espace Mittelland","JU",0.124604121071368,0.223234162712146
"2022-04-17","Espace Mittelland","NE",0.344492538974703,0.60988334587496
"2022-04-17","Espace Mittelland","SO",0.406279595699139,0.927026764307821
"2022-04-17","Lake Geneva","GE",1.24077611205933,2.64648722283514
"2022-04-17","Lake Geneva","VD",2.02767708849069,4.12357819075645
"2022-04-17","Lake Geneva","VS",2.35561766609219,3.25705033169035
"2022-04-17","Northwestern","AG",1.12757839417722,2.56430387852364
"2022-04-17","Northwestern","BL",0.38776853103735,0.892324864166362
"2022-04-17","Northwestern","BS",0.537612248300023,1.56586801314118
"2022-04-17","Ticino","TI",1.4160683295929,1.94616141243871
"2022-04-17","Zurich","ZH",3.9085598734439,10.2019507838007
"2022-04-18","9999","9999",0.0117188821198326,0.0262728391864325
"2022-04-18","Central","LU",2.11124130098424,3.90085385027948
"2022-04-18","Central","NW",0.214185970142835,0.260213268837422
"2022-04-18","Central","OW",0.17534424579438,0.265243514891228
"2022-04-18","Central","SZ",0.548646519804141,0.866629823513137
"2022-04-18","Central","UR",0.158544192715059,0.280300264903633
"2022-04-18","Central","ZG",0.36607822870769,1.0350411018686
"2022-04-18","Eastern","AI",0.0535685691065609,0.0766772641715287
"2022-04-18","Eastern","AR",0.0836702818501997,0.134287176747212
"2022-04-18","Eastern","GL",0.0857576113447172,0.213683492839717
"2022-04-18","Eastern","GR",1.88088372088233,1.92821566976027
"2022-04-18","Eastern","SG",1.03868464489657,2.22143143128854
"2022-04-18","Eastern","SH",0.231313273385598,0.517911414647941
"2022-04-18","Eastern","TG",0.500462781707373,0.989802875533359
"2022-04-18","Espace Mittelland","BE",3.31984047522768,7.17251908604508
"2022-04-18","Espace Mittelland","FR",1.56380181646769,2.76248877541379
"2022-04-18","Espace Mittelland","JU",0.12078936794854,0.261606782946922
"2022-04-18","Espace Mittelland","NE",0.342863712934138,0.673679101570864
"2022-04-18","Espace Mittelland","SO",0.705983031088076,1.6193993478354
"2022-04-18","Lake Geneva","GE",1.18768633531379,2.7497092313852
"2022-04-18","Lake Geneva","VD",2.09870026191174,4.40194113116639
"2022-04-18","Lake Geneva","VS",3.52969353603919,5.03738356509852
"2022-04-18","Northwestern","AG",1.2088735620335,2.96478623833442
"2022-04-18","Northwestern","BL",0.407388832267352,1.10172585023054
"2022-04-18","Northwestern","BS",0.590268067213981,1.79239902630751
"2022-04-18","Ticino","TI",1.72035270727896,2.26704352726291
"2022-04-18","Zurich","ZH",4.12682041689988,11.5128057149033
"2022-04-19","9999","9999",0.0082967845504903,0.0220583087089194
"2022-04-19","Central","LU",3.42348516454635,6.49384372656942
"2022-04-19","Central","NW",0.381673509959815,0.585513843033211
"2022-04-19","Central","OW",0.235704872130211,0.39599592414117
"2022-04-19","Central","SZ",1.36602291490489,2.12024871167921
"2022-04-19","Central","UR",0.293078455214286,0.474066702422199
"2022-04-19","Central","ZG",1.21470663652108,2.36669678016669
"2022-04-19","Eastern","AI",0.106614384595449,0.139113493906945
"2022-04-19","Eastern","AR",0.215507212279616,0.356773600181089
"2022-04-19","Eastern","GL",0.256478269368524,0.466215440000381
"2022-04-19","Eastern","GR",1.99463704780198,3.15182302234857
"2022-04-19","Eastern","SG",3.83077322975008,6.74229709584862
"2022-04-19","Eastern","SH",0.577554938579416,1.13330084066288
"2022-04-19","Eastern","TG",1.81048483568278,3.25725426058442
"2022-04-19","Espace Mittelland","BE",7.83469393866493,15.9730025334766
"2022-04-19","Espace Mittelland","FR",2.07367421420145,3.65559536700743
"2022-04-19","Espace Mittelland","JU",0.44907644687486,0.769083835848116
"2022-04-19","Espace Mittelland","NE",1.23178334476688,2.17646511014539
"2022-04-19","Espace Mittelland","SO",1.5201304550487,3.03860849798892
"2022-04-19","Lake Geneva","GE",5.32743434959428,8.46199547141903
"2022-04-19","Lake Geneva","VD",6.96271517612637,12.0332662407272
"2022-04-19","Lake Geneva","VS",3.27721640674982,5.10264081120195
"2022-04-19","Northwestern","AG",4.63056587406536,8.49941642348146
"2022-04-19","Northwestern","BL",1.76462479813448,3.27543792030595
"2022-04-19","Northwestern","BS",1.79784627592842,4.34242788224602
"2022-04-19","Ticino","TI",3.05508158664516,4.61025449646217
"2022-04-19","Zurich","ZH",13.7806964868906,30.0035823509059
"2022-04-20","9999","9999",0.00949430782200572,0.0229080124342244
"2022-04-20","Central","LU",3.46043411517733,6.37835199622596
"2022-04-20","Central","NW",0.364161492855041,0.564033332857499
"2022-04-20","Central","OW",0.218083476630674,0.368907369378445
"2022-04-20","Central","SZ",1.30170602217955,2.04340150676262
"2022-04-20","Central","UR",0.270060226099251,0.426211388613018
"2022-04-20","Central","ZG",1.20278429750748,2.34681371299455
"2022-04-20","Eastern","AI",0.100872083484784,0.1342531885982
"2022-04-20","Eastern","AR",0.197461210407687,0.326490159411217
"2022-04-20","Eastern","GL",0.235119297696643,0.429406274620165
"2022-04-20","Eastern","GR",1.74135736516325,2.86856578848087
"2022-04-20","Eastern","SG",3.61528846018932,6.43704952957003
"2022-04-20","Eastern","SH",0.546614989699082,1.07198621984486
"2022-04-20","Eastern","TG",1.73023478737572,3.06457544383424
"2022-04-20","Espace Mittelland","BE",7.46504960069955,15.3132925611498
"2022-04-20","Espace Mittelland","FR",2.00487866957495,3.51899699612739
"2022-04-20","Espace Mittelland","JU",0.421864836272299,0.714430892236495
"2022-04-20","Espace Mittelland","NE",1.15008019796522,2.02001766024223
"2022-04-20","Espace Mittelland","SO",1.49977420807796,2.92675349958976
"2022-04-20","Lake Geneva","GE",4.63997799634547,8.00403915162861
"2022-04-20","Lake Geneva","VD",6.51034225764988,11.1689136231979
"2022-04-20","Lake Geneva","VS",3.11512024553047,4.92111010732778
"2022-04-20","Northwestern","AG",4.45962468529432,8.12874167035438
"2022-04-20","Northwestern","BL",1.64066635067768,3.0992773439757
"2022-04-20","Northwestern","BS",1.77543783792352,4.21072380482373
"2022-04-20","Ticino","TI",2.93827677834101,4.29083387204549
"2022-04-20","Zurich","ZH",13.3795088860342,29.2505749095405
"2022-04-21","9999","9999",0.00878797895140044,0.0219563442618828
"2022-04-21","Central","LU",3.49404131325079,6.55709567188113
"2022-04-21","Central","NW",0.373315118560075,0.562096008363804
"2022-04-21","Central","OW",0.227022050102463,0.372340172428678
"2022-04-21","Central","SZ",1.33537458039292,2.0511508047374
"2022-04-21","Central","UR",0.271569468593189,0.431683480603983
"2022-04-21","Central","ZG",1.2102920820588,2.30269709557671
"2022-04-21","Eastern","AI",0.103379179149197,0.136462418283993
"2022-04-21","Eastern","AR",0.207291563777283,0.328223555010839
"2022-04-21","Eastern","GL",0.249265419971741,0.434844378462118
"2022-04-21","Eastern","GR",1.77607180263399,2.82808590300734
"2022-04-21","Eastern","SG",3.84680524529298,6.5943466831985
"2022-04-21","Eastern","SH",0.580386034109479,1.10539657032386
"2022-04-21","Eastern","TG",1.75171737218029,3.10641485526827
"2022-04-21","Espace Mittelland","BE",7.73035842792056,15.6663954412375
"2022-04-21","Espace Mittelland","FR",2.04338190086242,3.55594211410365
"2022-04-21","Espace Mittelland","JU",0.449559460706987,0.734687829047768
"2022-04-21","Espace Mittelland","NE",1.18464359057311,2.09489355251611
"2022-04-21","Espace Mittelland","SO",1.61346011285653,3.08350684283404
"2022-04-21","Lake Geneva","GE",4.82742271705261,8.45594558089485
"2022-04-21","Lake Geneva","VD",6.46595656692848,11.2699264020621
"2022-04-21","Lake Geneva","VS",3.17211922200386,4.88542255086496
"2022-04-21","Northwestern","AG",4.66864855206263,8.35340333532504
"2022-04-21","Northwestern","BL",1.71107843286947,3.14030103983343
"2022-04-21","Northwestern","BS",1.77262998006467,4.3192479646197
"2022-04-21","Ticino","TI",2.94112226916588,4.31476152895009
"2022-04-21","Zurich","ZH",13.5790811609423,29.4697984706692
"2022-04-22","9999","9999",0.0117685685998278,0.0248113487789078
"2022-04-22","Central","LU",4.4297648730269,7.49058018450127
"2022-04-22","Central","NW",0.45997249848633,0.644245364526297
"2022-04-22","Central","OW",0.27312790414842,0.416592742442565
"2022-04-22","Central","SZ",1.68961338792492,2.36832821131928
"2022-04-22","Central","UR",0.35135107458389,0.521650111039283
"2022-04-22","Central","ZG",1.52309393951549,2.60073917426472
"2022-04-22","Eastern","AI",0.141283313981073,0.161307755211913
"2022-04-22","Eastern","AR",0.277152477699854,0.37777827627063
"2022-04-22","Eastern","GL",0.310433134409757,0.513832836766476
"2022-04-22","Eastern","GR",2.1315900801021,3.11372230730589
"2022-04-22","Eastern","SG",4.62527692292444,7.44901267825935
"2022-04-22","Eastern","SH",0.655476277746593,1.19420760369274
"2022-04-22","Eastern","TG",2.19694270567327,3.520696403578
"2022-04-22","Espace Mittelland","BE",9.42867478188749,17.2765160243926
"2022-04-22","Espace Mittelland","FR",2.60954949944494,4.12446188263076
"2022-04-22","Espace Mittelland","JU",0.526351141254155,0.817788853382603
"2022-04-22","Espace Mittelland","NE",1.45877439955966,2.3555826554397
"2022-04-22","Espace Mittelland","SO",1.94147705679207,3.41526516534215
"2022-04-22","Lake Geneva","GE",5.73736346972375,8.8451778633826
"2022-04-22","Lake Geneva","VD",7.92297964338101,12.6172166289058
"2022-04-22","Lake Geneva","VS",3.85158657432307,5.62323728962185
"2022-04-22","Northwestern","AG",5.77196310902607,9.49268609021406
"2022-04-22","Northwestern","BL",2.11950049564496,3.53809833587225
"2022-04-22","Northwestern","BS",2.07139912322708,4.62211636046743
"2022-04-22","Ticino","TI",3.25944531741482,4.41849335973533
"2022-04-22","Zurich","ZH",16.7943013171025,32.1922492065467
"2022-04-23","9999","9999",0.0103568546197836,0.0228740242852122
"2022-04-23","Central","LU",5.00341791917447,7.66266218295005
"2022-04-23","Central","NW",0.519066401535829,0.654611749975019
"2022-04-23","Central","OW",0.289734697653795,0.429950085004361
"2022-04-23","Central","SZ",1.96480281890261,2.56647912006042
"2022-04-23","Central","UR",0.344674144468853,0.520324573227807
"2022-04-23","Central","ZG",1.72997253533609,2.79987573932721
"2022-04-23","Eastern","AI",0.171122281266384,0.192916733793261
"2022-04-23","Eastern","AR",0.298274624059299,0.383080427516534
"2022-04-23","Eastern","GL",0.357885598579365,0.5540068288989
"2022-04-23","Eastern","GR",2.34120939751004,3.1806109845619
"2022-04-23","Eastern","SG",5.35088191563561,7.76476258258271
"2022-04-23","Eastern","SH",0.742860349854927,1.20732702921145
"2022-04-23","Eastern","TG",2.57058039866719,3.74692152340322
"2022-04-23","Espace Mittelland","BE",10.3709864838246,17.1017829503209
"2022-04-23","Espace Mittelland","FR",2.60612016506798,3.88555918322399
"2022-04-23","Espace Mittelland","JU",0.571790633344295,0.793351374242829
"2022-04-23","Espace Mittelland","NE",1.74470547342355,2.53232103030315
"2022-04-23","Espace Mittelland","SO",2.33260472752211,3.62109739576005
"2022-04-23","Lake Geneva","GE",6.1800710168138,8.4764064466002
"2022-04-23","Lake Geneva","VD",9.1398861166925,12.9410217245451
"2022-04-23","Lake Geneva","VS",3.89207461757985,5.30215124590358
"2022-04-23","Northwestern","AG",7.20838069940746,10.5901294336691
"2022-04-23","Northwestern","BL",2.50942624541142,3.59305717282498
"2022-04-23","Northwestern","BS",2.39203345823653,4.56348680342138
"2022-04-23","Ticino","TI",3.59292680297651,4.54006896875198
"2022-04-23","Zurich","ZH",19.7231280386638,32.6977209586561
"2022-04-24","9999","9999",0.00871635100329272,0.0213785457286753
"2022-04-24","Central","LU",1.06329150600813,2.39031854373017
"2022-04-24","Central","NW",0.17058813594235,0.162123470788206
"2022-04-24","Central","OW",0.0953045465788174,0.137210157562261
"2022-04-24","Central","SZ",0.396491598017408,0.6125004333489
"2022-04-24","Central","UR",0.123120724318916,0.187070772163162
"2022-04-24","Central","ZG",0.296781429421211,0.688056088603026
"2022-04-24","Eastern","AI",0.0349335271220923,0.0489769227265837
"2022-04-24","Eastern","AR",0.0707297341866913,0.101046767013278
"2022-04-24","Eastern","GL",0.0921365792206418,0.175140931859879
"2022-04-24","Eastern","GR",0.762957645992108,1.058424948389
"2022-04-24","Eastern","SG",0.953724296356247,1.99714363595701
"2022-04-24","Eastern","SH",0.183790450058828,0.371558445001397
"2022-04-24","Eastern","TG",0.414665168203674,0.747603325672405
"2022-04-24","Espace Mittelland","BE",2.02316739037158,5.26347273232769
"2022-04-24","Espace Mittelland","FR",0.602693877355699,1.31857024092839
"2022-04-24","Espace Mittelland","JU",0.102200202155208,0.197573110207933
"2022-04-24","Espace Mittelland","NE",0.27240815507235,0.530996852017638
"2022-04-24","Espace Mittelland","SO",0.392617184307984,0.868975005794979
"2022-04-24","Lake Geneva","GE",1.22825883932093,2.81914701981713
"2022-04-24","Lake Geneva","VD",1.73294068378441,3.72278993760456
"2022-04-24","Lake Geneva","VS",1.12802332470087,1.87981654556689
"2022-04-24","Northwestern","AG",1.29319941328444,2.74919940915002
"2022-04-24","Northwestern","BL",0.386491579103024,0.90231737997595
"2022-04-24","Northwestern","BS",0.612324490135869,1.88321536046811
"2022-04-24","Ticino","TI",1.24018874408795,1.62592507244574
"2022-04-24","Zurich","ZH",4.32793965733645,11.0617489893624
"2022-04-25","9999","9999",0.00931840797108983,0.0218543798148462
"2022-04-25","Central","LU",3.59574010410516,6.47967066843133
"2022-04-25","Central","NW",0.343297005042077,0.530962863868626
"2022-04-25","Central","OW",0.179369575137951,0.314084485021763
"2022-04-25","Central","SZ",1.33840827520806,2.02729112413084
"2022-04-25","Central","UR",0.210006463119261,0.372714042067812
"2022-04-25","Central","ZG",1.20333810517515,2.35568461988674
"2022-04-25","Eastern","AI",0.0739551378312863,0.100367004033034
"2022-04-25","Eastern","AR",0.22947422356622,0.347290906606684
"2022-04-25","Eastern","GL",0.254969406728665,0.464312103655697
"2022-04-25","Eastern","GR",1.61708394427021,2.559749466556
"2022-04-25","Eastern","SG",3.92556634001317,7.03061856391913
"2022-04-25","Eastern","SH",0.558115600616048,1.01559988063362
"2022-04-25","Eastern","TG",1.82616140962392,3.13564466341876
"2022-04-25","Espace Mittelland","BE",7.3789260880598,15.6887256551386
"2022-04-25","Espace Mittelland","FR",2.23356732357678,3.70022180666045
"2022-04-25","Espace Mittelland","JU",0.414382517608381,0.683535664784403
"2022-04-25","Espace Mittelland","NE",1.25431191847742,2.14223904409011
"2022-04-25","Espace Mittelland","SO",1.56508380048956,3.05798174292588
"2022-04-25","Lake Geneva","GE",5.15288577278358,9.00492216373995
"2022-04-25","Lake Geneva","VD",6.86854806930216,11.4941122329466
"2022-04-25","Lake Geneva","VS",2.94991977971346,4.69454510601244
"2022-04-25","Northwestern","AG",5.0156953277678,9.02534904129628
"2022-04-25","Northwestern","BL",1.76564799971172,3.25806997616071
"2022-04-25","Northwestern","BS",1.71901092952576,4.28791089123045
"2022-04-25","Ticino","TI",3.32605742946471,4.32234088617981
"2022-04-25","Zurich","ZH",12.9825278871537,27.8450969715879
"2022-04-26","9999","9999",0.00875522926412118,0.0217864035168218
"2022-04-26","Central","LU",3.55695199009018,6.39330678179132
"2022-04-26","Central","NW",0.386549038885572,0.519814750992624
"2022-04-26","Central","OW",0.194125974109843,0.325402538642826
"2022-04-26","Central","SZ",1.30908701770481,1.93661074256628
"2022-04-26","Central","UR",0.215748807306162,0.3754670821378
"2022-04-26","Central","ZG",1.19683679295748,2.27438496744955
"2022-04-26","Eastern","AI",0.085176011672908,0.108218266454853
"2022-04-26","Eastern","AR",0.224752222260908,0.349262219249392
"2022-04-26","Eastern","GL",0.260995317859877,0.456256912339805
"2022-04-26","Eastern","GR",1.49985172963833,2.43559075821443
"2022-04-26","Eastern","SG",3.88906428966463,6.88222630533186
"2022-04-26","Eastern","SH",0.544527245106292,1.00961796640747
"2022-04-26","Eastern","TG",1.7735956748671,3.01909930045592
"2022-04-26","Espace Mittelland","BE",7.47177344083538,16.2355949727449
"2022-04-26","Espace Mittelland","FR",2.21189600611905,3.7332242993513
"2022-04-26","Espace Mittelland","JU",0.432061047860686,0.714532856683532
"2022-04-26","Espace Mittelland","NE",1.25336246341589,2.20331574786503
"2022-04-26","Espace Mittelland","SO",1.58726522281573,3.13418317301123
"2022-04-26","Lake Geneva","GE",5.27693923075249,9.28563028643173
"2022-04-26","Lake Geneva","VD",6.74680166487458,11.5973002533477
"2022-04-26","Lake Geneva","VS",2.8418480751523,4.64080984242414
"2022-04-26","Northwestern","AG",4.78269321139709,8.82780991923736
"2022-04-26","Northwestern","BL",1.73741131175765,3.3262841912282
"2022-04-26","Northwestern","BS",1.79108584057226,4.54295796141801
"2022-04-26","Ticino","TI",2.92994309703654,4.1036611354353
"2022-04-26","Zurich","ZH",14.2619494212389,29.7674326915691
"2022-04-27","9999","9999",0.0108687569420536,0.0251172421200176
"2022-04-27","Central","LU",3.61016916284512,6.66980037400559
"2022-04-27","Central","NW",0.346468579055997,0.544388182728446
"2022-04-27","Central","OW",0.221624253145692,0.367955701206103
"2022-04-27","Central","SZ",1.3495209728735,2.06654743623993
"2022-04-27","Central","UR",0.232730164345982,0.393922647051426
"2022-04-27","Central","ZG",1.29448032823246,2.70134409534084
"2022-04-27","Eastern","AI",0.0954693053487445,0.122187395698868
"2022-04-27","Eastern","AR",0.240027658546129,0.371116599064238
"2022-04-27","Eastern","GL",0.277125394495594,0.485112850851165
"2022-04-27","Eastern","GR",1.58040392641143,2.50547039258351
"2022-04-27","Eastern","SG",4.00636947935598,7.24953623170673
"2022-04-27","Eastern","SH",0.569208585029574,1.06563043597958
"2022-04-27","Eastern","TG",1.87604060486601,3.23930851790598
"2022-04-27","Espace Mittelland","BE",7.90431396244481,17.0068540501298
"2022-04-27","Espace Mittelland","FR",2.24690066777055,3.81241668654973
"2022-04-27","Espace Mittelland","JU",0.466963540512888,0.764495435731469
"2022-04-27","Espace Mittelland","NE",1.34008783722236,2.33624339865176
"2022-04-27","Espace Mittelland","SO",1.71211053164741,3.32013233625699
"2022-04-27","Lake Geneva","GE",5.80217259067966,9.70011576363554
"2022-04-27","Lake Geneva","VD",7.20780819273743,12.2294118486766
"2022-04-27","Lake Geneva","VS",3.09336376243852,4.9899700972265
"2022-04-27","Northwestern","AG",5.03438610648539,9.26238239250738
"2022-04-27","Northwestern","BL",1.77164517899365,3.42957417607629
"2022-04-27","Northwestern","BS",1.89782926590611,4.66093082663937
"2022-04-27","Ticino","TI",3.09793029377676,4.27873409099715
"2022-04-27","Zurich","ZH",14.5268443759022,31.2862950946264
"2022-04-28","9999","9999",0.010462203428487,0.0263748036334691
"2022-04-28","Central","LU",3.74657998673307,6.96621102154101
"2022-04-28","Central","NW",0.40174269689512,0.586635451950614
"2022-04-28","Central","OW",0.217671013840759,0.377710299972606
"2022-04-28","Central","SZ",1.39668609897015,2.12024871167921
"2022-04-28","Central","UR",0.233753937662351,0.4197536403007
"2022-04-28","Central","ZG",1.3117707925084,2.50438277181512
"2022-04-28","Eastern","AI",0.0990871804938179,0.134593070088322
"2022-04-28","Eastern","AR",0.244130697419099,0.380055482254448
"2022-04-28","Eastern","GL",0.262813691086067,0.498436205263949
"2022-04-28","Eastern","GR",1.58562939884485,2.58568242425231
"2022-04-28","Eastern","SG",4.17733605177798,7.49027429116016
"2022-04-28","Eastern","SH",0.598609678461863,1.12827059460907
"2022-04-28","Eastern","TG",1.95291038654472,3.36339924994953
"2022-04-28","Espace Mittelland","BE",8.27720387939724,17.6239428835953
"2022-04-28","Espace Mittelland","FR",2.38629441917173,3.9677425275355
"2022-04-28","Espace Mittelland","JU",0.491240410246009,0.805791036781295
"2022-04-28","Espace Mittelland","NE",1.40968997653234,2.48694685137186
"2022-04-28","Espace Mittelland","SO",1.82857613025865,3.55845723713056
"2022-04-28","Lake Geneva","GE",6.2500530846076,10.3745426044847
"2022-04-28","Lake Geneva","VD",7.34462202613954,12.5974015380317
"2022-04-28","Lake Geneva","VS",3.15195050546771,5.05896603972127
"2022-04-28","Northwestern","AG",5.1800082312421,9.56110423417563
"2022-04-28","Northwestern","BL",1.81669423983048,3.49156855987454
"2022-04-28","Northwestern","BS",2.00389778060934,4.87767325289018
"2022-04-28","Ticino","TI",3.40741121624589,4.64026603203995
"2022-04-28","Zurich","ZH",15.0813085410695,32.5585734766002
"2022-04-29","9999","9999",0.0123298206242493,0.0286520096172866
"2022-04-29","Central","LU",4.89285958799296,8.12303166132033
"2022-04-29","Central","NW",0.472292717026016,0.678097560942451
"2022-04-29","Central","OW",0.270092603764494,0.439024920790619
"2022-04-29","Central","SZ",1.73786448942245,2.44198053022872
"2022-04-29","Central","UR",0.325128647080343,0.512915156743147
"2022-04-29","Central","ZG",1.69986793648465,2.99126300641492
"2022-04-29","Eastern","AI",0.129159088398298,0.163482996748694
"2022-04-29","Eastern","AR",0.312929218221888,0.436203904422606
"2022-04-29","Eastern","GL",0.351209067898513,0.583916400029638
"2022-04-29","Eastern","GR",2.01411229959795,2.96434439239726
"2022-04-29","Eastern","SG",5.08724711317459,8.43599453742469
"2022-04-29","Eastern","SH",0.74010951318422,1.28876263424469
"2022-04-29","Eastern","TG",2.40696384604088,3.81279055618887
"2022-04-29","Espace Mittelland","BE",10.2037459627239,19.5717017390376
"2022-04-29","Espace Mittelland","FR",3.09058253352544,4.70905804564065
"2022-04-29","Espace Mittelland","JU",0.615977025986683,0.935013979325689
"2022-04-29","Espace Mittelland","NE",1.72342620845201,2.71874602763508
"2022-04-29","Espace Mittelland","SO",2.20355687371274,3.9128856550298
"2022-04-29","Lake Geneva","GE",6.98428117610357,10.8194474750544
"2022-04-29","Lake Geneva","VD",9.26755258219184,14.3705632719983
"2022-04-29","Lake Geneva","VS",4.14287626143323,6.00101556589248
"2022-04-29","Northwestern","AG",6.43315796854148,10.8470798402013
"2022-04-29","Northwestern","BL",2.38663033157459,3.97671539887472
"2022-04-29","Northwestern","BS",2.35338670867942,5.20994139763347
"2022-04-29","Ticino","TI",3.7958098742927,4.95129158365061
"2022-04-29","Zurich","ZH",18.3451786415946,35.5793381963577
"2022-04-30","9999","9999",0.0128701532621534,0.0277343295939572
"2022-04-30","Central","LU",5.70129918357963,8.47783394885871
"2022-04-30","Central","NW",0.586369013897674,0.717625778243642
"2022-04-30","Central","OW",0.298649355982667,0.430935741325715
"2022-04-30","Central","SZ",2.16907050533049,2.67187637014726
"2022-04-30","Central","UR",0.328278354030557,0.4868802345998
"2022-04-30","Central","ZG",1.91434332802385,2.79464156437933
"2022-04-30","Eastern","AI",0.15421421256776,0.17252384438594
"2022-04-30","Eastern","AR",0.355297562667866,0.424172099672286
"2022-04-30","Eastern","GL",0.382384091629701,0.575895196862758
"2022-04-30","Eastern","GR",2.2802864265798,2.97195773777599
"2022-04-30","Eastern","SG",6.33533954374912,8.74712205348239
"2022-04-30","Eastern","SH",0.832655708247192,1.34005075110411
"2022-04-30","Eastern","TG",2.96536421581982,4.04390996947185
"2022-04-30","Espace Mittelland","BE",11.6116610808602,18.8862967260576
"2022-04-30","Espace Mittelland","FR",3.03833486977782,4.38212604029227
"2022-04-30","Espace Mittelland","JU",0.675547144655095,0.907857448264939
"2022-04-30","Espace Mittelland","NE",2.02108208546014,2.81483052489258
"2022-04-30","Espace Mittelland","SO",2.64414946769305,4.04958599035688
"2022-04-30","Lake Geneva","GE",7.73422934462284,10.1045747368807
"2022-04-30","Lake Geneva","VD",11.1485429441699,15.116263261326
"2022-04-30","Lake Geneva","VS",4.34662538047036,5.74678421128121
"2022-04-30","Northwestern","AG",8.36132151187234,11.8815091553877
"2022-04-30","Northwestern","BL",2.77983676746027,3.95387536273852
"2022-04-30","Northwestern","BS",2.82657867345612,5.15365702286927
"2022-04-30","Ticino","TI",4.08560265046043,5.22401249132453
"2022-04-30","Zurich","ZH",22.5468576772956,35.4679250438957
"2022-05-01","9999","9999",0.00958670243179488,0.0250492658219932
"2022-05-01","Central","LU",1.25849722121273,3.05951120963143
"2022-05-01","Central","NW",0.172667778286787,0.234076382247038
"2022-05-01","Central","OW",0.11214934411908,0.191659172279809
"2022-05-01","Central","SZ",0.479540101815852,0.773060449282544
"2022-05-01","Central","UR",0.093076385205354,0.212527895773302
"2022-05-01","Central","ZG",0.488885459846473,1.37635009424914
"2022-05-01","Eastern","AI",0.043297377455716,0.0649513527623188
"2022-05-01","Eastern","AR",0.0992102845437175,0.120318047503197
"2022-05-01","Eastern","GL",0.101592979955135,0.208721223083935
"2022-05-01","Eastern","GR",0.606346045100498,0.99428931120297
"2022-05-01","Eastern","SG",1.13461856660873,2.29892441103636
"2022-05-01","Eastern","SH",0.240720426234497,0.507137171411072
"2022-05-01","Eastern","TG",0.533255181032443,0.969104092784928
"2022-05-01","Espace Mittelland","BE",2.61333130316339,7.04135881900699
"2022-05-01","Espace Mittelland","FR",0.779217691463305,1.67140121582407
"2022-05-01","Espace Mittelland","JU",0.124702342721056,0.243966933609589
"2022-05-01","Espace Mittelland","NE",0.354969779925508,0.689925436798697
"2022-05-01","Espace Mittelland","SO",0.508916254107608,1.13292697102374
"2022-05-01","Lake Geneva","GE",1.60378867555287,3.34314231313826
"2022-05-01","Lake Geneva","VD",2.26626626313423,4.82336019076868
"2022-05-01","Lake Geneva","VS",1.11572576426122,2.07820537135112
"2022-05-01","Northwestern","AG",1.61378625870192,3.45506528783544
"2022-05-01","Northwestern","BL",0.47895366977359,1.15053283221206
"2022-05-01","Northwestern","BS",0.759272470102615,2.32247819830182
"2022-05-01","Ticino","TI",1.31552269740318,1.80262945916018
"2022-05-01","Zurich","ZH",5.00155537714249,13.369714248036
"2022-05-02","9999","9999",0.0105313877792179,0.0248113487789078
"2022-05-02","Central","LU",3.39329321492073,6.68608069738244
"2022-05-02","Central","NW",0.335499466232572,0.560430589062206
"2022-05-02","Central","OW",0.198104914263469,0.366256293755493
"2022-05-02","Central","SZ",1.16029979603363,1.87159141350594
"2022-05-02","Central","UR",0.187299064289782,0.355618003114674
"2022-05-02","Central","ZG",1.25340549657546,2.61909277473131
"2022-05-02","Eastern","AI",0.0767818591654033,0.120725905291343
"2022-05-02","Eastern","AR",0.198656399730426,0.355855920157759
"2022-05-02","Eastern","GL",0.216789239377724,0.429814132408312
"2022-05-02","Eastern","GR",1.41627866693633,2.48086297269868
"2022-05-02","Eastern","SG",3.48164708190594,6.73859238760629
"2022-05-02","Eastern","SH",0.523405748806405,1.09010190326837
"2022-05-02","Eastern","TG",1.67477457628188,3.10043294104212
"2022-05-02","Espace Mittelland","BE",7.21363892544419,16.3620308870703
"2022-05-02","Espace Mittelland","FR",2.20911508657166,3.94102784241191
"2022-05-02","Espace Mittelland","JU",0.417886393453396,0.720922628697826
"2022-05-02","Espace Mittelland","NE",1.24395254193984,2.20379158195121
"2022-05-02","Espace Mittelland","SO",1.48375168497102,3.11015355165961
"2022-05-02","Lake Geneva","GE",5.6633807905137,9.66619559092136
"2022-05-02","Lake Geneva","VD",7.19828652758966,12.6875041210631
"2022-05-02","Lake Geneva","VS",2.83953723090222,4.66633494233231
"2022-05-02","Northwestern","AG",4.4918761332501,8.73492030798701
"2022-05-02","Northwestern","BL",1.65124204432343,3.3463371991454
"2022-05-02","Northwestern","BS",1.7689664362776,4.46971350029672
"2022-05-02","Ticino","TI",2.93615675398352,3.96672288306513
"2022-05-02","Zurich","ZH",14.6583476143129,32.3868313596415
"2022-05-03","9999","9999",0.00905786331680899,0.0240296213516271
"2022-05-03","Central","LU",3.43789257943582,6.84565505699473
"2022-05-03","Central","NW",0.339408838265366,0.566242562543292
"2022-05-03","Central","OW",0.212298584870858,0.37716648958841
"2022-05-03","Central","SZ",1.2060719423968,1.82961604947587
"2022-05-03","Central","UR",0.209050100195912,0.369994990146836
"2022-05-03","Central","ZG",1.26757296508342,2.61402854052849
"2022-05-03","Eastern","AI",0.0867970174186631,0.116885244452964
"2022-05-03","Eastern","AR",0.197526024478494,0.355210145326528
"2022-05-03","Eastern","GL",0.236346802028281,0.453639824865866
"2022-05-03","Eastern","GR",1.38184813318774,2.42451062163645
"2022-05-03","Eastern","SG",3.62044292732205,6.84259612358363
"2022-05-03","Eastern","SH",0.545207027267574,1.13136351616918
"2022-05-03","Eastern","TG",1.70472255385594,3.07732099971382
"2022-05-03","Espace Mittelland","BE",7.2911138890758,16.6460698483653
"2022-05-03","Espace Mittelland","FR",2.1850580936102,3.93392431926836
"2022-05-03","Espace Mittelland","JU",0.426417395246045,0.733090386044194
"2022-05-03","Espace Mittelland","NE",1.22426527282724,2.25151094316434
"2022-05-03","Espace Mittelland","SO",1.51614228874857,3.1675255471922
"2022-05-03","Lake Geneva","GE",5.45657050968707,9.58190498137109
"2022-05-03","Lake Geneva","VD",7.09209899324689,12.8041514484729
"2022-05-03","Lake Geneva","VS",2.93025625343883,4.62011105967571
"2022-05-03","Northwestern","AG",4.58075551856412,8.90594867381641
"2022-05-03","Northwestern","BL",1.67925686225093,3.39065774545731
"2022-05-03","Northwestern","BS",1.86969964981017,4.70124077136784
"2022-05-03","Ticino","TI",2.83368445491079,3.99153423184404
"2022-05-03","Zurich","ZH",14.4076283987948,32.7895229491381
"2022-05-04","9999","9999",0.0112909197170689,0.0265447443785301
"2022-05-04","Central","LU",3.68031441516822,7.12673704932564
"2022-05-04","Central","NW",0.36476404715756,0.588844681636407
"2022-05-04","Central","OW",0.220933482628257,0.388314602464413
"2022-05-04","Central","SZ",1.23755302669943,1.87101361497273
"2022-05-04","Central","UR",0.229154186714265,0.375127200647678
"2022-05-04","Central","ZG",1.37370509163888,2.73455051692576
"2022-05-04","Eastern","AI",0.0966197854547349,0.12160959716566
"2022-05-04","Eastern","AR",0.207472476135638,0.364115040367725
"2022-05-04","Eastern","GL",0.246010579594003,0.460777336158428
"2022-05-04","Eastern","GR",1.4145747864289,2.46403883893764
"2022-05-04","Eastern","SG",3.94184876554688,7.16296841617265
"2022-05-04","Eastern","SH",0.585416285042219,1.13788924077953
"2022-05-04","Eastern","TG",1.83091466861234,3.19056951222248
"2022-05-04","Espace Mittelland","BE",7.84212978981848,17.2977246293762
"2022-05-04","Espace Mittelland","FR",2.34172959396571,4.11443537867217
"2022-05-04","Espace Mittelland","JU",0.454303156771061,0.778022719038326
"2022-05-04","Espace Mittelland","NE",1.33367657783367,2.35735003918834
"2022-05-04","Espace Mittelland","SO",1.61116456458617,3.29576283341524
"2022-05-04","Lake Geneva","GE",5.81148848848101,10.1000883012111
"2022-05-04","Lake Geneva","VD",7.52353738978304,13.3755602096661
"2022-05-04","Lake Geneva","VS",3.11836544857945,4.88538856271595
"2022-05-04","Northwestern","AG",4.92475546120224,9.32519249188193
"2022-05-04","Northwestern","BL",1.7496441873552,3.44303348308512
"2022-05-04","Northwestern","BS",1.91011230573827,4.8342703866016
"2022-05-04","Ticino","TI",2.89520848813937,4.12293241592521
"2022-05-04","Zurich","ZH",14.7676091706596,34.0771639744654
"2022-05-05","9999","9999",0.0114575542612643,0.0250492658219932
"2022-05-05","Central","LU",3.70655158649248,6.97494597583715
"2022-05-05","Central","NW",0.380390006521625,0.573957872369062
"2022-05-05","Central","OW",0.221608592975965,0.36435295741081
"2022-05-05","Central","SZ",1.2772055162942,1.85408751676465
"2022-05-05","Central","UR",0.226994023137037,0.382808522324436
"2022-05-05","Central","ZG",1.42494151333873,2.65066776516364
"2022-05-05","Eastern","AI",0.0925541524185327,0.117429054837159
"2022-05-05","Eastern","AR",0.216839701229964,0.362687538109212
"2022-05-05","Eastern","GL",0.260676244349196,0.482121893738091
"2022-05-05","Eastern","GR",1.44097480158861,2.50078002801983
"2022-05-05","Eastern","SG",4.10069129643911,7.18169588627837
"2022-05-05","Eastern","SH",0.584671414688629,1.1511786070433
"2022-05-05","Eastern","TG",1.8501906575735,3.20834531415586
"2022-05-05","Espace Mittelland","BE",7.98010068615862,16.8907505331041
"2022-05-05","Espace Mittelland","FR",2.29650114801889,3.98718374877048
"2022-05-05","Espace Mittelland","JU",0.490171211080968,0.7824071902609
"2022-05-05","Espace Mittelland","NE",1.37306492003443,2.35955926887413
"2022-05-05","Espace Mittelland","SO",1.7451626415142,3.33994742713111
"2022-05-05","Lake Geneva","GE",5.97624001376842,10.447957006351
"2022-05-05","Lake Geneva","VD",7.12205297408181,12.6144975769849
"2022-05-05","Lake Geneva","VS",3.00781171480711,4.72965486394204
"2022-05-05","Northwestern","AG",4.91564084690276,9.0992052890998
"2022-05-05","Northwestern","BL",1.74649697882666,3.32801758682783
"2022-05-05","Northwestern","BS",1.88332508612692,4.58809422330622
"2022-05-05","Ticino","TI",3.13119905752955,4.29236333875104
"2022-05-05","Zurich","ZH",14.9292427557627,33.1437474381433
"2022-05-06","9999","9999",0.013228911734079,0.0261028984413715
"2022-05-06","Central","LU",4.93530891967828,8.54754364248274
"2022-05-06","Central","NW",0.497162104298712,0.697334853283357
"2022-05-06","Central","OW",0.278553113255252,0.438990932641606
"2022-05-06","Central","SZ",1.63938776576241,2.24478128965992
"2022-05-06","Central","UR",0.29275362123607,0.478281232899713
"2022-05-06","Central","ZG",1.77078737058181,3.0942470979219
"2022-05-06","Eastern","AI",0.129810440243947,0.148018388948142
"2022-05-06","Eastern","AR",0.2841348222428,0.41265011715715
"2022-05-06","Eastern","GL",0.347662096237582,0.585139973394077
"2022-05-06","Eastern","GR",1.86569949656842,2.94310179926463
"2022-05-06","Eastern","SG",5.13823807081872,8.31995899669703
"2022-05-06","Eastern","SH",0.72459034764077,1.30341152646895
"2022-05-06","Eastern","TG",2.29169108713952,3.68700041669471
"2022-05-06","Espace Mittelland","BE",10.4058155549909,19.756529293366
"2022-05-06","Espace Mittelland","FR",3.07970847820638,4.95676367564158
"2022-05-06","Espace Mittelland","JU",0.603506498796174,0.924443664982894
"2022-05-06","Espace Mittelland","NE",1.72307234500688,2.73084580868343
"2022-05-06","Espace Mittelland","SO",2.15739272185564,3.81646127628219
"2022-05-06","Lake Geneva","GE",7.17877596111237,11.2770639133547
"2022-05-06","Lake Geneva","VD",9.38665742261089,15.4509445646492
"2022-05-06","Lake Geneva","VS",4.00272945519366,5.85479854884199
"2022-05-06","Northwestern","AG",6.39943614460453,10.8318191612948
"2022-05-06","Northwestern","BL",2.30284359507889,3.93983825719648
"2022-05-06","Northwestern","BS",2.35764147380297,5.21249050880939
"2022-05-06","Ticino","TI",3.59402902595033,4.78196262527182
"2022-05-06","Zurich","ZH",18.6451773058397,37.4374703028548
"2022-05-07","9999","9999",0.0154192717526092,0.0292977844485185
"2022-05-07","Central","LU",5.85454966327169,8.94812796674056
"2022-05-07","Central","NW",0.608000337028469,0.753653216196577
"2022-05-07","Central","OW",0.318158649752989,0.475426228382688
"2022-05-07","Central","SZ",1.92472844848637,2.57439835878026
"2022-05-07","Central","UR",0.294844999896754,0.472945093504797
"2022-05-07","Central","ZG",2.00346762131855,3.16480649527123
"2022-05-07","Eastern","AI",0.167367466767673,0.192338935260054
"2022-05-07","Eastern","AR",0.311242090454166,0.43518425995224
"2022-05-07","Eastern","GL",0.389229214865466,0.615083532673827
"2022-05-07","Eastern","GR",2.05882152809446,3.03860849798892
"2022-05-07","Eastern","SG",6.15163422799634,9.04060972020276
"2022-05-07","Eastern","SH",0.873427490753226,1.48229115472017
"2022-05-07","Eastern","TG",2.84560821544017,4.24790683984308
"2022-05-07","Espace Mittelland","BE",11.4270306089589,19.5272792282787
"2022-05-07","Espace Mittelland","FR",3.19884673403636,4.807521713329
"2022-05-07","Espace Mittelland","JU",0.682462576139743,0.976071663332429
"2022-05-07","Espace Mittelland","NE",2.04908634187783,2.9937101531438
"2022-05-07","Espace Mittelland","SO",2.54160047334048,4.16038735613666
"2022-05-07","Lake Geneva","GE",7.9003471541256,10.4270542947085
"2022-05-07","Lake Geneva","VD",11.3397878504002,16.3130539643437
"2022-05-07","Lake Geneva","VS",4.24678374320248,5.84093138404501
"2022-05-07","Northwestern","AG",8.16917003493134,12.3023844046058
"2022-05-07","Northwestern","BL",2.77819762661924,4.17945470773251
"2022-05-07","Northwestern","BS",2.85233784345569,5.31547460031636
"2022-05-07","Ticino","TI",4.12987906851963,5.22455630170872
"2022-05-07","Zurich","ZH",23.3315986507066,38.5733542428426
"2022-05-08","9999","9999",0.0123737740488604,0.0276323651469206
"2022-05-08","Central","LU",1.51168965489384,3.1755807385081
"2022-05-08","Central","NW",0.246773780843941,0.256236655402994
"2022-05-08","Central","OW",0.116042907173332,0.187750535143406
"2022-05-08","Central","SZ",0.567593116538131,0.804363534522783
"2022-05-08","Central","UR",0.0981542784548994,0.194616141243871
"2022-05-08","Central","ZG",0.457989597535479,1.03606074633897
"2022-05-08","Eastern","AI",0.0514288432452137,0.0681462387694659
"2022-05-08","Eastern","AR",0.123722189967477,0.142546296957177
"2022-05-08","Eastern","GL",0.106555926227435,0.214737125459095
"2022-05-08","Eastern","GR",0.681700839481823,1.04731082366201
"2022-05-08","Eastern","SG",1.31576215819805,2.50635408445783
"2022-05-08","Eastern","SH",0.267731841989146,0.542212941191665
"2022-05-08","Eastern","TG",0.613494327135824,1.04873832592052
"2022-05-08","Espace Mittelland","BE",3.13744578527757,7.19858799633744
"2022-05-08","Espace Mittelland","FR",0.968369076969115,1.76816547606181
"2022-05-08","Espace Mittelland","JU",0.185162580894185,0.279722466370426
"2022-05-08","Espace Mittelland","NE",0.440927883735767,0.743116890002794
"2022-05-08","Espace Mittelland","SO",0.670929936083442,1.27187052418563
"2022-05-08","Lake Geneva","GE",1.9604566890829,3.65630911813669
"2022-05-08","Lake Geneva","VD",2.77191801995524,5.21983194899602
"2022-05-08","Lake Geneva","VS",1.26487804919883,2.03351095540007
"2022-05-08","Northwestern","AG",1.89664642379896,3.63428479757678
"2022-05-08","Northwestern","BL",0.602590658862657,1.20878851961898
"2022-05-08","Northwestern","BS",0.762362109200004,2.13778659656951
"2022-05-08","Ticino","TI",1.44172818928882,1.77197214875117
"2022-05-08","Zurich","ZH",6.12832037059097,14.1792779693576
"2022-05-09","9999","9999",0.00862630992238731,0.0240975976496515
"2022-05-09","Central","LU",3.1096857672009,6.68941153598563
"2022-05-09","Central","NW",0.333604362482342,0.552341409597302
"2022-05-09","Central","OW",0.180941121532954,0.356467706839979
"2022-05-09","Central","SZ",1.10717669786168,1.79216110926442
"2022-05-09","Central","UR",0.18713720729174,0.357453363161333
"2022-05-09","Central","ZG",1.14623088595321,2.51318570240928
"2022-05-09","Eastern","AI",0.076697363170853,0.113792322892854
"2022-05-09","Eastern","AR",0.174818790121916,0.348854361461246
"2022-05-09","Eastern","GL",0.218119441371553,0.449391306239341
"2022-05-09","Eastern","GR",1.33226495000609,2.51814797216507
"2022-05-09","Eastern","SG",3.29166953727355,6.72292385091166
"2022-05-09","Eastern","SH",0.530866114254147,1.13551007034867
"2022-05-09","Eastern","TG",1.59842026442097,3.10070484623422
"2022-05-09","Espace Mittelland","BE",6.90990865695945,16.3235223142395
"2022-05-09","Espace Mittelland","FR",2.00488143037006,3.90500040445897
"2022-05-09","Espace Mittelland","JU",0.391352469940649,0.710590231398116
"2022-05-09","Espace Mittelland","NE",1.07417700394183,2.17367808192639
"2022-05-09","Espace Mittelland","SO",1.38879951766521,3.10226830108878
"2022-05-09","Lake Geneva","GE",5.82166392165965,9.97035553643156
"2022-05-09","Lake Geneva","VD",6.48552413892984,12.6414841673005
"2022-05-09","Lake Geneva","VS",2.65857214331807,4.51461184514184
"2022-05-09","Northwestern","AG",4.11608564271528,8.70032037229259
"2022-05-09","Northwestern","BL",1.55715300730259,3.32193370815464
"2022-05-09","Northwestern","BS",1.67340898520232,4.4540789517511
"2022-05-09","Ticino","TI",2.55399847189795,3.91699822106028
"2022-05-09","Zurich","ZH",13.4327419147599,32.755806705318
"2022-05-10","9999","9999",0.0101040911000984,0.0248793250769322
"2022-05-10","Central","LU",3.24993422552494,6.96573518745484
"2022-05-10","Central","NW",0.355393172331255,0.586023665268394
"2022-05-10","Central","OW",0.21646429966693,0.380735245234692
"2022-05-10","Central","SZ",1.14352753887447,1.83651564372535
"2022-05-10","Central","UR",0.195393300463476,0.365848435967347
"2022-05-10","Central","ZG",1.23942520997619,2.68203882670191
"2022-05-10","Eastern","AI",0.100231293148951,0.13595259604881
"2022-05-10","Eastern","AR",0.207613852341564,0.376248809565081
"2022-05-10","Eastern","GL",0.24542989627121,0.467540977811857
"2022-05-10","Eastern","GR",1.32795498072834,2.53361257996562
"2022-05-10","Eastern","SG",3.55131728950054,7.04373798943784
"2022-05-10","Eastern","SH",0.552760875979065,1.16711904893002
"2022-05-10","Eastern","TG",1.69969425701789,3.19366243378259
"2022-05-10","Espace Mittelland","BE",7.4213287799298,17.503318942751
"2022-05-10","Espace Mittelland","FR",2.12928138183176,4.03670448188126
"2022-05-10","Espace Mittelland","JU",0.428023997864954,0.765990914288006
"2022-05-10","Espace Mittelland","NE",1.18082384060693,2.30494031341152
"2022-05-10","Espace Mittelland","SO",1.549647548868,3.31646161616368
"2022-05-10","Lake Geneva","GE",6.11630051872756,10.4329682326366
"2022-05-10","Lake Geneva","VD",6.93703778440248,13.1234361202936
"2022-05-10","Lake Geneva","VS",2.88685187461336,4.8228503685335
"2022-05-10","Northwestern","AG",4.45315969417549,9.07745287373199
"2022-05-10","Northwestern","BL",1.65679157536283,3.45295802259668
"2022-05-10","Northwestern","BS",1.80193143033149,4.69199599483652
"2022-05-10","Ticino","TI",2.73684827011143,4.08119496893823
"2022-05-10","Zurich","ZH",14.1287777540628,34.2860551382944
"2022-05-11","9999","9999",0.0113290539338243,0.0297396303856771
"2022-05-11","Central","LU",3.52630090261514,7.40727523127236
"2022-05-11","Central","NW",0.389749834251456,0.633233204246343
"2022-05-11","Central","OW",0.220146898814318,0.413873690521589
"2022-05-11","Central","SZ",1.18233571075125,1.91183338193639
"2022-05-11","Central","UR",0.208032784398893,0.38658120686479
"2022-05-11","Central","ZG",1.3251533375955,2.78481898931481
"2022-05-11","Eastern","AI",0.10200113512147,0.143531953278531
"2022-05-11","Eastern","AR",0.215674058288969,0.391475500322548
"2022-05-11","Eastern","GL",0.246449718321949,0.495581200746924
"2022-05-11","Eastern","GR",1.39782937751272,2.65342080523363
"2022-05-11","Eastern","SG",3.78242310773448,7.41237345362419
"2022-05-11","Eastern","SH",0.57294055345922,1.19475141407694
"2022-05-11","Eastern","TG",1.80109720028472,3.38250058969439
"2022-05-11","Espace Mittelland","BE",7.77697912522088,17.7503448097717
"2022-05-11","Espace Mittelland","FR",2.22869589472547,4.19886194081848
"2022-05-11","Espace Mittelland","JU",0.443956053044656,0.804091629330685
"2022-05-11","Espace Mittelland","NE",1.23495538870337,2.38644389474278
"2022-05-11","Espace Mittelland","SO",1.61601991033744,3.47131162306327
"2022-05-11","Lake Geneva","GE",6.26025001674393,10.840622091889
"2022-05-11","Lake Geneva","VD",7.23237673166321,13.7259440378329
"2022-05-11","Lake Geneva","VS",2.91139015052548,4.89799816599948
"2022-05-11","Northwestern","AG",4.77801154119656,9.62891059145497
"2022-05-11","Northwestern","BL",1.68225544993389,3.53599107063349
"2022-05-11","Northwestern","BS",1.85526033501007,4.83280889619407
"2022-05-11","Ticino","TI",2.65158379943028,4.25059190361505
"2022-05-11","Zurich","ZH",15.0614875594049,35.8088941547861
"2022-05-12","9999","9999",0.0118714072387899,0.0279722466370426
"2022-05-12","Central","LU",3.63526149705027,7.4711729514153
"2022-05-12","Central","NW",0.389793544882738,0.628372898937598
"2022-05-12","Central","OW",0.23146235240569,0.406736179229026
"2022-05-12","Central","SZ",1.21525333269382,1.92957519572076
"2022-05-12","Central","UR",0.222996869567707,0.411562496388759
"2022-05-12","Central","ZG",1.37724560969648,2.81472856044554
"2022-05-12","Eastern","AI",0.102916238842956,0.139827245036201
"2022-05-12","Eastern","AR",0.203941329117334,0.385323645351339
"2022-05-12","Eastern","GL",0.255506919831135,0.503058593529608
"2022-05-12","Eastern","GR",1.41265907265785,2.69621188483999
"2022-05-12","Eastern","SG",3.90824813464137,7.47848040345292
"2022-05-12","Eastern","SH",0.5824100493694,1.20236475945567
"2022-05-12","Eastern","TG",1.83996019254561,3.40615634140688
"2022-05-12","Espace Mittelland","BE",8.07580115033678,17.9157311428651
"2022-05-12","Espace Mittelland","FR",2.16837846602211,4.15484728784767
"2022-05-12","Espace Mittelland","JU",0.485907858122402,0.82886898996058
"2022-05-12","Espace Mittelland","NE",1.26586084135086,2.43436718484999
"2022-05-12","Espace Mittelland","SO",1.72545736261901,3.60294772418753
"2022-05-12","Lake Geneva","GE",6.37635812175817,11.0125681377417
"2022-05-12","Lake Geneva","VD",7.02137095078146,13.4150204506693
"2022-05-12","Lake Geneva","VS",2.84959219551338,4.83913069191034
"2022-05-12","Northwestern","AG",4.82176270721642,9.4961188932643
"2022-05-12","Northwestern","BL",1.75588773529381,3.51937086576652
"2022-05-12","Northwestern","BS",1.95509552650667,4.95333087259134
"2022-05-12","Ticino","TI",2.81462647086304,4.46927165435956
"2022-05-12","Zurich","ZH",15.039563392275,36.0489184631103
"2022-05-13","9999","9999",0.0119137981708475,0.028210163680128
"2022-05-13","Central","LU",4.7947586222539,8.556618478269
"2022-05-13","Central","NW",0.529223738779409,0.722893941340533
"2022-05-13","Central","OW",0.306227887377275,0.463768293271502
"2022-05-13","Central","SZ",1.66470858807036,2.2915149945517
"2022-05-13","Central","UR",0.323793894669604,0.490007144308922
"2022-05-13","Central","ZG",1.78645769063671,3.14723462223192
"2022-05-13","Eastern","AI",0.139221548274498,0.161375731509937
"2022-05-13","Eastern","AR",0.280415369417667,0.415369169078126
"2022-05-13","Eastern","GL",0.33440263170425,0.579260023614966
"2022-05-13","Eastern","GR",1.83452690077053,3.03537962383276
"2022-05-13","Eastern","SG",5.00609535393936,8.36013298882946
"2022-05-13","Eastern","SH",0.711610248160746,1.32737317152255
"2022-05-13","Eastern","TG",2.29666724998417,3.77635526044779
"2022-05-13","Espace Mittelland","BE",10.381933494623,19.8961186213591
"2022-05-13","Espace Mittelland","FR",2.94537493530194,4.99520427217438
"2022-05-13","Espace Mittelland","JU",0.581504089557969,0.932464868149773
"2022-05-13","Espace Mittelland","NE",1.59203881378745,2.67150250050812
"2022-05-13","Espace Mittelland","SO",2.0913214241143,3.91325952466894
"2022-05-13","Lake Geneva","GE",6.91063016432914,11.2911010188967
"2022-05-13","Lake Geneva","VD",9.13666793027541,15.6391709338788
"2022-05-13","Lake Geneva","VS",3.77513694258436,5.82315558211163
"2022-05-13","Northwestern","AG",6.1469344540287,10.7101755759802
"2022-05-13","Northwestern","BL",2.22331018652688,3.91054047274796
"2022-05-13","Northwestern","BS",2.24360589963824,5.13261835863071
"2022-05-13","Ticino","TI",3.29147458597834,4.83998039563565
"2022-05-13","Zurich","ZH",18.3311545425475,38.0193134257947
"2022-05-14","9999","9999",0.013864987180101,0.0300455237267869
"2022-05-14","Central","LU",5.59369061904181,8.81244727588384
"2022-05-14","Central","NW",0.596202139810447,0.797090070634171
"2022-05-14","Central","OW",0.317692177195412,0.513560931574379
"2022-05-14","Central","SZ",1.97705816463116,2.67065279678282
"2022-05-14","Central","UR",0.29731905217228,0.492726196229899
"2022-05-14","Central","ZG",1.89422193660676,2.98246007582076
"2022-05-14","Eastern","AI",0.193450013985483,0.234926085972343
"2022-05-14","Eastern","AR",0.320293735128933,0.447250052851572
"2022-05-14","Eastern","GL",0.371997255949794,0.609781381427924
"2022-05-14","Eastern","GR",2.061314764959,3.10002508325397
"2022-05-14","Eastern","SG",5.74941996379975,8.67115854044012
"2022-05-14","Eastern","SH",0.830868342078743,1.4648212461279
"2022-05-14","Eastern","TG",2.79878727238365,4.24936833025061
"2022-05-14","Espace Mittelland","BE",11.0495221324074,19.1886213115211
"2022-05-14","Espace Mittelland","FR",2.96068788707253,4.65104027527682
"2022-05-14","Espace Mittelland","JU",0.623871364930094,0.955270916136961
"2022-05-14","Espace Mittelland","NE",1.81653465020885,2.82414327772192
"2022-05-14","Espace Mittelland","SO",2.46675283897946,4.21850709094753
"2022-05-14","Lake Geneva","GE",6.99411585276084,10.0603221668669
"2022-05-14","Lake Geneva","VD",10.7100600284185,15.9430589741969
"2022-05-14","Lake Geneva","VS",3.92735049112802,5.57677548992217
"2022-05-14","Northwestern","AG",7.65483428519218,11.7262512907
"2022-05-14","Northwestern","BL",2.55405413422666,3.90194147104787
"2022-05-14","Northwestern","BS",2.6486104152613,5.18934457933208
"2022-05-14","Ticino","TI",3.84610011472494,5.09594514584655
"2022-05-14","Zurich","ZH",22.3325156850267,38.7551568519089
"2022-05-15","9999","9999",0.0133520353640858,0.033070468988873
"2022-05-15","Central","LU",1.32614161217755,3.3265560964203
"2022-05-15","Central","NW",0.241556770932839,0.350689721507905
"2022-05-15","Central","OW",0.138785824317245,0.254571236101396
"2022-05-15","Central","SZ",0.541942514316886,1.00574331742008
"2022-05-15","Central","UR",0.104766417995259,0.245462412166126
"2022-05-15","Central","ZG",0.384522877645903,1.02076607928348
"2022-05-15","Eastern","AI",0.0627035114733182,0.112364820634341
"2022-05-15","Eastern","AR",0.0971679657995991,0.155597746177863
"2022-05-15","Eastern","GL",0.109347634413882,0.261912676288032
"2022-05-15","Eastern","GR",0.690069259812464,1.19502331926904
"2022-05-15","Eastern","SG",1.17817868952277,2.81602011010801
"2022-05-15","Eastern","SH",0.255829611745624,0.586125629715431
"2022-05-15","Eastern","TG",0.556730754459084,1.17615989656726
"2022-05-15","Espace Mittelland","BE",3.00196354014087,8.16725024318521
"2022-05-15","Espace Mittelland","FR",0.828230165428762,1.88138000042145
"2022-05-15","Espace Mittelland","JU",0.152863361392893,0.306403163345005
"2022-05-15","Espace Mittelland","NE",0.383144101322168,0.780163972426094
"2022-05-15","Espace Mittelland","SO",0.550525050951649,1.4520077139503
"2022-05-15","Lake Geneva","GE",1.66862804385836,3.66198513902173
"2022-05-15","Lake Geneva","VD",2.34360305386546,5.18730529039135
"2022-05-15","Lake Geneva","VS",1.00778808944978,1.97311401460539
"2022-05-15","Northwestern","AG",1.48421339956255,3.61331410963625
"2022-05-15","Northwestern","BL",0.48592049512358,1.2508998362451
"2022-05-15","Northwestern","BS",0.707214024594815,2.17595528791021
"2022-05-15","Ticino","TI",1.33824916725706,1.90523968102802
"2022-05-15","Zurich","ZH",5.46967036501866,15.0866255953874
"2022-05-16","9999","9999",0.00874428006818279,0.0243015265437247
"2022-05-16","Central","LU",3.22085970478438,6.85914835215257
"2022-05-16","Central","NW",0.358918308256653,0.600434640449568
"2022-05-16","Central","OW",0.203095076884757,0.376350774012117
"2022-05-16","Central","SZ",1.20631397210172,2.00441709984563
"2022-05-16","Central","UR",0.221647052222499,0.408061717040502
"2022-05-16","Central","ZG",1.2407100135335,2.61858295249612
"2022-05-16","Eastern","AI",0.0841479150688728,0.118278758562464
"2022-05-16","Eastern","AR",0.196289900983672,0.351607401531234
"2022-05-16","Eastern","GL",0.232272487172553,0.455679113806598
"2022-05-16","Eastern","GR",1.38953296890029,2.62204974369537
"2022-05-16","Eastern","SG",3.44605425341468,6.79610033573494
"2022-05-16","Eastern","SH",0.532515111721135,1.14652223062862
"2022-05-16","Eastern","TG",1.64187750170379,3.17010864651713
"2022-05-16","Espace Mittelland","BE",7.23158859710478,16.7700246278128
"2022-05-16","Espace Mittelland","FR",2.05832231759766,4.01743320139134
"2022-05-16","Espace Mittelland","JU",0.395527622348385,0.739888015846635
"2022-05-16","Espace Mittelland","NE",1.09204493257095,2.21228861920426
"2022-05-16","Espace Mittelland","SO",1.4440467950934,3.231015409547
"2022-05-16","Lake Geneva","GE",5.15962883275263,9.96515534963269
"2022-05-16","Lake Geneva","VD",6.52265445226164,12.7865795754336
"2022-05-16","Lake Geneva","VS",2.69458683305069,4.72900908911081
"2022-05-16","Northwestern","AG",4.33112069637419,8.92940049663483
"2022-05-16","Northwestern","BL",1.63805681189247,3.40877342888082
"2022-05-16","Northwestern","BS",1.68743474855855,4.48993644895898
"2022-05-16","Ticino","TI",2.47586824431527,4.00710080409163
"2022-05-16","Zurich","ZH",13.6824272771225,34.0027639162777
"2022-05-17","9999","9999",0.00948197235447856,0.0257290288022372
"2022-05-17","Central","LU",3.36335172619419,7.03418731956541
"2022-05-17","Central","NW",0.354262757919109,0.600706545641666
"2022-05-17","Central","OW",0.217323623579065,0.380939174128765
"2022-05-17","Central","SZ",1.26152840585812,2.02735910042886
"2022-05-17","Central","UR",0.236036253696269,0.41343184458443
"2022-05-17","Central","ZG",1.25241336079629,2.69339086847198
"2022-05-17","Eastern","AI",0.0879604713036749,0.131568124826236
"2022-05-17","Eastern","AR",0.205776169213667,0.372000290938556
"2022-05-17","Eastern","GL",0.244728810953309,0.477805398813542
"2022-05-17","Eastern","GR",1.43690011862686,2.65546009417436
"2022-05-17","Eastern","SG",3.55362569406928,7.05101145332645
"2022-05-17","Eastern","SH",0.55588413020447,1.14417704834678
"2022-05-17","Eastern","TG",1.67796210025111,3.17677032372352
"2022-05-17","Espace Mittelland","BE",7.34580181374997,17.1761830085086
"2022-05-17","Espace Mittelland","FR",2.09036085929995,4.04509955468727
"2022-05-17","Espace Mittelland","JU",0.415112052822023,0.757187983693846
"2022-05-17","Espace Mittelland","NE",1.17920444826201,2.29131106565763
"2022-05-17","Espace Mittelland","SO",1.47574088355007,3.32390502079735
"2022-05-17","Lake Geneva","GE",5.38455833722002,10.2429404915094
"2022-05-17","Lake Geneva","VD",6.56691299759901,12.9314370665236
"2022-05-17","Lake Geneva","VS",2.72203185811101,4.74576524657382
"2022-05-17","Northwestern","AG",4.48289616743172,9.17992714300378
"2022-05-17","Northwestern","BL",1.64031762113665,3.43412858804392
"2022-05-17","Northwestern","BS",1.81955723527116,4.72306116303367
"2022-05-17","Ticino","TI",2.53541846176274,4.10838548814799
"2022-05-17","Zurich","ZH",17.2808699960104,35.0851165215713
"2022-05-18","9999","9999",0.0113585337432035,0.0289579029583965
"2022-05-18","Central","LU",3.48701548128978,7.30388328197724
"2022-05-18","Central","NW",0.381319102187706,0.646828463851224
"2022-05-18","Central","OW",0.215991075888395,0.399156821999305
"2022-05-18","Central","SZ",1.30750892763798,2.11732573086416
"2022-05-18","Central","UR",0.239898140053115,0.421962869986493
"2022-05-18","Central","ZG",1.34958566554764,2.8424628900395
"2022-05-18","Eastern","AI",0.111608843092254,0.149513867504678
"2022-05-18","Eastern","AR",0.211392918761035,0.389980021766011
"2022-05-18","Eastern","GL",0.247014330292763,0.497756442283705
"2022-05-18","Eastern","GR",1.42758561101312,2.73268116873009
"2022-05-18","Eastern","SG",3.78022389359148,7.41801548636022
"2022-05-18","Eastern","SH",0.555198423102753,1.18727402129425
"2022-05-18","Eastern","TG",1.74788165659471,3.3181950117633
"2022-05-18","Espace Mittelland","BE",7.80463684506955,17.7493251653014
"2022-05-18","Espace Mittelland","FR",2.20574997494627,4.23352985281092
"2022-05-18","Espace Mittelland","JU",0.45065964734966,0.816123434081005
"2022-05-18","Espace Mittelland","NE",1.24223507675404,2.39711617353261
"2022-05-18","Espace Mittelland","SO",1.61183903662239,3.49442356439157
"2022-05-18","Lake Geneva","GE",5.78340653036596,10.4586972614389
"2022-05-18","Lake Geneva","VD",7.26016604158023,13.7155776523842
"2022-05-18","Lake Geneva","VS",2.92439695335568,5.02779890707708
"2022-05-18","Northwestern","AG",4.76231463527212,9.5504319553858
"2022-05-18","Northwestern","BL",1.71294974678947,3.53106278902672
"2022-05-18","Northwestern","BS",1.8593881544667,4.82767668569323
"2022-05-18","Ticino","TI",2.64287494369202,4.26598853511758
"2022-05-18","Zurich","ZH",15.1413037242848,36.4470216524902
"2022-05-19","9999","9999",0.0113034940619037,0.0280062347860548
"2022-05-19","Central","LU",3.61747500600297,7.38450317143418
"2022-05-19","Central","NW",0.382866557218828,0.601590237515983
"2022-05-19","Central","OW",0.217550666669951,0.383454297155668
"2022-05-19","Central","SZ",1.30130564031577,2.04292567267645
"2022-05-19","Central","UR",0.239572859648456,0.428658535341897
"2022-05-19","Central","ZG",1.37688568425017,2.73227331094194
"2022-05-19","Eastern","AI",0.10032859061758,0.12963080033254
"2022-05-19","Eastern","AR",0.214532741673141,0.365474566328213
"2022-05-19","Eastern","GL",0.248585116979608,0.488477677603373
"2022-05-19","Eastern","GR",1.48842611444791,2.75715263601887
"2022-05-19","Eastern","SG",3.8185323302246,7.27264817303503
"2022-05-19","Eastern","SH",0.597849884150576,1.21629990055068
"2022-05-19","Eastern","TG",1.79905895028688,3.27163124761658
"2022-05-19","Espace Mittelland","BE",7.92416895475557,17.8531249723846
"2022-05-19","Espace Mittelland","FR",2.15577810314085,4.18822365017766
"2022-05-19","Espace Mittelland","JU",0.46535664027635,0.817992782276676
"2022-05-19","Espace Mittelland","NE",1.31568708415108,2.46964688352465
"2022-05-19","Espace Mittelland","SO",1.71321074178621,3.61198857182478
"2022-05-19","Lake Geneva","GE",6.38993924829235,10.7590165461107
"2022-05-19","Lake Geneva","VD",7.01925592326731,13.4039063259423
"2022-05-19","Lake Geneva","VS",2.84628072946567,4.86955008527627
"2022-05-19","Northwestern","AG",4.76156254769102,9.45985353826828
"2022-05-19","Northwestern","BL",1.70543234840551,3.49608898369317
"2022-05-19","Northwestern","BS",1.92782522257481,4.88725791091162
"2022-05-19","Ticino","TI",2.85420493198856,4.48990246080997
"2022-05-19","Zurich","ZH",18.0374932032063,36.3150796580248
"2022-05-20","9999","9999",0.013034254140479,0.0307592748560432
"2022-05-20","Central","LU",4.58906750510983,8.51994526548483
"2022-05-20","Central","NW",0.514196167071055,0.744170522622172
"2022-05-20","Central","OW",0.290412615788873,0.475426228382688
"2022-05-20","Central","SZ",1.66916338356893,2.46733568939182
"2022-05-20","Central","UR",0.326944181190991,0.541839071552531
"2022-05-20","Central","ZG",1.77257601728927,3.20916102973215
"2022-05-20","Eastern","AI",0.142453056996513,0.175038967412842
"2022-05-20","Eastern","AR",0.280410952145486,0.437733371128155
"2022-05-20","Eastern","GL",0.33114375390841,0.587689084569992
"2022-05-20","Eastern","GR",1.96795556076943,3.2889652036128
"2022-05-20","Eastern","SG",4.83845125158532,8.45679528462016
"2022-05-20","Eastern","SH",0.713802930379988,1.3494994565295
"2022-05-20","Eastern","TG",2.2332345674872,3.79722398394128
"2022-05-20","Espace Mittelland","BE",10.03789904792,19.9864591214335
"2022-05-20","Espace Mittelland","FR",2.87209975193688,4.95203932292888
"2022-05-20","Espace Mittelland","JU",0.574550868466452,0.920908897485625
"2022-05-20","Espace Mittelland","NE",1.62400503440583,2.80510991427509
"2022-05-20","Espace Mittelland","SO",2.06401753638259,3.96080894513701
"2022-05-20","Lake Geneva","GE",7.00441434691314,11.4121668056782
"2022-05-20","Lake Geneva","VD",8.95359224419736,15.2931375887855
"2022-05-20","Lake Geneva","VS",3.75843861990993,5.89459867133528
"2022-05-20","Northwestern","AG",5.96961018164321,10.8136355015733
"2022-05-20","Northwestern","BL",2.22322951256925,3.98497451908469
"2022-05-20","Northwestern","BS",2.24297163339412,5.35252168273966
"2022-05-20","Ticino","TI",3.38711271101124,4.87339074611464
"2022-05-20","Zurich","ZH",21.4115195691599,39.8817620272163
"2022-05-21","9999","9999",0.0150318205916132,0.0305893341109822
"2022-05-21","Central","LU",5.5140040744715,8.90669641309468
"2022-05-21","Central","NW",0.605758199374496,0.781931356174729
"2022-05-21","Central","OW",0.323951240410951,0.516721829432514
"2022-05-21","Central","SZ",1.98073941666718,2.69322092772692
"2022-05-21","Central","UR",0.318658056050853,0.521514158443234
"2022-05-21","Central","ZG",1.88654762324382,2.91421187260426
"2022-05-21","Eastern","AI",0.169545412998247,0.196689418333615
"2022-05-21","Eastern","AR",0.300809472567637,0.419005901022431
"2022-05-21","Eastern","GL",0.36968432446028,0.584834080052967
"2022-05-21","Eastern","GR",2.25650606920471,3.35792715795856
"2022-05-21","Eastern","SG",5.5840575509162,8.36815419199634
"2022-05-21","Eastern","SH",0.825233821626093,1.42138439169031
"2022-05-21","Eastern","TG",2.70219771861441,3.99391340227489
"2022-05-21","Espace Mittelland","BE",10.7927631626223,18.8113868456347
"2022-05-21","Espace Mittelland","FR",2.90496516548165,4.59747495243359
"2022-05-21","Espace Mittelland","JU",0.609922508318873,0.875194837064213
"2022-05-21","Espace Mittelland","NE",1.78055233814146,2.78872762645121
"2022-05-21","Espace Mittelland","SO",2.45990596919813,4.04003532048445
"2022-05-21","Lake Geneva","GE",6.9439501613904,10.0646386617914
"2022-05-21","Lake Geneva","VD",10.4442489009598,15.4860543225788
"2022-05-21","Lake Geneva","VS",3.79153203597083,5.54917711292427
"2022-05-21","Northwestern","AG",7.49211651431,11.5221184677327
"2022-05-21","Northwestern","BL",2.51443917578134,3.83556261602704
"2022-05-21","Northwestern","BS",2.64851669703626,5.17785658496595
"2022-05-21","Ticino","TI",3.80394292215485,5.10631153129527
"2022-05-21","Zurich","ZH",22.0481007419384,37.7168188995861
"2022-05-22","9999","9999",0.0110356303635567,0.0279382584880304
"2022-05-22","Central","LU",1.24812915502357,3.12891500991434
"2022-05-22","Central","NW",0.198119826473101,0.284106937593
"2022-05-22","Central","OW",0.133848253863859,0.229895839918537
"2022-05-22","Central","SZ",0.496225196169863,0.869824709520284
"2022-05-22","Central","UR",0.111664983175578,0.249574978196602
"2022-05-22","Central","ZG",0.359239163557088,0.896335465749802
"2022-05-22","Eastern","AI",0.0555025432855765,0.0895587726471534
"2022-05-22","Eastern","AR",0.0939470734116998,0.131466160379199
"2022-05-22","Eastern","GL",0.0983791011616302,0.226802918358427
"2022-05-22","Eastern","GR",0.803964178319216,1.38056462472665
"2022-05-22","Eastern","SG",1.04526741819217,2.39990320175161
"2022-05-22","Eastern","SH",0.218341033360598,0.514648552342769
"2022-05-22","Eastern","TG",0.491652422693459,0.979232561190564
"2022-05-22","Espace Mittelland","BE",2.75264076611916,7.34286768889424
"2022-05-22","Espace Mittelland","FR",0.765217961817593,1.68846326662819
"2022-05-22","Espace Mittelland","JU",0.12254766157384,0.239548474238003
"2022-05-22","Espace Mittelland","NE",0.343178737278653,0.69152287980227
"2022-05-22","Espace Mittelland","SO",0.484042496554988,1.21966472730288
"2022-05-22","Lake Geneva","GE",1.89573939491368,3.49411767105046
"2022-05-22","Lake Geneva","VD",2.24003192309347,4.86635519926912
"2022-05-22","Lake Geneva","VS",0.976707042401039,1.96053839947087
"2022-05-22","Northwestern","AG",1.35192242211158,3.18863218772878
"2022-05-22","Northwestern","BL",0.429865416877301,1.10291543544597
"2022-05-22","Northwestern","BS",0.715297871563637,2.22146541943755
"2022-05-22","Ticino","TI",1.46109266467038,1.96529674033258
"2022-05-22","Zurich","ZH",5.25073285893684,14.1633375274709
"2022-05-23","9999","9999",0.00894337843009262,0.0233838465203953
"2022-05-23","Central","LU",3.02519450320445,6.47008601040989
"2022-05-23","Central","NW",0.331815116623602,0.549724322123362
"2022-05-23","Central","OW",0.188148672552731,0.36295944330131
"2022-05-23","Central","SZ",1.13077613113036,1.88273952638194
"2022-05-23","Central","UR",0.221184801136032,0.407925764444453
"2022-05-23","Central","ZG",1.17254523814397,2.47019069390885
"2022-05-23","Eastern","AI",0.0785374820640834,0.113996251786927
"2022-05-23","Eastern","AR",0.18013490670355,0.33750231969117
"2022-05-23","Eastern","GL",0.204888579458799,0.430391930941519
"2022-05-23","Eastern","GR",1.70629012548918,3.00863095056016
"2022-05-23","Eastern","SG",3.22962650197583,6.50264665716358
"2022-05-23","Eastern","SH",0.499030222745218,1.07412747323263
"2022-05-23","Eastern","TG",1.56338646365395,2.97131196294476
"2022-05-23","Espace Mittelland","BE",7.11218161213572,16.0933205809798
"2022-05-23","Espace Mittelland","FR",2.0201327557113,3.88559317137301
"2022-05-23","Espace Mittelland","JU",0.377267778293835,0.687648230814879
"2022-05-23","Espace Mittelland","NE",1.10230699989184,2.15481465922462
"2022-05-23","Espace Mittelland","SO",1.35783179244482,3.03456390825647
"2022-05-23","Lake Geneva","GE",5.27284691786224,9.9955407548496
"2022-05-23","Lake Geneva","VD",6.43817802607042,12.6025337485326
"2022-05-23","Lake Geneva","VS",2.72025470101045,4.74005523753977
"2022-05-23","Northwestern","AG",4.06217256162278,8.32373168123739
"2022-05-23","Northwestern","BL",1.58245637198698,3.20807340896376
"2022-05-23","Northwestern","BS",1.577751236986,4.20443599725648
"2022-05-23","Ticino","TI",2.66413975462844,4.15525514563582
"2022-05-23","Zurich","ZH",12.9659582958519,31.9856012605525
"2022-05-24","9999","9999",0.00882577639031224,0.0228060479871878
"2022-05-24","Central","LU",3.5873441149836,6.90081782284153
"2022-05-24","Central","NW",0.377852835812574,0.572564358259562
"2022-05-24","Central","OW",0.223822241573982,0.36945117976264
"2022-05-24","Central","SZ",1.30351187980123,1.96577257441875
"2022-05-24","Central","UR",0.254386561762039,0.41234422381604
"2022-05-24","Central","ZG",1.3424655122943,2.62707998974917
"2022-05-24","Eastern","AI",0.10050112269006,0.118108817817403
"2022-05-24","Eastern","AR",0.22743454422055,0.355108180879491
"2022-05-24","Eastern","GL",0.257680362637056,0.455203279720427
"2022-05-24","Eastern","GR",1.73412418378316,2.99364217684578
"2022-05-24","Eastern","SG",3.87364040483877,6.92678476868685
"2022-05-24","Eastern","SH",0.589300124615243,1.16079725321375
"2022-05-24","Eastern","TG",1.77923315974798,3.09227578527919
"2022-05-24","Espace Mittelland","BE",8.05726914670837,16.9364645935255
"2022-05-24","Espace Mittelland","FR",2.12148677612231,3.86836117982382
"2022-05-24","Espace Mittelland","JU",0.432642287258523,0.732614551958023
"2022-05-24","Espace Mittelland","NE",1.30818867455507,2.29909435178142
"2022-05-24","Espace Mittelland","SO",1.56008891514642,3.2028732221649
"2022-05-24","Lake Geneva","GE",5.75888648744966,10.1838011122282
"2022-05-24","Lake Geneva","VD",6.83074758764171,12.6173865696509
"2022-05-24","Lake Geneva","VS",2.95411901956905,4.78226851861293
"2022-05-24","Northwestern","AG",4.72794246199101,8.93276532338704
"2022-05-24","Northwestern","BL",1.73802166285885,3.35055172962292
"2022-05-24","Northwestern","BS",1.80419247062094,4.51355821252246
"2022-05-24","Ticino","TI",2.72347813098024,4.14250958975624
"2022-05-24","Zurich","ZH",14.8673475424422,33.5001471686852
"2022-05-25","9999","9999",0.0148172147848121,0.0340561253102268
"2022-05-25","Central","LU",4.63454020897778,8.21265841026551
"2022-05-25","Central","NW",0.497472762279324,0.740329861783793
"2022-05-25","Central","OW",0.306635717513831,0.478417185495761
"2022-05-25","Central","SZ",1.79587975569524,2.59220814886265
"2022-05-25","Central","UR",0.300325323089293,0.505811633599596
"2022-05-25","Central","ZG",1.788633392987,3.26377998519476
"2022-05-25","Eastern","AI",0.13056395717287,0.158588703290937
"2022-05-25","Eastern","AR",0.319383252312743,0.453163990779695
"2022-05-25","Eastern","GL",0.385481645006415,0.646318641616041
"2022-05-25","Eastern","GR",2.29916705793269,3.69209863904654
"2022-05-25","Eastern","SG",5.57354234805358,9.1320718291946
"2022-05-25","Eastern","SH",0.819088679390183,1.48140746284585
"2022-05-25","Eastern","TG",2.6736048254344,4.25589405486095
"2022-05-25","Espace Mittelland","BE",10.0524995187503,19.6711170748983
"2022-05-25","Espace Mittelland","FR",3.18737384463515,5.13299222826985
"2022-05-25","Espace Mittelland","JU",0.677142214590871,1.03374955220614
"2022-05-25","Espace Mittelland","NE",1.77534870535959,2.87379996342875
"2022-05-25","Espace Mittelland","SO",2.40307853795982,4.34623455493539
"2022-05-25","Lake Geneva","GE",7.92646552902354,11.6604162460633
"2022-05-25","Lake Geneva","VD",9.86912536526641,15.9374509296099
"2022-05-25","Lake Geneva","VS",3.93518141402028,5.81336699519612
"2022-05-25","Northwestern","AG",6.8900756961853,11.7934798494461
"2022-05-25","Northwestern","BL",2.55896591767888,4.38484509221325
"2022-05-25","Northwestern","BS",2.30132287472612,5.25936016629722
"2022-05-25","Ticino","TI",4.5116323439201,5.39708014609466
"2022-05-25","Zurich","ZH",20.4040708734561,40.880707714834
"2022-05-26","9999","9999",0.0147549852881536,0.0344639830983733
"2022-05-26","Central","LU",1.61654838917846,3.81540764366281
"2022-05-26","Central","NW",0.215986173029556,0.363367301089456
"2022-05-26","Central","OW",0.189913545094046,0.343790127258428
"2022-05-26","Central","SZ",0.648505461970758,1.22856962234408
"2022-05-26","Central","UR",0.158067260464223,0.326762064603314
"2022-05-26","Central","ZG",0.424605409050819,1.06950508496697
"2022-05-26","Eastern","AI",0.0774560296679664,0.126979724709588
"2022-05-26","Eastern","AR",0.115908243028149,0.157772987714644
"2022-05-26","Eastern","GL",0.126813548198276,0.312758947210287
"2022-05-26","Eastern","GR",1.24629357479918,1.95190540962177
"2022-05-26","Eastern","SG",1.42447709669241,3.1727937102891
"2022-05-26","Eastern","SH",0.306973779812461,0.695499493236698
"2022-05-26","Eastern","TG",0.619830947155926,1.22704015563853
"2022-05-26","Espace Mittelland","BE",3.57244152701544,9.0448922269783
"2022-05-26","Espace Mittelland","FR",1.00298826113442,2.13323218460187
"2022-05-26","Espace Mittelland","JU",0.176079972237914,0.323567178596167
"2022-05-26","Espace Mittelland","NE",0.456658212903176,0.898408742839547
"2022-05-26","Espace Mittelland","SO",0.630689612510736,1.59248073381773
"2022-05-26","Lake Geneva","GE",2.20731652449792,4.17364273425142
"2022-05-26","Lake Geneva","VD",2.87092676645569,5.93874927690213
"2022-05-26","Lake Geneva","VS",1.91898583801001,3.03731694832646
"2022-05-26","Northwestern","AG",1.67035189999114,3.98551832946888
"2022-05-26","Northwestern","BL",0.534425652427871,1.32672739669132
"2022-05-26","Northwestern","BS",0.90283162301815,2.60254054616236
"2022-05-26","Ticino","TI",1.79663971839545,2.60016137573151
"2022-05-26","Zurich","ZH",6.41732932373987,16.9148141426048
"2022-05-27","9999","9999",0.0149700101092485,0.0298755829817259
"2022-05-27","Central","LU",6.49245350361876,9.97191899128612
"2022-05-27","Central","NW",0.636651050265006,0.841410616946083
"2022-05-27","Central","OW",0.432514738524292,0.665521945807936
"2022-05-27","Central","SZ",2.22294130905556,2.99112705381887
"2022-05-27","Central","UR",0.41551127945948,0.611480788878534
"2022-05-27","Central","ZG",2.04695268193369,2.99275848497146
"2022-05-27","Eastern","AI",0.217716161651908,0.27329870620712
"2022-05-27","Eastern","AR",0.346536670836746,0.446536301722315
"2022-05-27","Eastern","GL",0.428730679177488,0.652334543991201
"2022-05-27","Eastern","GR",3.17535076597007,4.35428974625128
"2022-05-27","Eastern","SG",6.60224609205242,9.17571261252626
"2022-05-27","Eastern","SH",0.918889965973181,1.52334883872691
"2022-05-27","Eastern","TG",3.02613240991877,4.26908145667769
"2022-05-27","Espace Mittelland","BE",13.974561532576,22.2053414415462
"2022-05-27","Espace Mittelland","FR",3.98293074785902,5.55091050852389
"2022-05-27","Espace Mittelland","JU",0.772533649853337,1.01641559620991
"2022-05-27","Espace Mittelland","NE",2.10310588784514,2.84480807232134
"2022-05-27","Espace Mittelland","SO",2.81202718813797,4.367443159919
"2022-05-27","Lake Geneva","GE",8.17697947061397,11.1734680351655
"2022-05-27","Lake Geneva","VD",11.3635986352618,15.8435416738891
"2022-05-27","Lake Geneva","VS",5.63573067949469,7.31972175941693
"2022-05-27","Northwestern","AG",8.25228640338129,11.7357339842744
"2022-05-27","Northwestern","BL",2.76353576823688,3.88773442476077
"2022-05-27","Northwestern","BS",2.84091123359582,5.36234425780419
"2022-05-27","Ticino","TI",5.07561280928576,6.2684683104695
"2022-05-27","Zurich","ZH",22.272919387755,37.9435538416465
"2022-05-28","9999","9999",0.0124269340398703,0.0261368865903837
"2022-05-28","Central","LU",5.51593752781966,8.5825174478163
"2022-05-28","Central","NW",0.600590750630704,0.736523189094426
"2022-05-28","Central","OW",0.37849162114543,0.534191738024785
"2022-05-28","Central","SZ",2.00799592445551,2.70063034421158
"2022-05-28","Central","UR",0.355168412280867,0.53425971432281
"2022-05-28","Central","ZG",1.65707412805759,2.61841301175106
"2022-05-28","Eastern","AI",0.169271659603659,0.208245388997764
"2022-05-28","Eastern","AR",0.283230569816716,0.372204219832629
"2022-05-28","Eastern","GL",0.364853959009758,0.573991860518075
"2022-05-28","Eastern","GR",2.62930031775342,3.78478432140281
"2022-05-28","Eastern","SG",5.41604083520639,7.86261446358884
"2022-05-28","Eastern","SH",0.780475035878295,1.37121788374829
"2022-05-28","Eastern","TG",2.51864394897523,3.6552214973683
"2022-05-28","Espace Mittelland","BE",10.9334930487898,18.3153977870996
"2022-05-28","Espace Mittelland","FR",2.9302287551363,4.38188812324919
"2022-05-28","Espace Mittelland","JU",0.587478587243732,0.819930106770371
"2022-05-28","Espace Mittelland","NE",1.67840629847875,2.52555738864973
"2022-05-28","Espace Mittelland","SO",2.39486257225975,3.87209987621516
"2022-05-28","Lake Geneva","GE",6.9634690415812,9.59284916535302
"2022-05-28","Lake Geneva","VD",9.59007245019513,14.0951233124034
"2022-05-28","Lake Geneva","VS",4.35991543304714,6.01141593949022
"2022-05-28","Northwestern","AG",7.20878533407052,10.7837939067406
"2022-05-28","Northwestern","BL",2.29949849040702,3.5120634137289
"2022-05-28","Northwestern","BS",2.51607136960034,4.95924481051947
"2022-05-28","Ticino","TI",4.34617667881807,5.78335545961834
"2022-05-28","Zurich","ZH",20.0959474711463,33.956268128429
"2022-05-29","9999","9999",0.0105969693902266,0.0253211710140908
"2022-05-29","Central","LU",1.39656545418171,3.26762064603314
"2022-05-29","Central","NW",0.271436625397975,0.268812270537509
"2022-05-29","Central","OW",0.155461054213256,0.22330213901017
"2022-05-29","Central","SZ",0.578859760838311,0.887838428496752
"2022-05-29","Central","UR",0.181213978158633,0.290360757011245
"2022-05-29","Central","ZG",0.326909140631171,0.811093188027199
"2022-05-29","Eastern","AI",0.0505496181121349,0.0697096936240272
"2022-05-29","Eastern","AR",0.0982333820879308,0.118414711158513
"2022-05-29","Eastern","GL",0.105390275454397,0.23009976881261
"2022-05-29","Eastern","GR",1.07621371885927,1.42991541709237
"2022-05-29","Eastern","SG",1.12367527211464,2.30419257413325
"2022-05-29","Eastern","SH",0.242984082426268,0.535823169177371
"2022-05-29","Eastern","TG",0.488851511856634,0.929813792526822
"2022-05-29","Espace Mittelland","BE",3.06075899536459,7.04383995388488
"2022-05-29","Espace Mittelland","FR",0.816529739517963,1.77605072663264
"2022-05-29","Espace Mittelland","JU",0.141488450848039,0.249778907090676
"2022-05-29","Espace Mittelland","NE",0.403226152387894,0.676975952025048
"2022-05-29","Espace Mittelland","SO",0.514732023696457,1.22523878374089
"2022-05-29","Lake Geneva","GE",1.88898841283326,3.47583204688189
"2022-05-29","Lake Geneva","VD",2.45326738868103,4.81241600678675
"2022-05-29","Lake Geneva","VS",1.29168040031701,2.28628081960382
"2022-05-29","Northwestern","AG",1.39524940468936,3.20827733785784
"2022-05-29","Northwestern","BL",0.467506387236555,1.17323691575222
"2022-05-29","Northwestern","BS",0.69633736120548,1.98572361788891
"2022-05-29","Ticino","TI",1.84845702705121,2.21092909324377
"2022-05-29","Zurich","ZH",5.24378650654692,13.5614753847628
"2022-05-30","9999","9999",0.0103735838633632,0.0262388510374203
"2022-05-30","Central","LU",3.52534786831001,7.06844737376971
"2022-05-30","Central","NW",0.40091090652971,0.606960365059911
"2022-05-30","Central","OW",0.227772375473915,0.398952893105232
"2022-05-30","Central","SZ",1.28285741213397,2.08479907225948
"2022-05-30","Central","UR",0.258843225202831,0.442559688287888
"2022-05-30","Central","ZG",1.26182509147425,2.64434596944737
"2022-05-30","Eastern","AI",0.0889794866539973,0.134389141194248
"2022-05-30","Eastern","AR",0.214332433260607,0.366562187096603
"2022-05-30","Eastern","GL",0.256718944130032,0.476004026915895
"2022-05-30","Eastern","GR",1.69730821732417,2.87070704186864
"2022-05-30","Eastern","SG",3.79947139741271,7.04921008142881
"2022-05-30","Eastern","SH",0.573572661975526,1.16946423121186
"2022-05-30","Eastern","TG",1.71903452355492,3.04248314697631
"2022-05-30","Espace Mittelland","BE",7.97207727123262,17.1311147229184
"2022-05-30","Espace Mittelland","FR",2.36372300810268,4.12915224719445
"2022-05-30","Espace Mittelland","JU",0.467253858678156,0.749710590911161
"2022-05-30","Espace Mittelland","NE",1.32897812748128,2.29474386870786
"2022-05-30","Espace Mittelland","SO",1.64023001582108,3.34212266866789
"2022-05-30","Lake Geneva","GE",6.28444123134015,10.1843789107614
"2022-05-30","Lake Geneva","VD",7.37186844625666,13.1937236124508
"2022-05-30","Lake Geneva","VS",3.07839360743648,4.99897695671473
"2022-05-30","Northwestern","AG",4.78579136784111,9.26476156293823
"2022-05-30","Northwestern","BL",1.74685455074409,3.46094523761455
"2022-05-30","Northwestern","BS",1.85180951342349,4.58901190332955
"2022-05-30","Ticino","TI",3.19938253975348,4.33399882129099
"2022-05-30","Zurich","ZH",15.1261842004771,34.9871966642671
"2022-05-31","9999","9999",0.0129585026217979,0.0433009018415459
"2022-05-31","Central","LU",3.54457587817652,6.94676980030603
"2022-05-31","Central","NW",0.352070565202546,0.564441190645646
"2022-05-31","Central","OW",0.246805488869518,0.388314602464413
"2022-05-31","Central","SZ",1.28293295610351,2.00237781090489
"2022-05-31","Central","UR",0.260007219498801,0.413397856435418
"2022-05-31","Central","ZG",1.28776012608054,2.61888884583723
"2022-05-31","Eastern","AI",0.0929090966855785,0.120963822334428
"2022-05-31","Eastern","AR",0.218177680442367,0.352830974895673
"2022-05-31","Eastern","GL",0.25580371509586,0.464550020698783
"2022-05-31","Eastern","GR",1.54332827290684,2.71694465573744
"2022-05-31","Eastern","SG",3.79995725819242,6.90047794135141
"2022-05-31","Eastern","SH",0.559082705186199,1.15539313752081
"2022-05-31","Eastern","TG",1.69866387345734,2.94921966608683
"2022-05-31","Espace Mittelland","BE",7.81002998979285,16.7934764506312
"2022-05-31","Espace Mittelland","FR",2.27299889082217,3.94208147503129
"2022-05-31","Espace Mittelland","JU",0.461818260366452,0.75355125174954
"2022-05-31","Espace Mittelland","NE",1.31138197857195,2.26493626202416
"2022-05-31","Espace Mittelland","SO",1.57417789483671,3.27506405066681
"2022-05-31","Lake Geneva","GE",5.74826806217798,9.95213788856102
"2022-05-31","Lake Geneva","VD",7.25916130404407,12.7233616182709
"2022-05-31","Lake Geneva","VS",3.03514541521002,4.79912664052298
"2022-05-31","Northwestern","AG",4.82260331254609,9.11215477387345
"2022-05-31","Northwestern","BL",1.72265227730333,3.36210770028706
"2022-05-31","Northwestern","BS",1.82477658304707,4.61249771429698
"2022-05-31","Ticino","TI",2.97520761345682,4.15335180929114
"2022-05-31","Zurich","ZH",15.015505016958,34.2843557308438
"2022-06-01","9999","9999",0.0131884514005899,0.0494867449617667
"2022-06-01","Central","LU",3.69510684936938,7.06294129362974
"2022-06-01","Central","NW",0.391270143421975,0.566004645500207
"2022-06-01","Central","OW",0.236454527861997,0.387430910590095
"2022-06-01","Central","SZ",1.34043511000341,2.02701921893874
"2022-06-01","Central","UR",0.262878481660745,0.418394114340212
"2022-06-01","Central","ZG",1.34728239879903,2.60390007212285
"2022-06-01","Eastern","AI",0.0984340116142225,0.123750850553429
"2022-06-01","Eastern","AR",0.224237610051804,0.346339238434343
"2022-06-01","Eastern","GL",0.269534073374971,0.48256373967525
"2022-06-01","Eastern","GR",1.6505305228084,2.75195244922001
"2022-06-01","Eastern","SG",3.88196562362091,6.87284557620449
"2022-06-01","Eastern","SH",0.569177617132049,1.11069872156976
"2022-06-01","Eastern","TG",1.65062393166774,2.8338299001904
"2022-06-01","Espace Mittelland","BE",8.20939044553504,17.4462188524105
"2022-06-01","Espace Mittelland","FR",2.38949252423088,4.03881174712001
"2022-06-01","Espace Mittelland","JU",0.460255916621826,0.757221971842858
"2022-06-01","Espace Mittelland","NE",1.32778122294115,2.25786672702962
"2022-06-01","Espace Mittelland","SO",1.63764014721155,3.29712235937573
"2022-06-01","Lake Geneva","GE",5.93603518501402,9.78529006506012
"2022-06-01","Lake Geneva","VD",7.60496795799653,13.0445156382872
"2022-06-01","Lake Geneva","VS",3.24861267402246,4.9058494284213
"2022-06-01","Northwestern","AG",4.90527344252123,9.03523959265883
"2022-06-01","Northwestern","BL",1.74932546628645,3.30375004843311
"2022-06-01","Northwestern","BS",1.83782326663959,4.4044902423423
"2022-06-01","Ticino","TI",3.04025783993659,4.24947029469765
"2022-06-01","Zurich","ZH",15.0155496008621,33.2343938315588
"2022-06-02","9999","9999",0.0140491224240994,0.0520018679886697
"2022-06-02","Central","LU",3.90783771601464,7.59421005083947
"2022-06-02","Central","NW",0.377674605928903,0.605906732440533
"2022-06-02","Central","OW",0.242986154001608,0.41033892302432
"2022-06-02","Central","SZ",1.36140415558875,2.10454618683557
"2022-06-02","Central","UR",0.272844779714533,0.43749545408507
"2022-06-02","Central","ZG",1.43617190702847,2.83117882456745
"2022-06-02","Eastern","AI",0.107807827372627,0.135272833068566
"2022-06-02","Eastern","AR",0.227071955879659,0.367717784163018
"2022-06-02","Eastern","GL",0.261918617814231,0.502106925357266
"2022-06-02","Eastern","GR",1.70457970130993,2.94510710005635
"2022-06-02","Eastern","SG",4.08816332904617,7.39452967539278
"2022-06-02","Eastern","SH",0.585537235280328,1.17381471428542
"2022-06-02","Eastern","TG",1.73120350926272,3.05468489247169
"2022-06-02","Espace Mittelland","BE",8.34919141617343,17.9474420858935
"2022-06-02","Espace Mittelland","FR",2.36002767013755,4.19926979860662
"2022-06-02","Espace Mittelland","JU",0.50630249776731,0.813574322905089
"2022-06-02","Espace Mittelland","NE",1.39763449278987,2.47042861095193
"2022-06-02","Espace Mittelland","SO",1.792064195872,3.59689783366336
"2022-06-02","Lake Geneva","GE",6.30468885570827,10.832227019083
"2022-06-02","Lake Geneva","VD",7.77458669849619,13.584213456452
"2022-06-02","Lake Geneva","VS",3.17373567733271,4.9459554442557
"2022-06-02","Northwestern","AG",4.96450506421263,9.49119061165753
"2022-06-02","Northwestern","BL",1.84623466922152,3.50703316767509
"2022-06-02","Northwestern","BS",1.99768832555337,4.83726134371467
"2022-06-02","Ticino","TI",3.46997511763895,4.90262055426514
"2022-06-02","Zurich","ZH",15.6163319780858,35.7339502862142
"2022-06-03","9999","9999",0.0181236135007925,0.0699136225181004
"2022-06-03","Central","LU",4.9603228982105,8.67999545918329
"2022-06-03","Central","NW",0.483976249220335,0.696349196962003
"2022-06-03","Central","OW",0.326575182323007,0.488511665752385
"2022-06-03","Central","SZ",1.80153368786616,2.4767504066682
"2022-06-03","Central","UR",0.367826912416383,0.561076363893438
"2022-06-03","Central","ZG",1.80307091424928,3.1165433236739
"2022-06-03","Eastern","AI",0.141977291720066,0.168955088739658
"2022-06-03","Eastern","AR",0.293164082939031,0.42084126106909
"2022-06-03","Eastern","GL",0.353231172139973,0.59815743446575
"2022-06-03","Eastern","GR",2.2715434583788,3.43834311852143
"2022-06-03","Eastern","SG",5.04736081360389,8.27407499553056
"2022-06-03","Eastern","SH",0.715802231628619,1.32948043676131
"2022-06-03","Eastern","TG",2.20983527424213,3.50489191428733
"2022-06-03","Espace Mittelland","BE",10.690617017227,20.2390250567432
"2022-06-03","Espace Mittelland","FR",3.14904267549759,5.13513348165762
"2022-06-03","Espace Mittelland","JU",0.598938044691415,0.935693742305933
"2022-06-03","Espace Mittelland","NE",1.69795020987858,2.73006408125615
"2022-06-03","Espace Mittelland","SO",2.15805369536596,3.92444162569395
"2022-06-03","Lake Geneva","GE",7.07852844388661,11.2101752360987
"2022-06-03","Lake Geneva","VD",9.59444202131916,15.4661712554067
"2022-06-03","Lake Geneva","VS",4.26869436481422,6.1475724644331
"2022-06-03","Northwestern","AG",6.47802445271084,11.3243074404817
"2022-06-03","Northwestern","BL",2.33673600090964,3.96641698972402
"2022-06-03","Northwestern","BS",2.27038823597085,5.12983133041171
"2022-06-03","Ticino","TI",3.91450849014398,4.90221269647699
"2022-06-03","Zurich","ZH",18.5043851980076,37.9107892659987
"2022-06-04","9999","9999",0.0217340207929852,0.0764733352774555
"2022-06-04","Central","LU",5.60472818783598,8.87335403891371
"2022-06-04","Central","NW",0.592871681058757,0.816701232614212
"2022-06-04","Central","OW",0.383460218236664,0.612840314839022
"2022-06-04","Central","SZ",2.11940971835202,2.90462721458282
"2022-06-04","Central","UR",0.393629037255097,0.599482972277226
"2022-06-04","Central","ZG",1.8690321639562,2.88443825406957
"2022-06-04","Eastern","AI",0.189560950439863,0.257018382830275
"2022-06-04","Eastern","AR",0.33249638295701,0.467540977811857
"2022-06-04","Eastern","GL",0.404249561514269,0.668342962175949
"2022-06-04","Eastern","GR",2.81648792032504,4.00492556255485
"2022-06-04","Eastern","SG",5.9756874396475,8.82277967318355
"2022-06-04","Eastern","SH",0.882238570315084,1.46115052603458
"2022-06-04","Eastern","TG",2.79781438384984,4.26221585057722
"2022-06-04","Espace Mittelland","BE",11.5736462009421,19.6414454208107
"2022-06-04","Espace Mittelland","FR",3.17800292673261,4.89881388157577
"2022-06-04","Espace Mittelland","JU",0.677521034840619,0.941573692085044
"2022-06-04","Espace Mittelland","NE",1.97079512665386,2.85075599839848
"2022-06-04","Espace Mittelland","SO",2.5714510986216,4.1849947760215
"2022-06-04","Lake Geneva","GE",7.50676500731119,10.1426414637744
"2022-06-04","Lake Geneva","VD",11.1106666522505,16.0512092643537
"2022-06-04","Lake Geneva","VS",4.46138328828532,6.10416959814452
"2022-06-04","Northwestern","AG",8.10173324009495,13.0212677443629
"2022-06-04","Northwestern","BL",2.65958053058621,3.91611452918596
"2022-06-04","Northwestern","BS",2.69577353635497,5.1345216949754
"2022-06-04","Ticino","TI",4.25208494365846,5.80622948390355
"2022-06-04","Zurich","ZH",22.2731549521085,38.05629253192
"2022-06-05","9999","9999",0.0162868467219124,0.0576099125756831
"2022-06-05","Central","LU",1.30458569987157,2.96009587377073
"2022-06-05","Central","NW",0.194525431792565,0.231493282922111
"2022-06-05","Central","OW",0.14870971577489,0.222588387880914
"2022-06-05","Central","SZ",0.460908208312619,0.743660700386989
"2022-06-05","Central","UR",0.175584305740523,0.25355159163103
"2022-06-05","Central","ZG",0.327885772881479,0.81235074954065
"2022-06-05","Eastern","AI",0.0484945331381312,0.064645459421209
"2022-06-05","Eastern","AR",0.0824910189866459,0.116885244452964
"2022-06-05","Eastern","GL",0.0814107883892173,0.181768620917259
"2022-06-05","Eastern","GR",1.04943364598705,1.55706508254702
"2022-06-05","Eastern","SG",1.07480941007577,2.37733507080751
"2022-06-05","Eastern","SH",0.211915664546664,0.487356068685971
"2022-06-05","Eastern","TG",0.350130016023537,0.592855283219847
"2022-06-05","Espace Mittelland","BE",2.9530101236947,7.21146950481306
"2022-06-05","Espace Mittelland","FR",0.904989722852081,2.00309156203415
"2022-06-05","Espace Mittelland","JU",0.144019994234285,0.256916418383238
"2022-06-05","Espace Mittelland","NE",0.379941026831807,0.73750884541578
"2022-06-05","Espace Mittelland","SO",0.471738874114153,1.1094071719073
"2022-06-05","Lake Geneva","GE",1.72603807335395,3.562467838714
"2022-06-05","Lake Geneva","VD",2.53029580838816,5.19039821195146
"2022-06-05","Lake Geneva","VS",1.36427623619917,2.37784489304269
"2022-06-05","Northwestern","AG",1.48066734033461,3.83311546929817
"2022-06-05","Northwestern","BL",0.447488190816384,1.08755279209245
"2022-06-05","Northwestern","BS",0.714026174930079,2.12143829689464
"2022-06-05","Ticino","TI",1.65369883477646,2.36652683942163
"2022-06-05","Zurich","ZH",5.07087917739678,12.9136952527393
"2022-06-06","9999","9999",0.0158268708438995,0.0608387867318423
"2022-06-06","Central","LU",2.62772550539654,4.66810232608094
"2022-06-06","Central","NW",0.340907938263781,0.467235084470747
"2022-06-06","Central","OW",0.171270295128645,0.289545041434952
"2022-06-06","Central","SZ",0.600733885130255,1.06406698112502
"2022-06-06","Central","UR",0.18098854846858,0.310379776779433
"2022-06-06","Central","ZG",0.377022149765209,1.00890421527822
"2022-06-06","Eastern","AI",0.063233979653222,0.101352660354388
"2022-06-06","Eastern","AR",0.0960250005387467,0.146183028901483
"2022-06-06","Eastern","GL",0.115565309198851,0.281761755311158
"2022-06-06","Eastern","GR",1.15405312702594,1.65175606569501
"2022-06-06","Eastern","SG",1.14023512818707,2.73030199829923
"2022-06-06","Eastern","SH",0.21990012289141,0.543334550109068
"2022-06-06","Eastern","TG",0.520539718449102,1.09176732256997
"2022-06-06","Espace Mittelland","BE",3.23196896809902,7.95635377856449
"2022-06-06","Espace Mittelland","FR",1.87022324145643,3.37264402648085
"2022-06-06","Espace Mittelland","JU",0.13639853149666,0.27639162776723
"2022-06-06","Espace Mittelland","NE",0.390829446117497,0.785228206628913
"2022-06-06","Espace Mittelland","SO",0.849035442997595,1.83926868379533
"2022-06-06","Lake Geneva","GE",1.63635514785317,3.67649807864994
"2022-06-06","Lake Geneva","VD",2.34678404982696,5.21507360813432
"2022-06-06","Lake Geneva","VS",3.34154578766751,5.20141037223141
"2022-06-06","Northwestern","AG",1.42352908272676,3.59465461582855
"2022-06-06","Northwestern","BL",0.458691285920681,1.25181751626843
"2022-06-06","Northwestern","BS",0.713998339849704,2.16378753056384
"2022-06-06","Ticino","TI",2.07043576628944,3.11273665098453
"2022-06-06","Zurich","ZH",5.1666666790674,14.5411158037416
"2022-06-07","9999","9999",0.0119438223072065,0.048025254554242
"2022-06-07","Central","LU",3.69882598499677,7.3299521922696
"2022-06-07","Central","NW",0.38383941442447,0.614131864501486
"2022-06-07","Central","OW",0.250256729470396,0.42005953364181
"2022-06-07","Central","SZ",1.45226684911985,2.20787015983267
"2022-06-07","Central","UR",0.295025038982329,0.480762367777603
"2022-06-07","Central","ZG",1.38829727616782,2.82166214284403
"2022-06-07","Eastern","AI",0.105686005561291,0.1356467027077
"2022-06-07","Eastern","AR",0.240483882875605,0.398069201230915
"2022-06-07","Eastern","GL",0.295539839160463,0.524471127407296
"2022-06-07","Eastern","GR",1.93420240082894,3.18231039201251
"2022-06-07","Eastern","SG",4.19224815176222,7.50274794184764
"2022-06-07","Eastern","SH",0.569912399814417,1.20878851961898
"2022-06-07","Eastern","TG",1.96053495468734,3.48575658639346
"2022-06-07","Espace Mittelland","BE",8.75257907311743,18.4371433368613
"2022-06-07","Espace Mittelland","FR",2.34021242152836,4.15671663604334
"2022-06-07","Espace Mittelland","JU",0.496347834213212,0.822955052032457
"2022-06-07","Espace Mittelland","NE",1.40137323593661,2.52681495016318
"2022-06-07","Espace Mittelland","SO",1.71700508852133,3.45880398422678
"2022-06-07","Lake Geneva","GE",6.43495824191659,11.0420698510843
"2022-06-07","Lake Geneva","VD",7.8326811193103,14.1784962419304
"2022-06-07","Lake Geneva","VS",3.25888519712059,5.08265577958278
"2022-06-07","Northwestern","AG",5.09227745417582,9.63465458863803
"2022-06-07","Northwestern","BL",1.84226475158129,3.5964559877262
"2022-06-07","Northwestern","BS",1.93942808864355,4.85935364057261
"2022-06-07","Ticino","TI",3.28024608764298,4.61076431869736
"2022-06-07","Zurich","ZH",15.5831046340917,35.3175614726657
"2022-06-08","9999","9999",0.0140066414235487,0.0521378205847185
"2022-06-08","Central","LU",3.65660645328143,7.31394377408485
"2022-06-08","Central","NW",0.384405389170745,0.612262516305815
"2022-06-08","Central","OW",0.243228853346199,0.405138736225453
"2022-06-08","Central","SZ",1.31830757996427,2.08405133298122
"2022-06-08","Central","UR",0.273959600529316,0.436849679253838
"2022-06-08","Central","ZG",1.39892352565033,2.80585765355336
"2022-06-08","Eastern","AI",0.0971128321337848,0.132621757445614
"2022-06-08","Eastern","AR",0.21944097329392,0.369893025699799
"2022-06-08","Eastern","GL",0.268044277843491,0.497960371177778
"2022-06-08","Eastern","GR",1.68853778214881,2.91230853625958
"2022-06-08","Eastern","SG",3.89616951896027,7.21140152851504
"2022-06-08","Eastern","SH",0.557603635637435,1.14166192531988
"2022-06-08","Eastern","TG",1.78102426963293,3.23594369115377
"2022-06-08","Espace Mittelland","BE",8.53614956730097,17.8049637652343
"2022-06-08","Espace Mittelland","FR",2.3257692964394,4.22768389118082
"2022-06-08","Espace Mittelland","JU",0.461622948797272,0.787947258549889
"2022-06-08","Espace Mittelland","NE",1.34305317788331,2.4346730781911
"2022-06-08","Espace Mittelland","SO",1.69277265388346,3.40799170145354
"2022-06-08","Lake Geneva","GE",6.10926851120074,10.5322816040503
"2022-06-08","Lake Geneva","VD",7.67520406984902,13.6744180039304
"2022-06-08","Lake Geneva","VS",3.22840961789433,5.15484660808469
"2022-06-08","Northwestern","AG",4.88864458615108,9.43477028429727
"2022-06-08","Northwestern","BL",1.75281616080331,3.42063529288608
"2022-06-08","Northwestern","BS",1.90802235250939,4.74702280808728
"2022-06-08","Ticino","TI",2.99045390671051,4.4897325200649
"2022-06-08","Zurich","ZH",15.2891912987711,34.4785980024485
"2022-06-09","9999","9999",0.0128668794682319,0.0491128753226325
"2022-06-09","Central","LU",3.75145233584942,7.0542063393336
"2022-06-09","Central","NW",0.36643430078891,0.558731181611596
"2022-06-09","Central","OW",0.254868420367843,0.386241325374668
"2022-06-09","Central","SZ",1.30236926698231,1.96448102475629
"2022-06-09","Central","UR",0.27977366664884,0.429916096855348
"2022-06-09","Central","ZG",1.37873294988252,2.69964468789023
"2022-06-09","Eastern","AI",0.0936955512708103,0.118720604499623
"2022-06-09","Eastern","AR",0.22990841635909,0.351913294872344
"2022-06-09","Eastern","GL",0.254390524775734,0.477023671386261
"2022-06-09","Eastern","GR",1.6712442555441,2.79447162363427
"2022-06-09","Eastern","SG",3.92768005566014,6.9848365271997
"2022-06-09","Eastern","SH",0.524808220975858,1.09210720406009
"2022-06-09","Eastern","TG",1.77179947415429,3.10243824183384
"2022-06-09","Espace Mittelland","BE",8.41586818173725,18.2870516708234
"2022-06-09","Espace Mittelland","FR",2.17941686501283,3.99846781424253
"2022-06-09","Espace Mittelland","JU",0.456771887173454,0.767758298036641
"2022-06-09","Espace Mittelland","NE",1.30855562142782,2.30895091499496
"2022-06-09","Espace Mittelland","SO",1.66681617122776,3.31088755972567
"2022-06-09","Lake Geneva","GE",6.1189889966729,10.695764600799
"2022-06-09","Lake Geneva","VD",7.01657380494079,12.846024848056
"2022-06-09","Lake Geneva","VS",2.94653178285879,4.83161931097865
"2022-06-09","Northwestern","AG",4.77842107871847,9.04081364909683
"2022-06-09","Northwestern","BL",1.667334828687,3.27438428768657
"2022-06-09","Northwestern","BS",1.94717766793851,4.65841570361246
"2022-06-09","Ticino","TI",3.09668027232185,4.66528130971293
"2022-06-09","Zurich","ZH",14.6996270620061,33.2631817937721
"2022-06-10","9999","9999",0.0196169491156521,0.0712731484785885
"2022-06-10","Central","LU",4.74162435558881,8.68856047273437
"2022-06-10","Central","NW",0.487551659028943,0.708992788394543
"2022-06-10","Central","OW",0.32171826233112,0.500203589012583
"2022-06-10","Central","SZ",1.67111712582416,2.46451467302381
"2022-06-10","Central","UR",0.377494269225698,0.562028032065779
"2022-06-10","Central","ZG",1.73141963840186,3.22652897387739
"2022-06-10","Eastern","AI",0.137174780930027,0.177893971929868
"2022-06-10","Eastern","AR",0.278758821861348,0.421249118857237
"2022-06-10","Eastern","GL",0.337965788281781,0.59537040624675
"2022-06-10","Eastern","GR",2.14988940156876,3.40404907616812
"2022-06-10","Eastern","SG",4.82788843381805,8.30095962139921
"2022-06-10","Eastern","SH",0.650879001724056,1.30317360942587
"2022-06-10","Eastern","TG",2.21622665198999,3.74678557080717
"2022-06-10","Espace Mittelland","BE",10.5448576594151,20.5545030558745
"2022-06-10","Espace Mittelland","FR",2.9813872754217,5.10726319946761
"2022-06-10","Espace Mittelland","JU",0.575068589996577,0.926075096135479
"2022-06-10","Espace Mittelland","NE",1.60004189673015,2.73709962810167
"2022-06-10","Espace Mittelland","SO",2.06432889141502,3.90381081924355
"2022-06-10","Lake Geneva","GE",7.16501346404532,11.4490439473564
"2022-06-10","Lake Geneva","VD",9.31018881383229,15.723495531578
"2022-06-10","Lake Geneva","VS",4.02156601955731,6.14278013542238
"2022-06-10","Northwestern","AG",5.87887555767719,10.6144989365108
"2022-06-10","Northwestern","BL",2.14348413760888,3.84827418375761
"2022-06-10","Northwestern","BS",2.2607419160287,5.23845745465471
"2022-06-10","Ticino","TI",3.61064031504831,5.08442316333141
"2022-06-10","Zurich","ZH",18.1792241145217,38.5206046355757
"2022-06-11","9999","9999",0.0195462610126893,0.0725986862900644
"2022-06-11","Central","LU",5.27572144598606,8.84633346044901
"2022-06-11","Central","NW",0.561716664281092,0.794031137223073
"2022-06-11","Central","OW",0.376789553755925,0.62623164554983
"2022-06-11","Central","SZ",1.94616296412779,2.7870282190006
"2022-06-11","Central","UR",0.379839245518633,0.610019298471009
"2022-06-11","Central","ZG",1.83290794702001,2.99850248215452
"2022-06-11","Eastern","AI",0.184320902574646,0.241757703923796
"2022-06-11","Eastern","AR",0.319987768542002,0.458364177578562
"2022-06-11","Eastern","GL",0.368628619905113,0.63302927535227
"2022-06-11","Eastern","GR",2.49518445473261,3.69818251771972
"2022-06-11","Eastern","SG",5.34271447727319,8.3708392557683
"2022-06-11","Eastern","SH",0.745962680777794,1.40629365352889
"2022-06-11","Eastern","TG",2.63099172181655,4.06759970933335
"2022-06-11","Espace Mittelland","BE",10.9708438772047,19.7240366229103
"2022-06-11","Espace Mittelland","FR",2.79067981963761,4.6100505675681
"2022-06-11","Espace Mittelland","JU",0.628157775422883,0.913261563957879
"2022-06-11","Espace Mittelland","NE",1.79905968258289,2.83542734319398
"2022-06-11","Espace Mittelland","SO",2.31626784187828,4.04414788651493
"2022-06-11","Lake Geneva","GE",7.25475515727981,10.194337438422
"2022-06-11","Lake Geneva","VD",10.0967945770716,15.4954690398552
"2022-06-11","Lake Geneva","VS",3.94403998317411,5.76197691388967
"2022-06-11","Northwestern","AG",7.53973227657354,12.7006915228798
"2022-06-11","Northwestern","BL",2.38650546923106,3.77696704713001
"2022-06-11","Northwestern","BS",2.60779891646585,5.04445310009306
"2022-06-11","Ticino","TI",4.0032182804016,5.53252291990829
"2022-06-11","Zurich","ZH",20.9172696376991,37.8966841841587
"2022-06-12","9999","9999",0.016597254077153,0.064985340911331
"2022-06-12","Central","LU",1.42460988506332,3.52674629410217
"2022-06-12","Central","NW",0.255872037921874,0.382808522324436
"2022-06-12","Central","OW",0.209916754900177,0.362143727725017
"2022-06-12","Central","SZ",0.604460241901181,1.08272647493272
"2022-06-12","Central","UR",0.201029786758888,0.343042387980159
"2022-06-12","Central","ZG",0.401365067115889,1.100230371674
"2022-06-12","Eastern","AI",0.0758983734010008,0.116035540727659
"2022-06-12","Eastern","AR",0.107983421773871,0.168615207249536
"2022-06-12","Eastern","GL",0.12592912650475,0.304125957361187
"2022-06-12","Eastern","GR",1.0659801170982,1.67571771074862
"2022-06-12","Eastern","SG",1.16629635658417,2.78291565297012
"2022-06-12","Eastern","SH",0.216776293010853,0.552205457001253
"2022-06-12","Eastern","TG",0.552890147762728,1.18564259014167
"2022-06-12","Espace Mittelland","BE",3.25761125269073,8.37627735961025
"2022-06-12","Espace Mittelland","FR",0.858840953127193,1.92519072449818
"2022-06-12","Espace Mittelland","JU",0.12994712505619,0.275643888488962
"2022-06-12","Espace Mittelland","NE",0.396903677037222,0.847698424513341
"2022-06-12","Espace Mittelland","SO",0.543595784163262,1.39698090069954
"2022-06-12","Lake Geneva","GE",1.80466917182651,4.06114196102103
"2022-06-12","Lake Geneva","VD",2.44653875141894,5.36700063421886
"2022-06-12","Lake Geneva","VS",1.31574741829336,2.46570425823924
"2022-06-12","Northwestern","AG",1.51781433983376,3.9565944146595
"2022-06-12","Northwestern","BL",0.469575797016976,1.24209690565094
"2022-06-12","Northwestern","BS",0.736649101261136,2.20532104865675
"2022-06-12","Ticino","TI",1.56265867106985,2.35384925984008
"2022-06-12","Zurich","ZH",5.60757159142142,15.7135030157685
"2022-06-13","9999","9999",0.0138359812093157,0.0517979390945965
"2022-06-13","Central","LU",3.38454394975726,7.05573580603915
"2022-06-13","Central","NW",0.348890231048672,0.580483596979405
"2022-06-13","Central","OW",0.227459089842918,0.411766425282832
"2022-06-13","Central","SZ",1.22006768553269,2.0330351213139
"2022-06-13","Central","UR",0.266367441380106,0.456902687171037
"2022-06-13","Central","ZG",1.20259407285015,2.62344325780487
"2022-06-13","Eastern","AI",0.0870687344821042,0.128475203266125
"2022-06-13","Eastern","AR",0.189424809954599,0.354904251985418
"2022-06-13","Eastern","GL",0.244993498758271,0.484637016764994
"2022-06-13","Eastern","GR",1.82161859762753,3.04720749968901
"2022-06-13","Eastern","SG",3.4309766780286,6.81010345312796
"2022-06-13","Eastern","SH",0.496315996958927,1.11800617360739
"2022-06-13","Eastern","TG",1.63510921472465,3.15855267585298
"2022-06-13","Espace Mittelland","BE",7.60992892276199,17.2760401903064
"2022-06-13","Espace Mittelland","FR",2.09657871813792,4.11922770768289
"2022-06-13","Espace Mittelland","JU",0.412281106100775,0.764393471284432
"2022-06-13","Espace Mittelland","NE",1.1864028318756,2.3569761695492
"2022-06-13","Espace Mittelland","SO",1.48180133007433,3.28264340789653
"2022-06-13","Lake Geneva","GE",5.79126399605152,10.4633876260026
"2022-06-13","Lake Geneva","VD",6.82575680628903,13.3294043033075
"2022-06-13","Lake Geneva","VS",3.05849540182917,5.18363457029803
"2022-06-13","Northwestern","AG",4.31852249122074,9.0231737997595
"2022-06-13","Northwestern","BL",1.55849556042803,3.36037430468744
"2022-06-13","Northwestern","BS",1.98754062563854,4.91512819310163
"2022-06-13","Ticino","TI",2.92141009415694,4.65579861613852
"2022-06-13","Zurich","ZH",13.8413798560492,33.8418980070029
"2022-06-14","9999","9999",0.0130813638783684,0.0571340784895123
"2022-06-14","Central","LU",3.53882820036842,7.30119821820528
"2022-06-14","Central","NW",0.400490458972084,0.639283094770515
"2022-06-14","Central","OW",0.267498251310417,0.455985007147708
"2022-06-14","Central","SZ",1.26134026060817,2.09587920883746
"2022-06-14","Central","UR",0.295969125178472,0.485860590129434
"2022-06-14","Central","ZG",1.33198596872289,2.76201294132762
"2022-06-14","Eastern","AI",0.105480050245845,0.149649820100727
"2022-06-14","Eastern","AR",0.200786954269567,0.367004033033762
"2022-06-14","Eastern","GL",0.234256664746393,0.485826601980421
"2022-06-14","Eastern","GR",1.6611694288722,3.00037183035019
"2022-06-14","Eastern","SG",3.49301725014884,6.88885399438924
"2022-06-14","Eastern","SH",0.517190341397848,1.12687708049957
"2022-06-14","Eastern","TG",1.64554843502332,3.19226891967309
"2022-06-14","Espace Mittelland","BE",7.64949268705905,17.5771072142565
"2022-06-14","Espace Mittelland","FR",2.14859968732057,4.15257008186386
"2022-06-14","Espace Mittelland","JU",0.438075837491016,0.796988106187135
"2022-06-14","Espace Mittelland","NE",1.21031138021245,2.36424963343781
"2022-06-14","Espace Mittelland","SO",1.52368465176918,3.34501166133393
"2022-06-14","Lake Geneva","GE",5.67634977240886,10.4322544815074
"2022-06-14","Lake Geneva","VD",6.8459825205172,13.2625156260515
"2022-06-14","Lake Geneva","VS",3.19878462202034,5.38137762125102
"2022-06-14","Northwestern","AG",4.44250469326358,9.18410768533228
"2022-06-14","Northwestern","BL",1.62013002937717,3.38997798247707
"2022-06-14","Northwestern","BS",2.0185213872943,5.08945340938522
"2022-06-14","Ticino","TI",2.85561965347306,4.58523921878919
"2022-06-14","Zurich","ZH",14.1383265611551,34.5299540956059
"2022-06-15","9999","9999",0.0179094541204352,0.0656311157425629
"2022-06-15","Central","LU",3.95046290055862,7.76299519883407
"2022-06-15","Central","NW",0.476440649168742,0.732002765275804
"2022-06-15","Central","OW",0.318219402909566,0.495411260001863
"2022-06-15","Central","SZ",1.46584155337888,2.31897741895356
"2022-06-15","Central","UR",0.340599387102702,0.520596478419905
"2022-06-15","Central","ZG",1.56145037482336,3.06454145568523
"2022-06-15","Eastern","AI",0.117467007529182,0.161783589298084
"2022-06-15","Eastern","AR",0.222180813776432,0.390761749193291
"2022-06-15","Eastern","GL",0.258068456025568,0.511589618931671
"2022-06-15","Eastern","GR",1.80777341768386,3.16681179606295
"2022-06-15","Eastern","SG",3.71504031483371,7.27727056130069
"2022-06-15","Eastern","SH",0.548687074122144,1.17112965051346
"2022-06-15","Eastern","TG",1.74176093466848,3.31962251402181
"2022-06-15","Espace Mittelland","BE",7.81874689687119,17.9351383759511
"2022-06-15","Espace Mittelland","FR",2.55952528609699,4.72924700615389
"2022-06-15","Espace Mittelland","JU",0.547699073661605,0.948813167824643
"2022-06-15","Espace Mittelland","NE",1.30649450578081,2.47810993262869
"2022-06-15","Espace Mittelland","SO",1.84891943477854,3.76619280389314
"2022-06-15","Lake Geneva","GE",6.02416859174038,10.8993536133821
"2022-06-15","Lake Geneva","VD",7.51083324450165,14.060421412262
"2022-06-15","Lake Geneva","VS",3.58410918757487,5.77553818534553
"2022-06-15","Northwestern","AG",4.95555560420124,9.96287814364887
"2022-06-15","Northwestern","BL",1.70137344701016,3.53578714173942
"2022-06-15","Northwestern","BS",2.20863204141136,5.30463238078147
"2022-06-15","Ticino","TI",3.2985798544342,5.10491801718577
"2022-06-15","Zurich","ZH",14.7666031408364,35.9026334697618
"2022-06-16","9999","9999",0.0170403401547072,0.0603969407946837
"2022-06-16","Central","LU",1.33373386922729,3.28753770135429
"2022-06-16","Central","NW",0.218359779355218,0.330330820249595
"2022-06-16","Central","OW",0.169676650624672,0.268472389047387
"2022-06-16","Central","SZ",0.487865132628969,0.88627497364219
"2022-06-16","Central","UR",0.186053585419747,0.295900825300234
"2022-06-16","Central","ZG",0.377027651775328,1.00258241956195
"2022-06-16","Eastern","AI",0.0388428991548862,0.0604989052417203
"2022-06-16","Eastern","AR",0.251692679707115,0.399632656085476
"2022-06-16","Eastern","GL",0.29362489292961,0.572904239749684
"2022-06-16","Eastern","GR",1.99170771887416,3.21215198684523
"2022-06-16","Eastern","SG",4.52651359348746,8.11341301514988
"2022-06-16","Eastern","SH",0.600495626553973,1.34535290235001
"2022-06-16","Eastern","TG",1.89677716017464,3.54747906499962
"2022-06-16","Espace Mittelland","BE",9.40681459471585,20.0689143709371
"2022-06-16","Espace Mittelland","FR",0.900839535081006,1.98470397341855
"2022-06-16","Espace Mittelland","JU",0.132263424324141,0.285908309490647
"2022-06-16","Espace Mittelland","NE",1.40198500855359,2.63900983005246
"2022-06-16","Espace Mittelland","SO",0.532205350509432,1.44232109148182
"2022-06-16","Lake Geneva","GE",6.49224410220445,11.467465524121
"2022-06-16","Lake Geneva","VD",8.04523569058648,14.8239311916721
"2022-06-16","Lake Geneva","VS",1.37631371015905,2.55526303088639
"2022-06-16","Northwestern","AG",4.02662858158293,7.92766778079819
"2022-06-16","Northwestern","BL",1.99679997217432,3.82757540100918
"2022-06-16","Northwestern","BS",2.51702024900672,5.93208759969574
"2022-06-16","Ticino","TI",2.05177761586247,3.14539926218526
"2022-06-16","Zurich","ZH",16.8405934954484,38.5720966813292
"2022-06-17","9999","9999",0.0183962743254,0.0721568403529057
"2022-06-17","Central","LU",5.2933250314201,8.93443074268864
"2022-06-17","Central","NW",0.576631352755497,0.808272171659186
"2022-06-17","Central","OW",0.372294509389028,0.593399093604042
"2022-06-17","Central","SZ",1.87457114523385,2.71748846612163
"2022-06-17","Central","UR",0.433365114327443,0.643667565993089
"2022-06-17","Central","ZG",1.79094115532822,3.16704971310603
"2022-06-17","Eastern","AI",0.166992022128403,0.217728082572169
"2022-06-17","Eastern","AR",0.294750506299475,0.449867140325511
"2022-06-17","Eastern","GL",0.344703123027488,0.628644804129696
"2022-06-17","Eastern","GR",2.58742420153801,3.96818437347266
"2022-06-17","Eastern","SG",4.83876851197807,8.54737370173768
"2022-06-17","Eastern","SH",0.669747892844668,1.34837784761209
"2022-06-17","Eastern","TG",2.22015588999954,3.84572507258169
"2022-06-17","Espace Mittelland","BE",10.725031358227,20.8836782790577
"2022-06-17","Espace Mittelland","FR",3.14565907241897,5.09305615318051
"2022-06-17","Espace Mittelland","JU",0.644399070983438,1.00717081967859
"2022-06-17","Espace Mittelland","NE",1.67537210632889,2.87689288498886
"2022-06-17","Espace Mittelland","SO",2.27706919175593,4.08133092153428
"2022-06-17","Lake Geneva","GE",7.12481647124982,11.5629722228453
"2022-06-17","Lake Geneva","VD",9.30129198514902,15.9091388014827
"2022-06-17","Lake Geneva","VS",4.77094887905394,6.91940934035121
"2022-06-17","Northwestern","AG",6.39702340547664,11.3128534342645
"2022-06-17","Northwestern","BL",2.21726897941593,4.01719528434825
"2022-06-17","Northwestern","BS",2.54168325411764,5.83957185808452
"2022-06-17","Ticino","TI",3.92429775661666,5.31394513361081
"2022-06-17","Zurich","ZH",18.4713574027179,39.6537015473445
"2022-06-18","9999","9999",0.0187013128152503,0.0709332669884665
"2022-06-18","Central","LU",4.64739336279087,7.9388498818232
"2022-06-18","Central","NW",0.553440055073046,0.758683462250383
"2022-06-18","Central","OW",0.379372945265999,0.638365414747186
"2022-06-18","Central","SZ",1.83033115792207,2.6335717262105
"2022-06-18","Central","UR",0.362713477356274,0.604003396095849
"2022-06-18","Central","ZG",1.6106205469721,2.70562660211637
"2022-06-18","Eastern","AI",0.178318659877001,0.237951031234429
"2022-06-18","Eastern","AR",0.304214566771899,0.47855313809181
"2022-06-18","Eastern","GL",0.361150601032732,0.66589581544707
"2022-06-18","Eastern","GR",2.72255434152321,4.01168920420828
"2022-06-18","Eastern","SG",5.20598048371613,8.41104723604973
"2022-06-18","Eastern","SH",0.741775153742316,1.40955651583406
"2022-06-18","Eastern","TG",2.56767196171375,4.04285633685247
"2022-06-18","Espace Mittelland","BE",10.7604045997322,19.8035688915989
"2022-06-18","Espace Mittelland","FR",2.63511517099325,4.28787690308143
"2022-06-18","Espace Mittelland","JU",0.594859461372319,0.886988724771447
"2022-06-18","Espace Mittelland","NE",1.80208097535813,2.84878468575577
"2022-06-18","Espace Mittelland","SO",2.18662950686047,3.90129569621664
"2022-06-18","Lake Geneva","GE",7.04171737637043,10.1066140258215
"2022-06-18","Lake Geneva","VD",10.1922495067056,15.6713916991423
"2022-06-18","Lake Geneva","VS",4.09642504954071,6.08802522736372
"2022-06-18","Northwestern","AG",6.83688034350181,11.1466853737439
"2022-06-18","Northwestern","BL",2.35604117597857,3.78294896135615
"2022-06-18","Northwestern","BS",2.69474265937572,5.61987246286965
"2022-06-18","Ticino","TI",3.71356597975487,5.34490833736093
"2022-06-18","Zurich","ZH",20.0913195953323,38.2780652042246
"2022-06-19","9999","9999",0.0153451453828245,0.0602609881986349
"2022-06-19","Central","LU",1.32632909561987,3.34456981539677
"2022-06-19","Central","NW",0.237314905183899,0.358574972078736
"2022-06-19","Central","OW",0.211086215962074,0.35463234679332
"2022-06-19","Central","SZ",0.56794365528106,0.976377556673539
"2022-06-19","Central","UR",0.217602103611528,0.380361375595557
"2022-06-19","Central","ZG",0.371648408928126,1.01600773842177
"2022-06-19","Eastern","AI",0.0563957212030361,0.0954047342772522
"2022-06-19","Eastern","AR",0.091815798324614,0.168921100590646
"2022-06-19","Eastern","GL",0.132883447998292,0.328767365395034
"2022-06-19","Eastern","GR",1.36618399261467,1.9447339101802
"2022-06-19","Eastern","SG",1.1476063101626,2.85106189173959
"2022-06-19","Eastern","SH",0.199938614797563,0.536944778094774
"2022-06-19","Eastern","TG",0.525104781279297,1.17989859295861
"2022-06-19","Espace Mittelland","BE",3.23760295205673,8.34402260619767
"2022-06-19","Espace Mittelland","FR",0.804595957889721,1.84885334181678
"2022-06-19","Espace Mittelland","JU",0.133177682184997,0.276527580363279
"2022-06-19","Espace Mittelland","NE",0.402820711024415,0.814492002928419
"2022-06-19","Espace Mittelland","SO",0.508287482041566,1.36683341252572
"2022-06-19","Lake Geneva","GE",1.73406777349436,3.96237239999157
"2022-06-19","Lake Geneva","VD",2.44238585376103,5.49734518568066
"2022-06-19","Lake Geneva","VS",1.53706847347928,2.77764748987323
"2022-06-19","Northwestern","AG",1.40239309714756,3.62721526258224
"2022-06-19","Northwestern","BL",0.45188647420959,1.27428368276549
"2022-06-19","Northwestern","BS",0.82073971710434,2.50366902068587
"2022-06-19","Ticino","TI",1.68405804159369,2.39918945062236
"2022-06-19","Zurich","ZH",5.43564023662998,15.6670072279198
"2022-06-20","9999","9999",0.0136547986454811,0.0527835954159504
"2022-06-20","Central","LU",3.43646826761481,7.31849818605249
"2022-06-20","Central","NW",0.402766525035789,0.634626718355844
"2022-06-20","Central","OW",0.252008146562052,0.441675996413571
"2022-06-20","Central","SZ",1.278134561052,2.14845887535934
"2022-06-20","Central","UR",0.29359279330189,0.488409701305349
"2022-06-20","Central","ZG",1.28726304589941,2.75963377089676
"2022-06-20","Eastern","AI",0.0938636973992805,0.141526652486811
"2022-06-20","Eastern","AR",0.195355647917358,0.375127200647678
"2022-06-20","Eastern","GL",0.237622892437891,0.500407517906656
"2022-06-20","Eastern","GR",1.83178751846252,3.20583019112896
"2022-06-20","Eastern","SG",3.4401492768575,7.03707631223145
"2022-06-20","Eastern","SH",0.482993366999813,1.10067221761116
"2022-06-20","Eastern","TG",1.61575050764267,3.21218597499424
"2022-06-20","Espace Mittelland","BE",7.46979083358614,17.4895877305501
"2022-06-20","Espace Mittelland","FR",2.14978434646166,4.21677369534791
"2022-06-20","Espace Mittelland","JU",0.404796363419587,0.793181433497768
"2022-06-20","Espace Mittelland","NE",1.1618436796532,2.37240678920074
"2022-06-20","Espace Mittelland","SO",1.45790807771722,3.33970951008802
"2022-06-20","Lake Geneva","GE",5.67155201566885,10.5653860611882
"2022-06-20","Lake Geneva","VD",6.83747017073466,13.5205536533521
"2022-06-20","Lake Geneva","VS",3.26363582454261,5.55029872184167
"2022-06-20","Northwestern","AG",4.29526262791895,9.15093525189637
"2022-06-20","Northwestern","BL",1.61458844786129,3.46196488208491
"2022-06-20","Northwestern","BS",1.80202027310984,4.80769165407406
"2022-06-20","Ticino","TI",2.99398293516122,4.52375465722612
"2022-06-20","Zurich","ZH",13.784516463986,34.6328022345169
"2022-06-21","9999","9999",0.0129275973806156,0.0526816309689138
"2022-06-21","Central","LU",3.31510103587891,7.09995438790403
"2022-06-21","Central","NW",0.366160469073892,0.590578077236029
"2022-06-21","Central","OW",0.255619274402189,0.433620805097679
"2022-06-21","Central","SZ",1.25260832775558,2.05050502990617
"2022-06-21","Central","UR",0.273774235654586,0.456936675320049
"2022-06-21","Central","ZG",1.2230210000918,2.71160851634252
"2022-06-21","Eastern","AI",0.0996402167052642,0.135714679005724
"2022-06-21","Eastern","AR",0.212193737312898,0.375976904372983
"2022-06-21","Eastern","GL",0.241715816227489,0.481340166310811
"2022-06-21","Eastern","GR",1.71049878729236,3.02011894492628
"2022-06-21","Eastern","SG",3.49715218110039,6.91237379350568
"2022-06-21","Eastern","SH",0.497324908973942,1.09152940552688
"2022-06-21","Eastern","TG",1.6185233601859,3.10556515154296
"2022-06-21","Espace Mittelland","BE",7.46821969837338,17.2517386637627
"2022-06-21","Espace Mittelland","FR",2.05666233960657,4.03585477815595
"2022-06-21","Espace Mittelland","JU",0.425475768311364,0.76898187140108
"2022-06-21","Espace Mittelland","NE",1.16983104760188,2.31211181285309
"2022-06-21","Espace Mittelland","SO",1.48123597797547,3.25572479387887
"2022-06-21","Lake Geneva","GE",5.51798560311529,10.3572766247865
"2022-06-21","Lake Geneva","VD",6.647232449554,13.0764644983587
"2022-06-21","Lake Geneva","VS",3.07914125424927,5.23366512564399
"2022-06-21","Northwestern","AG",4.32751091564542,9.03337024446316
"2022-06-21","Northwestern","BL",1.57117400094471,3.32217162519773
"2022-06-21","Northwestern","BS",1.81763638367999,4.72078395704986
"2022-06-21","Ticino","TI",2.77376254045656,4.29392679360561
"2022-06-21","Zurich","ZH",13.8823106211935,34.2198122358696
"2022-06-22","9999","9999",0.0133540207869545,0.0482291834483152
"2022-06-22","Central","LU",3.63570094905994,7.23396965945914
"2022-06-22","Central","NW",0.403034063704357,0.598327375210811
"2022-06-22","Central","OW",0.229449000472143,0.391679429216621
"2022-06-22","Central","SZ",1.32023895390505,2.0386091777519
"2022-06-22","Central","UR",0.29398298176187,0.452688156693524
"2022-06-22","Central","ZG",1.37222918231941,2.73322497911428
"2022-06-22","Eastern","AI",0.097843577398051,0.12653787877243
"2022-06-22","Eastern","AR",0.206184234311509,0.346781084371501
"2022-06-22","Eastern","GL",0.26153278788611,0.494391615531496
"2022-06-22","Eastern","GR",1.86011979649987,3.06688663796707
"2022-06-22","Eastern","SG",3.75956302714519,7.01427026424426
"2022-06-22","Eastern","SH",0.508810787818261,1.07871587334928
"2022-06-22","Eastern","TG",1.70115717297823,3.10019502399903
"2022-06-22","Espace Mittelland","BE",7.79413250916642,16.9545462888
"2022-06-22","Espace Mittelland","FR",2.14962517585433,4.01026170194976
"2022-06-22","Espace Mittelland","JU",0.495128169756491,0.833151496736118
"2022-06-22","Espace Mittelland","NE",1.26944716119519,2.29399612942959
"2022-06-22","Espace Mittelland","SO",1.57788581106269,3.25439925606739
"2022-06-22","Lake Geneva","GE",6.07148273420078,10.3041531478804
"2022-06-22","Lake Geneva","VD",7.07937452381424,13.0351009210109
"2022-06-22","Lake Geneva","VS",3.35784031762349,5.34300500101625
"2022-06-22","Northwestern","AG",4.6364708232104,9.10916381676037
"2022-06-22","Northwestern","BL",1.62010482977922,3.21874568775359
"2022-06-22","Northwestern","BS",1.82702563247887,4.57351330737998
"2022-06-22","Ticino","TI",2.85788002020683,4.22948526307847
"2022-06-22","Zurich","ZH",14.3323802690054,33.4005958802285
"2022-06-23","9999","9999",0.0145026956070624,0.0518999035416331
"2022-06-23","Central","LU",3.70006285645169,7.33216142195539
"2022-06-23","Central","NW",0.387303021821047,0.607844056934228
"2022-06-23","Central","OW",0.263688765236422,0.442423735691839
"2022-06-23","Central","SZ",1.28490486086617,2.0458486534915
"2022-06-23","Central","UR",0.276669428623533,0.469206397113455
"2022-06-23","Central","ZG",1.34824237621017,2.76755300961661
"2022-06-23","Eastern","AI",0.098901024582758,0.140201114675335
"2022-06-23","Eastern","AR",0.210400199494663,0.369213262719555
"2022-06-23","Eastern","GL",0.242964502319082,0.496260963727168
"2022-06-23","Eastern","GR",1.78636549966004,3.0608367474429
"2022-06-23","Eastern","SG",3.77827325674125,7.16232264134142
"2022-06-23","Eastern","SH",0.502226510770428,1.10002644277993
"2022-06-23","Eastern","TG",1.66622823934928,3.15702320914743
"2022-06-23","Espace Mittelland","BE",8.16538437784779,17.5469257379337
"2022-06-23","Espace Mittelland","FR",2.12304469867874,3.97681736332176
"2022-06-23","Espace Mittelland","JU",0.10626643434269,0.236489540826904
"2022-06-23","Espace Mittelland","NE",1.32430524483285,2.4296768202863
"2022-06-23","Espace Mittelland","SO",1.64715581301447,3.44289753048907
"2022-06-23","Lake Geneva","GE",6.16658595811752,10.7718980545863
"2022-06-23","Lake Geneva","VD",6.96706001757503,12.910262449689
"2022-06-23","Lake Geneva","VS",3.16783548615372,5.20154632482746
"2022-06-23","Northwestern","AG",4.68342744074563,9.32240546366293
"2022-06-23","Northwestern","BL",1.67115470788189,3.38379213935685
"2022-06-23","Northwestern","BS",2.00258676320453,4.93582697585006
"2022-06-23","Ticino","TI",3.03517892460545,4.4763411893541
"2022-06-23","Zurich","ZH",14.8505543424004,35.3525352779993
"2022-06-24","9999","9999",0.0202454783883647,0.0659370090836727
"2022-06-24","Central","LU",4.92493351486495,8.68410802521377
"2022-06-24","Central","NW",0.513843176898707,0.677213869068133
"2022-06-24","Central","OW",0.304745528370504,0.458840011664733
"2022-06-24","Central","SZ",1.76672359373977,2.4085022034517
"2022-06-24","Central","UR",0.387219042741326,0.564305238049597
"2022-06-24","Central","ZG",1.72204450686026,2.96359665311899
"2022-06-24","Eastern","AI",0.131760873461063,0.152334883872691
"2022-06-24","Eastern","AR",0.296860572214456,0.417714351359968
"2022-06-24","Eastern","GL",0.366342051071914,0.591257840216273
"2022-06-24","Eastern","GR",2.53719001503662,3.5945186632325
"2022-06-24","Eastern","SG",5.2524688234079,8.38474040871429
"2022-06-24","Eastern","SH",0.679739613709626,1.25837722902778
"2022-06-24","Eastern","TG",2.39586692210979,3.73917222542844
"2022-06-24","Espace Mittelland","BE",10.8027023265636,19.8252873188177
"2022-06-24","Espace Mittelland","FR",3.16505882723765,4.95115563105456
"2022-06-24","Espace Mittelland","JU",0.65412148705416,0.934028323004335
"2022-06-24","Espace Mittelland","NE",1.78651453951991,2.71310399489906
"2022-06-24","Espace Mittelland","SO",2.21215460451068,3.84096673171998
"2022-06-24","Lake Geneva","GE",7.29863076662891,10.9086663662114
"2022-06-24","Lake Geneva","VD",9.58908265228075,15.1267995875198
"2022-06-24","Lake Geneva","VS",4.31889084002917,6.17670030813656
"2022-06-24","Northwestern","AG",6.27959530753646,10.6800280878063
"2022-06-24","Northwestern","BL",2.2267278785721,3.78624581181034
"2022-06-24","Northwestern","BS",2.30530946678563,5.07980077506575
"2022-06-24","Ticino","TI",4.258185263113,4.76422081148745
"2022-06-24","Zurich","ZH",18.3103586751782,36.2311289299647
"2022-06-25","9999","9999",0.0230788256307535,0.0818774509703956
"2022-06-25","Central","LU",5.9186663768132,10.3805924950088
"2022-06-25","Central","NW",0.592939416481556,0.794303042415171
"2022-06-25","Central","OW",0.397760032605108,0.600638569343641
"2022-06-25","Central","SZ",2.05976278692312,2.78930542498442
"2022-06-25","Central","UR",0.395686131148098,0.607844056934228
"2022-06-25","Central","ZG",1.93285395017521,3.17126424358355
"2022-06-25","Eastern","AI",0.166955105794315,0.220617075238206
"2022-06-25","Eastern","AR",0.325326198613786,0.464957878486929
"2022-06-25","Eastern","GL",0.415557210474917,0.693698121339052
"2022-06-25","Eastern","GR",2.79266336281598,4.04333217093864
"2022-06-25","Eastern","SG",6.11146981258317,9.13560659669186
"2022-06-25","Eastern","SH",0.813462151537287,1.41200366256294
"2022-06-25","Eastern","TG",2.84356145592774,4.26704216773695
"2022-06-25","Espace Mittelland","BE",11.5690041256343,20.1942626644941
"2022-06-25","Espace Mittelland","FR",3.08010122382836,4.70545530184535
"2022-06-25","Espace Mittelland","JU",0.633762389219817,0.898102849498437
"2022-06-25","Espace Mittelland","NE",1.95158946943772,2.87801449390626
"2022-06-25","Espace Mittelland","SO",2.58918314913889,4.191962346569
"2022-06-25","Lake Geneva","GE",7.76901986647409,10.2742435767497
"2022-06-25","Lake Geneva","VD",10.9498080125456,15.8896635920987
"2022-06-25","Lake Geneva","VS",4.25173926469813,5.99843246656756
"2022-06-25","Northwestern","AG",7.82687180332478,12.2447405038811
"2022-06-25","Northwestern","BL",2.57963875931873,3.93868266013007
"2022-06-25","Northwestern","BS",2.76902579924656,5.29576147388928
"2022-06-25","Ticino","TI",4.0275215245391,5.24861991120936
"2022-06-25","Zurich","ZH",22.0999190217675,39.1859906287876
"2022-06-26","9999","9999",0.0161407712902621,0.0599890830065373
"2022-06-26","Central","LU",1.46610042980802,3.60597266944962
"2022-06-26","Central","NW",0.252481154959408,0.357623303906394
"2022-06-26","Central","OW",0.200657615913539,0.329413140226266
"2022-06-26","Central","SZ",0.591179297990266,1.04782064589719
"2022-06-26","Central","UR",0.203458953596701,0.336822556710926
"2022-06-26","Central","ZG",0.396408821156268,1.02436882307877
"2022-06-26","Eastern","AI",0.0595379446362836,0.104003735977339
"2022-06-26","Eastern","AR",0.104979939064122,0.16820734946139
"2022-06-26","Eastern","GL",0.147040343248364,0.339881490122024
"2022-06-26","Eastern","GR",1.29942470864712,1.85537906642712
"2022-06-26","Eastern","SG",1.24888019311092,2.92461224620199
"2022-06-26","Eastern","SH",0.203663248519058,0.513458967127342
"2022-06-26","Eastern","TG",0.555778781395767,1.19706260820977
"2022-06-26","Espace Mittelland","BE",3.3711066469424,8.244675246635
"2022-06-26","Espace Mittelland","FR",0.872699290902894,1.87097962682372
"2022-06-26","Espace Mittelland","JU",0.114628146528609,0.234246322992099
"2022-06-26","Espace Mittelland","NE",0.394700789666114,0.744476415963282
"2022-06-26","Espace Mittelland","SO",0.555594399442418,1.35272833068566
"2022-06-26","Lake Geneva","GE",1.8788556486242,3.9306954451122
"2022-06-26","Lake Geneva","VD",2.46843038815875,5.27774775491282
"2022-06-26","Lake Geneva","VS",1.48737327642044,2.62072420588389
"2022-06-26","Northwestern","AG",1.58029979548539,3.83100820405941
"2022-06-26","Northwestern","BL",0.471321872655392,1.21986865619696
"2022-06-26","Northwestern","BS",0.746483495964855,2.20528706050774
"2022-06-26","Ticino","TI",1.56259317952734,2.16609872469667
"2022-06-26","Zurich","ZH",5.77964250146881,16.2223735827792
"2022-06-27","9999","9999",0.0142045179867701,0.0488069819815227
"2022-06-27","Central","LU",3.72713751595255,7.22543863405708
"2022-06-27","Central","NW",0.382140534676415,0.600740533790678
"2022-06-27","Central","OW",0.247169020971575,0.420739296622054
"2022-06-27","Central","SZ",1.28308493297947,2.07878316988432
"2022-06-27","Central","UR",0.290527194660104,0.457310544959184
"2022-06-27","Central","ZG",1.27480214037357,2.6611361150594
"2022-06-27","Eastern","AI",0.0942732545012894,0.138161825734603
"2022-06-27","Eastern","AR",0.204454257437221,0.37315588800497
"2022-06-27","Eastern","GL",0.272748837189322,0.513696884170427
"2022-06-27","Eastern","GR",1.96727049197921,3.31384452868974
"2022-06-27","Eastern","SG",3.95234131030947,7.4151944699922
"2022-06-27","Eastern","SH",0.546286423752437,1.1305817887419
"2022-06-27","Eastern","TG",1.81694192427036,3.32845943276498
"2022-06-27","Espace Mittelland","BE",8.08889960764872,17.1894723747724
"2022-06-27","Espace Mittelland","FR",2.38558458937796,4.14716596617092
"2022-06-27","Espace Mittelland","JU",0.469299075278138,0.766806629864299
"2022-06-27","Espace Mittelland","NE",1.34918521319547,2.38141364868898
"2022-06-27","Espace Mittelland","SO",1.61427131669724,3.34021933232321
"2022-06-27","Lake Geneva","GE",6.38555497642385,10.3776355260448
"2022-06-27","Lake Geneva","VD",7.6239602547007,13.4915617622447
"2022-06-27","Lake Geneva","VS",3.28851616884329,5.07657190090959
"2022-06-27","Northwestern","AG",4.9077019984597,9.4454425630871
"2022-06-27","Northwestern","BL",1.71834671354969,3.4237622025952
"2022-06-27","Northwestern","BS",1.93656411028148,4.74382792208013
"2022-06-27","Ticino","TI",3.34736726681562,4.4345697542181
"2022-06-27","Zurich","ZH",14.9699176715625,33.8630386356885
"2022-06-28","9999","9999",0.0110099295148644,0.0503024605380596
"2022-06-28","Central","LU",3.79854357445359,7.33280719678662
"2022-06-28","Central","NW",0.379866038937307,0.58595568897037
"2022-06-28","Central","OW",0.246696400260342,0.413499820882455
"2022-06-28","Central","SZ",1.32658087621818,2.05342801072122
"2022-06-28","Central","UR",0.323644706000912,0.451192678136987
"2022-06-28","Central","ZG",1.33024605690221,2.74444106828831
"2022-06-28","Eastern","AI",0.0921490478328978,0.122119419400843
"2022-06-28","Eastern","AR",0.239964034945839,0.378254110356801
"2022-06-28","Eastern","GL",0.274682631231351,0.498334240816912
"2022-06-28","Eastern","GR",1.91365183304245,3.05363125985231
"2022-06-28","Eastern","SG",4.24327607273269,7.49584834759816
"2022-06-28","Eastern","SH",0.555864530517177,1.16497779554225
"2022-06-28","Eastern","TG",1.82011139538076,3.29076657551045
"2022-06-28","Espace Mittelland","BE",8.30869160918825,17.4952637514352
"2022-06-28","Espace Mittelland","FR",2.41768179308137,4.15569699157298
"2022-06-28","Espace Mittelland","JU",0.457240239421321,0.773264378176617
"2022-06-28","Espace Mittelland","NE",1.38539503044427,2.40262225367259
"2022-06-28","Espace Mittelland","SO",1.63240698371202,3.3716923583085
"2022-06-28","Lake Geneva","GE",6.25102283249222,10.4374546683063
"2022-06-28","Lake Geneva","VD",7.57675300396144,13.4341557785631
"2022-06-28","Lake Geneva","VS",3.20590290733146,4.82750674494817
"2022-06-28","Northwestern","AG",4.98559394788599,9.54744099827272
"2022-06-28","Northwestern","BL",1.69098089785498,3.38827857502646
"2022-06-28","Northwestern","BS",2.03824182902449,4.89266202660456
"2022-06-28","Ticino","TI",3.4684558070539,4.47549148562879
"2022-06-28","Zurich","ZH",15.1993343139495,34.6698833050892
"2022-06-29","9999","9999",0.0140049222901377,0.0563863392112438
"2022-06-29","Central","LU",3.85183538657713,7.69328550521004
"2022-06-29","Central","NW",0.385503328017112,0.657976576727227
"2022-06-29","Central","OW",0.262733083700803,0.448439638066999
"2022-06-29","Central","SZ",1.40520971123035,2.16956551589592
"2022-06-29","Central","UR",0.297979532263899,0.468424669686174
"2022-06-29","Central","ZG",1.39790937008262,2.87148876929592
"2022-06-29","Eastern","AI",0.0995573066993959,0.14614904075247
"2022-06-29","Eastern","AR",0.256789769293745,0.394806338925743
"2022-06-29","Eastern","GL",0.285905353435091,0.528515717139748
"2022-06-29","Eastern","GR",1.99257884175889,3.26099295697576
"2022-06-29","Eastern","SG",4.78741487200854,8.13893811505804
"2022-06-29","Eastern","SH",0.583048168978612,1.19451349703385
"2022-06-29","Eastern","TG",2.33104895877748,5.35520674651163
"2022-06-29","Espace Mittelland","BE",8.65182353043062,18.338815621769
"2022-06-29","Espace Mittelland","FR",2.47820106919368,4.38967140937298
"2022-06-29","Espace Mittelland","JU",0.497270237398657,0.822751123138384
"2022-06-29","Espace Mittelland","NE",1.47050116071463,2.56331822220228
"2022-06-29","Espace Mittelland","SO",1.68928752011704,3.5560780666997
"2022-06-29","Lake Geneva","GE",6.88897621442648,10.8717212482352
"2022-06-29","Lake Geneva","VD",8.20340019761106,14.4341211106511
"2022-06-29","Lake Geneva","VS",3.32699550456795,5.14563581970239
"2022-06-29","Northwestern","AG",5.21140053150671,10.2164637234289
"2022-06-29","Northwestern","BL",1.75438715503929,3.54951835394035
"2022-06-29","Northwestern","BS",2.12339136839248,5.03918493699617
"2022-06-29","Ticino","TI",1.9698603527567,2.86424929355632
"2022-06-29","Zurich","ZH",15.9946301281921,36.3038295807018
"2022-06-30","9999","9999",0.013599935185146,0.0522057968827429
"2022-06-30","Central","LU",3.88087323377692,7.60413459035104
"2022-06-30","Central","NW",0.403390825005349,0.626605515188964
"2022-06-30","Central","OW",0.268830857741409,0.454081670803024
"2022-06-30","Central","SZ",1.37002208914128,2.12004478278514
"2022-06-30","Central","UR",0.292992710008897,0.477941351409591
"2022-06-30","Central","ZG",1.38488669561753,2.79576317329674
"2022-06-30","Eastern","AI",0.10433176702788,0.153116611299972
"2022-06-30","Eastern","AR",0.229174491285417,0.388654483954535
"2022-06-30","Eastern","GL",0.279305952712467,0.53796442256514
"2022-06-30","Eastern","GR",2.00267929095905,3.28461472053924
"2022-06-30","Eastern","SG",4.85628935187915,8.16453119126423
"2022-06-30","Eastern","SH",0.565485599953105,1.19719856080582
"2022-06-30","Eastern","TG",1.89803783320785,3.43096769018579
"2022-06-30","Espace Mittelland","BE",8.73347538126747,18.249766671357
"2022-06-30","Espace Mittelland","FR",2.48351059902726,4.31384384892676
"2022-06-30","Espace Mittelland","JU",0.505962931716448,0.830296492219093
"2022-06-30","Espace Mittelland","NE",1.52097712237955,2.56454179556672
"2022-06-30","Espace Mittelland","SO",1.77360326411665,3.6112068443975
"2022-06-30","Lake Geneva","GE",7.03512209921838,11.1508659160724
"2022-06-30","Lake Geneva","VD",8.08677527958366,14.0324491656249
"2022-06-30","Lake Geneva","VS",3.30578369698168,5.09271627169039
"2022-06-30","Northwestern","AG",5.07006542422611,9.79541853346575
"2022-06-30","Northwestern","BL",1.77543243381394,3.54306060562803
"2022-06-30","Northwestern","BS",2.09384298947792,4.97039292339547
"2022-06-30","Ticino","TI",4.00971098520415,4.62945780065407
"2022-06-30","Zurich","ZH",15.9392489463269,36.1879639807192
"2022-07-01","9999","9999",0.0190611795212426,0.0671945705971242
"2022-07-01","Central","LU",5.14131303658378,8.99370607456592
"2022-07-01","Central","NW",0.53769850650422,0.754978754008052
"2022-07-01","Central","OW",0.335819084070233,0.493541911806191
"2022-07-01","Central","SZ",1.82463311960171,2.50502854664636
"2022-07-01","Central","UR",0.41001787283932,0.596593979611189
"2022-07-01","Central","ZG",1.78931756109229,3.13805782199863
"2022-07-01","Eastern","AI",0.119728717458298,0.151213274955289
"2022-07-01","Eastern","AR",0.293896241887036,0.415539109823187
"2022-07-01","Eastern","GL",0.370164076246551,0.611820670368656
"2022-07-01","Eastern","GR",2.76197411371203,3.83104219220842
"2022-07-01","Eastern","SG",5.70848771839931,8.82821777702551
"2022-07-01","Eastern","SH",0.711115568500756,1.32237691361776
"2022-07-01","Eastern","TG",2.34399678632484,3.7524276035432
"2022-07-01","Espace Mittelland","BE",11.1310873647661,20.3938410754938
"2022-07-01","Espace Mittelland","FR",3.32155464703945,5.0960810984426
"2022-07-01","Espace Mittelland","JU",0.623731915406716,0.941811609128129
"2022-07-01","Espace Mittelland","NE",1.82454596071259,2.80188104011893
"2022-07-01","Espace Mittelland","SO",2.26441745458943,4.04248246721333
"2022-07-01","Lake Geneva","GE",7.58265450700762,11.3608786888188
"2022-07-01","Lake Geneva","VD",10.375023467248,15.9874474968068
"2022-07-01","Lake Geneva","VS",4.38838664760906,6.1459070451315
"2022-07-01","Northwestern","AG",6.28954538934548,10.5674253501289
"2022-07-01","Northwestern","BL",2.30641931425319,3.98959690735034
"2022-07-01","Northwestern","BS",2.43298283231474,5.34045588984033
"2022-07-01","Ticino","TI",4.26312201120188,4.90316436464933
"2022-07-01","Zurich","ZH",19.35408134431,39.0631914464065
"2022-07-02","9999","9999",0.0222416703159744,0.075385714509065
"2022-07-02","Central","LU",5.53068658816738,9.15062935855526
"2022-07-02","Central","NW",0.631045277325726,0.836516323488326
"2022-07-02","Central","OW",0.401607300453929,0.654509785527982
"2022-07-02","Central","SZ",2.00046678583929,2.78876161460022
"2022-07-02","Central","UR",0.419298123097526,0.64043869183693
"2022-07-02","Central","ZG",1.89884502312659,3.0028869533771
"2022-07-02","Eastern","AI",0.142935127067475,0.198932636168421
"2022-07-02","Eastern","AR",0.306248563970464,0.45000309292156
"2022-07-02","Eastern","GL",0.407901623526489,0.698898308137918
"2022-07-02","Eastern","GR",2.92572904678787,4.15851800794099
"2022-07-02","Eastern","SG",6.08361336639463,9.09964713503695
"2022-07-02","Eastern","SH",0.770030654263368,1.41499461967601
"2022-07-02","Eastern","TG",2.70904416938145,4.10185976353765
"2022-07-02","Espace Mittelland","BE",11.6517831366695,20.1841341960885
"2022-07-02","Espace Mittelland","FR",3.03431105593454,4.66514535711688
"2022-07-02","Espace Mittelland","JU",0.670048294765136,0.923695925704625
"2022-07-02","Espace Mittelland","NE",1.86859165462076,2.80296866088732
"2022-07-02","Espace Mittelland","SO",2.47601034106914,4.12690902935964
"2022-07-02","Lake Geneva","GE",7.47836908609345,10.0284752712424
"2022-07-02","Lake Geneva","VD",10.8281094305718,16.1118781103405
"2022-07-02","Lake Geneva","VS",4.29277173283522,6.04601587518464
"2022-07-02","Northwestern","AG",7.4006910571702,11.4682132633993
"2022-07-02","Northwestern","BL",2.45821160853882,3.78441045176368
"2022-07-02","Northwestern","BS",2.62064749244988,5.06443813171223
"2022-07-02","Ticino","TI",3.72777318021632,5.03785939918469
"2022-07-02","Zurich","ZH",22.062117251736,39.7174973030404
"2022-07-03","9999","9999",0.0156552433723716,0.0604989052417203
"2022-07-03","Central","LU",1.49767504436666,3.65923209895174
"2022-07-03","Central","NW",0.262002201375787,0.410576840067405
"2022-07-03","Central","OW",0.228876388069532,0.390217938809096
"2022-07-03","Central","SZ",0.579323832874747,1.07433140212671
"2022-07-03","Central","UR",0.234935471818338,0.397627355293756
"2022-07-03","Central","ZG",0.400741538602551,1.05934262841233
"2022-07-03","Eastern","AI",0.0635717756623943,0.108694100541023
"2022-07-03","Eastern","AR",0.107204317560877,0.175038967412842
"2022-07-03","Eastern","GL",0.148078566683836,0.364183016665749
"2022-07-03","Eastern","GR",1.49210757794908,2.13044515638287
"2022-07-03","Eastern","SG",1.31257394892506,3.15947035587631
"2022-07-03","Eastern","SH",0.209563294805256,0.546801341308313
"2022-07-03","Eastern","TG",0.547575499689132,1.19284807773226
"2022-07-03","Espace Mittelland","BE",3.57184650713816,8.7048068079622
"2022-07-03","Espace Mittelland","FR",0.874744362610083,1.95044391921425
"2022-07-03","Espace Mittelland","JU",0.142441336344352,0.269627986113802
"2022-07-03","Espace Mittelland","NE",0.404601486528786,0.815205754057675
"2022-07-03","Espace Mittelland","SO",0.536056076205182,1.38695439674094
"2022-07-03","Lake Geneva","GE",1.81322592929215,3.87903345861365
"2022-07-03","Lake Geneva","VD",2.6685434186351,5.90037665666735
"2022-07-03","Lake Geneva","VS",1.73623185700905,2.96046974340987
"2022-07-03","Northwestern","AG",1.40182577137389,3.5577434860013
"2022-07-03","Northwestern","BL",0.438022434706677,1.20008755347186
"2022-07-03","Northwestern","BS",0.680595405370425,2.0848330604085
"2022-07-03","Ticino","TI",1.58264024877356,2.2856690329216
"2022-07-03","Zurich","ZH",5.84711373379772,16.4100221534755
"2022-07-04","9999","9999",0.0128364363175791,0.0462238826565953
"2022-07-04","Central","LU",3.51718059050447,7.26972519221998
"2022-07-04","Central","NW",0.37708479436014,0.61790454904184
"2022-07-04","Central","OW",0.241510272094294,0.424545969311421
"2022-07-04","Central","SZ",1.28548888063922,2.09591319698647
"2022-07-04","Central","UR",0.287850703656382,0.449969104772548
"2022-07-04","Central","ZG",1.24997060928011,2.68088322963549
"2022-07-04","Eastern","AI",0.0841020662898861,0.121201739377514
"2022-07-04","Eastern","AR",0.206229041428793,0.368499511590299
"2022-07-04","Eastern","GL",0.251570958012782,0.46373430512249
"2022-07-04","Eastern","GR",2.12671776622994,3.20820936155981
"2022-07-04","Eastern","SG",3.74467089887029,7.18125404034121
"2022-07-04","Eastern","SH",0.527977245659822,1.14659020692665
"2022-07-04","Eastern","TG",1.71810999005381,3.25684640279627
"2022-07-04","Espace Mittelland","BE",8.15294475981449,17.4563473208162
"2022-07-04","Espace Mittelland","FR",2.3988581045962,4.30340948718001
"2022-07-04","Espace Mittelland","JU",0.456593716030105,0.767860262483677
"2022-07-04","Espace Mittelland","NE",1.3102826182098,2.32594498950106
"2022-07-04","Espace Mittelland","SO",1.51232827575379,3.25956545471725
"2022-07-04","Lake Geneva","GE",6.06220493928802,10.1210929773007
"2022-07-04","Lake Geneva","VD",7.86675369345534,13.5749346917717
"2022-07-04","Lake Geneva","VS",3.53222396335932,5.26551202126842
"2022-07-04","Northwestern","AG",4.43837407385163,8.58438679601197
"2022-07-04","Northwestern","BL",1.60648753487105,3.20406280738032
"2022-07-04","Northwestern","BS",1.81237326653248,4.48528007254431
"2022-07-04","Ticino","TI",3.25758318264907,4.28814880827353
"2022-07-04","Zurich","ZH",14.4954415258759,33.8514826650244
"2022-07-05","9999","9999",0.0141317504764241,0.052715619117926
"2022-07-05","Central","LU",3.83011395970908,7.63649130821065
"2022-07-05","Central","NW",0.39323193701728,0.645638878635797
"2022-07-05","Central","OW",0.263931057314784,0.444191119440474
"2022-07-05","Central","SZ",1.28854039726792,2.14288481892134
"2022-07-05","Central","UR",0.275652214643072,0.449255353643292
"2022-07-05","Central","ZG",1.3100655844697,2.82526488663933
"2022-07-05","Eastern","AI",0.104100020795249,0.140982842102616
"2022-07-05","Eastern","AR",0.213973831429539,0.387906744676266
"2022-07-05","Eastern","GL",0.266481436764143,0.48565666123536
"2022-07-05","Eastern","GR",1.95948868774384,3.16358292190679
"2022-07-05","Eastern","SG",3.86931579355686,7.3959571776513
"2022-07-05","Eastern","SH",0.540900605905242,1.20583155065492
"2022-07-05","Eastern","TG",1.76700363234876,3.35180929113637
"2022-07-05","Espace Mittelland","BE",8.42187136036401,18.1838976385714
"2022-07-05","Espace Mittelland","FR",2.40336782229543,4.32023362094105
"2022-07-05","Espace Mittelland","JU",0.459487663704234,0.758683462250383
"2022-07-05","Espace Mittelland","NE",1.32957395797499,2.37587358039999
"2022-07-05","Espace Mittelland","SO",1.59178617166443,3.43745942664712
"2022-07-05","Lake Geneva","GE",6.18343588172984,10.222139744314
"2022-07-05","Lake Geneva","VD",7.65925822244182,13.7224772466336
"2022-07-05","Lake Geneva","VS",3.55196679298407,5.34038791354231
"2022-07-05","Northwestern","AG",4.62355692798879,8.9488077297208
"2022-07-05","Northwestern","BL",1.56806939872941,3.21908556924372
"2022-07-05","Northwestern","BS",1.86139246822277,4.65260373013138
"2022-07-05","Ticino","TI",3.24954185192499,4.25467048149651
"2022-07-05","Zurich","ZH",15.2221311116324,35.5706032420616
"2022-07-06","9999","9999",0.0163417297623546,0.0518999035416331
"2022-07-06","Central","LU",3.91159221723164,7.83664751774351
"2022-07-06","Central","NW",0.432808753413797,0.704030518638761
"2022-07-06","Central","OW",0.282459426875303,0.480694391479579
"2022-07-06","Central","SZ",1.37041054671979,2.23597835906576
"2022-07-06","Central","UR",0.269821748225769,0.460913288754477
"2022-07-06","Central","ZG",1.40139436678828,2.92933659891469
"2022-07-06","Eastern","AI",0.0988420962921711,0.143837846619641
"2022-07-06","Eastern","AR",0.233208459372278,0.40323539988077
"2022-07-06","Eastern","GL",0.267623771545544,0.492726196229899
"2022-07-06","Eastern","GR",1.91154217047767,3.1978769642601
"2022-07-06","Eastern","SG",4.15836272819768,7.87869085807161
"2022-07-06","Eastern","SH",0.564437281014368,1.21194941747711
"2022-07-06","Eastern","TG",2.24233377615834,5.37084129505724
"2022-07-06","Espace Mittelland","BE",8.85022644609342,18.7713488060983
"2022-07-06","Espace Mittelland","FR",2.46817918713162,4.48895079263762
"2022-07-06","Espace Mittelland","JU",0.479996702083386,0.794303042415171
"2022-07-06","Espace Mittelland","NE",1.35471685584894,2.41074542128651
"2022-07-06","Espace Mittelland","SO",1.73710901839883,3.62249090986955
"2022-07-06","Lake Geneva","GE",6.15096897819061,10.1195295224461
"2022-07-06","Lake Geneva","VD",7.69731259935216,13.9328978771682
"2022-07-06","Lake Geneva","VS",3.55582942730101,5.4595843521281
"2022-07-06","Northwestern","AG",4.6177440170956,9.00699544082969
"2022-07-06","Northwestern","BL",1.5879800220407,3.19485201899802
"2022-07-06","Northwestern","BS",1.83418832155707,4.50890183610779
"2022-07-06","Ticino","TI",3.47734483893848,4.52304090609686
"2022-07-06","Zurich","ZH",15.6882981882092,35.984069074795
"2022-07-07","9999","9999",0.0154303423452121,0.0493847805147301
"2022-07-07","Central","LU",4.01361950746029,7.88110401665147
"2022-07-07","Central","NW",0.448750845356443,0.662870870184984
"2022-07-07","Central","OW",0.294127780570532,0.48055843888353
"2022-07-07","Central","SZ",1.46609885948343,2.25915827669208
"2022-07-07","Central","UR",0.297893043014437,0.483889277486726
"2022-07-07","Central","ZG",1.46772716469314,2.93739179023058
"2022-07-07","Eastern","AI",0.107682036932022,0.140235102824347
"2022-07-07","Eastern","AR",0.229299780475279,0.395859971545122
"2022-07-07","Eastern","GL",0.277380535040292,0.504520083937133
"2022-07-07","Eastern","GR",2.14443840937678,3.27968643893247
"2022-07-07","Eastern","SG",4.25403170756349,7.943846139728
"2022-07-07","Eastern","SH",0.582744767385722,1.22459300890965
"2022-07-07","Eastern","TG",2.59814608026402,7.23515924467457
"2022-07-07","Espace Mittelland","BE",8.9698944573874,18.990606355376
"2022-07-07","Espace Mittelland","FR",2.44790628484513,4.45305930728074
"2022-07-07","Espace Mittelland","JU",0.517369577699029,0.825946009145531
"2022-07-07","Espace Mittelland","NE",1.39443246387724,2.49942050205934
"2022-07-07","Espace Mittelland","SO",1.814502611021,3.73971603581263
"2022-07-07","Lake Geneva","GE",6.58388107149411,10.5589962891739
"2022-07-07","Lake Geneva","VD",7.80182610501891,14.0945795020192
"2022-07-07","Lake Geneva","VS",3.59043279465574,5.53388244586877
"2022-07-07","Northwestern","AG",4.76398430150025,9.01627420551002
"2022-07-07","Northwestern","BL",1.62083622901907,3.18774849585447
"2022-07-07","Northwestern","BS",1.92060299039067,4.51838452968219
"2022-07-07","Ticino","TI",3.48053648256227,4.78940602990549
"2022-07-07","Zurich","ZH",16.3170720712848,36.0958221087471
"2022-07-08","9999","9999",0.0201588638262168,0.0636598030998551
"2022-07-08","Central","LU",4.94098780865381,8.92420030983597
"2022-07-08","Central","NW",0.538758362042111,0.775337655266362
"2022-07-08","Central","OW",0.363917935901754,0.55339504221668
"2022-07-08","Central","SZ",1.72351053214161,2.54989290334246
"2022-07-08","Central","UR",0.373412392532575,0.595608323289835
"2022-07-08","Central","ZG",1.77756514999692,3.23842482603166
"2022-07-08","Eastern","AI",0.140152782088284,0.180239154211709
"2022-07-08","Eastern","AR",0.296916970755195,0.443545344609242
"2022-07-08","Eastern","GL",0.345504407585902,0.601012438982775
"2022-07-08","Eastern","GR",2.72044377044146,3.88878805738015
"2022-07-08","Eastern","SG",4.97197465189086,8.77254518894352
"2022-07-08","Eastern","SH",0.70354524508708,1.36173519017389
"2022-07-08","Eastern","TG",3.07358772495198,8.26071765296876
"2022-07-08","Espace Mittelland","BE",10.9240997469087,20.9511787429959
"2022-07-08","Espace Mittelland","FR",3.07609082627453,5.21694295632999
"2022-07-08","Espace Mittelland","JU",0.583719010862953,0.918257821862673
"2022-07-08","Espace Mittelland","NE",1.58854681523546,2.67571703098564
"2022-07-08","Espace Mittelland","SO",2.1524500449103,3.99860376683858
"2022-07-08","Lake Geneva","GE",6.82616531389729,10.5486299037252
"2022-07-08","Lake Geneva","VD",9.23543384820256,15.4677347102612
"2022-07-08","Lake Geneva","VS",4.57025498120178,6.53575111430146
"2022-07-08","Northwestern","AG",5.6591113128976,9.88851207361017
"2022-07-08","Northwestern","BL",2.00531611266561,3.56569671287016
"2022-07-08","Northwestern","BS",2.06826075707495,4.77166421612112
"2022-07-08","Ticino","TI",3.97101488202886,4.9796716880758
"2022-07-08","Zurich","ZH",18.5058113425266,38.8285712537752
"2022-07-09","9999","9999",0.0200693788203555,0.067500463938234
"2022-07-09","Central","LU",5.33125980911972,8.78427110035273
"2022-07-09","Central","NW",0.61332995996804,0.830330480368105
"2022-07-09","Central","OW",0.403606805335675,0.65586931148847
"2022-07-09","Central","SZ",1.98034313487784,2.76687324663636
"2022-07-09","Central","UR",0.39514891957928,0.62052163651578
"2022-07-09","Central","ZG",1.76517027642455,2.85983083418474
"2022-07-09","Eastern","AI",0.183152060244136,0.238766746810722
"2022-07-09","Eastern","AR",0.31503078245433,0.447793863235767
"2022-07-09","Eastern","GL",0.385351918964265,0.666779507321387
"2022-07-09","Eastern","GR",2.99182524259351,4.20929630256522
"2022-07-09","Eastern","SG",5.45072681103333,8.60522153135645
"2022-07-09","Eastern","SH",0.752463319439772,1.35286428328171
"2022-07-09","Eastern","TG",3.52067566313329,9.14284607243146
"2022-07-09","Espace Mittelland","BE",11.4971149828128,19.8247774965825
"2022-07-09","Espace Mittelland","FR",2.94554273682053,4.92301344367246
"2022-07-09","Espace Mittelland","JU",0.625298508034601,0.895179868683388
"2022-07-09","Espace Mittelland","NE",1.76037546061664,2.76721312812648
"2022-07-09","Espace Mittelland","SO",2.31589219752191,3.96101287403108
"2022-07-09","Lake Geneva","GE",6.68688041222798,9.17584856512231
"2022-07-09","Lake Geneva","VD",9.15436306837463,14.9833016223903
"2022-07-09","Lake Geneva","VS",4.49905629169993,6.33246799505948
"2022-07-09","Northwestern","AG",6.601449737765,10.3735909363123
"2022-07-09","Northwestern","BL",2.06713053063183,3.33134842543102
"2022-07-09","Northwestern","BS",2.25386914568159,4.54356974810023
"2022-07-09","Ticino","TI",3.96167405091902,5.35955722958519
"2022-07-09","Zurich","ZH",20.9044285687282,37.4451176363825
"2022-07-10","9999","9999",0.016119209676229,0.0552647302938411
"2022-07-10","Central","LU",1.47386400887963,3.44592247575115
"2022-07-10","Central","NW",0.270357812400307,0.385085728308253
"2022-07-10","Central","OW",0.247186341534392,0.387974720974291
"2022-07-10","Central","SZ",0.57499709910922,1.01549791618658
"2022-07-10","Central","UR",0.21564983769638,0.376554702906191
"2022-07-10","Central","ZG",0.360124740476938,0.921214790826735
"2022-07-10","Eastern","AI",0.0628034013481382,0.100434980331058
"2022-07-10","Eastern","AR",0.0944384322855103,0.145163384431117
"2022-07-10","Eastern","GL",0.140881631998175,0.324043012682338
"2022-07-10","Eastern","GR",1.70673980614684,2.2034856886101
"2022-07-10","Eastern","SG",1.11797683827611,2.50632009630882
"2022-07-10","Eastern","SH",0.197847146068387,0.501902996463193
"2022-07-10","Eastern","TG",0.759125909084307,2.36496338456707
"2022-07-10","Espace Mittelland","BE",3.57297284105597,8.39772388163695
"2022-07-10","Espace Mittelland","FR",0.876206413129681,2.04686829796187
"2022-07-10","Espace Mittelland","JU",0.134305649083745,0.265753337126411
"2022-07-10","Espace Mittelland","NE",0.39904288598374,0.81636135112409
"2022-07-10","Espace Mittelland","SO",0.52290443149008,1.30191604791241
"2022-07-10","Lake Geneva","GE",1.71778177263308,3.74192526549843
"2022-07-10","Lake Geneva","VD",2.59361141750824,5.90975738579472
"2022-07-10","Lake Geneva","VS",1.92215984778926,3.25521497164369
"2022-07-10","Northwestern","AG",1.29240696718641,3.16657387901986
"2022-07-10","Northwestern","BL",0.391652488091017,1.07813807481607
"2022-07-10","Northwestern","BS",0.653075509896242,1.98368432894818
"2022-07-10","Ticino","TI",1.64939202181199,2.41682929995969
"2022-07-10","Zurich","ZH",5.47418288267321,15.063173772569
"2022-07-11","9999","9999",0.0123031211900905,0.0468356693388149
"2022-07-11","Central","LU",3.52324065717466,7.06922910119699
"2022-07-11","Central","NW",0.429239750216259,0.670110345924583
"2022-07-11","Central","OW",0.283604557696011,0.490211073202996
"2022-07-11","Central","SZ",1.29731536719611,2.13146480085324
"2022-07-11","Central","UR",0.320371182284896,0.499183944542217
"2022-07-11","Central","ZG",1.18738117151126,2.51821594846309
"2022-07-11","Eastern","AI",0.10125046122411,0.158316798098839
"2022-07-11","Eastern","AR",0.204869112916234,0.367513855268945
"2022-07-11","Eastern","GL",0.257503887130989,0.505233835066389
"2022-07-11","Eastern","GR",2.2300595630385,3.51284514115618
"2022-07-11","Eastern","SG",3.5842367363091,6.85034542155841
"2022-07-11","Eastern","SH",0.511940570051403,1.1250077323039
"2022-07-11","Eastern","TG",1.65791628413174,3.21245788018634
"2022-07-11","Espace Mittelland","BE",8.35052939930185,17.5111702051729
"2022-07-11","Espace Mittelland","FR",2.22331002988602,4.20406212761734
"2022-07-11","Espace Mittelland","JU",0.452100081430925,0.765515080201835
"2022-07-11","Espace Mittelland","NE",1.19813064644033,2.34484240035185
"2022-07-11","Espace Mittelland","SO",1.44801107757879,3.12147160528067
"2022-07-11","Lake Geneva","GE",6.54662749747155,9.7824690486921
"2022-07-11","Lake Geneva","VD",7.23201953568384,13.3511907068243
"2022-07-11","Lake Geneva","VS",3.68609170593043,5.85445866735187
"2022-07-11","Northwestern","AG",4.08445195105724,8.30898082456609
"2022-07-11","Northwestern","BL",1.45098626703365,3.02470734504293
"2022-07-11","Northwestern","BS",1.68051473924484,4.28913446459489
"2022-07-11","Ticino","TI",3.21367861040543,4.77937952594689
"2022-07-11","Zurich","ZH",14.7148902372282,35.1119671592909
"2022-07-12","9999","9999",0.0145413741507975,0.0499285908989254
"2022-07-12","Central","LU",3.51766402335089,7.0316382083895
"2022-07-12","Central","NW",0.4395480422542,0.663686585761277
"2022-07-12","Central","OW",0.26840585193483,0.46883252747432
"2022-07-12","Central","SZ",1.26478233771889,2.09397587249278
"2022-07-12","Central","UR",0.298197823046872,0.494697508872606
"2022-07-12","Central","ZG",1.20754005491758,2.55784613021132
"2022-07-12","Eastern","AI",0.113508203557786,0.163516984897706
"2022-07-12","Eastern","AR",0.214495320172288,0.376044880671008
"2022-07-12","Eastern","GL",0.248638026345246,0.491944468802618
"2022-07-12","Eastern","GR",2.08717122459516,3.37743635549157
"2022-07-12","Eastern","SG",3.61552863370008,6.75497467543017
"2022-07-12","Eastern","SH",0.513925472089209,1.13231518434152
"2022-07-12","Eastern","TG",1.66451855138206,3.16728763014912
"2022-07-12","Espace Mittelland","BE",8.40388915831334,17.7068399790361
"2022-07-12","Espace Mittelland","FR",2.15630866530527,4.1348622562285
"2022-07-12","Espace Mittelland","JU",0.445003424306205,0.757493877034956
"2022-07-12","Espace Mittelland","NE",1.19435850746278,2.34895496638232
"2022-07-12","Espace Mittelland","SO",1.52449862032103,3.19356046933555
"2022-07-12","Lake Geneva","GE",5.78665653445723,9.72339764570889
"2022-07-12","Lake Geneva","VD",6.95838021088379,13.2158838856068
"2022-07-12","Lake Geneva","VS",3.67700015699722,5.78641439302944
"2022-07-12","Northwestern","AG",4.28029501833084,8.4237588037803
"2022-07-12","Northwestern","BL",1.48473311434759,3.04557606853642
"2022-07-12","Northwestern","BS",1.69338100781373,4.34378740820651
"2022-07-12","Ticino","TI",3.04550665577381,4.67224888026043
"2022-07-12","Zurich","ZH",15.2234632794689,36.1680469253981
"2022-07-13","9999","9999",0.0164080554174364,0.0504384131341084
"2022-07-13","Central","LU",3.64365862965009,7.09370056848578
"2022-07-13","Central","NW",0.438928594235201,0.672523504504449
"2022-07-13","Central","OW",0.290311860473315,0.489293393179666
"2022-07-13","Central","SZ",1.27994015238422,2.1076730965447
"2022-07-13","Central","UR",0.30017689804478,0.497552513389631
"2022-07-13","Central","ZG",1.27290172649827,2.59863190902596
"2022-07-13","Eastern","AI",0.104907794201184,0.15617554471107
"2022-07-13","Eastern","AR",0.209325780273047,0.366800104139689
"2022-07-13","Eastern","GL",0.253133908740731,0.496974714856424
"2022-07-13","Eastern","GR",2.08296678817912,3.41913981432954
"2022-07-13","Eastern","SG",3.63329446773431,6.75375110206573
"2022-07-13","Eastern","SH",0.510113738218909,1.12157492925367
"2022-07-13","Eastern","TG",1.66535993991601,3.17775598004488
"2022-07-13","Espace Mittelland","BE",8.40329785865643,17.5446145438009
"2022-07-13","Espace Mittelland","FR",2.18865114117936,4.17534214170203
"2022-07-13","Espace Mittelland","JU",0.448858148259843,0.790156488235682
"2022-07-13","Espace Mittelland","NE",1.22448840381271,2.32669272877933
"2022-07-13","Espace Mittelland","SO",1.51715415344375,3.20151369620441
"2022-07-13","Lake Geneva","GE",5.7281520787865,9.68101442389068
"2022-07-13","Lake Geneva","VD",7.13597594579133,13.2897741215593
"2022-07-13","Lake Geneva","VS",3.56514310863423,5.83233238234492
"2022-07-13","Northwestern","AG",4.31891836574385,8.46512238112815
"2022-07-13","Northwestern","BL",1.49010524961588,3.04346880329767
"2022-07-13","Northwestern","BS",1.6668463755011,4.29515036697005
"2022-07-13","Ticino","TI",3.0408933828037,4.67014161502167
"2022-07-13","Zurich","ZH",15.3113804865678,36.3403328527409
"2022-07-14","9999","9999",0.0160812242682882,0.0520698442866941
"2022-07-14","Central","LU",3.69343004815019,7.22040838800327
"2022-07-14","Central","NW",0.443218521315239,0.691692820547332
"2022-07-14","Central","OW",0.288537233122601,0.466759250384576
"2022-07-14","Central","SZ",1.3185946399997,2.12385145547451
"2022-07-14","Central","UR",0.319495982821855,0.525830653367784
"2022-07-14","Central","ZG",1.2658936380304,2.58952308509069
"2022-07-14","Eastern","AI",0.113300164918935,0.158078881055753
"2022-07-14","Eastern","AR",0.229755444813689,0.374617378412495
"2022-07-14","Eastern","GL",0.263039214760635,0.517605521306831
"2022-07-14","Eastern","GR",2.23571663977463,3.55312109773564
"2022-07-14","Eastern","SG",3.77036872439404,6.90666378447163
"2022-07-14","Eastern","SH",0.525260760329161,1.13200929100041
"2022-07-14","Eastern","TG",1.7332724177924,3.25327764714999
"2022-07-14","Espace Mittelland","BE",8.51331163181291,17.8997907009784
"2022-07-14","Espace Mittelland","FR",2.20937359097877,4.19264210954924
"2022-07-14","Espace Mittelland","JU",0.488875047145472,0.848514140089634
"2022-07-14","Espace Mittelland","NE",1.31445653315476,2.48449970464298
"2022-07-14","Espace Mittelland","SO",1.64401888404221,3.36482675220804
"2022-07-14","Lake Geneva","GE",5.98477773545385,10.3792329690484
"2022-07-14","Lake Geneva","VD",7.2672515458759,13.5859808402006
"2022-07-14","Lake Geneva","VS",3.6779663726305,5.95550543436515
"2022-07-14","Northwestern","AG",4.37206381656616,8.57170921643042
"2022-07-14","Northwestern","BL",1.55681375061742,3.1555277305909
"2022-07-14","Northwestern","BS",1.74947751756681,4.4702233225319
"2022-07-14","Ticino","TI",3.30922981151049,5.19923513069463
"2022-07-14","Zurich","ZH",15.4012154046086,36.8591959355612
"2022-07-15","9999","9999",0.0195415696190076,0.0618244430531962
"2022-07-15","Central","LU",4.56037687586679,8.16154023415116
"2022-07-15","Central","NW",0.600824952208777,0.781081652449424
"2022-07-15","Central","OW",0.366391835452445,0.553972840749887
"2022-07-15","Central","SZ",1.62521017433904,2.40391380333505
"2022-07-15","Central","UR",0.413742526140921,0.642885838565809
"2022-07-15","Central","ZG",1.5687971521533,2.77564218908151
"2022-07-15","Eastern","AI",0.132755033823323,0.179865284572575
"2022-07-15","Eastern","AR",0.291112463644,0.404119091755087
"2022-07-15","Eastern","GL",0.346708494109346,0.606212625781642
"2022-07-15","Eastern","GR",2.84575436136021,4.11450335497019
"2022-07-15","Eastern","SG",4.53430189831841,7.65956926138994
"2022-07-15","Eastern","SH",0.617069498067124,1.24916644064548
"2022-07-15","Eastern","TG",2.12803950570145,3.63724176654084
"2022-07-15","Espace Mittelland","BE",10.2047664309181,19.1861741647922
"2022-07-15","Espace Mittelland","FR",2.82026738617869,4.82288435668251
"2022-07-15","Espace Mittelland","JU",0.550281681967391,0.893378496785741
"2022-07-15","Espace Mittelland","NE",1.50478626125909,2.58078813079455
"2022-07-15","Espace Mittelland","SO",1.91754266271374,3.60474909608518
"2022-07-15","Lake Geneva","GE",6.43321849456881,10.1690842437059
"2022-07-15","Lake Geneva","VD",8.74337247930644,14.8606723807543
"2022-07-15","Lake Geneva","VS",4.60326733561894,6.83515271894996
"2022-07-15","Northwestern","AG",5.33231274504773,9.5011491393181
"2022-07-15","Northwestern","BL",1.92881142949753,3.46492185104898
"2022-07-15","Northwestern","BS",2.03633709186153,4.79786907900953
"2022-07-15","Ticino","TI",3.90618641201103,6.06212625781643
"2022-07-15","Zurich","ZH",18.2668920002837,38.5636336322251
"2022-07-16","9999","9999",0.00533522676624775,0.0259329576963104
"2022-07-16","Central","LU",4.58598163714109,7.17972457363567
"2022-07-16","Central","NW",0.547041405273378,0.720752687952765
"2022-07-16","Central","OW",0.37994847118856,0.60016273525747
"2022-07-16","Central","SZ",1.66471543719186,2.39630045795632
"2022-07-16","Central","UR",0.380860062238817,0.598735232998958
"2022-07-16","Central","ZG",1.50529940496015,2.35935533998006
"2022-07-16","Eastern","AI",0.151567459830833,0.204098834818276
"2022-07-16","Eastern","AR",0.25754601568961,0.381347031916911
"2022-07-16","Eastern","GL",0.351782161971761,0.621269375794048
"2022-07-16","Eastern","GR",2.77993244369602,4.03667049373225
"2022-07-16","Eastern","SG",4.72194371630051,7.03578476256899
"2022-07-16","Eastern","SH",0.638921708303105,1.16083124136276
"2022-07-16","Eastern","TG",2.33277222359102,3.62439424621423
"2022-07-16","Espace Mittelland","BE",9.56756381686574,16.5748646761847
"2022-07-16","Espace Mittelland","FR",2.4270600535241,3.85306651276833
"2022-07-16","Espace Mittelland","JU",0.514398100632486,0.777105039014996
"2022-07-16","Espace Mittelland","NE",1.51312941150339,2.32288605608996
"2022-07-16","Espace Mittelland","SO",2.0305830152744,3.43355078951071
"2022-07-16","Lake Geneva","GE",5.47311640905909,7.81679843872039
"2022-07-16","Lake Geneva","VD",8.4253181445325,12.9305873627983
"2022-07-16","Lake Geneva","VS",4.24497111869576,6.16143962923008
"2022-07-16","Northwestern","AG",5.77251903526133,9.00325674443835
"2022-07-16","Northwestern","BL",1.95718852640023,3.13428513745827
"2022-07-16","Northwestern","BS",2.13777985715035,4.45509859622147
"2022-07-16","Ticino","TI",3.61015793952768,5.46396882335067
"2022-07-16","Zurich","ZH",18.6508857294489,32.9624886394612
"2022-07-17","9999","9999",0.00966785022801642,0.0304533815149334
"2022-07-17","Central","LU",0.296074117629225,0.592583378027749
"2022-07-17","Central","NW",0.0608894027944737,0.0867717444281528
"2022-07-17","Central","OW",0.0598906489390674,0.061280632669001
"2022-07-17","Central","SZ",0.180655134487396,0.185881186947735
"2022-07-17","Central","UR",0.0409718677053454,0.0722248166509302
"2022-07-17","Central","ZG",0.0451523850624506,0.0939432438697275
"2022-07-17","Eastern","AI",0.0127848114069726,0.0189313989997968
"2022-07-17","Eastern","AR",0.026131916500069,0.0409897077087161
"2022-07-17","Eastern","GL",0.0259819602911745,0.0475834086170834
"2022-07-17","Eastern","GR",0.437982354227267,0.370164930891897
"2022-07-17","Eastern","SG",0.273111824964399,0.492794172527923
"2022-07-17","Eastern","SH",0.0383145652066657,0.0906803815645561
"2022-07-17","Eastern","TG",0.106982752983982,0.15386435057824
"2022-07-17","Espace Mittelland","BE",0.849288703852003,1.91570803092378
"2022-07-17","Espace Mittelland","FR",0.181131314862116,0.329685045418364
"2022-07-17","Espace Mittelland","JU",0.0332154823651236,0.0523077613297795
"2022-07-17","Espace Mittelland","NE",0.0898460982820269,0.138399742777688
"2022-07-17","Espace Mittelland","SO",0.101918115467001,0.165998119775597
"2022-07-17","Lake Geneva","GE",0.579973175801398,0.976479521120576
"2022-07-17","Lake Geneva","VD",0.64196512268345,1.10794568149977
"2022-07-17","Lake Geneva","VS",0.44423859399135,0.561348269085535
"2022-07-17","Northwestern","AG",0.233836710607469,0.4868802345998
"2022-07-17","Northwestern","BL",0.058243476338069,0.155665722475887
"2022-07-17","Northwestern","BS",0.147191705308955,0.393548777412292
"2022-07-17","Ticino","TI",0.570825114762826,0.741281529956135
"2022-07-17","Zurich","ZH",1.01051140432182,2.37227083660469
"2022-07-18","9999","9999",0.0120080568068408,0.0465637641467173
"2022-07-18","Central","LU",3.28320355710084,6.71969497675551
"2022-07-18","Central","NW",0.418176762526942,0.674120947508023
"2022-07-18","Central","OW",0.306478563657535,0.506457408430828
"2022-07-18","Central","SZ",1.25262708549827,2.06804291479647
"2022-07-18","Central","UR",0.320975827742864,0.555876177094571
"2022-07-18","Central","ZG",1.06282263684544,2.35728206289031
"2022-07-18","Eastern","AI",0.0958196952828589,0.153558457237131
"2022-07-18","Eastern","AR",0.207216885248475,0.349874005931612
"2022-07-18","Eastern","GL",0.262065586098769,0.499489837883327
"2022-07-18","Eastern","GR",2.49022438282004,3.98290124199494
"2022-07-18","Eastern","SG",3.3648849660675,6.41081067853261
"2022-07-18","Eastern","SH",0.475483526537235,1.05682750538542
"2022-07-18","Eastern","TG",1.59951294013452,3.03571950532288
"2022-07-18","Espace Mittelland","BE",7.99126092824033,16.7351527869263
"2022-07-18","Espace Mittelland","FR",2.09594934300458,3.96532936895563
"2022-07-18","Espace Mittelland","JU",0.416774975661241,0.723641680618802
"2022-07-18","Espace Mittelland","NE",1.16031919991985,2.17500361973787
"2022-07-18","Espace Mittelland","SO",1.34165108556794,2.96125147083715
"2022-07-18","Lake Geneva","GE",5.65167694591618,9.48636429449779
"2022-07-18","Lake Geneva","VD",6.80796656369318,12.7472212988775
"2022-07-18","Lake Geneva","VS",3.89331635664941,6.23284873030472
"2022-07-18","Northwestern","AG",3.99421216730808,7.96886141740098
"2022-07-18","Northwestern","BL",1.46886161652339,3.01539459221359
"2022-07-18","Northwestern","BS",1.6297835234706,4.373017216357
"2022-07-18","Ticino","TI",3.41414482685521,5.2963732605715
"2022-07-18","Zurich","ZH",13.7249260759906,32.2313015897617
"2022-07-19","9999","9999",0.0134047097684375,0.0465977522957295
"2022-07-19","Central","LU",3.22748261338369,6.5962840076922
"2022-07-19","Central","NW",0.405487259249708,0.664298372443496
"2022-07-19","Central","OW",0.30287885885193,0.523349518489893
"2022-07-19","Central","SZ",1.20476670112361,1.98466998526954
"2022-07-19","Central","UR",0.300758474220461,0.517809450200904
"2022-07-19","Central","ZG",1.10717929809991,2.38861913627956
"2022-07-19","Eastern","AI",0.101233042760757,0.15909852552612
"2022-07-19","Eastern","AR",0.195678923319041,0.353510737875917
"2022-07-19","Eastern","GL",0.243064114156379,0.487627973878068
"2022-07-19","Eastern","GR",2.30214047342984,3.83427106636458
"2022-07-19","Eastern","SG",3.32631155575986,6.24987679295983
"2022-07-19","Eastern","SH",0.469629994753667,1.0520351763747
"2022-07-19","Eastern","TG",1.54516931598113,2.97175380888192
"2022-07-19","Espace Mittelland","BE",7.66492140425537,16.5494075525746
"2022-07-19","Espace Mittelland","FR",2.02284797616703,3.90853517195624
"2022-07-19","Espace Mittelland","JU",0.395047894058243,0.692610500570661
"2022-07-19","Espace Mittelland","NE",1.11591058872499,2.10512398536878
"2022-07-19","Espace Mittelland","SO",1.33601051094615,2.9519387180078
"2022-07-19","Lake Geneva","GE",5.28869298504322,9.39986445526174
"2022-07-19","Lake Geneva","VD",7.07760810836048,14.6052174527786
"2022-07-19","Lake Geneva","VS",3.74119454482393,6.06464138084333
"2022-07-19","Northwestern","AG",3.85710390391819,7.86917417634819
"2022-07-19","Northwestern","BL",1.41447368650346,2.9878641915137
"2022-07-19","Northwestern","BS",1.6425338151486,4.41543442632423
"2022-07-19","Ticino","TI",3.28148195268039,5.5225304040987
"2022-07-19","Zurich","ZH",13.4098787209336,31.9666018852546
"2022-07-20","9999","9999",0.0125208950582343,0.0435048307356191
"2022-07-20","Central","LU",3.39000190855137,6.47797126098072
"2022-07-20","Central","NW",0.444856972936497,0.617700620147767
"2022-07-20","Central","OW",0.275519958851073,0.444836894271705
"2022-07-20","Central","SZ",1.23513933597834,1.95312898298621
"2022-07-20","Central","UR",0.327258782605191,0.53086089942159
"2022-07-20","Central","ZG",1.18123712576135,2.32516326207378
"2022-07-20","Eastern","AI",0.0981842751791084,0.145741182964324
"2022-07-20","Eastern","AR",0.196718803231581,0.335089161111304
"2022-07-20","Eastern","GL",0.26620118668999,0.479674747009213
"2022-07-20","Eastern","GR",2.47346927783478,3.90357290220046
"2022-07-20","Eastern","SG",3.39233122467458,6.16089581884589
"2022-07-20","Eastern","SH",0.475416123976257,1.03572086484884
"2022-07-20","Eastern","TG",1.51144686939677,2.91835842678375
"2022-07-20","Espace Mittelland","BE",7.80232622403268,15.8796370881401
"2022-07-20","Espace Mittelland","FR",2.04276023245926,3.80103065663065
"2022-07-20","Espace Mittelland","JU",0.387392874932923,0.649309598729115
"2022-07-20","Espace Mittelland","NE",1.14077005279936,2.03850721330486
"2022-07-20","Espace Mittelland","SO",1.4151745055319,2.86819191884174
"2022-07-20","Lake Geneva","GE",5.49523336192434,9.31244693600235
"2022-07-20","Lake Geneva","VD",7.21021562957228,14.9169907436675
"2022-07-20","Lake Geneva","VS",3.77067881063552,5.96682348798621
"2022-07-20","Northwestern","AG",3.96236989660023,7.73628051371048
"2022-07-20","Northwestern","BL",1.4379451676877,2.87777657686318
"2022-07-20","Northwestern","BS",1.61380825107831,4.16341230139875
"2022-07-20","Ticino","TI",3.51085100365887,5.78077236029341
"2022-07-20","Zurich","ZH",13.3174129061266,30.7571336026554
"2022-07-21","9999","9999",0.0150253865683919,0.0493168042167057
"2022-07-21","Central","LU",3.57583341247939,6.77237660772442
"2022-07-21","Central","NW",0.439904944531965,0.642579945224699
"2022-07-21","Central","OW",0.304875121267925,0.478383197346749
"2022-07-21","Central","SZ",1.30663385348763,2.01067091926387
"2022-07-21","Central","UR",0.345412428074385,0.5554003430084
"2022-07-21","Central","ZG",1.19092873449142,2.3775729878506
"2022-07-21","Eastern","AI",0.110223922530883,0.150295594931959
"2022-07-21","Eastern","AR",0.194968216336469,0.321867771145557
"2022-07-21","Eastern","GL",0.278007047561964,0.495343283703838
"2022-07-21","Eastern","GR",2.72792166008513,4.01712730805023
"2022-07-21","Eastern","SG",3.75515703310578,6.45118859955911
"2022-07-21","Eastern","SH",0.515935800854207,1.07246205393104
"2022-07-21","Eastern","TG",1.66095561018571,2.9538760425015
"2022-07-21","Espace Mittelland","BE",8.29520817564086,16.5964811389565
"2022-07-21","Espace Mittelland","FR",2.08120059593858,3.84800227856551
"2022-07-21","Espace Mittelland","JU",0.423785190528756,0.698898308137918
"2022-07-21","Espace Mittelland","NE",1.18666380337622,2.12116639170254
"2022-07-21","Espace Mittelland","SO",1.54706255962118,3.0800400516348
"2022-07-21","Lake Geneva","GE",5.67964891473712,9.71442477436967
"2022-07-21","Lake Geneva","VD",7.36080408404382,15.1484840265896
"2022-07-21","Lake Geneva","VS",3.95483598043786,6.05352725611634
"2022-07-21","Northwestern","AG",4.12151334632776,7.92321533327759
"2022-07-21","Northwestern","BL",1.4587521017336,2.94629668527178
"2022-07-21","Northwestern","BS",1.77746309456224,4.54995952011453
"2022-07-21","Ticino","TI",3.59793434490093,5.89024818826172
"2022-07-21","Zurich","ZH",13.9090649188126,31.7415663506449
"2022-07-22","9999","9999",0.0176245361487293,0.0615525378610986
"2022-07-22","Central","LU",4.36462850582358,7.59414207454145
"2022-07-22","Central","NW",0.505623428321929,0.765413115754799
"2022-07-22","Central","OW",0.367512123033154,0.556929809713949
"2022-07-22","Central","SZ",1.53663982185674,2.22523810397791
"2022-07-22","Central","UR",0.414733142503781,0.632689393862148
"2022-07-22","Central","ZG",1.40269982735867,2.54571236101396
"2022-07-22","Eastern","AI",0.121517661783387,0.169498899123853
"2022-07-22","Eastern","AR",0.259151921256704,0.375229165094715
"2022-07-22","Eastern","GL",0.316363153924035,0.560226660168133
"2022-07-22","Eastern","GR",3.14409692839144,4.37604216161909
"2022-07-22","Eastern","SG",4.16906304922568,6.95295564342625
"2022-07-22","Eastern","SH",0.584807006930892,1.14737193435393
"2022-07-22","Eastern","TG",1.94378483479737,3.28264340789653
"2022-07-22","Espace Mittelland","BE",9.70223146688716,18.124214448906
"2022-07-22","Espace Mittelland","FR",2.63815277008176,4.46247402455712
"2022-07-22","Espace Mittelland","JU",0.469086811252157,0.726768590327924
"2022-07-22","Espace Mittelland","NE",1.36487803470955,2.25225868244261
"2022-07-22","Espace Mittelland","SO",1.79142968291853,3.32937711278831
"2022-07-22","Lake Geneva","GE",6.03453567892418,9.58394427031183
"2022-07-22","Lake Geneva","VD",8.477630818152,16.3537377787113
"2022-07-22","Lake Geneva","VS",4.68175514686711,6.90204139620597
"2022-07-22","Northwestern","AG",4.89471795554608,8.7145614067287
"2022-07-22","Northwestern","BL",1.84759753475016,3.33294586843459
"2022-07-22","Northwestern","BS",1.96148478177091,4.68638795024951
"2022-07-22","Ticino","TI",4.04819863072629,6.21055250455271
"2022-07-22","Zurich","ZH",16.1792951354865,33.3160333654861
"2022-07-23","9999","9999",0.0167331870132809,0.0531234769060724
"2022-07-23","Central","LU",4.86678256628139,7.67615547810789
"2022-07-23","Central","NW",0.560525923558705,0.722893941340533
"2022-07-23","Central","OW",0.38484185717207,0.552239445150265
"2022-07-23","Central","SZ",1.73368842458172,2.34643984335542
"2022-07-23","Central","UR",0.425353467045859,0.642342028181614
"2022-07-23","Central","ZG",1.45892930170363,2.28815016779949
"2022-07-23","Eastern","AI",0.14749713931697,0.177520102290733
"2022-07-23","Eastern","AR",0.252221957416502,0.340969110890415
"2022-07-23","Eastern","GL",0.351068314339996,0.579022106571881
"2022-07-23","Eastern","GR",3.55828921351044,4.64770943667362
"2022-07-23","Eastern","SG",4.61756292068423,6.94887706554479
"2022-07-23","Eastern","SH",0.640343047863842,1.15637879384216
"2022-07-23","Eastern","TG",2.18813700672487,3.27900667595223
"2022-07-23","Espace Mittelland","BE",10.2202491539661,17.2575506372438
"2022-07-23","Espace Mittelland","FR",2.47926519319494,3.99792400385833
"2022-07-23","Espace Mittelland","JU",0.47916538555657,0.714804761875629
"2022-07-23","Espace Mittelland","NE",1.41450192885006,2.19111400236965
"2022-07-23","Espace Mittelland","SO",1.95190232430636,3.32937711278831
"2022-07-23","Lake Geneva","GE",5.91217122841328,8.47253179761281
"2022-07-23","Lake Geneva","VD",9.2145413921645,16.6167040876187
"2022-07-23","Lake Geneva","VS",4.6315120240048,6.57616302347697
"2022-07-23","Northwestern","AG",5.92353620792777,9.26639299409082
"2022-07-23","Northwestern","BL",2.03674456172411,3.23183112512329
"2022-07-23","Northwestern","BS",2.25809210487903,4.71871067996011
"2022-07-23","Ticino","TI",4.4972599421783,6.79157991191631
"2022-07-23","Zurich","ZH",17.8862384925116,31.4116773763324
"2022-07-24","9999","9999",0.0154049273660847,0.0515940102005233
"2022-07-24","Central","LU",1.368321341451,3.21949342703186
"2022-07-24","Central","NW",0.255622552112132,0.395418125607963
"2022-07-24","Central","OW",0.289275340507169,0.45462548118722
"2022-07-24","Central","SZ",0.518627544761427,0.937733031246665
"2022-07-24","Central","UR",0.27130718522539,0.45292607373661
"2022-07-24","Central","ZG",0.317135456007793,0.832981555991057
"2022-07-24","Eastern","AI",0.0651961531026068,0.107538503474608
"2022-07-24","Eastern","AR",0.093830928131894,0.153048635001948
"2022-07-24","Eastern","GL",0.140648084395682,0.34413000874855
"2022-07-24","Eastern","GR",1.8660951831225,2.62140396886414
"2022-07-24","Eastern","SG",1.00231989417563,2.30956270167718
"2022-07-24","Eastern","SH",0.190523586829554,0.481612071502908
"2022-07-24","Eastern","TG",0.461696444687605,0.974270291434782
"2022-07-24","Espace Mittelland","BE",3.61697883433881,8.24273792214131
"2022-07-24","Espace Mittelland","FR",0.769944842485615,1.72020819780559
"2022-07-24","Espace Mittelland","JU",0.111686016126717,0.221942613049682
"2022-07-24","Espace Mittelland","NE",0.33409702147527,0.648187989811712
"2022-07-24","Espace Mittelland","SO",0.457041834195206,1.20562762176084
"2022-07-24","Lake Geneva","GE",1.61076140234717,3.54594959829407
"2022-07-24","Lake Geneva","VD",2.99014226972454,8.42341892229017
"2022-07-24","Lake Geneva","VS",2.25672923151835,3.75575844214639
"2022-07-24","Northwestern","AG",1.14721301238159,2.94191221404921
"2022-07-24","Northwestern","BL",0.389753938241922,1.0879606498806
"2022-07-24","Northwestern","BS",0.731924409649097,2.23421097531713
"2022-07-24","Ticino","TI",1.88615208549856,2.95812456112803
"2022-07-24","Zurich","ZH",4.84210837701326,13.6051841443925
"2022-07-25","9999","9999",0.0134369190447585,0.0499625790479376
"2022-07-25","Central","LU",3.59181667747143,6.73257648523113
"2022-07-25","Central","NW",0.412032861669828,0.661409379777459
"2022-07-25","Central","OW",0.301795632498102,0.513798848617464
"2022-07-25","Central","SZ",1.28688193477712,1.99595405074159
"2022-07-25","Central","UR",0.332588068766918,0.550947895487801
"2022-07-25","Central","ZG",1.08545400611871,2.25759482183752
"2022-07-25","Eastern","AI",0.0964932509700563,0.149989701590849
"2022-07-25","Eastern","AR",0.191445195062647,0.333865587746864
"2022-07-25","Eastern","GL",0.251495089013458,0.47083782826604
"2022-07-25","Eastern","GR",2.7604826107952,4.09934464051075
"2022-07-25","Eastern","SG",3.59211124451995,6.26299621847854
"2022-07-25","Eastern","SH",0.505914776400834,1.06641216340686
"2022-07-25","Eastern","TG",1.72369446766852,3.0257269895133
"2022-07-25","Espace Mittelland","BE",8.59755091940997,17.1980713764725
"2022-07-25","Espace Mittelland","FR",2.33909205562723,4.02745970534994
"2022-07-25","Espace Mittelland","JU",0.427882367117635,0.686220728556367
"2022-07-25","Espace Mittelland","NE",1.17674215971488,2.01950783800704
"2022-07-25","Espace Mittelland","SO",1.50140767460393,2.98195025358558
"2022-07-25","Lake Geneva","GE",5.71569949089019,9.20099979539134
"2022-07-25","Lake Geneva","VD",7.4277525705871,12.8569690320379
"2022-07-25","Lake Geneva","VS",4.18504390194851,6.41040282074446
"2022-07-25","Northwestern","AG",4.44064499034714,8.2137460310339
"2022-07-25","Northwestern","BL",1.61773815089548,3.13758198791245
"2022-07-25","Northwestern","BS",1.67051753986589,4.18982109318123
"2022-07-25","Ticino","TI",4.13872211848051,5.30014594511186
"2022-07-25","Zurich","ZH",13.366062396233,30.0479708735158
"2022-07-26","9999","9999",0.0138166752236304,0.0461898945075831
"2022-07-26","Central","LU",3.90324027551921,6.86091573590121
"2022-07-26","Central","NW",0.457402820883329,0.624974084036378
"2022-07-26","Central","OW",0.298730049520402,0.450105057368597
"2022-07-26","Central","SZ",1.3280802699182,1.9678458515085
"2022-07-26","Central","UR",0.350529642095182,0.516110042750294
"2022-07-26","Central","ZG",1.17135061664434,2.27441895559856
"2022-07-26","Eastern","AI",0.0995160279174265,0.138637659820774
"2022-07-26","Eastern","AR",0.203530851750288,0.309122215265981
"2022-07-26","Eastern","GL",0.268959322824656,0.455509173061537
"2022-07-26","Eastern","GR",2.78980808976956,4.03116441359227
"2022-07-26","Eastern","SG",3.83040087876774,6.28145178339217
"2022-07-26","Eastern","SH",0.534358520072373,1.09870090496846
"2022-07-26","Eastern","TG",1.71560275732865,2.91455175409438
"2022-07-26","Espace Mittelland","BE",8.87423935248554,17.2839594290263
"2022-07-26","Espace Mittelland","FR",2.30086762548598,3.89245877747347
"2022-07-26","Espace Mittelland","JU",0.410738342463335,0.663856526506338
"2022-07-26","Espace Mittelland","NE",1.16970245328992,1.95809125274199
"2022-07-26","Espace Mittelland","SO",1.5457879533837,2.95853241891617
"2022-07-26","Lake Geneva","GE",5.69562267946115,9.15807276318893
"2022-07-26","Lake Geneva","VD",7.04371795424205,11.9877561091998
"2022-07-26","Lake Geneva","VS",4.07910404029755,6.33685246628206
"2022-07-26","Northwestern","AG",4.50251592433474,8.17051310549038
"2022-07-26","Northwestern","BL",1.65497256774117,3.09801978246225
"2022-07-26","Northwestern","BS",1.80390225427223,4.33634400357283
"2022-07-26","Ticino","TI",3.53529674398442,5.11970286200608
"2022-07-26","Zurich","ZH",13.8276190781155,29.8459453157873
"2022-07-27","9999","9999",0.0137061181064155,0.0486030530874495
"2022-07-27","Central","LU",3.84112714343776,6.83756587752982
"2022-07-27","Central","NW",0.425398058781964,0.650941029881701
"2022-07-27","Central","OW",0.313006657545809,0.496736797813338
"2022-07-27","Central","SZ",1.27327702232873,1.96047042317285
"2022-07-27","Central","UR",0.338012314532477,0.528277800096662
"2022-07-27","Central","ZG",1.15041263294105,2.28726647592517
"2022-07-27","Eastern","AI",0.115072207695501,0.167663539077195
"2022-07-27","Eastern","AR",0.192888969510198,0.318706873287422
"2022-07-27","Eastern","GL",0.264772347948201,0.466419368894454
"2022-07-27","Eastern","GR",2.66448642434219,3.9933695918907
"2022-07-27","Eastern","SG",3.64175773410416,6.11477390063633
"2022-07-27","Eastern","SH",0.525228335671661,1.07351568655041
"2022-07-27","Eastern","TG",1.64609821310493,2.87590722866751
"2022-07-27","Espace Mittelland","BE",8.74571151107883,17.2909269995738
"2022-07-27","Espace Mittelland","FR",2.321626721414,3.9223343604552
"2022-07-27","Espace Mittelland","JU",0.419153931272187,0.647950072768627
"2022-07-27","Espace Mittelland","NE",1.130862835761,1.90078723350742
"2022-07-27","Espace Mittelland","SO",1.55428442761533,3.01342327957088
"2022-07-27","Lake Geneva","GE",5.73811345831736,9.16340890258385
"2022-07-27","Lake Geneva","VD",7.05857197571235,11.9933641537869
"2022-07-27","Lake Geneva","VS",4.23212655271767,6.41067472593656
"2022-07-27","Northwestern","AG",4.39759145571428,8.17884020199837
"2022-07-27","Northwestern","BL",1.59647297576907,3.0956406120314
"2022-07-27","Northwestern","BS",1.77564324107995,4.3253998195909
"2022-07-27","Ticino","TI",3.90514525155948,5.2685029783815
"2022-07-27","Zurich","ZH",13.508000402426,30.0488205772411
"2022-07-28","9999","9999",0.0151838209636979,0.047345491573998
"2022-07-28","Central","LU",3.73541778664064,6.8277433024653
"2022-07-28","Central","NW",0.430901231959589,0.628372898937598
"2022-07-28","Central","OW",0.325546741109085,0.502582759443437
"2022-07-28","Central","SZ",1.29299724867774,1.9475209383992
"2022-07-28","Central","UR",0.344799124293021,0.540343592995994
"2022-07-28","Central","ZG",1.13793529578926,2.28250813506347
"2022-07-28","Eastern","AI",0.116243470127259,0.167459610183121
"2022-07-28","Eastern","AR",0.201291020632941,0.326524147560229
"2022-07-28","Eastern","GL",0.255498864575038,0.460777336158428
"2022-07-28","Eastern","GR",2.76628216022326,4.03979740344137
"2022-07-28","Eastern","SG",3.66414680738305,6.21228590015233
"2022-07-28","Eastern","SH",0.555169323147453,1.10869342077804
"2022-07-28","Eastern","TG",1.74685928913003,2.91672699563116
"2022-07-28","Espace Mittelland","BE",9.02057404433501,17.8108097268644
"2022-07-28","Espace Mittelland","FR",2.30438872007725,3.93327854443713
"2022-07-28","Espace Mittelland","JU",0.42379231377175,0.666065756192131
"2022-07-28","Espace Mittelland","NE",1.21442207882335,1.98188295705054
"2022-07-28","Espace Mittelland","SO",1.6775383671515,3.16303911152259
"2022-07-28","Lake Geneva","GE",6.12285231629359,9.58965427934588
"2022-07-28","Lake Geneva","VD",7.19542793767309,12.0248711679212
"2022-07-28","Lake Geneva","VS",4.29551443201338,6.37828401992793
"2022-07-28","Northwestern","AG",4.5568915110551,8.30191128957155
"2022-07-28","Northwestern","BL",1.66418800784459,3.13207590777248
"2022-07-28","Northwestern","BS",1.85252403069492,4.40445625419329
"2022-07-28","Ticino","TI",4.22971436574881,5.45917649433995
"2022-07-28","Zurich","ZH",13.5207375480201,29.9414860026606
"2022-07-29","9999","9999",0.0170859853005791,0.0553666947408777
"2022-07-29","Central","LU",4.97235324109534,7.95846104380325
"2022-07-29","Central","NW",0.581874764483128,0.727244424414095
"2022-07-29","Central","OW",0.381042392196933,0.505845621748609
"2022-07-29","Central","SZ",1.7265228454797,2.27326335853215
"2022-07-29","Central","UR",0.445964725332586,0.654849667018104
"2022-07-29","Central","ZG",1.54990695787607,2.4828682734904
"2022-07-29","Eastern","AI",0.140643596635115,0.159778288506364
"2022-07-29","Eastern","AR",0.276497554442655,0.351199543743088
"2022-07-29","Eastern","GL",0.346921788048966,0.546257530924117
"2022-07-29","Eastern","GR",3.63296149234752,4.66504339266984
"2022-07-29","Eastern","SG",4.84807238759361,7.26347137280173
"2022-07-29","Eastern","SH",0.650037961716011,1.21048792706959
"2022-07-29","Eastern","TG",2.20181788607312,3.28135185823407
"2022-07-29","Espace Mittelland","BE",11.4188287800962,19.4047859392387
"2022-07-29","Espace Mittelland","FR",3.00038840275421,4.48344471249765
"2022-07-29","Espace Mittelland","JU",0.522641666451644,0.749336721272027
"2022-07-29","Espace Mittelland","NE",1.45039784173648,2.16864783587259
"2022-07-29","Espace Mittelland","SO",2.1290588186694,3.48827170942036
"2022-07-29","Lake Geneva","GE",6.79813983655944,9.48313542034163
"2022-07-29","Lake Geneva","VD",8.57514631910608,12.9773550558391
"2022-07-29","Lake Geneva","VS",5.47583353661727,7.31319603480658
"2022-07-29","Northwestern","AG",5.96451732527575,9.4688264096075
"2022-07-29","Northwestern","BL",2.14671793720344,3.53337398315955
"2022-07-29","Northwestern","BS",2.10043976255016,4.58935178481967
"2022-07-29","Ticino","TI",4.96146825616045,5.9163850748521
"2022-07-29","Zurich","ZH",15.9999774476325,30.7304189175318
"2022-07-30","9999","9999",0.0193098233863759,0.0639996845899772
"2022-07-30","Central","LU",5.26009960236053,8.35071827155307
"2022-07-30","Central","NW",0.665001310672795,0.828631072917495
"2022-07-30","Central","OW",0.469809689229355,0.681054529906512
"2022-07-30","Central","SZ",1.95815624186973,2.59309184073697
"2022-07-30","Central","UR",0.461209303368882,0.731255025997535
"2022-07-30","Central","ZG",1.64927122821474,2.36010307925832
"2022-07-30","Eastern","AI",0.170773966823631,0.217014331442912
"2022-07-30","Eastern","AR",0.294142121041035,0.399292774595354
"2022-07-30","Eastern","GL",0.394164725491577,0.634966599845966
"2022-07-30","Eastern","GR",4.05984432632149,5.09570722880346
"2022-07-30","Eastern","SG",5.28951263574218,7.85207813739505
"2022-07-30","Eastern","SH",0.722143515630253,1.29793943447799
"2022-07-30","Eastern","TG",2.53221849267737,3.71568641446101
"2022-07-30","Espace Mittelland","BE",11.9537446361716,19.7404528988832
"2022-07-30","Espace Mittelland","FR",2.757297831957,4.19152050063184
"2022-07-30","Espace Mittelland","JU",0.532145779991329,0.769049847699104
"2022-07-30","Espace Mittelland","NE",1.47023155438674,2.20515110791169
"2022-07-30","Espace Mittelland","SO",2.31645059868273,3.76836804542992
"2022-07-30","Lake Geneva","GE",6.30602450097189,8.5892131131717
"2022-07-30","Lake Geneva","VD",9.02547065320416,13.1287722596885
"2022-07-30","Lake Geneva","VS",5.33648485470681,7.28590355114978
"2022-07-30","Northwestern","AG",7.0282720417956,10.4247770887247
"2022-07-30","Northwestern","BL",2.49626372982081,3.92474751903506
"2022-07-30","Northwestern","BS",2.19234114552328,4.44632965377632
"2022-07-30","Ticino","TI",4.62323082521963,6.26914807344975
"2022-07-30","Zurich","ZH",18.4964790444275,31.7534282146501
"2022-07-31","9999","9999",0.0175559235371282,0.0659370090836727
"2022-07-31","Central","LU",1.4716158327206,3.50876656327472
"2022-07-31","Central","NW",0.287732275336078,0.397151521207585
"2022-07-31","Central","OW",0.279307248915563,0.463564364377429
"2022-07-31","Central","SZ",0.551206716719242,0.979402501935625
"2022-07-31","Central","UR",0.277161472801095,0.495309295554826
"2022-07-31","Central","ZG",0.323512450208913,0.83889549391918
"2022-07-31","Eastern","AI",0.0742653023931978,0.119060485989745
"2022-07-31","Eastern","AR",0.0951490139553964,0.16450264121906
"2022-07-31","Eastern","GL",0.13096828638626,0.321459913357411
"2022-07-31","Eastern","GR",2.12878460318428,2.88243295327785
"2022-07-31","Eastern","SG",1.16699801755722,2.78923744868639
"2022-07-31","Eastern","SH",0.214796505297044,0.574399718306221
"2022-07-31","Eastern","TG",0.476113622218522,1.02086804373051
"2022-07-31","Espace Mittelland","BE",4.18221586483119,10.0811908903603
"2022-07-31","Espace Mittelland","FR",0.845769101264896,1.84154588977915
"2022-07-31","Espace Mittelland","JU",0.124667462718115,0.245870269954272
"2022-07-31","Espace Mittelland","NE",0.336845449792793,0.692372583527576
"2022-07-31","Espace Mittelland","SO",0.511236935403546,1.25824127643173
"2022-07-31","Lake Geneva","GE",1.71326330654196,3.5719505322884
"2022-07-31","Lake Geneva","VD",2.38334051329337,4.9286894645575
"2022-07-31","Lake Geneva","VS",2.62874780237282,4.20970416035337
"2022-07-31","Northwestern","AG",1.23693811734928,3.15444010982251
"2022-07-31","Northwestern","BL",0.475637018913487,1.40999836177122
"2022-07-31","Northwestern","BS",0.754637811739439,2.30623186307398
"2022-07-31","Ticino","TI",1.9603110248335,3.02661068138761
"2022-07-31","Zurich","ZH",4.98184494084707,13.4947566482519
"2022-08-01","9999","9999",0.0175909484328625,0.0659030209346605
"2022-08-01","Central","LU",1.37086737020054,3.25531693609072
"2022-08-01","Central","NW",0.275282448234886,0.39059180844823
"2022-08-01","Central","OW",0.250278498633565,0.41713655282676
"2022-08-01","Central","SZ",0.531251423351417,0.977193272249832
"2022-08-01","Central","UR",0.232949970629252,0.43317895916052
"2022-08-01","Central","ZG",0.328360527824396,0.867173633897333
"2022-08-01","Eastern","AI",0.0716977316097299,0.114370121426061
"2022-08-01","Eastern","AR",0.0980606072221217,0.174937002965806
"2022-08-01","Eastern","GL",0.126973376697214,0.302664466953663
"2022-08-01","Eastern","GR",1.99451709223331,2.80103133639363
"2022-08-01","Eastern","SG",1.08267495842957,2.41866466000635
"2022-08-01","Eastern","SH",0.187474235760711,0.463360435483356
"2022-08-01","Eastern","TG",0.43899199853829,0.979062620445503
"2022-08-01","Espace Mittelland","BE",3.96194203993005,9.29181612955195
"2022-08-01","Espace Mittelland","FR",0.823739377777167,1.81037875713496
"2022-08-01","Espace Mittelland","JU",0.111607163119057,0.240364189814296
"2022-08-01","Espace Mittelland","NE",0.365213590754464,0.723573704320777
"2022-08-01","Espace Mittelland","SO",0.470853144469467,1.24328649086636
"2022-08-01","Lake Geneva","GE",1.66653229100173,3.70083359334267
"2022-08-01","Lake Geneva","VD",2.24768339430337,4.86829252376281
"2022-08-01","Lake Geneva","VS",2.53882937517485,4.11756228838129
"2022-08-01","Northwestern","AG",1.23257713406026,3.17843574302512
"2022-08-01","Northwestern","BL",0.377232671161651,1.10937318375829
"2022-08-01","Northwestern","BS",0.634820161434303,1.91451844570835
"2022-08-01","Ticino","TI",1.53127800922095,2.60298239209952
"2022-08-01","Zurich","ZH",4.54738811806336,12.9234498515058
"2022-08-02","9999","9999",0.0119051202673427,0.047855313809181
"2022-08-02","Central","LU",3.83452040800698,7.00230643579197
"2022-08-02","Central","NW",0.498951487218202,0.700427774843468
"2022-08-02","Central","OW",0.36521480472111,0.551423729573972
"2022-08-02","Central","SZ",1.39667930075694,2.08561478783578
"2022-08-02","Central","UR",0.363283771474194,0.573074180494745
"2022-08-02","Central","ZG",1.24804294772765,2.36927987949162
"2022-08-02","Eastern","AI",0.131561340420773,0.185405352861564
"2022-08-02","Eastern","AR",0.23373608843664,0.370334871636958
"2022-08-02","Eastern","GL",0.305258288301469,0.529739290504187
"2022-08-02","Eastern","GR",3.24845956933233,4.55570351729759
"2022-08-02","Eastern","SG",3.99980773901152,6.66606167761425
"2022-08-02","Eastern","SH",0.567902321674791,1.13007196650672
"2022-08-02","Eastern","TG",1.86750853791553,3.12707964986768
"2022-08-02","Espace Mittelland","BE",9.65628021345152,18.7629537332923
"2022-08-02","Espace Mittelland","FR",2.52726263048786,4.06963899827408
"2022-08-02","Espace Mittelland","JU",0.512453584523761,0.767180499503433
"2022-08-02","Espace Mittelland","NE",1.38732558985259,2.21952809494385
"2022-08-02","Espace Mittelland","SO",1.64265574830809,3.21813390107137
"2022-08-02","Lake Geneva","GE",6.08166925363611,9.37236804271087
"2022-08-02","Lake Geneva","VD",7.85881113653997,12.6292824218052
"2022-08-02","Lake Geneva","VS",4.90912835835992,7.00522941660702
"2022-08-02","Northwestern","AG",4.97415139981887,8.98364558245831
"2022-08-02","Northwestern","BL",1.76241781852097,3.34290439609517
"2022-08-02","Northwestern","BS",1.87607711784989,4.52028786602687
"2022-08-02","Ticino","TI",4.16470165475441,5.54183567273763
"2022-08-02","Zurich","ZH",14.0852352336651,30.3607977970241
"2022-08-03","9999","9999",0.0141506335317943,0.0516959746475599
"2022-08-03","Central","LU",3.62478755730554,6.81540560437387
"2022-08-03","Central","NW",0.435204970847237,0.682346079568976
"2022-08-03","Central","OW",0.348145693556904,0.572462393812525
"2022-08-03","Central","SZ",1.2580616304002,1.98453403267349
"2022-08-03","Central","UR",0.330660180085216,0.5567938571179
"2022-08-03","Central","ZG",1.13042658705687,2.3046004319214
"2022-08-03","Eastern","AI",0.121873812185035,0.185269400265515
"2022-08-03","Eastern","AR",0.222122774422711,0.362551585513163
"2022-08-03","Eastern","GL",0.272011407276462,0.498062335624814
"2022-08-03","Eastern","GR",2.89787522824972,4.32087939577228
"2022-08-03","Eastern","SG",3.64188856054833,6.33460924844725
"2022-08-03","Eastern","SH",0.537146993625113,1.1080136577978
"2022-08-03","Eastern","TG",1.65643853036618,2.95142889577262
"2022-08-03","Espace Mittelland","BE",9.00803108249598,18.2979278785073
"2022-08-03","Espace Mittelland","FR",2.17205029219453,3.76309988233303
"2022-08-03","Espace Mittelland","JU",0.45219840489717,0.709468622480713
"2022-08-03","Espace Mittelland","NE",1.18747595489412,2.04550877200138
"2022-08-03","Espace Mittelland","SO",1.52041278061422,3.11756296814427
"2022-08-03","Lake Geneva","GE",5.37119004253492,8.85394680582774
"2022-08-03","Lake Geneva","VD",7.1939551298426,11.8902101215348
"2022-08-03","Lake Geneva","VS",4.43749201743505,6.60444116345513
"2022-08-03","Northwestern","AG",4.6973101596708,8.87705874715604
"2022-08-03","Northwestern","BL",1.64963805760684,3.2229262300821
"2022-08-03","Northwestern","BS",1.70703123646219,4.40680143647513
"2022-08-03","Ticino","TI",3.72826404567143,5.19515655281316
"2022-08-03","Zurich","ZH",12.9765301870409,29.5584055751441
"2022-08-04","9999","9999",0.0145368942222734,0.0541431213764385
"2022-08-04","Central","LU",3.66404745791919,7.02738968976297
"2022-08-04","Central","NW",0.446211121401415,0.700903608929638
"2022-08-04","Central","OW",0.351624773154179,0.571306796746111
"2022-08-04","Central","SZ",1.29973416049313,2.0171626557252
"2022-08-04","Central","UR",0.344833561785539,0.569845306338586
"2022-08-04","Central","ZG",1.1371296370349,2.35374729539304
"2022-08-04","Eastern","AI",0.125913215709651,0.183875886156015
"2022-08-04","Eastern","AR",0.224529964548219,0.366766115990676
"2022-08-04","Eastern","GL",0.271641174861725,0.507680981795268
"2022-08-04","Eastern","GR",2.96725771400126,4.36608363395851
"2022-08-04","Eastern","SG",3.68688519760618,6.60345550713377
"2022-08-04","Eastern","SH",0.588606381837536,1.40143334822014
"2022-08-04","Eastern","TG",1.71774862742763,3.03164092744142
"2022-08-04","Espace Mittelland","BE",9.12215795086848,18.6886216514026
"2022-08-04","Espace Mittelland","FR",2.152332164833,3.7357394223782
"2022-08-04","Espace Mittelland","JU",0.467279774908028,0.732818480852097
"2022-08-04","Espace Mittelland","NE",1.25365007169432,2.16093252604682
"2022-08-04","Espace Mittelland","SO",1.61890465536119,3.28165775157518
"2022-08-04","Lake Geneva","GE",5.65057845882682,9.24793742917719
"2022-08-04","Lake Geneva","VD",7.02904688537727,11.9403426413278
"2022-08-04","Lake Geneva","VS",4.32875478503065,6.53748450990109
"2022-08-04","Northwestern","AG",4.81104431374949,9.1306783150851
"2022-08-04","Northwestern","BL",1.63716836061288,3.26765463418215
"2022-08-04","Northwestern","BS",1.70504475626775,4.39738671919875
"2022-08-04","Ticino","TI",3.76011426198678,5.43185002253414
"2022-08-04","Zurich","ZH",12.9174770027823,30.2191351919413
"2022-08-05","9999","9999",0.0160278763082493,0.0626401586294891
"2022-08-05","Central","LU",4.55557571218812,7.90992596701382
"2022-08-05","Central","NW",0.552217825622283,0.751987796894979
"2022-08-05","Central","OW",0.400589859344225,0.542892704171909
"2022-08-05","Central","SZ",1.57962516680832,2.25093314463113
"2022-08-05","Central","UR",0.434204603590999,0.656820979660812
"2022-08-05","Central","ZG",1.44999841538193,2.55645261610182
"2022-08-05","Eastern","AI",0.147117234329283,0.189823812233151
"2022-08-05","Eastern","AR",0.257606960731237,0.384270012731961
"2022-08-05","Eastern","GL",0.341866803524828,0.560702494254303
"2022-08-05","Eastern","GR",3.50948304338634,4.65467700722112
"2022-08-05","Eastern","SG",4.62821140142044,7.4380345061284
"2022-08-05","Eastern","SH",0.716996512434384,1.52810717958862
"2022-08-05","Eastern","TG",2.13050643081796,3.40534062583059
"2022-08-05","Espace Mittelland","BE",11.0672460571802,20.6317581185792
"2022-08-05","Espace Mittelland","FR",2.61837405795258,4.24444004864384
"2022-08-05","Espace Mittelland","JU",0.537964208558734,0.812758607328796
"2022-08-05","Espace Mittelland","NE",1.42826791900823,2.32879999401809
"2022-08-05","Espace Mittelland","SO",1.96740107954608,3.60223397305827
"2022-08-05","Lake Geneva","GE",5.86334768290206,9.24389283944474
"2022-08-05","Lake Geneva","VD",8.11042581301608,12.8731813791167
"2022-08-05","Lake Geneva","VS",5.19801864822723,7.12170680327184
"2022-08-05","Northwestern","AG",5.88592884486449,10.3344026005013
"2022-08-05","Northwestern","BL",2.07924374827835,3.68288785066423
"2022-08-05","Northwestern","BS",2.02369985963844,4.78930406545846
"2022-08-05","Ticino","TI",4.05759729364072,5.55821796056151
"2022-08-05","Zurich","ZH",15.2463297979975,31.4558959581973
"2022-08-06","9999","9999",0.0173889404670248,0.0655631394445385
"2022-08-06","Central","LU",5.1066798095656,8.24980745713585
"2022-08-06","Central","NW",0.5674331979707,0.719835007929435
"2022-08-06","Central","OW",0.398949159926662,0.559682849783937
"2022-08-06","Central","SZ",1.8289875396388,2.44337404433822
"2022-08-06","Central","UR",0.423397433918088,0.676806011279987
"2022-08-06","Central","ZG",1.48454370030669,2.38742955106413
"2022-08-06","Eastern","AI",0.162914484387032,0.191489231534748
"2022-08-06","Eastern","AR",0.266004853039215,0.373121899855958
"2022-08-06","Eastern","GL",0.366129391527767,0.613384125223217
"2022-08-06","Eastern","GR",3.69405770806614,4.74491554284852
"2022-08-06","Eastern","SG",5.27570891863348,7.83304477394822
"2022-08-06","Eastern","SH",0.851348464555602,1.74705883552523
"2022-08-06","Eastern","TG",2.42522690514903,3.67727980607722
"2022-08-06","Espace Mittelland","BE",11.6382441034497,20.0097070153579
"2022-08-06","Espace Mittelland","FR",2.41032914955132,3.90187349474985
"2022-08-06","Espace Mittelland","JU",0.551478993773749,0.813302417712992
"2022-08-06","Espace Mittelland","NE",1.55951864060861,2.41023559905132
"2022-08-06","Espace Mittelland","SO",2.19998285409174,3.71741981006063
"2022-08-06","Lake Geneva","GE",5.82609574969248,8.49210897144384
"2022-08-06","Lake Geneva","VD",8.51076295191685,13.0235109621977
"2022-08-06","Lake Geneva","VS",4.87590424116752,6.88086677937137
"2022-08-06","Northwestern","AG",7.2909291860087,11.4703205286381
"2022-08-06","Northwestern","BL",2.30711823792726,3.58452614742292
"2022-08-06","Northwestern","BS",2.25344607047358,4.63676525269169
"2022-08-06","Ticino","TI",4.05136085719704,5.78641439302944
"2022-08-06","Zurich","ZH",18.4158593393608,31.7479221345101
"2022-08-07","9999","9999",0.0138638358697985,0.0567941969993903
"2022-08-07","Central","LU",1.3474355661455,3.11453802288218
"2022-08-07","Central","NW",0.246029215940023,0.259057671771007
"2022-08-07","Central","OW",0.216677808987729,0.292502010399014
"2022-08-07","Central","SZ",0.513128828016198,0.833661318971301
"2022-08-07","Central","UR",0.226202978974681,0.384066083837887
"2022-08-07","Central","ZG",0.306865474407572,0.763679720155176
"2022-08-07","Eastern","AI",0.0565178501635979,0.0852762658716159
"2022-08-07","Eastern","AR",0.0930922685883033,0.130888361845992
"2022-08-07","Eastern","GL",0.112308248436958,0.267792626067143
"2022-08-07","Eastern","GR",1.87597351167072,2.29807470731105
"2022-08-07","Eastern","SG",1.08515597730724,2.41812084962215
"2022-08-07","Eastern","SH",0.233572355664329,0.591733674302444
"2022-08-07","Eastern","TG",0.464123289324706,0.952279959023888
"2022-08-07","Espace Mittelland","BE",3.5533478875925,8.02861258336443
"2022-08-07","Espace Mittelland","FR",0.76519599293733,1.70280626551134
"2022-08-07","Espace Mittelland","JU",0.129711870068351,0.248589321875249
"2022-08-07","Espace Mittelland","NE",0.350673234769241,0.686866503387599
"2022-08-07","Espace Mittelland","SO",0.482433630475688,1.20674923067825
"2022-08-07","Lake Geneva","GE",1.61532921814044,3.50659132173794
"2022-08-07","Lake Geneva","VD",2.25625089341582,4.71650145027432
"2022-08-07","Lake Geneva","VS",2.25198633432265,3.50523179577745
"2022-08-07","Northwestern","AG",1.37436390350536,3.34715291472169
"2022-08-07","Northwestern","BL",0.423829030388745,1.17031393493717
"2022-08-07","Northwestern","BS",0.812151521818601,2.44969584005449
"2022-08-07","Ticino","TI",1.81381525919028,2.63866994856234
"2022-08-07","Zurich","ZH",4.84639232432856,12.7340678852098
"2022-08-08","9999","9999",0.0121088395345484,0.053735263588292
"2022-08-08","Central","LU",3.63310300169818,6.97137722019086
"2022-08-08","Central","NW",0.440311094695323,0.65987991307191
"2022-08-08","Central","OW",0.301407480369268,0.488681606497446
"2022-08-08","Central","SZ",1.26447728748097,2.05366592776431
"2022-08-08","Central","UR",0.316305901690624,0.559444932740852
"2022-08-08","Central","ZG",1.14412236295067,2.38355490207674
"2022-08-08","Eastern","AI",0.112155864294773,0.16759556277917
"2022-08-08","Eastern","AR",0.226110008709741,0.367649807864994
"2022-08-08","Eastern","GL",0.275773728788268,0.516653853134489
"2022-08-08","Eastern","GR",2.76597205831769,4.13353671841702
"2022-08-08","Eastern","SG",3.8563351027576,6.95975327322869
"2022-08-08","Eastern","SH",0.5219792087692,1.14230770015111
"2022-08-08","Eastern","TG",1.7647334559813,3.16874912055664
"2022-08-08","Espace Mittelland","BE",8.87772238726447,18.2783167165273
"2022-08-08","Espace Mittelland","FR",2.12154348011272,3.8229190245945
"2022-08-08","Espace Mittelland","JU",0.4656127402463,0.744714333006367
"2022-08-08","Espace Mittelland","NE",1.29215761060537,2.28781028630937
"2022-08-08","Espace Mittelland","SO",1.49520929405658,3.19845476279331
"2022-08-08","Lake Geneva","GE",5.51292541811469,9.06739238162438
"2022-08-08","Lake Geneva","VD",7.03916855941362,12.2196912380591
"2022-08-08","Lake Geneva","VS",4.23957016934173,6.40846549625077
"2022-08-08","Northwestern","AG",4.48384420489349,9.26737865041217
"2022-08-08","Northwestern","BL",1.62871765292378,3.33365961956385
"2022-08-08","Northwestern","BS",1.83529293330396,4.63136113699875
"2022-08-08","Ticino","TI",3.40171666710063,5.12048458943336
"2022-08-08","Zurich","ZH",13.3047633697642,30.6265851222996
"2022-08-09","9999","9999",0.0142816557770399,0.0559444932740852
"2022-08-09","Central","LU",3.53642763223516,6.97691728847985
"2022-08-09","Central","NW",0.391792779559004,0.653490141057616
"2022-08-09","Central","OW",0.319934663375292,0.520460525823856
"2022-08-09","Central","SZ",1.25462784742289,2.02158111509679
"2022-08-09","Central","UR",0.327574077155185,0.536332991412554
"2022-08-09","Central","ZG",1.16506047588268,2.39837373504606
"2022-08-09","Eastern","AI",0.119010010043929,0.178573734910112
"2022-08-09","Eastern","AR",0.227191907532302,0.388960377295645
"2022-08-09","Eastern","GL",0.281063396561115,0.50309258167862
"2022-08-09","Eastern","GR",2.59562677444477,4.0493480733138
"2022-08-09","Eastern","SG",3.74077410509835,6.84575702144176
"2022-08-09","Eastern","SH",0.548140362285319,1.17473239430875
"2022-08-09","Eastern","TG",1.66999710061689,3.13751401161443
"2022-08-09","Espace Mittelland","BE",8.83377371670343,18.5932848934234
"2022-08-09","Espace Mittelland","FR",2.02722476451857,3.685029104052
"2022-08-09","Espace Mittelland","JU",0.443933246135806,0.776459264183764
"2022-08-09","Espace Mittelland","NE",1.2289387467949,2.26864097026649
"2022-08-09","Espace Mittelland","SO",1.54399771285551,3.23458416519328
"2022-08-09","Lake Geneva","GE",5.07567424774609,8.92348655870671
"2022-08-09","Lake Geneva","VD",6.73452892026278,12.0414233964901
"2022-08-09","Lake Geneva","VS",4.13981621962586,6.35578386528185
"2022-08-09","Northwestern","AG",4.53129353232993,9.29422928813181
"2022-08-09","Northwestern","BL",1.63018810330936,3.3432782657343
"2022-08-09","Northwestern","BS",1.7852286198965,4.7053193492493
"2022-08-09","Ticino","TI",3.09002494298106,4.91128753226325
"2022-08-09","Zurich","ZH",12.9795831604296,31.0268295650673
"2022-08-10","9999","9999",0.0166745524243018,0.0601590237515983
"2022-08-10","Central","LU",3.74577298478335,7.38450317143418
"2022-08-10","Central","NW",0.440452553137699,0.679661015797012
"2022-08-10","Central","OW",0.308022846711292,0.528447740841723
"2022-08-10","Central","SZ",1.28119553487247,2.07541834313212
"2022-08-10","Central","UR",0.337379438475969,0.55308914887557
"2022-08-10","Central","ZG",1.22303420491609,2.49700734347948
"2022-08-10","Eastern","AI",0.119773544155689,0.185405352861564
"2022-08-10","Eastern","AR",0.228606151262194,0.39521419671389
"2022-08-10","Eastern","GL",0.283504440691947,0.536536920306627
"2022-08-10","Eastern","GR",2.6471688063736,4.13815910668268
"2022-08-10","Eastern","SG",3.88169127107504,7.09798307526132
"2022-08-10","Eastern","SH",0.527000926691229,1.17306697500715
"2022-08-10","Eastern","TG",1.72321483336289,3.21857574700853
"2022-08-10","Espace Mittelland","BE",8.99130228925875,18.8990082937881
"2022-08-10","Espace Mittelland","FR",2.12279524028114,3.83892744277925
"2022-08-10","Espace Mittelland","JU",0.470982764779039,0.795016793544427
"2022-08-10","Espace Mittelland","NE",1.28230074577065,2.33705911422805
"2022-08-10","Espace Mittelland","SO",1.6179636471579,3.34253052645604
"2022-08-10","Lake Geneva","GE",5.23846574556386,9.05767177100689
"2022-08-10","Lake Geneva","VD",7.10314499715123,12.8585324868925
"2022-08-10","Lake Geneva","VS",4.1770452754382,6.48456496188909
"2022-08-10","Northwestern","AG",4.70524131313174,9.61487348591293
"2022-08-10","Northwestern","BL",1.65272806481025,3.43596394809058
"2022-08-10","Northwestern","BS",1.81451464495488,4.79909265237397
"2022-08-10","Ticino","TI",3.16310138434217,4.98993610907749
"2022-08-10","Zurich","ZH",13.4894047321211,31.7039074815393
"2022-08-11","9999","9999",0.0152578337688608,0.0571680666385245
"2022-08-11","Central","LU",3.85926481545551,7.24290854264935
"2022-08-11","Central","NW",0.476853848170688,0.713173330723043
"2022-08-11","Central","OW",0.343423962457071,0.533410010597505
"2022-08-11","Central","SZ",1.35481042918119,2.11392691596294
"2022-08-11","Central","UR",0.339745279331121,0.559580885336901
"2022-08-11","Central","ZG",1.27670847135726,2.47426927179031
"2022-08-11","Eastern","AI",0.131588451037183,0.186492973629955
"2022-08-11","Eastern","AR",0.248068292218391,0.40524070067249
"2022-08-11","Eastern","GL",0.28386711518531,0.543300561960056
"2022-08-11","Eastern","GR",2.71562404090516,4.14679209653178
"2022-08-11","Eastern","SG",3.99522602525817,7.22401113179856
"2022-08-11","Eastern","SH",0.617305563671401,1.53932326876265
"2022-08-11","Eastern","TG",1.7770336009951,3.22017319001211
"2022-08-11","Espace Mittelland","BE",9.28431576984535,19.3106047783259
"2022-08-11","Espace Mittelland","FR",2.06859899167852,3.78036586203123
"2022-08-11","Espace Mittelland","JU",0.500782708910727,0.811772951007443
"2022-08-11","Espace Mittelland","NE",1.32978656661086,2.46057204773839
"2022-08-11","Espace Mittelland","SO",1.6885455632834,3.47297704236487
"2022-08-11","Lake Geneva","GE",5.44953067011738,9.27322461204227
"2022-08-11","Lake Geneva","VD",6.82708478006666,12.5565817710681
"2022-08-11","Lake Geneva","VS",4.13421775789861,6.42494974852169
"2022-08-11","Northwestern","AG",4.70384534155788,9.53765241135721
"2022-08-11","Northwestern","BL",1.67765917249682,3.39769329230284
"2022-08-11","Northwestern","BS",1.92906177291597,5.06678331399408
"2022-08-11","Ticino","TI",3.2840548649171,5.15603619330012
"2022-08-11","Zurich","ZH",13.7567964989766,32.1147222386498
"2022-08-12","9999","9999",0.0190485072758719,0.075895536744248
"2022-08-12","Central","LU",4.73013904848362,8.42406469712141
"2022-08-12","Central","NW",0.583274233064138,0.808883958341406
"2022-08-12","Central","OW",0.41280680848259,0.623852475118975
"2022-08-12","Central","SZ",1.69923660725661,2.4717201606144
"2022-08-12","Central","UR",0.445294874201669,0.698558426647796
"2022-08-12","Central","ZG",1.5789605044058,2.74743202540138
"2022-08-12","Eastern","AI",0.158445990645478,0.212935753561448
"2022-08-12","Eastern","AR",0.305041783224271,0.447453981745645
"2022-08-12","Eastern","GL",0.365369757773358,0.643837506738151
"2022-08-12","Eastern","GR",3.34158180331667,4.66759250384576
"2022-08-12","Eastern","SG",4.86006093869767,8.22373854684349
"2022-08-12","Eastern","SH",0.734908171274889,1.654509105765
"2022-08-12","Eastern","TG",2.20016463972288,3.72941762666194
"2022-08-12","Espace Mittelland","BE",11.1701040373723,20.9246339986174
"2022-08-12","Espace Mittelland","FR",2.64157928492329,4.42682045624332
"2022-08-12","Espace Mittelland","JU",0.575498001327273,0.936203564541116
"2022-08-12","Espace Mittelland","NE",1.56518771603442,2.73682772290958
"2022-08-12","Espace Mittelland","SO",2.0160024025888,3.84219030508442
"2022-08-12","Lake Geneva","GE",5.7074488135761,9.48962715680297
"2022-08-12","Lake Geneva","VD",8.17818343965678,14.0886995522401
"2022-08-12","Lake Geneva","VS",5.15930535371783,7.52562196613285
"2022-08-12","Northwestern","AG",5.74754854414717,10.8635980806212
"2022-08-12","Northwestern","BL",2.14967276726285,3.89704717759012
"2022-08-12","Northwestern","BS",2.14755580523412,5.13122484452121
"2022-08-12","Ticino","TI",3.64444900417278,5.39966324541959
"2022-08-12","Zurich","ZH",16.5096360462599,35.1635271813424
"2022-08-13","9999","9999",0.0263179823426358,0.111854998399158
"2022-08-13","Central","LU",4.99439871873731,8.4418744872038
"2022-08-13","Central","NW",0.568113269917569,0.77499777377624
"2022-08-13","Central","OW",0.445568044109063,0.705627961642335
"2022-08-13","Central","SZ",1.87770278757718,2.66650624260333
"2022-08-13","Central","UR",0.440432424787512,0.738834383227256
"2022-08-13","Central","ZG",2.38788464890501,5.45536982165059
"2022-08-13","Eastern","AI",0.18366162861763,0.247637653702907
"2022-08-13","Eastern","AR",0.315420528403888,0.463156506589282
"2022-08-13","Eastern","GL",0.396527684154951,0.695601457683735
"2022-08-13","Eastern","GR",3.3506556361689,4.72224544745738
"2022-08-13","Eastern","SG",5.22404503578161,8.42083582296525
"2022-08-13","Eastern","SH",0.819671481280574,1.83794314598386
"2022-08-13","Eastern","TG",2.49904813462727,3.96549930970069
"2022-08-13","Espace Mittelland","BE",11.2385273954893,19.9968934831803
"2022-08-13","Espace Mittelland","FR",2.46242602297748,4.05672350164945
"2022-08-13","Espace Mittelland","JU",0.573229782970528,0.873699358507675
"2022-08-13","Espace Mittelland","NE",1.71994439155575,2.81486451304159
"2022-08-13","Espace Mittelland","SO",2.25162840996329,3.99180613703614
"2022-08-13","Lake Geneva","GE",5.79230104076454,8.51783800024607
"2022-08-13","Lake Geneva","VD",8.77338604240753,14.3201928351622
"2022-08-13","Lake Geneva","VS",4.94432221475511,7.16854247261065
"2022-08-13","Northwestern","AG",6.641725372103,11.1101821017048
"2022-08-13","Northwestern","BL",2.38074983015138,3.83749994052074
"2022-08-13","Northwestern","BS",2.37174041193577,4.89905179861886
"2022-08-13","Ticino","TI",3.77371228223744,5.59744028452159
"2022-08-13","Zurich","ZH",17.1571441054027,35.546709573306
"2022-08-14","9999","9999",0.0182894178484433,0.0694717765809418
"2022-08-14","Central","LU",1.46661210500105,3.36343323809854
"2022-08-14","Central","NW",0.283817119339622,0.377064525141374
"2022-08-14","Central","OW",0.27591103624792,0.424206087821298
"2022-08-14","Central","SZ",0.570764040492492,0.995206991226299
"2022-08-14","Central","UR",0.258915279997275,0.454693457485244
"2022-08-14","Central","ZG",0.354784058692828,0.868465183559796
"2022-08-14","Eastern","AI",0.0669209843247262,0.114030239935939
"2022-08-14","Eastern","AR",0.108780762898698,0.167493598332134
"2022-08-14","Eastern","GL",0.137951864475959,0.33719642635006
"2022-08-14","Eastern","GR",1.97519694621443,2.56426989037462
"2022-08-14","Eastern","SG",1.19459777245657,2.67921781033389
"2022-08-14","Eastern","SH",0.221795042588632,0.580415620681381
"2022-08-14","Eastern","TG",0.513465801660869,1.09040779660948
"2022-08-14","Espace Mittelland","BE",3.91194009699601,8.85476252140404
"2022-08-14","Espace Mittelland","FR",0.825360536247758,1.77081655168476
"2022-08-14","Espace Mittelland","JU",0.142633444607996,0.260213268837422
"2022-08-14","Espace Mittelland","NE",0.383940608334429,0.732478599361974
"2022-08-14","Espace Mittelland","SO",0.502130681809838,1.27074891526822
"2022-08-14","Lake Geneva","GE",1.60980205149946,3.40034436792579
"2022-08-14","Lake Geneva","VD",2.4744918920088,5.25990397668141
"2022-08-14","Lake Geneva","VS",2.38283081960719,3.5761310746169
"2022-08-14","Northwestern","AG",1.3516745183745,3.38555952310548
"2022-08-14","Northwestern","BL",0.436119992332273,1.19702862006076
"2022-08-14","Northwestern","BS",0.756895445090239,2.29243267457503
"2022-08-14","Ticino","TI",1.65702172385872,2.55730231982712
"2022-08-14","Zurich","ZH",5.47123003412065,15.149435694762
"2022-08-15","9999","9999",0.0135162850512261,0.0564543155092682
"2022-08-15","Central","LU",1.28485051432066,3.04139552620792
"2022-08-15","Central","NW",0.256093610330812,0.283970984996951
"2022-08-15","Central","OW",0.183308180270773,0.270953523925278
"2022-08-15","Central","SZ",0.463079046964285,0.858846537389343
"2022-08-15","Central","UR",0.200494501872616,0.339575596780914
"2022-08-15","Central","ZG",0.303499873279504,0.819896118621359
"2022-08-15","Eastern","AI",0.0385102096376679,0.053055500608048
"2022-08-15","Eastern","AR",0.23551443600772,0.397423426399683
"2022-08-15","Eastern","GL",0.280022443658702,0.554550639283095
"2022-08-15","Eastern","GR",2.64117429390227,3.85881050995139
"2022-08-15","Eastern","SG",3.81724193458868,7.31975574756594
"2022-08-15","Eastern","SH",0.542012434879647,1.20277261724382
"2022-08-15","Eastern","TG",1.63244773383109,3.17286168658712
"2022-08-15","Espace Mittelland","BE",9.30840721987944,19.4777584951679
"2022-08-15","Espace Mittelland","FR",0.829291313253727,1.87155742535693
"2022-08-15","Espace Mittelland","JU",0.108587734370016,0.222452435284865
"2022-08-15","Espace Mittelland","NE",1.32243189458171,2.43195402627012
"2022-08-15","Espace Mittelland","SO",0.453070886641334,1.1862883649729
"2022-08-15","Lake Geneva","GE",5.67629905601523,9.84388563395715
"2022-08-15","Lake Geneva","VD",7.74846591524507,13.7125527071221
"2022-08-15","Lake Geneva","VS",1.98608099522019,3.29307776964328
"2022-08-15","Northwestern","AG",4.4099906878185,8.95478964394695
"2022-08-15","Northwestern","BL",1.76108783582434,3.63958694882268
"2022-08-15","Northwestern","BS",1.80311979011284,4.75932651802969
"2022-08-15","Ticino","TI",1.50304021303282,2.22204321797076
"2022-08-15","Zurich","ZH",14.8885301482566,33.6111524633591
"2022-08-16","9999","9999",0.0124411100374729,0.0547549080586581
"2022-08-16","Central","LU",4.06833312123509,7.82947601830194
"2022-08-16","Central","NW",0.480293430775747,0.736897058733561
"2022-08-16","Central","OW",0.342950029878656,0.571442749342159
"2022-08-16","Central","SZ",1.47198935459334,2.3402540002352
"2022-08-16","Central","UR",0.339777147913577,0.570762986361915
"2022-08-16","Central","ZG",1.41034970083182,2.80106532454264
"2022-08-16","Eastern","AI",0.119992586814779,0.179763320125539
"2022-08-16","Eastern","AR",0.228374162236233,0.405682546609648
"2022-08-16","Eastern","GL",0.251477478665055,0.522805708105698
"2022-08-16","Eastern","GR",2.34342330456547,3.78899885188033
"2022-08-16","Eastern","SG",3.47732713068954,7.00220447134493
"2022-08-16","Eastern","SH",0.522194206178145,1.20025749421692
"2022-08-16","Eastern","TG",1.59020285762501,3.15117724751734
"2022-08-16","Espace Mittelland","BE",7.97310134608264,18.224683417386
"2022-08-16","Espace Mittelland","FR",2.35655550623414,4.29100381279056
"2022-08-16","Espace Mittelland","JU",0.488782405826332,0.836040489402155
"2022-08-16","Espace Mittelland","NE",1.17742321849915,2.30891692684595
"2022-08-16","Espace Mittelland","SO",1.61835960000144,3.54153113892248
"2022-08-16","Lake Geneva","GE",5.29630192826031,9.4791248187582
"2022-08-16","Lake Geneva","VD",6.69928119116068,12.7044642074202
"2022-08-16","Lake Geneva","VS",4.33114144737178,6.74188923806047
"2022-08-16","Northwestern","AG",4.23939831474096,9.12347282749451
"2022-08-16","Northwestern","BL",1.55284550511834,3.39422650110359
"2022-08-16","Northwestern","BS",1.78021165602449,4.85575089677731
"2022-08-16","Ticino","TI",3.22499390343993,5.0250798551561
"2022-08-16","Zurich","ZH",13.6341090315214,33.1851789917891
"2022-08-17","9999","9999",0.013934637537383,0.0546189554626093
"2022-08-17","Central","LU",3.89220658750228,7.53347322855467
"2022-08-17","Central","NW",0.458081577046995,0.687716207112904
"2022-08-17","Central","OW",0.297306720620775,0.485792613831409
"2022-08-17","Central","SZ",1.371377114795,2.17962600800353
"2022-08-17","Central","UR",0.327134045574352,0.532084472786029
"2022-08-17","Central","ZG",1.35851034889139,2.69451247738938
"2022-08-17","Eastern","AI",0.110720548453527,0.162871210066474
"2022-08-17","Eastern","AR",0.213674760956359,0.397729319740793
"2022-08-17","Eastern","GL",0.272543927451599,0.528821610480858
"2022-08-17","Eastern","GR",2.36938821058329,3.75898731630255
"2022-08-17","Eastern","SG",3.64564746337342,7.19546108662831
"2022-08-17","Eastern","SH",0.514471357645511,1.19332391181843
"2022-08-17","Eastern","TG",1.67317293526213,3.23414231925612
"2022-08-17","Espace Mittelland","BE",8.41112545293047,18.4314673159763
"2022-08-17","Espace Mittelland","FR",2.21162855751898,4.0201182651633
"2022-08-17","Espace Mittelland","JU",0.432997760188463,0.762320194194688
"2022-08-17","Espace Mittelland","NE",1.23100161681952,2.33760292461225
"2022-08-17","Espace Mittelland","SO",1.56646936327845,3.40007246273369
"2022-08-17","Lake Geneva","GE",5.27487834615074,9.3078245477367
"2022-08-17","Lake Geneva","VD",7.03064341990507,12.7185013129622
"2022-08-17","Lake Geneva","VS",4.1328043874415,6.33678448998403
"2022-08-17","Northwestern","AG",4.44465405253766,9.28104188631508
"2022-08-17","Northwestern","BL",1.60873669786748,3.40551056657565
"2022-08-17","Northwestern","BS",1.76496429369696,4.63815876680119
"2022-08-17","Ticino","TI",3.05300352245737,4.68767949991197
"2022-08-17","Zurich","ZH",14.1410707680015,33.4142591161314
"2022-08-18","9999","9999",0.0136306642053637,0.0497246620048521
"2022-08-18","Central","LU",4.19625645424458,7.48269493393044
"2022-08-18","Central","NW",0.443989597684287,0.635612374677198
"2022-08-18","Central","OW",0.275249267785249,0.435830034783472
"2022-08-18","Central","SZ",1.40348541650316,2.11127584033999
"2022-08-18","Central","UR",0.302031192935613,0.510943844100439
"2022-08-18","Central","ZG",1.37160955416343,2.6494441917992
"2022-08-18","Eastern","AI",0.107589614910082,0.13625848938992
"2022-08-18","Eastern","AR",0.219114067740365,0.367649807864994
"2022-08-18","Eastern","GL",0.259404610371981,0.507646993646255
"2022-08-18","Eastern","GR",2.37566206069577,3.62864276484076
"2022-08-18","Eastern","SG",3.83797018793187,7.12214864920899
"2022-08-18","Eastern","SH",0.537857919904885,1.18119014262107
"2022-08-18","Eastern","TG",1.69780982442608,3.12456452684078
"2022-08-18","Espace Mittelland","BE",8.62859910320681,18.9416974089474
"2022-08-18","Espace Mittelland","FR",2.19151373718586,3.99945347056388
"2022-08-18","Espace Mittelland","JU",0.441479658988311,0.774419975243032
"2022-08-18","Espace Mittelland","NE",1.27452013200579,2.37223684845568
"2022-08-18","Espace Mittelland","SO",1.61124684019657,3.39694555302457
"2022-08-18","Lake Geneva","GE",5.76141133443925,10.155556960399
"2022-08-18","Lake Geneva","VD",7.21617051973871,13.0253123340953
"2022-08-18","Lake Geneva","VS",3.84635982526665,6.11569158065966
"2022-08-18","Northwestern","AG",4.56200204042731,9.20817129483292
"2022-08-18","Northwestern","BL",1.70680077860061,3.46920435782451
"2022-08-18","Northwestern","BS",1.8713725115118,4.91958064062223
"2022-08-18","Ticino","TI",3.2330993159388,4.79399443002214
"2022-08-18","Zurich","ZH",14.7488547213495,33.0596607574871
"2022-08-19","9999","9999",0.016361627067277,0.0626741467785013
"2022-08-19","Central","LU",4.85720919790259,8.38327891830676
"2022-08-19","Central","NW",0.526399175173104,0.693664133190039
"2022-08-19","Central","OW",0.302489684641501,0.446162432083181
"2022-08-19","Central","SZ",1.66149855480991,2.31955521748677
"2022-08-19","Central","UR",0.374638714225739,0.567296195162671
"2022-08-19","Central","ZG",1.6951730732079,2.97603631565746
"2022-08-19","Eastern","AI",0.118937939585399,0.139317422801018
"2022-08-19","Eastern","AR",0.267565254437208,0.393140919624145
"2022-08-19","Eastern","GL",0.310107031640596,0.555808200796546
"2022-08-19","Eastern","GR",2.79654119521211,3.89857664429567
"2022-08-19","Eastern","SG",4.51090011839973,7.64077381498619
"2022-08-19","Eastern","SH",0.609054902021398,1.21986865619696
"2022-08-19","Eastern","TG",2.04096598584115,3.36669610040371
"2022-08-19","Espace Mittelland","BE",10.3746390353395,19.8329006641964
"2022-08-19","Espace Mittelland","FR",2.74172474279836,4.55543161210549
"2022-08-19","Espace Mittelland","JU",0.523131423672687,0.862075411545502
"2022-08-19","Espace Mittelland","NE",1.48934407686505,2.5667170371035
"2022-08-19","Espace Mittelland","SO",1.92012619128456,3.64206808370058
"2022-08-19","Lake Geneva","GE",6.30069754484292,10.1064100969274
"2022-08-19","Lake Geneva","VD",8.69756739920299,14.2180584473806
"2022-08-19","Lake Geneva","VS",4.66296671432295,6.97650943069171
"2022-08-19","Northwestern","AG",5.68714508045284,10.3975865695149
"2022-08-19","Northwestern","BL",2.05696011779267,3.76242011935278
"2022-08-19","Northwestern","BS",2.11649680538607,5.02902248044152
"2022-08-19","Ticino","TI",3.45309943443761,5.04441911194405
"2022-08-19","Zurich","ZH",17.1540191751201,34.6977195991302
"2022-08-20","9999","9999",0.0178739436380427,0.0659030209346605
"2022-08-20","Central","LU",5.51572338801941,8.68050528141848
"2022-08-20","Central","NW",0.557192378982122,0.713955058150324
"2022-08-20","Central","OW",0.360258202403539,0.511487654484634
"2022-08-20","Central","SZ",1.8774218208711,2.53765716969807
"2022-08-20","Central","UR",0.390933067960747,0.609067630298668
"2022-08-20","Central","ZG",1.79737855024399,2.94340769260574
"2022-08-20","Eastern","AI",0.146465553537834,0.181394751278124
"2022-08-20","Eastern","AR",0.284490212936289,0.409013385212844
"2022-08-20","Eastern","GL",0.376536539610868,0.604003396095849
"2022-08-20","Eastern","GR",2.92955115028293,4.03690841077533
"2022-08-20","Eastern","SG",5.41160419046718,8.25062317271214
"2022-08-20","Eastern","SH",0.72853703935786,1.29783747003095
"2022-08-20","Eastern","TG",2.43492234766409,3.74447437667434
"2022-08-20","Espace Mittelland","BE",11.1467024062624,19.4479508884842
"2022-08-20","Espace Mittelland","FR",2.58570843590552,4.14594239280648
"2022-08-20","Espace Mittelland","JU",0.54301491287144,0.825300234314299
"2022-08-20","Espace Mittelland","NE",1.68294430551684,2.63285797508125
"2022-08-20","Espace Mittelland","SO",2.1881163144676,3.7761173434047
"2022-08-20","Lake Geneva","GE",6.54215091322971,9.34222055453704
"2022-08-20","Lake Geneva","VD",9.72370992812115,14.4118588730481
"2022-08-20","Lake Geneva","VS",4.66491153588135,6.84239219468956
"2022-08-20","Northwestern","AG",6.84486348997937,11.0151512370667
"2022-08-20","Northwestern","BL",2.3232695276511,3.66450026204863
"2022-08-20","Northwestern","BS",2.46339052339338,5.03639790877717
"2022-08-20","Ticino","TI",3.57657373633209,5.25851046257191
"2022-08-20","Zurich","ZH",20.8443803234224,35.9440310352586
"2022-08-21","9999","9999",0.0134129764896915,0.0554686591879144
"2022-08-21","Central","LU",1.41684100761472,3.35864090908782
"2022-08-21","Central","NW",0.253112131745519,0.351505437084197
"2022-08-21","Central","OW",0.268113297721322,0.369587132358689
"2022-08-21","Central","SZ",0.57876970409332,1.00883623898019
"2022-08-21","Central","UR",0.221254666874493,0.382910486771473
"2022-08-21","Central","ZG",0.392872085975373,0.944054826962935
"2022-08-21","Eastern","AI",0.0706665178526307,0.109339875372255
"2022-08-21","Eastern","AR",0.104993390597759,0.162327399682279
"2022-08-21","Eastern","GL",0.131678069187773,0.304329886255261
"2022-08-21","Eastern","GR",1.57368227141555,2.10746916765062
"2022-08-21","Eastern","SG",1.1596090803405,2.67687262805205
"2022-08-21","Eastern","SH",0.207715112823887,0.50540377581145
"2022-08-21","Eastern","TG",0.487661272384992,1.00020324913109
"2022-08-21","Espace Mittelland","BE",3.64053570437049,8.38382272869096
"2022-08-21","Espace Mittelland","FR",0.827559472353235,1.83077164654228
"2022-08-21","Espace Mittelland","JU",0.12540594212472,0.247807594447968
"2022-08-21","Espace Mittelland","NE",0.359686600334459,0.700053905204333
"2022-08-21","Espace Mittelland","SO",0.492252568642794,1.24192696490588
"2022-08-21","Lake Geneva","GE",1.63281223319045,3.5858856733834
"2022-08-21","Lake Geneva","VD",2.55144089088517,5.18723731409332
"2022-08-21","Lake Geneva","VS",2.07489590324125,3.49105873763936
"2022-08-21","Northwestern","AG",1.32149755927894,3.27907465225025
"2022-08-21","Northwestern","BL",0.453679667417938,1.22897748013223
"2022-08-21","Northwestern","BS",0.69806837974147,2.13550939058569
"2022-08-21","Ticino","TI",1.58592901756103,2.32652278803427
"2022-08-21","Zurich","ZH",5.36501333325021,14.4490758962165
"2022-08-22","9999","9999",0.0122570491978819,0.0514580576044745
"2022-08-22","Central","LU",3.27870327309726,7.03350755658517
"2022-08-22","Central","NW",0.372075924904446,0.61559335490901
"2022-08-22","Central","OW",0.268904584677007,0.468390681537162
"2022-08-22","Central","SZ",1.17343332914959,1.99088981653877
"2022-08-22","Central","UR",0.267047591647404,0.488715594646459
"2022-08-22","Central","ZG",1.21737155959748,2.63034285205435
"2022-08-22","Eastern","AI",0.0909250679205527,0.142206415467055
"2022-08-22","Eastern","AR",0.186900855817898,0.362721526258224
"2022-08-22","Eastern","GL",0.216288556456872,0.483413443400555
"2022-08-22","Eastern","GR",2.19747666302828,3.48752397014209
"2022-08-22","Eastern","SG",3.19191799591087,6.58489797777311
"2022-08-22","Eastern","SH",0.469406323357239,1.09356869446761
"2022-08-22","Eastern","TG",1.43880636345808,2.99656515766083
"2022-08-22","Espace Mittelland","BE",7.40310087103008,17.2351864351938
"2022-08-22","Espace Mittelland","FR",2.09005616150396,4.00251240397498
"2022-08-22","Espace Mittelland","JU",0.361498069614855,0.686798527089574
"2022-08-22","Espace Mittelland","NE",1.03381822463667,2.16817200178642
"2022-08-22","Espace Mittelland","SO",1.28491840638432,3.0892508400171
"2022-08-22","Lake Geneva","GE",5.49686152615728,9.98568419163606
"2022-08-22","Lake Geneva","VD",6.67031053114068,13.0441077804991
"2022-08-22","Lake Geneva","VS",3.31185885208246,5.6668100966555
"2022-08-22","Northwestern","AG",3.83727404854904,8.49962035237553
"2022-08-22","Northwestern","BL",1.49172917671363,3.29617069120339
"2022-08-22","Northwestern","BS",1.6039430216218,4.47702095233434
"2022-08-22","Ticino","TI",2.80586608419868,4.56032590556325
"2022-08-22","Zurich","ZH",13.4357826701617,33.3478462729615
"2022-08-23","9999","9999",0.0133362694617797,0.0529195480119992
"2022-08-23","Central","LU",3.38788797752323,7.04373798943784
"2022-08-23","Central","NW",0.377608879425101,0.63333516869338
"2022-08-23","Central","OW",0.275746430202829,0.479266889221066
"2022-08-23","Central","SZ",1.19110546062286,1.98796683572372
"2022-08-23","Central","UR",0.272498110000784,0.485758625682397
"2022-08-23","Central","ZG",1.2480476508694,2.68822466982213
"2022-08-23","Eastern","AI",0.10275826653818,0.14506141998408
"2022-08-23","Eastern","AR",0.211475108218959,0.384439953477022
"2022-08-23","Eastern","GL",0.238044373825176,0.499251920840241
"2022-08-23","Eastern","GR",2.05500036836056,3.37706248585243
"2022-08-23","Eastern","SG",3.31478182530748,6.62544583954467
"2022-08-23","Eastern","SH",0.486099962470025,1.12211873963786
"2022-08-23","Eastern","TG",1.52245180990033,3.03463188455449
"2022-08-23","Espace Mittelland","BE",7.57624397208289,17.611775126249
"2022-08-23","Espace Mittelland","FR",2.09702273231256,3.95700227244764
"2022-08-23","Espace Mittelland","JU",0.369746726261882,0.70277295712531
"2022-08-23","Espace Mittelland","NE",1.10940628858297,2.21677505487387
"2022-08-23","Espace Mittelland","SO",1.38878098313574,3.19634749755455
"2022-08-23","Lake Geneva","GE",5.5228829168683,9.95370134341558
"2022-08-23","Lake Geneva","VD",6.58531627377073,12.9481252476886
"2022-08-23","Lake Geneva","VS",3.35121472654949,5.66252758987996
"2022-08-23","Northwestern","AG",4.00952025538005,8.70473883166418
"2022-08-23","Northwestern","BL",1.53171107811567,3.31200916864308
"2022-08-23","Northwestern","BS",1.66996456631079,4.63645935935058
"2022-08-23","Ticino","TI",2.74597485177242,4.492791453476
"2022-08-23","Zurich","ZH",14.0177538314285,34.747478249284
"2022-08-24","9999","9999",0.0144625994635669,0.0530215124590358
"2022-08-24","Central","LU",3.56639683072939,7.36958237401783
"2022-08-24","Central","NW",0.415155078149553,0.659302114538703
"2022-08-24","Central","OW",0.279167591843048,0.483379455251543
"2022-08-24","Central","SZ",1.23788323737508,2.06817886739252
"2022-08-24","Central","UR",0.279390194165624,0.503534427615779
"2022-08-24","Central","ZG",1.34674252825166,2.77098581266684
"2022-08-24","Eastern","AI",0.0990514898744393,0.150805417167142
"2022-08-24","Eastern","AR",0.216105603851348,0.394126575945499
"2022-08-24","Eastern","GL",0.252638888386877,0.518421236883124
"2022-08-24","Eastern","GR",2.22521309490783,3.50438209205214
"2022-08-24","Eastern","SG",3.62142727021856,6.96573518745484
"2022-08-24","Eastern","SH",0.512717183674763,1.14832360252627
"2022-08-24","Eastern","TG",1.62023501399588,3.13595055675987
"2022-08-24","Espace Mittelland","BE",8.17397796549505,18.2789285032095
"2022-08-24","Espace Mittelland","FR",2.26923671028714,4.14798168174721
"2022-08-24","Espace Mittelland","JU",0.407901897647989,0.744238498920196
"2022-08-24","Espace Mittelland","NE",1.29764274267224,2.38736157476611
"2022-08-24","Espace Mittelland","SO",1.52923574138511,3.31646161616368
"2022-08-24","Lake Geneva","GE",5.90366974559022,10.2544964621736
"2022-08-24","Lake Geneva","VD",7.13652912689557,13.5684769434594
"2022-08-24","Lake Geneva","VS",3.62642446209833,5.87991579096201
"2022-08-24","Northwestern","AG",4.39970482675136,9.12146752670279
"2022-08-24","Northwestern","BL",1.61308191133817,3.44904938546028
"2022-08-24","Northwestern","BS",1.78383332971036,4.74212851462952
"2022-08-24","Ticino","TI",2.83777973222927,4.53643223680767
"2022-08-24","Zurich","ZH",14.7083832506954,35.8969574488767
"2022-08-25","9999","9999",0.0167401692795034,0.0638637319939284
"2022-08-25","Central","LU",4.11707539755342,8.10681931424151
"2022-08-25","Central","NW",0.458660267114877,0.714838750024641
"2022-08-25","Central","OW",0.320032920269173,0.515600220515111
"2022-08-25","Central","SZ",1.41825455037677,2.24070271177846
"2022-08-25","Central","UR",0.327779539051931,0.538134363310201
"2022-08-25","Central","ZG",1.42930879359022,2.91863033197585
"2022-08-25","Eastern","AI",0.117156933035763,0.173135631068159
"2022-08-25","Eastern","AR",0.251258980332945,0.431649492454971
"2022-08-25","Eastern","GL",0.31856393447561,0.605464886503374
"2022-08-25","Eastern","GR",2.40275492578029,3.67408492007007
"2022-08-25","Eastern","SG",4.38880371564019,7.88552247602306
"2022-08-25","Eastern","SH",0.588327568943251,1.2715306426955
"2022-08-25","Eastern","TG",1.96949860636042,3.56263777945906
"2022-08-25","Espace Mittelland","BE",9.4438018479525,20.0905308337089
"2022-08-25","Espace Mittelland","FR",2.54845206584366,4.52181733273242
"2022-08-25","Espace Mittelland","JU",0.508807059765853,0.853374445398379
"2022-08-25","Espace Mittelland","NE",1.5460756478146,2.66827362635196
"2022-08-25","Espace Mittelland","SO",1.94397930050592,3.86944880059221
"2022-08-25","Lake Geneva","GE",6.9700439593378,11.0870021840785
"2022-08-25","Lake Geneva","VD",8.11763529463443,14.5567843404362
"2022-08-25","Lake Geneva","VS",3.80342826686952,6.05933922959742
"2022-08-25","Northwestern","AG",5.18199471535257,10.2033782860592
"2022-08-25","Northwestern","BL",1.88055929417034,3.78702753923762
"2022-08-25","Northwestern","BS",2.1046109871884,5.44500343620187
"2022-08-25","Ticino","TI",3.93524331457114,5.13292425197182
"2022-08-25","Zurich","ZH",16.6841490420998,39.0428665332972
"2022-08-26","9999","9999",0.0208140925330881,0.0814695931822492
"2022-08-26","Central","LU",5.08336822345266,9.21014260747563
"2022-08-26","Central","NW",0.540302437546732,0.801576506303782
"2022-08-26","Central","OW",0.360072445926665,0.55339504221668
"2022-08-26","Central","SZ",1.72582509269605,2.52389196934813
"2022-08-26","Central","UR",0.411867456756364,0.649173646133066
"2022-08-26","Central","ZG",1.75845284681581,3.20436870072143
"2022-08-26","Eastern","AI",0.150636292589411,0.194922034584981
"2022-08-26","Eastern","AR",0.31196258357431,0.473964737975163
"2022-08-26","Eastern","GL",0.392092617572386,0.679083217263804
"2022-08-26","Eastern","GR",2.90956040517304,4.17360874610241
"2022-08-26","Eastern","SG",5.44022066201227,9.06987351650227
"2022-08-26","Eastern","SH",0.711564916296589,1.4180195649381
"2022-08-26","Eastern","TG",2.34531627800004,3.99445721265909
"2022-08-26","Espace Mittelland","BE",11.7717012133444,22.3341565263024
"2022-08-26","Espace Mittelland","FR",3.26139589160871,5.20477519898362
"2022-08-26","Espace Mittelland","JU",0.597366976051027,0.935659754156921
"2022-08-26","Espace Mittelland","NE",1.79555545429594,2.93385702273331
"2022-08-26","Espace Mittelland","SO",2.26724359635238,4.22326543180924
"2022-08-26","Lake Geneva","GE",7.27279074645074,11.4675674885681
"2022-08-26","Lake Geneva","VD",9.9815941353381,16.5666395441238
"2022-08-26","Lake Geneva","VS",4.84731345872306,6.9934695170488
"2022-08-26","Northwestern","AG",6.48078813784789,11.6208540406131
"2022-08-26","Northwestern","BL",2.33864001360864,4.37393489638033
"2022-08-26","Northwestern","BS",2.42004525299549,5.60009136014455
"2022-08-26","Ticino","TI",4.26842287488002,5.45397630754109
"2022-08-26","Zurich","ZH",19.8794803206158,42.5203979876297
"2022-08-27","9999","9999",0.0239193604720328,0.102066411483644
"2022-08-27","Central","LU",5.71053516713151,9.51936678718864
"2022-08-27","Central","NW",0.575956117095103,0.786179874801254
"2022-08-27","Central","OW",0.35891503054671,0.544320206430422
"2022-08-27","Central","SZ",1.93921063980518,2.62327331705981
"2022-08-27","Central","UR",0.375901024155912,0.608693760659533
"2022-08-27","Central","ZG",1.76851486026557,2.85045010505737
"2022-08-27","Eastern","AI",0.155186024195679,0.184657613583296
"2022-08-27","Eastern","AR",0.303384323234957,0.420943225516127
"2022-08-27","Eastern","GL",0.398242043935748,0.659370090836727
"2022-08-27","Eastern","GR",3.06152117061691,4.00210454618684
"2022-08-27","Eastern","SG",5.96248850897354,9.00216912366996
"2022-08-27","Eastern","SH",0.788060392898269,1.38576481152552
"2022-08-27","Eastern","TG",2.66342045589484,3.99547685712946
"2022-08-27","Espace Mittelland","BE",11.5731838088789,20.0467540977812
"2022-08-27","Espace Mittelland","FR",3.04456694768963,4.66664083567342
"2022-08-27","Espace Mittelland","JU",0.588301037898014,0.853204504653318
"2022-08-27","Espace Mittelland","NE",1.82228874637608,2.78475101301678
"2022-08-27","Espace Mittelland","SO",2.42107020503431,4.12449587077978
"2022-08-27","Lake Geneva","GE",7.27173394149355,10.1789068187704
"2022-08-27","Lake Geneva","VD",10.6222620406763,15.7573817161432
"2022-08-27","Lake Geneva","VS",4.72866166282408,6.5436363648723
"2022-08-27","Northwestern","AG",7.57343397216031,11.9308599477534
"2022-08-27","Northwestern","BL",2.40859294620295,4.35785850189756
"2022-08-27","Northwestern","BS",2.47482123724371,5.10981231064352
"2022-08-27","Ticino","TI",3.95071329488534,5.46991674942781
"2022-08-27","Zurich","ZH",22.902897537491,40.6308608314453
"2022-08-28","9999","9999",0.0176593574113488,0.0734144018663572
"2022-08-28","Central","LU",1.50129892668862,3.51284514115618
"2022-08-28","Central","NW",0.223292717155244,0.335225113707353
"2022-08-28","Central","OW",0.223949308637576,0.352423117107527
"2022-08-28","Central","SZ",0.575199083578929,0.989225077000152
"2022-08-28","Central","UR",0.205252538407193,0.382468640834314
"2022-08-28","Central","ZG",0.36014501763594,0.899462375458925
"2022-08-28","Eastern","AI",0.0650078120515849,0.102916115208949
"2022-08-28","Eastern","AR",0.110157690860316,0.163075138960547
"2022-08-28","Eastern","GL",0.135168567903559,0.329685045418364
"2022-08-28","Eastern","GR",1.55830918130375,2.02790291081306
"2022-08-28","Eastern","SG",1.26155060186763,2.88124336806242
"2022-08-28","Eastern","SH",0.20572233566697,0.517469568710782
"2022-08-28","Eastern","TG",0.495620045545131,1.06049822547874
"2022-08-28","Espace Mittelland","BE",3.4837789365642,8.42824523944991
"2022-08-28","Espace Mittelland","FR",0.868633724439056,1.90938623520751
"2022-08-28","Espace Mittelland","JU",0.128325516243134,0.240500142410344
"2022-08-28","Espace Mittelland","NE",0.38612467922253,0.759091320038529
"2022-08-28","Espace Mittelland","SO",0.539180681457984,1.36020572346834
"2022-08-28","Lake Geneva","GE",1.71109005562109,3.74131347881621
"2022-08-28","Lake Geneva","VD",2.447368834399,5.20633865383818
"2022-08-28","Lake Geneva","VS",1.93114656874462,3.16507840046333
"2022-08-28","Northwestern","AG",1.48406338461333,3.60947344879787
"2022-08-28","Northwestern","BL",0.563243779496869,1.73927554940143
"2022-08-28","Northwestern","BS",0.763345261626005,2.2369300272381
"2022-08-28","Ticino","TI",1.52481243853095,2.31666622482073
"2022-08-28","Zurich","ZH",5.73793244414245,15.7237674367701
"2022-08-29","9999","9999",0.0129706540363175,0.0552307421448289
"2022-08-29","Central","LU",3.40529515098606,7.25854309119496
"2022-08-29","Central","NW",0.367786264113865,0.647542214980481
"2022-08-29","Central","OW",0.2594391026888,0.473964737975163
"2022-08-29","Central","SZ",1.19354791060539,2.03340899095303
"2022-08-29","Central","UR",0.256822777438439,0.49428965108446
"2022-08-29","Central","ZG",1.24098873635929,2.69060384025298
"2022-08-29","Eastern","AI",0.0949876621241196,0.147236661520861
"2022-08-29","Eastern","AR",0.199309372808949,0.38811067357034
"2022-08-29","Eastern","GL",0.257154260821055,0.526170534857906
"2022-08-29","Eastern","GR",2.04612296705964,3.33359164326583
"2022-08-29","Eastern","SG",3.59071386709439,7.06008628911271
"2022-08-29","Eastern","SH",0.525526333154968,1.16147701619399
"2022-08-29","Eastern","TG",1.66737382051245,3.22275628933703
"2022-08-29","Espace Mittelland","BE",7.92906411861281,17.8389179260975
"2022-08-29","Espace Mittelland","FR",2.31049370742935,4.16127104801098
"2022-08-29","Espace Mittelland","JU",0.420529155764479,0.718101612329813
"2022-08-29","Espace Mittelland","NE",1.30038528129352,2.3519459234954
"2022-08-29","Espace Mittelland","SO",1.50648246244848,3.32529853490685
"2022-08-29","Lake Geneva","GE",6.23607249647467,10.5108350820236
"2022-08-29","Lake Geneva","VD",7.22009124040163,13.3910588056157
"2022-08-29","Lake Geneva","VS",3.45014719678439,5.5581839724125
"2022-08-29","Northwestern","AG",4.45938537722429,9.18295208826586
"2022-08-29","Northwestern","BL",1.64061995757171,3.45322992778878
"2022-08-29","Northwestern","BS",1.73847531436224,4.69009265849184
"2022-08-29","Ticino","TI",3.19686979718616,4.6791144863609
"2022-08-29","Zurich","ZH",14.43389680039,34.5682927276917
"2022-08-30","9999","9999",0.0136793286037637,0.0514920457534867
"2022-08-30","Central","LU",3.56671219576777,7.3218630128047
"2022-08-30","Central","NW",0.372095998430333,0.61419984079951
"2022-08-30","Central","OW",0.256568044159971,0.448677555110084
"2022-08-30","Central","SZ",1.21583801819052,2.00078036790132
"2022-08-30","Central","UR",0.269723452171674,0.465025854784954
"2022-08-30","Central","ZG",1.27823449400306,2.74311553047683
"2022-08-30","Eastern","AI",0.0973195236612614,0.143701894023592
"2022-08-30","Eastern","AR",0.210027817184158,0.390014009915023
"2022-08-30","Eastern","GL",0.246122229281199,0.504724012831206
"2022-08-30","Eastern","GR",1.97477168586646,3.23254487625255
"2022-08-30","Eastern","SG",3.67342718295394,7.08812651204778
"2022-08-30","Eastern","SH",0.52373491390433,1.15964165614733
"2022-08-30","Eastern","TG",1.67283112533099,3.22982582433157
"2022-08-30","Espace Mittelland","BE",7.9135887655172,17.8884726473573
"2022-08-30","Espace Mittelland","FR",2.23409912320398,4.07857788146429
"2022-08-30","Espace Mittelland","JU",0.431733507911658,0.758241616313224
"2022-08-30","Espace Mittelland","NE",1.27428776704177,2.32642082358723
"2022-08-30","Espace Mittelland","SO",1.53150030609386,3.36428294182384
"2022-08-30","Lake Geneva","GE",6.45261894252329,10.389327449305
"2022-08-30","Lake Geneva","VD",7.26526438429372,13.1443388319361
"2022-08-30","Lake Geneva","VS",3.29099329519564,5.42399876011232
"2022-08-30","Northwestern","AG",4.44235131053593,9.26945192750192
"2022-08-30","Northwestern","BL",1.68765997461549,3.46702911628773
"2022-08-30","Northwestern","BS",1.82386049248818,4.80711385554085
"2022-08-30","Ticino","TI",3.0493750348942,4.52072971196403
"2022-08-30","Zurich","ZH",14.4225014364652,34.9331894954867
"2022-08-31","9999","9999",0.0147385184180102,0.0529875243100236
"2022-08-31","Central","LU",3.91088387552602,7.72095185850598
"2022-08-31","Central","NW",0.41887070110572,0.645502926039748
"2022-08-31","Central","OW",0.259363750604306,0.425565613781787
"2022-08-31","Central","SZ",1.35121748342858,2.10933851584629
"2022-08-31","Central","UR",0.281465846084216,0.491162741375337
"2022-08-31","Central","ZG",1.4232385452643,2.80806688323915
"2022-08-31","Eastern","AI",0.0930757821380527,0.120895846036404
"2022-08-31","Eastern","AR",0.221374234757034,0.372748030216824
"2022-08-31","Eastern","GL",0.281305755211842,0.52453910370532
"2022-08-31","Eastern","GR",2.14624002986327,3.35007589553674
"2022-08-31","Eastern","SG",4.06578312163981,7.4260366895271
"2022-08-31","Eastern","SH",0.55563742868597,1.17734948178269
"2022-08-31","Eastern","TG",1.79895938152582,3.28454674424122
"2022-08-31","Espace Mittelland","BE",8.52022626442918,18.4815318594712
"2022-08-31","Espace Mittelland","FR",2.37014430425431,4.28474999337231
"2022-08-31","Espace Mittelland","JU",0.466492967880867,0.79443899501122
"2022-08-31","Espace Mittelland","NE",1.43430751663437,2.48001326897337
"2022-08-31","Espace Mittelland","SO",1.69070938050863,3.50533376022448
"2022-08-31","Lake Geneva","GE",6.47816066368449,10.7578949371933
"2022-08-31","Lake Geneva","VD",7.79494703770933,13.915801838215
"2022-08-31","Lake Geneva","VS",3.54631597796622,5.69121358764626
"2022-08-31","Northwestern","AG",4.96192533026658,9.72747622359036
"2022-08-31","Northwestern","BL",1.76371431531829,3.57178059154334
"2022-08-31","Northwestern","BS",1.97631193933415,4.91438045382336
"2022-08-31","Ticino","TI",3.19319386310725,4.66759250384576
"2022-08-31","Zurich","ZH",15.4342290160686,35.0917781987777
"2022-09-01","9999","9999",0.0152656932238853,0.0549248488037191
"2022-09-01","Central","LU",3.93846862814724,7.66157456218166
"2022-09-01","Central","NW",0.392041141470594,0.650601148391579
"2022-09-01","Central","OW",0.272898182498872,0.465263771828039
"2022-09-01","Central","SZ",1.29744181161229,2.09791849777819
"2022-09-01","Central","UR",0.289606271730762,0.503840320956889
"2022-09-01","Central","ZG",1.41075999414586,2.86023869197288
"2022-09-01","Eastern","AI",0.102854256055648,0.140540996165457
"2022-09-01","Eastern","AR",0.220602003161663,0.386921088354912
"2022-09-01","Eastern","GL",0.281305410601955,0.539595853717726
"2022-09-01","Eastern","GR",2.10046496214811,3.32947907723535
"2022-09-01","Eastern","SG",4.03571920241906,7.62248819081763
"2022-09-01","Eastern","SH",0.569395586801264,1.21300305009649
"2022-09-01","Eastern","TG",1.79250683552311,3.32050620589613
"2022-09-01","Espace Mittelland","BE",8.62347330918305,18.6337987670459
"2022-09-01","Espace Mittelland","FR",2.37444701714435,4.31771849791415
"2022-09-01","Espace Mittelland","JU",0.45767486297655,0.797973762508489
"2022-09-01","Espace Mittelland","NE",1.33921926366759,2.49625960420121
"2022-09-01","Espace Mittelland","SO",1.73238547809709,3.62456418695929
"2022-09-01","Lake Geneva","GE",6.39177523186694,10.8522120507022
"2022-09-01","Lake Geneva","VD",7.46410435927708,13.5489677459263
"2022-09-01","Lake Geneva","VS",3.43849446018265,5.56195665695285
"2022-09-01","Northwestern","AG",4.87868521553921,9.66337457455334
"2022-09-01","Northwestern","BL",1.76200611152319,3.59560628400089
"2022-09-01","Northwestern","BS",2.02410048429555,5.04703619941799
"2022-09-01","Ticino","TI",3.23429105524665,4.8025254554242
"2022-09-01","Zurich","ZH",15.4457466538468,35.8121910052403
"2022-09-02","9999","9999",0.021172341922227,0.0772210745557239
"2022-09-02","Central","LU",4.80928989698541,8.7337647109206
"2022-09-02","Central","NW",0.500352373398972,0.749676602762149
"2022-09-02","Central","OW",0.31723860792847,0.519712786545587
"2022-09-02","Central","SZ",1.59874175411688,2.40150064475519
"2022-09-02","Central","UR",0.366616090336067,0.621881162476268
"2022-09-02","Central","ZG",1.69704827573719,3.12497238462893
"2022-09-02","Eastern","AI",0.139837612850976,0.181734632768246
"2022-09-02","Eastern","AR",0.281835357951008,0.443647309056278
"2022-09-02","Eastern","GL",0.329700864481704,0.620691577260841
"2022-09-02","Eastern","GR",2.5734495540096,3.82478837279018
"2022-09-02","Eastern","SG",4.75537526123241,8.36135656219389
"2022-09-02","Eastern","SH",0.65237780018882,1.34446921047569
"2022-09-02","Eastern","TG",2.13386097310149,3.70015383036243
"2022-09-02","Espace Mittelland","BE",10.2707480008603,20.4675613707013
"2022-09-02","Espace Mittelland","FR",2.95151091013167,4.9509856903095
"2022-09-02","Espace Mittelland","JU",0.552060832322866,0.903744882234462
"2022-09-02","Espace Mittelland","NE",1.52357338976811,2.61868491694316
"2022-09-02","Espace Mittelland","SO",2.01011475834249,3.87057040950961
"2022-09-02","Lake Geneva","GE",6.84847909383201,11.1754733359572
"2022-09-02","Lake Geneva","VD",9.32908931507794,15.3454453501153
"2022-09-02","Lake Geneva","VS",4.31958739451026,6.51797531236808
"2022-09-02","Northwestern","AG",5.87388535589568,10.8064640021317
"2022-09-02","Northwestern","BL",2.12296171035244,3.89385229158297
"2022-09-02","Northwestern","BS",2.20171224747883,5.10865671357711
"2022-09-02","Ticino","TI",3.66154742284143,5.08513691446067
"2022-09-02","Zurich","ZH",17.7540472952868,38.2621247623379
"2022-09-03","9999","9999",0.0196474275104978,0.0742301174426501
"2022-09-03","Central","LU",5.59244053493056,9.05124801084358
"2022-09-03","Central","NW",0.583745628060662,0.772618603345386
"2022-09-03","Central","OW",0.368090754360714,0.546903305755349
"2022-09-03","Central","SZ",1.87086856654509,2.5628083999671
"2022-09-03","Central","UR",0.398536748045025,0.624770155142305
"2022-09-03","Central","ZG",1.70792909794129,2.97583238676338
"2022-09-03","Eastern","AI",0.154048404304088,0.186934819567113
"2022-09-03","Eastern","AR",0.29561776015502,0.431207646517812
"2022-09-03","Eastern","GL",0.390836028949533,0.664094443549423
"2022-09-03","Eastern","GR",2.89974412598449,3.97946843894471
"2022-09-03","Eastern","SG",5.59603950352414,8.63319377799349
"2022-09-03","Eastern","SH",0.77806845273611,1.37057210891706
"2022-09-03","Eastern","TG",2.50506704391215,3.90880707714834
"2022-09-03","Espace Mittelland","BE",11.1729231498768,19.1880775011369
"2022-09-03","Espace Mittelland","FR",2.91833573145917,4.64339294174907
"2022-09-03","Espace Mittelland","JU",0.608349920262167,0.873665370358663
"2022-09-03","Espace Mittelland","NE",1.75672714232091,2.63819411447616
"2022-09-03","Espace Mittelland","SO",2.30325269009037,3.94949089151595
"2022-09-03","Lake Geneva","GE",7.17726033158747,9.92634088346075
"2022-09-03","Lake Geneva","VD",10.3069637900418,15.1210895784858
"2022-09-03","Lake Geneva","VS",4.49911184829605,6.23791296450753
"2022-09-03","Northwestern","AG",7.38758811992974,11.6524630191945
"2022-09-03","Northwestern","BL",2.49879657332617,3.82628385134671
"2022-09-03","Northwestern","BS",2.61739876106559,5.08377738850018
"2022-09-03","Ticino","TI",4.01359838052464,5.41118522793472
"2022-09-03","Zurich","ZH",21.2175682261101,37.4522891358241
"2022-09-04","9999","9999",0.0159796974965075,0.0608727748808545
"2022-09-04","Central","LU",1.59347778719272,3.92270823009433
"2022-09-04","Central","NW",0.265644723959786,0.388620495805523
"2022-09-04","Central","OW",0.25913191038716,0.416184884654419
"2022-09-04","Central","SZ",0.618941763580333,1.09730739085896
"2022-09-04","Central","UR",0.239753243343918,0.386411266119729
"2022-09-04","Central","ZG",0.402989836158245,1.06471275595625
"2022-09-04","Eastern","AI",0.0755712211380947,0.127897404732918
"2022-09-04","Eastern","AR",0.110064932060533,0.185949163245759
"2022-09-04","Eastern","GL",0.139802971725342,0.353646690471966
"2022-09-04","Eastern","GR",1.48658956305021,2.05223842550579
"2022-09-04","Eastern","SG",1.26778818178956,3.0558065013891
"2022-09-04","Eastern","SH",0.220279060621801,0.552851231832485
"2022-09-04","Eastern","TG",0.520739024360148,1.13262107768263
"2022-09-04","Espace Mittelland","BE",3.4591990137641,8.57259290830473
"2022-09-04","Espace Mittelland","FR",0.877785717163151,2.00451906429266
"2022-09-04","Espace Mittelland","JU",0.133254369632801,0.25355159163103
"2022-09-04","Espace Mittelland","NE",0.379760459083338,0.765073234264677
"2022-09-04","Espace Mittelland","SO",0.553697200620719,1.38467719075713
"2022-09-04","Lake Geneva","GE",1.70916020109663,3.9399062334945
"2022-09-04","Lake Geneva","VD",2.48716115337123,5.58517056272819
"2022-09-04","Lake Geneva","VS",1.76045918907099,2.98986949230542
"2022-09-04","Northwestern","AG",1.49393767182743,3.7947768372124
"2022-09-04","Northwestern","BL",0.4618206804677,1.25949883794519
"2022-09-04","Northwestern","BS",0.770621131555776,2.34096775136445
"2022-09-04","Ticino","TI",1.45609528482158,2.19950907517567
"2022-09-04","Zurich","ZH",5.47447339272353,15.4218846972438
"2022-09-05","9999","9999",0.0121935783224279,0.0527496072669382
"2022-09-05","Central","LU",3.29213321379182,7.20215675198372
"2022-09-05","Central","NW",0.35743629777579,0.622356996562439
"2022-09-05","Central","OW",0.249981816933462,0.454523516740183
"2022-09-05","Central","SZ",1.13037932459415,1.98885052759804
"2022-09-05","Central","UR",0.262012661069046,0.477499505472432
"2022-09-05","Central","ZG",1.12782468842949,2.58795963023613
"2022-09-05","Eastern","AI",0.0896175240267593,0.142036474721994
"2022-09-05","Eastern","AR",0.198107381356974,0.382672569728387
"2022-09-05","Eastern","GL",0.235876440861417,0.507986875136377
"2022-09-05","Eastern","GR",1.85659058791218,3.18336402463189
"2022-09-05","Eastern","SG",3.30961431782337,6.96597310449792
"2022-09-05","Eastern","SH",0.503846639327381,1.15291200264292
"2022-09-05","Eastern","TG",1.5315538929312,3.15787291287274
"2022-09-05","Espace Mittelland","BE",7.34367046034246,17.4118908219082
"2022-09-05","Espace Mittelland","FR",2.0968817163806,4.07480519692394
"2022-09-05","Espace Mittelland","JU",0.375416851181438,0.714124998895385
"2022-09-05","Espace Mittelland","NE",1.14145902586296,2.27085019995228
"2022-09-05","Espace Mittelland","SO",1.37257392535061,3.19318659969642
"2022-09-05","Lake Geneva","GE",5.90888246745785,10.2909997342127
"2022-09-05","Lake Geneva","VD",6.89414026406367,13.1174202179184
"2022-09-05","Lake Geneva","VS",3.27129765362921,5.48670689503984
"2022-09-05","Northwestern","AG",4.14855234262139,8.99414792050308
"2022-09-05","Northwestern","BL",1.57355392772897,3.4034372894859
"2022-09-05","Northwestern","BS",1.81708435388605,4.70603310037856
"2022-09-05","Ticino","TI",3.06242744762608,4.48143941170593
"2022-09-05","Zurich","ZH",13.3945741063726,33.7645409798511
"2022-09-06","9999","9999",0.0124752851565553,0.0529195480119992
"2022-09-06","Central","LU",3.37283639668744,7.19002298278636
"2022-09-06","Central","NW",0.365086323973777,0.607776080636204
"2022-09-06","Central","OW",0.239858686137136,0.430459907239544
"2022-09-06","Central","SZ",1.16061405675397,2.00037251011317
"2022-09-06","Central","UR",0.260058296166407,0.449391306239341
"2022-09-06","Central","ZG",1.22032835941567,2.60101107945682
"2022-09-06","Eastern","AI",0.0967775345462894,0.132757710041663
"2022-09-06","Eastern","AR",0.199756296587512,0.373189876153983
"2022-09-06","Eastern","GL",0.243651168846051,0.491604587312496
"2022-09-06","Eastern","GR",1.76504694524541,3.13707216567727
"2022-09-06","Eastern","SG",3.52752317122611,6.99353749334682
"2022-09-06","Eastern","SH",0.518708551580877,1.13064976503993
"2022-09-06","Eastern","TG",1.58625327980012,3.11548969105452
"2022-09-06","Espace Mittelland","BE",7.66755808498516,17.6434520811284
"2022-09-06","Espace Mittelland","FR",2.07919614512176,4.01739921324233
"2022-09-06","Espace Mittelland","JU",0.409917869399878,0.745971894519819
"2022-09-06","Espace Mittelland","NE",1.15237562483891,2.23968306730809
"2022-09-06","Espace Mittelland","SO",1.46230208873104,3.22319813527419
"2022-09-06","Lake Geneva","GE",5.67663518771529,10.2664942787749
"2022-09-06","Lake Geneva","VD",6.60446260326211,12.8734872724578
"2022-09-06","Lake Geneva","VS",3.23827585768437,5.38518429394039
"2022-09-06","Northwestern","AG",4.27776259775579,8.99547345831455
"2022-09-06","Northwestern","BL",1.5506596916007,3.30160879504534
"2022-09-06","Northwestern","BS",1.85339141377917,4.76901314049817
"2022-09-06","Ticino","TI",2.82819530500593,4.41288531514831
"2022-09-06","Zurich","ZH",13.5557362455709,33.5249925056131
"2022-09-07","9999","9999",0.0147546015180528,0.0547209199096459
"2022-09-07","Central","LU",3.60646109781032,7.47851439160194
"2022-09-07","Central","NW",0.397076957069797,0.631431832348697
"2022-09-07","Central","OW",0.244020316522849,0.418428102489224
"2022-09-07","Central","SZ",1.22540360935075,2.05152467437654
"2022-09-07","Central","UR",0.273821400216776,0.47376080908109
"2022-09-07","Central","ZG",1.2574263812347,2.66868148414011
"2022-09-07","Eastern","AI",0.102268137295101,0.131670089273272
"2022-09-07","Eastern","AR",0.214848944740109,0.376282797714093
"2022-09-07","Eastern","GL",0.256854364067352,0.514886469385855
"2022-09-07","Eastern","GR",1.86197587709648,3.1981488694522
"2022-09-07","Eastern","SG",3.73537770616123,7.32386831359642
"2022-09-07","Eastern","SH",0.5495785524863,1.175412157289
"2022-09-07","Eastern","TG",1.64688644556389,3.22588319904616
"2022-09-07","Espace Mittelland","BE",7.90731102679543,18.0048480695751
"2022-09-07","Espace Mittelland","FR",2.17600449875676,4.1215049136667
"2022-09-07","Espace Mittelland","JU",0.522787358113194,0.852524741673073
"2022-09-07","Espace Mittelland","NE",1.25192788378668,2.34732353522974
"2022-09-07","Espace Mittelland","SO",1.53637561963844,3.38161689782007
"2022-09-07","Lake Geneva","GE",6.38938631389746,11.0091013465425
"2022-09-07","Lake Geneva","VD",7.11717970861644,13.4354133400766
"2022-09-07","Lake Geneva","VS",3.38192047385175,5.61521608645497
"2022-09-07","Northwestern","AG",4.57257166423984,9.40706994285233
"2022-09-07","Northwestern","BL",1.61682009840985,3.45363778557692
"2022-09-07","Northwestern","BS",1.95721156435435,4.86224263323864
"2022-09-07","Ticino","TI",3.0419751798097,4.59608143832409
"2022-09-07","Zurich","ZH",14.4638436305698,34.775178590729
"2022-09-08","9999","9999",0.0124575338313805,0.0474134678720224
"2022-09-08","Central","LU",3.65936563890984,7.54836003782201
"2022-09-08","Central","NW",0.398672261966859,0.614437757842595
"2022-09-08","Central","OW",0.252909771337752,0.437155572594948
"2022-09-08","Central","SZ",1.21855213432821,2.02576165742529
"2022-09-08","Central","UR",0.286686396078697,0.48286963301636
"2022-09-08","Central","ZG",1.31227804651323,2.7700341444945
"2022-09-08","Eastern","AI",0.103424675486254,0.135612714558688
"2022-09-08","Eastern","AR",0.225686980493988,0.37516118879669
"2022-09-08","Eastern","GL",0.257748376097377,0.514036765660549
"2022-09-08","Eastern","GR",1.99560134066874,3.2285002865201
"2022-09-08","Eastern","SG",4.06958364394073,7.7435879657481
"2022-09-08","Eastern","SH",0.535143149791615,1.1932559355204
"2022-09-08","Eastern","TG",1.69062056514244,3.23679339487907
"2022-09-08","Espace Mittelland","BE",8.19438639736746,18.3232150613724
"2022-09-08","Espace Mittelland","FR",2.13581572960627,4.12976403387667
"2022-09-08","Espace Mittelland","JU",0.499463385624451,0.87686025636581
"2022-09-08","Espace Mittelland","NE",1.24997992157909,2.43491099523418
"2022-09-08","Espace Mittelland","SO",1.65253471908383,3.55227139401034
"2022-09-08","Lake Geneva","GE",1.58177884545405,3.56817784774805
"2022-09-08","Lake Geneva","VD",7.71129826656489,14.0945795020192
"2022-09-08","Lake Geneva","VS",3.43151096041338,5.65022387993754
"2022-09-08","Northwestern","AG",4.70489622940668,9.47701755351944
"2022-09-08","Northwestern","BL",1.66321482560917,3.44860753952312
"2022-09-08","Northwestern","BS",2.01717587365665,5.07803339131712
"2022-09-08","Ticino","TI",2.9476101650941,4.6523998012373
"2022-09-08","Zurich","ZH",14.7025031173782,35.5212184615468
"2022-09-09","9999","9999",0.0181706449182532,0.0704914210513078
"2022-09-09","Central","LU",4.67943754356402,8.73400262796368
"2022-09-09","Central","NW",0.49132550930786,0.725918886602619
"2022-09-09","Central","OW",0.294546469834532,0.490958812481264
"2022-09-09","Central","SZ",1.5594182768952,2.37743703525455
"2022-09-09","Central","UR",0.360175922877122,0.590510100938005
"2022-09-09","Central","ZG",1.63502235345315,3.01580245000173
"2022-09-09","Eastern","AI",0.135991758685893,0.169906756912
"2022-09-09","Eastern","AR",0.279640557164168,0.422608644817725
"2022-09-09","Eastern","GL",0.326687764023305,0.592923259517871
"2022-09-09","Eastern","GR",2.45005414819902,3.78016193313715
"2022-09-09","Eastern","SG",4.70365045291901,8.29589538719639
"2022-09-09","Eastern","SH",0.662290499657197,1.32628555075416
"2022-09-09","Eastern","TG",2.0362930992767,3.59356699506016
"2022-09-09","Espace Mittelland","BE",10.1696643778135,20.3323225257817
"2022-09-09","Espace Mittelland","FR",2.82303703541638,4.85986346280779
"2022-09-09","Espace Mittelland","JU",0.625522704177902,0.985316439863748
"2022-09-09","Espace Mittelland","NE",1.44762354809736,2.59577690450894
"2022-09-09","Espace Mittelland","SO",1.91087135600548,3.84249619842553
"2022-09-09","Lake Geneva","GE",6.40207915362496,9.97871662108856
"2022-09-09","Lake Geneva","VD",8.62654689650856,14.8976854750286
"2022-09-09","Lake Geneva","VS",4.15038788760159,6.58816084007828
"2022-09-09","Northwestern","AG",5.68091628025097,10.6923997740468
"2022-09-09","Northwestern","BL",2.01705605123271,3.87182797102306
"2022-09-09","Northwestern","BS",2.19865574967087,5.17914813462842
"2022-09-09","Ticino","TI",3.67488950759504,5.13543937499873
"2022-09-09","Zurich","ZH",17.4225500264592,37.4928369975957
"2022-09-10","9999","9999",0.0185968176992202,0.0642376016330626
"2022-09-10","Central","LU",5.39539237471601,8.82478497397527
"2022-09-10","Central","NW",0.559703989819253,0.744170522622172
"2022-09-10","Central","OW",0.339502458589865,0.530656970527516
"2022-09-10","Central","SZ",1.82277942386216,2.54306128539101
"2022-09-10","Central","UR",0.370517548089536,0.592277484686639
"2022-09-10","Central","ZG",1.76814357444106,2.8430067004237
"2022-09-10","Eastern","AI",0.151761616173689,0.178131888972953
"2022-09-10","Eastern","AR",0.292940442870775,0.40262361319855
"2022-09-10","Eastern","GL",0.367382541883797,0.609441499937802
"2022-09-10","Eastern","GR",2.81933386540839,4.01060158343989
"2022-09-10","Eastern","SG",5.38172126192522,8.39330542226536
"2022-09-10","Eastern","SH",0.764184324043224,1.35017921950974
"2022-09-10","Eastern","TG",2.41697747312976,3.80072476328954
"2022-09-10","Espace Mittelland","BE",11.0545741994956,19.8843927099499
"2022-09-10","Espace Mittelland","FR",2.73697734609402,4.40081952224898
"2022-09-10","Espace Mittelland","JU",0.670355722028063,0.971619215811831
"2022-09-10","Espace Mittelland","NE",1.70803520645815,2.68316043561931
"2022-09-10","Espace Mittelland","SO",2.25110959586318,3.88419965726351
"2022-09-10","Lake Geneva","GE",6.34014266935452,9.04931068634988
"2022-09-10","Lake Geneva","VD",9.94450131791156,15.2158825260808
"2022-09-10","Lake Geneva","VS",4.52589809673409,6.47477637497357
"2022-09-10","Northwestern","AG",7.1608440681891,11.4647804603491
"2022-09-10","Northwestern","BL",2.31305348141413,3.6886658359963
"2022-09-10","Northwestern","BS",2.53382413195501,4.96760589517647
"2022-09-10","Ticino","TI",3.82279227624452,5.49435422856758
"2022-09-10","Zurich","ZH",20.8436120783369,36.4032449165625
"2022-09-11","9999","9999",0.0143567024118623,0.0548568725056947
"2022-09-11","Central","LU",1.44256994201277,3.47457448536844
"2022-09-11","Central","NW",0.247223990164489,0.359696580996138
"2022-09-11","Central","OW",0.254052818835054,0.405478617715575
"2022-09-11","Central","SZ",0.578058029853453,1.05070963856323
"2022-09-11","Central","UR",0.211426706193995,0.404696890288294
"2022-09-11","Central","ZG",0.368886513412881,0.916932284051197
"2022-09-11","Eastern","AI",0.0700410313285749,0.0996872410527897
"2022-09-11","Eastern","AR",0.105233325231216,0.157806975863656
"2022-09-11","Eastern","GL",0.138017763284704,0.330534749143669
"2022-09-11","Eastern","GR",1.53722643403599,2.01610902310582
"2022-09-11","Eastern","SG",1.19378420333891,2.76857265408697
"2022-09-11","Eastern","SH",0.210723138118503,0.511997476719817
"2022-09-11","Eastern","TG",0.473410224231505,1.00958397825846
"2022-09-11","Espace Mittelland","BE",3.67273836261518,9.26448965774614
"2022-09-11","Espace Mittelland","FR",0.826062992173161,1.85218418041997
"2022-09-11","Espace Mittelland","JU",0.129415172704162,0.255217010932628
"2022-09-11","Espace Mittelland","NE",0.365615820980364,0.727040495520022
"2022-09-11","Espace Mittelland","SO",0.514310632377664,1.32727120707552
"2022-09-11","Lake Geneva","GE",1.567492803733,3.57718470723628
"2022-09-11","Lake Geneva","VD",2.37792147583632,5.2537521217102
"2022-09-11","Lake Geneva","VS",1.85405499535977,3.18689879212916
"2022-09-11","Northwestern","AG",1.41775217573466,3.52474099331045
"2022-09-11","Northwestern","BL",0.451264304555691,1.22870557494013
"2022-09-11","Northwestern","BS",0.80141039976325,2.39327551269423
"2022-09-11","Ticino","TI",1.56224573052532,2.32485736873267
"2022-09-11","Zurich","ZH",5.35786283866277,14.7417138592116
"2022-09-12","9999","9999",0.0125549409486093,0.0522397850317551
"2022-09-12","Central","LU",3.2085555810928,7.14543053128235
"2022-09-12","Central","NW",0.359200488929374,0.616307106038267
"2022-09-12","Central","OW",0.26922140255934,0.485622673086348
"2022-09-12","Central","SZ",1.1553988247166,2.07535036683409
"2022-09-12","Central","UR",0.259071251215097,0.49738257264457
"2022-09-12","Central","ZG",1.16825905869645,2.64896835771303
"2022-09-12","Eastern","AI",0.0919347239796402,0.147814460054068
"2022-09-12","Eastern","AR",0.188722083823715,0.385731503139485
"2022-09-12","Eastern","GL",0.234868057509297,0.513017121190183
"2022-09-12","Eastern","GR",1.86073558695485,3.35415447341821
"2022-09-12","Eastern","SG",3.33310561407608,7.13696748217831
"2022-09-12","Eastern","SH",0.496899801350806,1.15542712566982
"2022-09-12","Eastern","TG",1.48207655197696,3.16181553815816
"2022-09-12","Espace Mittelland","BE",7.2177659029562,17.2655378522617
"2022-09-12","Espace Mittelland","FR",1.93158351841658,3.94265927356449
"2022-09-12","Espace Mittelland","JU",0.368309080387881,0.7166741100713
"2022-09-12","Espace Mittelland","NE",1.06383533565318,2.22833102553802
"2022-09-12","Espace Mittelland","SO",1.34476127202981,3.24151774759177
"2022-09-12","Lake Geneva","GE",5.32801373279796,10.1557608892931
"2022-09-12","Lake Geneva","VD",6.51213763991421,12.8260398164368
"2022-09-12","Lake Geneva","VS",3.10392979134337,5.39408918898159
"2022-09-12","Northwestern","AG",4.11624871759598,9.09033438220761
"2022-09-12","Northwestern","BL",1.50717784995519,3.37318783686504
"2022-09-12","Northwestern","BS",1.70183005119372,4.63166703033986
"2022-09-12","Ticino","TI",2.77655936688303,4.58941976111769
"2022-09-12","Zurich","ZH",13.0092233191386,31.950967336709
"2022-09-13","9999","9999",0.0128824182412946,0.0519338916906453
"2022-09-13","Central","LU",3.297795232547,7.09638563225774
"2022-09-13","Central","NW",0.334490644286051,0.5910539113222
"2022-09-13","Central","OW",0.241132289873133,0.439092897088643
"2022-09-13","Central","SZ",1.13792517287384,1.98963225502532
"2022-09-13","Central","UR",0.253486186197178,0.458194236833501
"2022-09-13","Central","ZG",1.15029244632712,2.61331478939923
"2022-09-13","Eastern","AI",0.0923623065283245,0.142988142894336
"2022-09-13","Eastern","AR",0.199168016183131,0.385221680904302
"2022-09-13","Eastern","GL",0.235844067112196,0.492318338441752
"2022-09-13","Eastern","GR",1.71839989703683,3.11922838744587
"2022-09-13","Eastern","SG",3.3152709755452,6.95679630426463
"2022-09-13","Eastern","SH",0.494603446380035,1.1317033976593
"2022-09-13","Eastern","TG",1.47557332874083,3.08177344723442
"2022-09-13","Espace Mittelland","BE",7.41884841894374,17.5653473146983
"2022-09-13","Espace Mittelland","FR",1.93990657947091,3.90707368154872
"2022-09-13","Espace Mittelland","JU",0.3852380097327,0.724185491002997
"2022-09-13","Espace Mittelland","NE",1.08781347560699,2.23645419315193
"2022-09-13","Espace Mittelland","SO",1.41850085637711,3.2585797983959
"2022-09-13","Lake Geneva","GE",5.36257422754999,10.0755148694753
"2022-09-13","Lake Geneva","VD",6.26648739303275,12.7629918000192
"2022-09-13","Lake Geneva","VS",3.07679811848641,5.26693952352694
"2022-09-13","Northwestern","AG",4.11704935992688,8.92841484031348
"2022-09-13","Northwestern","BL",1.48643509558462,3.32781365793375
"2022-09-13","Northwestern","BS",1.73421771403917,4.67955633229805
"2022-09-13","Ticino","TI",2.62241502396975,4.39062307754532
"2022-09-13","Zurich","ZH",13.2664044908589,33.6605032557248
"2022-09-14","9999","9999",0.0133707813587057,0.0486370412364617
"2022-09-14","Central","LU",3.52042069097752,7.47052717658407
"2022-09-14","Central","NW",0.369093941152387,0.609577452533851
"2022-09-14","Central","OW",0.226111379317244,0.410916721557527
"2022-09-14","Central","SZ",1.19394995286226,1.97579907837735
"2022-09-14","Central","UR",0.267527617555175,0.461695016181758
"2022-09-14","Central","ZG",1.29405087382553,2.76242079911576
"2022-09-14","Eastern","AI",0.099894436984924,0.135102892323505
"2022-09-14","Eastern","AR",0.21474145386768,0.38610537277862
"2022-09-14","Eastern","GL",0.24887408411748,0.501563114973071
"2022-09-14","Eastern","GR",1.85667034552079,3.21582270693854
"2022-09-14","Eastern","SG",3.78705346630612,7.45516453323055
"2022-09-14","Eastern","SH",0.501322587290144,1.136427750372
"2022-09-14","Eastern","TG",1.60134151459656,3.19400231527271
"2022-09-14","Espace Mittelland","BE",7.96721773142239,17.8914296163214
"2022-09-14","Espace Mittelland","FR",2.09329245560417,4.09618374265261
"2022-09-14","Espace Mittelland","JU",0.413870646614282,0.757153995544833
"2022-09-14","Espace Mittelland","NE",1.19881183445331,2.35282961536971
"2022-09-14","Espace Mittelland","SO",1.53449492684709,3.37101259532826
"2022-09-14","Lake Geneva","GE",5.54772852605883,10.2963358736076
"2022-09-14","Lake Geneva","VD",7.04146263917594,13.2291732518705
"2022-09-14","Lake Geneva","VS",3.24177893466101,5.44809635776198
"2022-09-14","Northwestern","AG",4.57420784456866,9.36329320692461
"2022-09-14","Northwestern","BL",1.56072706608381,3.38290844748253
"2022-09-14","Northwestern","BS",1.85372140907364,4.68271723015619
"2022-09-14","Ticino","TI",2.80721317599297,4.58133058165279
"2022-09-14","Zurich","ZH",14.2011560901983,34.1981957730978
"2022-09-15","9999","9999",0.0140767068791029,0.0476513849151078
"2022-09-15","Central","LU",3.57539802138396,7.4029247481988
"2022-09-15","Central","NW",0.3614116547698,0.584732115605931
"2022-09-15","Central","OW",0.237736437479463,0.401637956877196
"2022-09-15","Central","SZ",1.26669925762454,2.03286518056884
"2022-09-15","Central","UR",0.250861590309542,0.449255353643292
"2022-09-15","Central","ZG",1.28147415196568,2.68050935999636
"2022-09-15","Eastern","AI",0.10667446811236,0.13102431444204
"2022-09-15","Eastern","AR",0.212454908530609,0.363673194430566
"2022-09-15","Eastern","GL",0.26484899231977,0.508156815881438
"2022-09-15","Eastern","GR",1.89650514549357,3.13931538351208
"2022-09-15","Eastern","SG",3.82889349638399,7.2775764546418
"2022-09-15","Eastern","SH",0.528827656707165,1.13214524359646
"2022-09-15","Eastern","TG",1.65450029163982,3.08877500593093
"2022-09-15","Espace Mittelland","BE",8.14130300373686,17.522760163986
"2022-09-15","Espace Mittelland","FR",2.04920890551677,3.97719123296089
"2022-09-15","Espace Mittelland","JU",0.443985634670593,0.78271308360201
"2022-09-15","Espace Mittelland","NE",1.23607322485466,2.34596400926925
"2022-09-15","Espace Mittelland","SO",1.58222478631123,3.34603130580429
"2022-09-15","Lake Geneva","GE",5.54292606617707,10.4920736237689
"2022-09-15","Lake Geneva","VD",6.64922330394439,12.8244763615822
"2022-09-15","Lake Geneva","VS",3.12799705994509,5.28943967817302
"2022-09-15","Northwestern","AG",4.58266303218629,9.10022493357016
"2022-09-15","Northwestern","BL",1.5913568817304,3.35510614159055
"2022-09-15","Northwestern","BS",1.90656469576584,4.81054665859108
"2022-09-15","Ticino","TI",2.91618099548766,4.77791803553937
"2022-09-15","Zurich","ZH",14.2984444971532,33.5752949661512
"2022-09-16","9999","9999",0.0178173688763396,0.0686220728556367
"2022-09-16","Central","LU",4.81462344377847,8.55315168706975
"2022-09-16","Central","NW",0.485144245690214,0.686356681152416
"2022-09-16","Central","OW",0.292573413761574,0.461321146542623
"2022-09-16","Central","SZ",1.58103640694977,2.32393968870934
"2022-09-16","Central","UR",0.321523510753005,0.53935793667464
"2022-09-16","Central","ZG",1.66004067093712,3.03334033489203
"2022-09-16","Eastern","AI",0.135121422921477,0.167119728692999
"2022-09-16","Eastern","AR",0.288068685073662,0.414281548309735
"2022-09-16","Eastern","GL",0.312969196884741,0.570796974510927
"2022-09-16","Eastern","GR",2.41831440676444,3.61555732747106
"2022-09-16","Eastern","SG",4.64477982183175,8.16228797342943
"2022-09-16","Eastern","SH",0.657668302074234,1.30616456653894
"2022-09-16","Eastern","TG",2.0336086665815,3.54061345889915
"2022-09-16","Espace Mittelland","BE",10.0161036748192,19.8654273228011
"2022-09-16","Espace Mittelland","FR",2.71914032270609,4.93793424108882
"2022-09-16","Espace Mittelland","JU",0.525732010432892,0.868193278367699
"2022-09-16","Espace Mittelland","NE",1.47520082111764,2.60141893724496
"2022-09-16","Espace Mittelland","SO",1.96132365315286,3.79967113067016
"2022-09-16","Lake Geneva","GE",6.61517652463256,11.1408054239648
"2022-09-16","Lake Geneva","VD",8.44340634545143,14.8781422893466
"2022-09-16","Lake Geneva","VS",3.99943744785646,6.26918206159876
"2022-09-16","Northwestern","AG",5.82298852374282,10.6670106267347
"2022-09-16","Northwestern","BL",2.03959652964843,3.83335338634125
"2022-09-16","Northwestern","BS",2.28760994665842,5.22418243206959
"2022-09-16","Ticino","TI",3.34509367567746,5.18139135246322
"2022-09-16","Zurich","ZH",17.9035889737321,38.5647892292915
"2022-09-17","9999","9999",0.0182666657638932,0.0674324876402096
"2022-09-17","Central","LU",5.42082203109175,8.79555516582478
"2022-09-17","Central","NW",0.539029742327708,0.71728589675352
"2022-09-17","Central","OW",0.337879733710699,0.481238201863774
"2022-09-17","Central","SZ",1.89137139411424,2.55726833167811
"2022-09-17","Central","UR",0.349765849526007,0.556318023031729
"2022-09-17","Central","ZG",1.79660528873498,2.96845695842774
"2022-09-17","Eastern","AI",0.172591306220161,0.197165252419786
"2022-09-17","Eastern","AR",0.290331021566207,0.419175841767493
"2022-09-17","Eastern","GL",0.379135403321641,0.604955064268191
"2022-09-17","Eastern","GR",2.69859320101846,3.72211017462431
"2022-09-17","Eastern","SG",5.50322808416127,8.45628546238498
"2022-09-17","Eastern","SH",0.742978973976303,1.34946546838049
"2022-09-17","Eastern","TG",2.38734064695502,3.76119654598834
"2022-09-17","Espace Mittelland","BE",11.033731335953,18.943192887504
"2022-09-17","Espace Mittelland","FR",2.69139481740487,4.40367452676601
"2022-09-17","Espace Mittelland","JU",0.581212780639278,0.940656012061714
"2022-09-17","Espace Mittelland","NE",1.65681626587799,2.61195526343874
"2022-09-17","Espace Mittelland","SO",2.33450639060825,4.00880021154224
"2022-09-17","Lake Geneva","GE",7.19380789918463,10.2142205055941
"2022-09-17","Lake Geneva","VD",9.71849554977646,14.6364865498698
"2022-09-17","Lake Geneva","VS",4.41859813426563,6.20698374890643
"2022-09-17","Northwestern","AG",7.34446627813494,11.5607629931595
"2022-09-17","Northwestern","BL",2.42716862130243,3.74692152340322
"2022-09-17","Northwestern","BS",2.83580334753809,5.32628283170224
"2022-09-17","Ticino","TI",3.90170304522006,5.64944215251026
"2022-09-17","Zurich","ZH",22.0812010932733,38.4210193589699
"2022-09-18","9999","9999",0.0135862761023731,0.0537692517373042
"2022-09-18","Central","LU",1.3732271098943,3.28223555010839
"2022-09-18","Central","NW",0.210685606969049,0.318842825883471
"2022-09-18","Central","OW",0.230721817087831,0.314322402064848
"2022-09-18","Central","SZ",0.560762278948569,0.966928851248147
"2022-09-18","Central","UR",0.175519538661973,0.314424366511885
"2022-09-18","Central","ZG",0.358814055933952,0.906667863049512
"2022-09-18","Eastern","AI",0.0513033465062159,0.0777988730889314
"2022-09-18","Eastern","AR",0.0965926670062823,0.15308262315096
"2022-09-18","Eastern","GL",0.117427013202244,0.252667899756713
"2022-09-18","Eastern","GR",1.22671924374483,1.69679036313618
"2022-09-18","Eastern","SG",1.13929163331016,2.61865092879415
"2022-09-18","Eastern","SH",0.196007027175156,0.470124077136784
"2022-09-18","Eastern","TG",0.380848529555684,0.664060455400411
"2022-09-18","Espace Mittelland","BE",3.21296524052828,7.76992878123256
"2022-09-18","Espace Mittelland","FR",0.808771313930572,1.87023188754545
"2022-09-18","Espace Mittelland","JU",0.122857501105973,0.241995620966881
"2022-09-18","Espace Mittelland","NE",0.329639426021376,0.678947264667756
"2022-09-18","Espace Mittelland","SO",0.504583145059181,1.24168904786279
"2022-09-18","Lake Geneva","GE",1.63760577237537,3.63523646574912
"2022-09-18","Lake Geneva","VD",2.17981935761216,4.88423296564954
"2022-09-18","Lake Geneva","VS",1.83930796742718,3.02763032585798
"2022-09-18","Northwestern","AG",1.39612803458718,3.42950619977826
"2022-09-18","Northwestern","BL",0.433103900033496,1.15284402634489
"2022-09-18","Northwestern","BS",0.785893740473519,2.24461134891486
"2022-09-18","Ticino","TI",1.66839211531483,2.34297305215617
"2022-09-18","Zurich","ZH",5.65176661889107,14.6384918506615
"2022-09-19","9999","9999",0.0121521389835795,0.0482291834483152
"2022-09-19","Central","LU",3.15947785054611,6.98677385169339
"2022-09-19","Central","NW",0.333262869748933,0.571578701938208
"2022-09-19","Central","OW",0.232420669423736,0.396505746376353
"2022-09-19","Central","SZ",1.09079579222087,1.91489231534748
"2022-09-19","Central","UR",0.244007605117264,0.434232591779898
"2022-09-19","Central","ZG",1.11758846685008,2.58153587007282
"2022-09-19","Eastern","AI",0.0806777444203675,0.116443398515805
"2022-09-19","Eastern","AR",0.18055522894849,0.354496394197271
"2022-09-19","Eastern","GL",0.218871818738239,0.473794797230102
"2022-09-19","Eastern","GR",1.65910914733775,2.9758663749124
"2022-09-19","Eastern","SG",3.28356266018265,6.91111623199223
"2022-09-19","Eastern","SH",0.462255969746573,1.07650664366349
"2022-09-19","Eastern","TG",1.44967337385457,3.03707903128337
"2022-09-19","Espace Mittelland","BE",7.44690249107013,17.3374567755715
"2022-09-19","Espace Mittelland","FR",2.33238697323408,4.5582526284735
"2022-09-19","Espace Mittelland","JU",0.376724320670825,0.707803203179115
"2022-09-19","Espace Mittelland","NE",0.260425744289901,0.616443058634315
"2022-09-19","Espace Mittelland","SO",1.3281495208413,3.14196645913503
"2022-09-19","Lake Geneva","GE",5.63058068445844,10.5684449945993
"2022-09-19","Lake Geneva","VD",1.75019108324503,4.31275622815837
"2022-09-19","Lake Geneva","VS",3.40521561267465,5.72340036476082
"2022-09-19","Northwestern","AG",3.90810183991252,8.71364372670537
"2022-09-19","Northwestern","BL",1.44946376489113,3.29464122449784
"2022-09-19","Northwestern","BS",1.72942973168866,4.71602561618815
"2022-09-19","Ticino","TI",2.67119846942146,4.46308581123934
"2022-09-19","Zurich","ZH",13.3218640558092,33.9010033981351
"2022-09-20","9999","9999",0.0120644866757508,0.0501325197929986
"2022-09-20","Central","LU",3.21353695224596,7.08618918755408
"2022-09-20","Central","NW",0.32789463092197,0.580449608830393
"2022-09-20","Central","OW",0.232595233911342,0.411698448984808
"2022-09-20","Central","SZ",1.11944031031149,1.91530017313563
"2022-09-20","Central","UR",0.235396093839888,0.42855657089486
"2022-09-20","Central","ZG",1.22345347375126,2.75100078104766
"2022-09-20","Eastern","AI",0.0998418683131511,0.132077947061419
"2022-09-20","Eastern","AR",0.183810308203536,0.35633175424393
"2022-09-20","Eastern","GL",0.233986901777649,0.483821301188701
"2022-09-20","Eastern","GR",1.60854732690282,2.93909119768119
"2022-09-20","Eastern","SG",3.35309545850105,6.92800834205129
"2022-09-20","Eastern","SH",0.474171843408782,1.08857243656282
"2022-09-20","Eastern","TG",1.47296279528618,3.0014934392676
"2022-09-20","Espace Mittelland","BE",7.27167544788134,17.3127134030906
"2022-09-20","Espace Mittelland","FR",1.91792664819576,4.11545502314253
"2022-09-20","Espace Mittelland","JU",0.352788591229184,0.692542524272637
"2022-09-20","Espace Mittelland","NE",1.20871396066381,2.40228237218247
"2022-09-20","Espace Mittelland","SO",1.38837392445541,3.25922557322713
"2022-09-20","Lake Geneva","GE",5.1635411065573,10.2124531218455
"2022-09-20","Lake Geneva","VD",6.96359537243277,13.7510272918039
"2022-09-20","Lake Geneva","VS",2.87835039179031,5.05886407527423
"2022-09-20","Northwestern","AG",4.05800444238954,8.84551774487272
"2022-09-20","Northwestern","BL",1.49443524151124,3.28801353544046
"2022-09-20","Northwestern","BS",1.80893575158674,4.810308741548
"2022-09-20","Ticino","TI",2.54777299639827,4.41971693309977
"2022-09-20","Zurich","ZH",13.7642017268425,34.4122531355767
"2022-09-21","9999","9999",0.0146209085461869,0.0521038324357063
"2022-09-21","Central","LU",3.48787997826624,7.39398586500859
"2022-09-21","Central","NW",0.364218850821031,0.614131864501486
"2022-09-21","Central","OW",0.230693061742418,0.407144037017173
"2022-09-21","Central","SZ",1.18954025818259,2.00937936960141
"2022-09-21","Central","UR",0.248699139775795,0.446978147659474
"2022-09-21","Central","ZG",1.27394753526727,2.69899891305899
"2022-09-21","Eastern","AI",0.11032366751291,0.154374172813423
"2022-09-21","Eastern","AR",0.19870717486438,0.376418750310142
"2022-09-21","Eastern","GL",0.241780399253031,0.505369787662438
"2022-09-21","Eastern","GR",1.72390071276955,3.0405118343336
"2022-09-21","Eastern","SG",3.56383778904061,7.27009906185911
"2022-09-21","Eastern","SH",0.510012415080243,1.13041184799684
"2022-09-21","Eastern","TG",1.54026111960455,3.07327640998137
"2022-09-21","Espace Mittelland","BE",7.67406089703904,17.6610239541677
"2022-09-21","Espace Mittelland","FR",1.9999609807624,4.06464274036929
"2022-09-21","Espace Mittelland","JU",0.399917936637966,0.73380413717345
"2022-09-21","Espace Mittelland","NE",1.2002684769473,2.34321096919926
"2022-09-21","Espace Mittelland","SO",1.48152129538136,3.33206217656028
"2022-09-21","Lake Geneva","GE",5.52819239187758,10.339194929512
"2022-09-21","Lake Geneva","VD",6.95461707875554,13.3638003101079
"2022-09-21","Lake Geneva","VS",3.01295626657356,5.21901623341973
"2022-09-21","Northwestern","AG",4.34980969330202,9.1621513410704
"2022-09-21","Northwestern","BL",1.60549525419907,3.40350526578393
"2022-09-21","Northwestern","BS",1.91969621604678,4.8417817675333
"2022-09-21","Ticino","TI",2.70480047876652,4.49326728756217
"2022-09-21","Zurich","ZH",14.6462408189416,35.1988068800171
"2022-09-22","9999","9999",0.0131519031725166,0.0521378205847185
"2022-09-22","Central","LU",3.69822895228448,7.58866998255048
"2022-09-22","Central","NW",0.386209406262346,0.609033642149655
"2022-09-22","Central","OW",0.259736058510404,0.430765800580654
"2022-09-22","Central","SZ",1.19845649075208,1.99071987579371
"2022-09-22","Central","UR",0.257830389334336,0.45771840274733
"2022-09-22","Central","ZG",1.28486099751005,2.70222778721515
"2022-09-22","Eastern","AI",0.0444472427463408,0.0683841558125513
"2022-09-22","Eastern","AR",0.226941192091828,0.391543476620572
"2022-09-22","Eastern","GL",0.242514026709075,0.504146214297999
"2022-09-22","Eastern","GR",1.83622957905938,3.10542919894691
"2022-09-22","Eastern","SG",3.69880304102717,7.28739902970632
"2022-09-22","Eastern","SH",0.508973968431549,1.11919575882281
"2022-09-22","Eastern","TG",1.60053031467186,3.0914600697029
"2022-09-22","Espace Mittelland","BE",7.8826165447042,17.8992468905942
"2022-09-22","Espace Mittelland","FR",1.98276440701643,4.03857383007693
"2022-09-22","Espace Mittelland","JU",0.408632169073662,0.758513521505322
"2022-09-22","Espace Mittelland","NE",1.23471347256306,2.42627800538508
"2022-09-22","Espace Mittelland","SO",1.59017419626411,3.42835060271185
"2022-09-22","Lake Geneva","GE",5.81658781411588,10.656712217584
"2022-09-22","Lake Geneva","VD",6.57151906900569,13.0853354052509
"2022-09-22","Lake Geneva","VS",2.93710180743695,5.08493298556659
"2022-09-22","Northwestern","AG",4.42586314115193,9.17020653238629
"2022-09-22","Northwestern","BL",1.61604606936064,3.40503473248948
"2022-09-22","Northwestern","BS",1.97838835879295,4.91278301081979
"2022-09-22","Ticino","TI",2.85730997671428,4.57752390896342
"2022-09-22","Zurich","ZH",14.652720170111,35.5428009361696
"2022-09-23","9999","9999",0.0209907520921628,0.0767452404695531
"2022-09-23","Central","LU",4.92955287333237,9.05811361694404
"2022-09-23","Central","NW",0.548961927918757,0.740397838081818
"2022-09-23","Central","OW",0.327508468132026,0.521038324357063
"2022-09-23","Central","SZ",1.61487494007361,2.46172764480481
"2022-09-23","Central","UR",0.345434056260783,0.570185187828708
"2022-09-23","Central","ZG",1.76200544579955,3.11103724353392
"2022-09-23","Eastern","AI",0.165111509474048,0.200903948811129
"2022-09-23","Eastern","AR",0.310154756193851,0.445108799463803
"2022-09-23","Eastern","GL",0.327467757173165,0.617700620147767
"2022-09-23","Eastern","GR",2.42890280006772,3.79219373788747
"2022-09-23","Eastern","SG",4.90353665176964,8.72326237287583
"2022-09-23","Eastern","SH",0.662986196529601,1.33546235098746
"2022-09-23","Eastern","TG",2.20209180002459,3.71572040261002
"2022-09-23","Espace Mittelland","BE",10.2548039900671,20.4912511105628
"2022-09-23","Espace Mittelland","FR",2.93358828643114,5.20732431015953
"2022-09-23","Espace Mittelland","JU",0.579229656475204,1.00567534112206
"2022-09-23","Espace Mittelland","NE",1.54664566781102,2.7611292494533
"2022-09-23","Espace Mittelland","SO",2.08557273205665,3.9872517250685
"2022-09-23","Lake Geneva","GE",6.95806423494606,11.2800548704678
"2022-09-23","Lake Geneva","VD",9.17244910373371,15.6632345433794
"2022-09-23","Lake Geneva","VS",4.02677417925996,6.13900745088203
"2022-09-23","Northwestern","AG",5.99856504834875,10.9454415434426
"2022-09-23","Northwestern","BL",2.21493263795026,4.0075766381778
"2022-09-23","Northwestern","BS",2.40312931700979,5.3843685783641
"2022-09-23","Ticino","TI",3.79340077314873,4.93467137878365
"2022-09-23","Zurich","ZH",18.4752912577167,39.7117533058573
"2022-09-24","9999","9999",0.021195881127086,0.0750118448699308
"2022-09-24","Central","LU",5.84950499746404,9.15508180607586
"2022-09-24","Central","NW",0.593877793118444,0.758479533356309
"2022-09-24","Central","OW",0.35968456008729,0.506899254367987
"2022-09-24","Central","SZ",1.98683558513899,2.67415357613107
"2022-09-24","Central","UR",0.375102508224653,0.564475178794658
"2022-09-24","Central","ZG",1.89284825894294,2.9416063207081
"2022-09-24","Eastern","AI",0.179780205229833,0.190333634468334
"2022-09-24","Eastern","AR",0.324379375118658,0.436067951826557
"2022-09-24","Eastern","GL",0.384276606889761,0.627659147808342
"2022-09-24","Eastern","GR",2.86414804719544,3.99452518895711
"2022-09-24","Eastern","SG",6.09177215034968,9.04159537652411
"2022-09-24","Eastern","SH",0.775316993417994,1.35215053215245
"2022-09-24","Eastern","TG",2.63642311823725,3.99245191186737
"2022-09-24","Espace Mittelland","BE",11.2558808959624,18.8307600905716
"2022-09-24","Espace Mittelland","FR",2.94314942115897,4.57262961550567
"2022-09-24","Espace Mittelland","JU",0.606190943239435,0.859492312220575
"2022-09-24","Espace Mittelland","NE",1.69277416155171,2.64356424202009
"2022-09-24","Espace Mittelland","SO",2.47536124093582,4.0560437386692
"2022-09-24","Lake Geneva","GE",7.46950755642741,10.1706137104115
"2022-09-24","Lake Geneva","VD",10.7891835822509,15.6806364756737
"2022-09-24","Lake Geneva","VS",4.35924989737185,5.91346209403705
"2022-09-24","Northwestern","AG",7.90752797829907,12.1208197125826
"2022-09-24","Northwestern","BL",2.67001755791288,3.8635688508131
"2022-09-24","Northwestern","BS",2.79019306208899,5.22713940103365
"2022-09-24","Ticino","TI",4.02040292203025,5.2570829603134
"2022-09-24","Zurich","ZH",23.1235146525794,38.4412083194832
"2022-09-25","9999","9999",0.0154370779020841,0.0524437139258283
"2022-09-25","Central","LU",1.34562204095385,3.00914077279534
"2022-09-25","Central","NW",0.203876186100726,0.219325525575742
"2022-09-25","Central","OW",0.174736733808721,0.206919851186288
"2022-09-25","Central","SZ",0.451030247870412,0.720820664250789
"2022-09-25","Central","UR",0.17205496009208,0.267758637918131
"2022-09-25","Central","ZG",0.328573391001657,0.802664127072173
"2022-09-25","Eastern","AI",0.0518236291143616,0.0624362297354159
"2022-09-25","Eastern","AR",0.0937919441384868,0.138093849436578
"2022-09-25","Eastern","GL",0.104846778671172,0.231765188114208
"2022-09-25","Eastern","GR",1.25155635125282,1.65097433826773
"2022-09-25","Eastern","SG",1.1112524538133,2.44986578079955
"2022-09-25","Eastern","SH",0.18219221597773,0.441030221582339
"2022-09-25","Eastern","TG",0.430442133270378,0.916490438114038
"2022-09-25","Espace Mittelland","BE",2.7004909559152,6.54373832931933
"2022-09-25","Espace Mittelland","FR",0.784314996431114,1.70022316618641
"2022-09-25","Espace Mittelland","JU",0.111984542272917,0.220888980430304
"2022-09-25","Espace Mittelland","NE",0.322431502979562,0.723675668767814
"2022-09-25","Espace Mittelland","SO",0.457829851272991,1.12633327011538
"2022-09-25","Lake Geneva","GE",1.60680525735433,3.51607401531234
"2022-09-25","Lake Geneva","VD",2.0784629170999,4.66198445925875
"2022-09-25","Lake Geneva","VS",1.34715280198559,2.22809310849493
"2022-09-25","Northwestern","AG",1.45981935463599,3.45006902993064
"2022-09-25","Northwestern","BL",0.444381983032294,1.15607290050105
"2022-09-25","Northwestern","BS",0.731354127279242,2.19577037878433
"2022-09-25","Ticino","TI",1.40630689428458,1.85249007376108
"2022-09-25","Zurich","ZH",5.54226413715752,14.3706652364454
"2022-09-26","9999","9999",0.0127339227083962,0.0503364486870718
"2022-09-26","Central","LU",3.57821430652095,7.34545078821916
"2022-09-26","Central","NW",0.356222456442945,0.58626158231148
"2022-09-26","Central","OW",0.229247192223399,0.393446812965255
"2022-09-26","Central","SZ",1.18367467680106,1.95081778885338
"2022-09-26","Central","UR",0.242011213472561,0.426109424165982
"2022-09-26","Central","ZG",1.2328252492625,2.67269208572355
"2022-09-26","Eastern","AI",0.0847676567894803,0.120454000099245
"2022-09-26","Eastern","AR",0.203993408286427,0.371184575362263
"2022-09-26","Eastern","GL",0.256504569368496,0.502276866102327
"2022-09-26","Eastern","GR",1.7479022431194,3.06777032984139
"2022-09-26","Eastern","SG",3.8585841326093,7.45873328887683
"2022-09-26","Eastern","SH",0.526528411712574,1.14570651505233
"2022-09-26","Eastern","TG",1.68438780975891,3.22911207320232
"2022-09-26","Espace Mittelland","BE",7.58030794080998,16.4288855761773
"2022-09-26","Espace Mittelland","FR",2.22602669143764,4.15668264789433
"2022-09-26","Espace Mittelland","JU",0.421579977040915,0.733056397895182
"2022-09-26","Espace Mittelland","NE",1.26335851148454,2.38012209902651
"2022-09-26","Espace Mittelland","SO",1.56461422644301,3.29831194459116
"2022-09-26","Lake Geneva","GE",5.83577842597766,10.2915435445969
"2022-09-26","Lake Geneva","VD",7.0141702723793,13.3425917051243
"2022-09-26","Lake Geneva","VS",3.04837287018412,5.11100189585895
"2022-09-26","Northwestern","AG",4.75484072822225,9.44941917652153
"2022-09-26","Northwestern","BL",1.68996538342782,3.47505031945461
"2022-09-26","Northwestern","BS",1.84483381436892,4.80548242438826
"2022-09-26","Ticino","TI",3.04056082643121,4.41186567067795
"2022-09-26","Zurich","ZH",15.0216577797716,35.3496802734822
"2022-09-27","9999","9999",0.0131756812546832,0.0481272190012786
"2022-09-27","Central","LU",3.68911115425958,7.42002078715194
"2022-09-27","Central","NW",0.359378170570044,0.585921700821358
"2022-09-27","Central","OW",0.229798540629605,0.407042072570136
"2022-09-27","Central","SZ",1.2209732224138,1.96240774766654
"2022-09-27","Central","UR",0.246432029653117,0.430154013898434
"2022-09-27","Central","ZG",1.2739631601928,2.69403664330321
"2022-09-27","Eastern","AI",0.0796696586858763,0.115321789598403
"2022-09-27","Eastern","AR",0.236057368883858,0.374583390263483
"2022-09-27","Eastern","GL",0.258651081694994,0.506593361026877
"2022-09-27","Eastern","GR",1.71768761189762,3.03857450983991
"2022-09-27","Eastern","SG",3.85656095537797,7.44048165285728
"2022-09-27","Eastern","SH",0.531697697070421,1.13819513412063
"2022-09-27","Eastern","TG",1.7167263774436,3.16351494560876
"2022-09-27","Espace Mittelland","BE",7.52083561694492,16.3154331347746
"2022-09-27","Espace Mittelland","FR",2.26632857095132,4.30055448266299
"2022-09-27","Espace Mittelland","JU",0.437532180150911,0.827135594360958
"2022-09-27","Espace Mittelland","NE",1.31798556943751,2.37594155669801
"2022-09-27","Espace Mittelland","SO",1.58129797368564,3.34868238142724
"2022-09-27","Lake Geneva","GE",5.90794070737844,10.4655628675393
"2022-09-27","Lake Geneva","VD",6.91486097514957,13.3627126893395
"2022-09-27","Lake Geneva","VS",3.09137743888493,5.09975181853591
"2022-09-27","Northwestern","AG",4.70393270799614,9.31941450654986
"2022-09-27","Northwestern","BL",1.66788260568166,3.34035528491925
"2022-09-27","Northwestern","BS",1.87769360450691,4.79905866422496
"2022-09-27","Ticino","TI",3.04597393894782,4.49483074241673
"2022-09-27","Zurich","ZH",14.7157421246156,34.9085140993039
"2022-09-28","9999","9999",0.0142582223047598,0.0478213256601688
"2022-09-28","Central","LU",3.73165953779113,7.31200644959116
"2022-09-28","Central","NW",0.389507271967614,0.601148391578824
"2022-09-28","Central","OW",0.227687793326893,0.371082610915226
"2022-09-28","Central","SZ",1.31200369005134,2.01641491644693
"2022-09-28","Central","UR",0.244578886072586,0.418700007681322
"2022-09-28","Central","ZG",1.35706257226993,2.66096617431434
"2022-09-28","Eastern","AI",0.0894997966742929,0.11219487988928
"2022-09-28","Eastern","AR",0.238998359723513,0.357419375012321
"2022-09-28","Eastern","GL",0.259302958287515,0.498912039350119
"2022-09-28","Eastern","GR",1.78189455057304,3.03113110520624
"2022-09-28","Eastern","SG",4.18388949407302,7.52378660608619
"2022-09-28","Eastern","SH",0.552496908722048,1.12595940047624
"2022-09-28","Eastern","TG",1.78477115810425,3.18224241571449
"2022-09-28","Espace Mittelland","BE",7.54343261921406,15.5901940111522
"2022-09-28","Espace Mittelland","FR",2.39172233424937,4.17439047352969
"2022-09-28","Espace Mittelland","JU",0.453015788219712,0.758343580760261
"2022-09-28","Espace Mittelland","NE",1.35000969234886,2.46325711151036
"2022-09-28","Espace Mittelland","SO",1.6237234176402,3.29950152980659
"2022-09-28","Lake Geneva","GE",6.01299335521259,10.3430016022013
"2022-09-28","Lake Geneva","VD",7.47627989257272,13.4684838090655
"2022-09-28","Lake Geneva","VS",3.33218578763274,5.15861929262505
"2022-09-28","Northwestern","AG",5.03422139470772,9.50549962239166
"2022-09-28","Northwestern","BL",1.749898066941,3.38980804173201
"2022-09-28","Northwestern","BS",1.93350022294106,4.76139979511944
"2022-09-28","Ticino","TI",3.15775775770993,4.58965767816078
"2022-09-28","Zurich","ZH",15.4064157675126,34.769740486887
"2022-09-29","9999","9999",0.015353721469772,0.0505063894321328
"2022-09-29","Central","LU",3.95726239039658,7.82709684787108
"2022-09-29","Central","NW",0.414903806634036,0.609747393278911
"2022-09-29","Central","OW",0.252026395221949,0.398579023466098
"2022-09-29","Central","SZ",1.37323365356612,2.09771456888412
"2022-09-29","Central","UR",0.277329105930757,0.44891547215317
"2022-09-29","Central","ZG",1.47379509473437,2.83338805425324
"2022-09-29","Eastern","AI",0.0977300754327154,0.123954779447502
"2022-09-29","Eastern","AR",0.270960664320456,0.386989064652937
"2022-09-29","Eastern","GL",0.278987920863488,0.520154632482746
"2022-09-29","Eastern","GR",1.85640648399635,3.03653522089918
"2022-09-29","Eastern","SG",4.20833109516391,7.76404883145345
"2022-09-29","Eastern","SH",0.567788768801176,1.18105419002502
"2022-09-29","Eastern","TG",1.79252712051415,3.26595522673154
"2022-09-29","Espace Mittelland","BE",7.94872684601907,16.5730293161381
"2022-09-29","Espace Mittelland","FR",2.402926768633,4.24984416433678
"2022-09-29","Espace Mittelland","JU",0.482365033528173,0.796716200995037
"2022-09-29","Espace Mittelland","NE",1.42327191759898,2.53381650885969
"2022-09-29","Espace Mittelland","SO",1.76787605926862,3.55526235112341
"2022-09-29","Lake Geneva","GE",6.85844417791916,11.2135740509999
"2022-09-29","Lake Geneva","VD",7.55850192787889,13.7907254498501
"2022-09-29","Lake Geneva","VS",3.24636100477231,5.17979390945965
"2022-09-29","Northwestern","AG",5.17632913301788,9.81683106734344
"2022-09-29","Northwestern","BL",1.82081850745566,3.52501289850255
"2022-09-29","Northwestern","BS",2.08603246122531,5.06637545620593
"2022-09-29","Ticino","TI",3.28766961507706,4.71259281313792
"2022-09-29","Zurich","ZH",16.1484071130504,36.6433711893337
"2022-09-30","9999","9999",0.0203547471345267,0.0724627336940156
"2022-09-30","Central","LU",5.02227411063756,9.08717348434948
"2022-09-30","Central","NW",0.508529323777463,0.735945390561219
"2022-09-30","Central","OW",0.334600974274022,0.492012445100642
"2022-09-30","Central","SZ",1.72669372107512,2.44663690664339
"2022-09-30","Central","UR",0.338520946976847,0.557575584545181
"2022-09-30","Central","ZG",1.82965121520391,3.19335654044148
"2022-09-30","Eastern","AI",0.130726381994021,0.158078881055753
"2022-09-30","Eastern","AR",0.314417643145866,0.435660094038411
"2022-09-30","Eastern","GL",0.337309075402785,0.605634827248435
"2022-09-30","Eastern","GR",2.49445231928073,3.6139938726165
"2022-09-30","Eastern","SG",5.18496229597778,8.90445319525988
"2022-09-30","Eastern","SH",0.678278044860665,1.32999025899649
"2022-09-30","Eastern","TG",2.16234627359252,3.68509708035002
"2022-09-30","Espace Mittelland","BE",9.79625935914928,18.4672228487371
"2022-09-30","Espace Mittelland","FR",3.1792029484258,5.13462365942243
"2022-09-30","Espace Mittelland","JU",0.643539989864632,1.04523754657226
"2022-09-30","Espace Mittelland","NE",1.70161255144707,2.79484549327341
"2022-09-30","Espace Mittelland","SO",2.12821296587101,3.84354983104491
"2022-09-30","Lake Geneva","GE",7.61587579683253,11.8034043889577
"2022-09-30","Lake Geneva","VD",9.61317701583479,15.9716090193671
"2022-09-30","Lake Geneva","VS",4.17026937962941,6.23706326078223
"2022-09-30","Northwestern","AG",6.24454386509287,11.0424097325744
"2022-09-30","Northwestern","BL",2.2950368340389,4.04207460942519
"2022-09-30","Northwestern","BS",2.48436290542898,5.46332304851944
"2022-09-30","Ticino","TI",3.78916991142003,5.02222485063908
"2022-09-30","Zurich","ZH",19.7674035247099,40.0249201108558
"2022-10-01","9999","9999",0.0204842773756048,0.0634218860567697
"2022-10-01","Central","LU",5.78619917839756,8.96597174497196
"2022-10-01","Central","NW",0.569474353656452,0.721126557591899
"2022-10-01","Central","OW",0.34947607960374,0.477805398813542
"2022-10-01","Central","SZ",1.99721298320723,2.59982149424139
"2022-10-01","Central","UR",0.347663678310242,0.535245370644164
"2022-10-01","Central","ZG",1.97560109529083,2.9519387180078
"2022-10-01","Eastern","AI",0.157261123955248,0.179185521592331
"2022-10-01","Eastern","AR",0.325892506221883,0.412412200114064
"2022-10-01","Eastern","GL",0.386256253626799,0.620997470601951
"2022-10-01","Eastern","GR",3.1237570112301,3.974710098083
"2022-10-01","Eastern","SG",5.99651238347599,8.72448594624026
"2022-10-01","Eastern","SH",0.779762609762312,1.33403484872895
"2022-10-01","Eastern","TG",2.57968494487556,3.93324455628811
"2022-10-01","Espace Mittelland","BE",10.7448530016992,17.5622883812872
"2022-10-01","Espace Mittelland","FR",3.2078000395808,4.90180483868885
"2022-10-01","Espace Mittelland","JU",0.64505206755809,0.901875534038791
"2022-10-01","Espace Mittelland","NE",1.92088047966971,2.81588415751196
"2022-10-01","Espace Mittelland","SO",2.43229981160373,3.89300258785767
"2022-10-01","Lake Geneva","GE",8.15781739871642,10.489694453338
"2022-10-01","Lake Geneva","VD",11.5323466327308,16.3066641923294
"2022-10-01","Lake Geneva","VS",4.5597316369306,6.11718705921619
"2022-10-01","Northwestern","AG",7.78350452097039,11.6755069842247
"2022-10-01","Northwestern","BL",2.56540241190971,3.76428946754846
"2022-10-01","Northwestern","BS",2.77753973501779,5.27247959181593
"2022-10-01","Ticino","TI",4.28970108252578,5.6812890481347
"2022-10-01","Zurich","ZH",23.3245246908421,38.7055341543511
"2022-10-02","9999","9999",0.0129594346348999,0.0506423420281816
"2022-10-02","Central","LU",1.38169934003721,3.48089628108471
"2022-10-02","Central","NW",0.184566766064559,0.239480497939978
"2022-10-02","Central","OW",0.205488400378355,0.238188948277515
"2022-10-02","Central","SZ",0.466136425877074,0.767554369142567
"2022-10-02","Central","UR",0.150200866249788,0.277615201131669
"2022-10-02","Central","ZG",0.37266998927249,1.02443679937679
"2022-10-02","Eastern","AI",0.0425759444904275,0.0552987184428533
"2022-10-02","Eastern","AR",0.0749803444115008,0.116409410366793
"2022-10-02","Eastern","GL",0.0933449342074525,0.228638278405086
"2022-10-02","Eastern","GR",1.23760548963862,1.7678595827207
"2022-10-02","Eastern","SG",1.11566635038397,2.4903796544221
"2022-10-02","Eastern","SH",0.183298401965244,0.444972846867754
"2022-10-02","Eastern","TG",0.444369557496274,0.964753609711366
"2022-10-02","Espace Mittelland","BE",2.72579665846439,6.87230176582029
"2022-10-02","Espace Mittelland","FR",0.833234171185831,1.86187080288845
"2022-10-02","Espace Mittelland","JU",0.117404002660279,0.235435908207526
"2022-10-02","Espace Mittelland","NE",0.317104116088231,0.647678167576529
"2022-10-02","Espace Mittelland","SO",0.470530687516264,1.18312746711477
"2022-10-02","Lake Geneva","GE",1.707096050533,3.62279680321066
"2022-10-02","Lake Geneva","VD",2.24239258696829,4.96247368467563
"2022-10-02","Lake Geneva","VS",1.47914139600925,2.62198176739734
"2022-10-02","Northwestern","AG",1.39882340864627,3.36074817432658
"2022-10-02","Northwestern","BL",0.406778700463352,1.06535853078749
"2022-10-02","Northwestern","BS",0.7108012490401,2.17439183305565
"2022-10-02","Ticino","TI",1.54495082548107,2.40513737669949
"2022-10-02","Zurich","ZH",5.61681446717103,14.9428557250658
"2022-10-03","9999","9999",0.0121370975452392,0.0463938234016563
"2022-10-03","Central","LU",3.39052713317857,6.75830551403337
"2022-10-03","Central","NW",0.342764418294576,0.552205457001253
"2022-10-03","Central","OW",0.236552773007813,0.398035213081903
"2022-10-03","Central","SZ",1.21449982751296,1.91071177301898
"2022-10-03","Central","UR",0.229498843592996,0.421011201814151
"2022-10-03","Central","ZG",1.20864219957097,2.65916480241669
"2022-10-03","Eastern","AI",0.0892944600902337,0.131840030018333
"2022-10-03","Eastern","AR",0.198773704152577,0.345149653218916
"2022-10-03","Eastern","GL",0.239935769103105,0.494833461468655
"2022-10-03","Eastern","GR",2.0329651232826,3.48446503673099
"2022-10-03","Eastern","SG",3.63710945581842,6.92963977320388
"2022-10-03","Eastern","SH",0.557626873308643,1.24535976795611
"2022-10-03","Eastern","TG",1.60779142120082,3.22160069227062
"2022-10-03","Espace Mittelland","BE",7.61489254258997,16.3313056003633
"2022-10-03","Espace Mittelland","FR",2.21997695523201,4.18900537760494
"2022-10-03","Espace Mittelland","JU",0.397601461149051,0.7481471360566
"2022-10-03","Espace Mittelland","NE",1.17120321368143,2.21225463105524
"2022-10-03","Espace Mittelland","SO",1.42755429458969,3.00767928238782
"2022-10-03","Lake Geneva","GE",5.83293690599853,10.4278700102848
"2022-10-03","Lake Geneva","VD",7.06635893343193,13.5025739225247
"2022-10-03","Lake Geneva","VS",3.24053874241992,5.35826567992272
"2022-10-03","Northwestern","AG",4.46446388528921,8.73128357604271
"2022-10-03","Northwestern","BL",1.64993978705858,3.2892371088049
"2022-10-03","Northwestern","BS",1.92848204118639,4.78393393791453
"2022-10-03","Ticino","TI",3.24702505235946,4.78043315856627
"2022-10-03","Zurich","ZH",14.7544457152239,35.819804350619
"2022-10-04","9999","9999",0.0104576647596412,0.0460199537625221
"2022-10-04","Central","LU",3.34170646985913,6.74719138930638
"2022-10-04","Central","NW",0.317376866981332,0.545237886453751
"2022-10-04","Central","OW",0.258756320855097,0.422710609264762
"2022-10-04","Central","SZ",1.12956510933295,1.9046278943458
"2022-10-04","Central","UR",0.236167600971294,0.407755823699392
"2022-10-04","Central","ZG",1.24992488581381,2.69247318844865
"2022-10-04","Eastern","AI",0.091062069930533,0.137889920542505
"2022-10-04","Eastern","AR",0.19881856217814,0.350961626700002
"2022-10-04","Eastern","GL",0.230731274279602,0.501665079420108
"2022-10-04","Eastern","GR",1.87265227514952,3.36564246778433
"2022-10-04","Eastern","SG",3.42285609486267,6.72333170869981
"2022-10-04","Eastern","SH",0.488527950585386,1.06991294275512
"2022-10-04","Eastern","TG",1.5794435848103,3.08333690208898
"2022-10-04","Espace Mittelland","BE",7.14221182615996,16.1473957260582
"2022-10-04","Espace Mittelland","FR",2.13514512268321,4.16388813548492
"2022-10-04","Espace Mittelland","JU",0.404157049423836,0.749812555358198
"2022-10-04","Espace Mittelland","NE",1.18330283098549,2.19641615361556
"2022-10-04","Espace Mittelland","SO",1.39408506186748,2.97284142965031
"2022-10-04","Lake Geneva","GE",5.65392486753382,10.5367340515709
"2022-10-04","Lake Geneva","VD",7.03096176503576,13.5522645963805
"2022-10-04","Lake Geneva","VS",3.21086934277886,5.30922078089812
"2022-10-04","Northwestern","AG",4.15940726034369,8.3426970683862
"2022-10-04","Northwestern","BL",1.50191020980292,3.09173197489499
"2022-10-04","Northwestern","BS",1.75822031346287,4.53870944279149
"2022-10-04","Ticino","TI",3.14421387253962,4.70684881595485
"2022-10-04","Zurich","ZH",14.4862020883931,35.8341133613532
"2022-10-05","9999","9999",0.0157322715140412,0.0513221050084257
"2022-10-05","Central","LU",3.42023876711083,6.79844551801678
"2022-10-05","Central","NW",0.335978098036712,0.575385374627575
"2022-10-05","Central","OW",0.279097240517929,0.462102873969904
"2022-10-05","Central","SZ",1.14556959524515,1.9533669000293
"2022-10-05","Central","UR",0.239765077560701,0.42005953364181
"2022-10-05","Central","ZG",1.26175948245109,2.72095525732088
"2022-10-05","Eastern","AI",0.107200143082025,0.162531328576352
"2022-10-05","Eastern","AR",0.205244514479268,0.362721526258224
"2022-10-05","Eastern","GL",0.248149255961605,0.530147148292333
"2022-10-05","Eastern","GR",1.95450205737389,3.4841931315389
"2022-10-05","Eastern","SG",3.47409631510332,6.83970713091759
"2022-10-05","Eastern","SH",0.494994147838824,1.07895379039237
"2022-10-05","Eastern","TG",1.59831591419773,3.15593558837904
"2022-10-05","Espace Mittelland","BE",7.19033377727049,16.2571774473677
"2022-10-05","Espace Mittelland","FR",2.26954824937257,4.31207646517812
"2022-10-05","Espace Mittelland","JU",0.436805010214217,0.801270612962672
"2022-10-05","Espace Mittelland","NE",1.16728644428414,2.16796807289234
"2022-10-05","Espace Mittelland","SO",1.4235289613301,2.98616478406309
"2022-10-05","Lake Geneva","GE",6.01894393383941,10.6356055770474
"2022-10-05","Lake Geneva","VD",7.26490435311483,13.9950961898605
"2022-10-05","Lake Geneva","VS",3.4884412185426,5.67687058876311
"2022-10-05","Northwestern","AG",4.17724719333555,8.37192687653669
"2022-10-05","Northwestern","BL",1.45957430959455,3.08880899407994
"2022-10-05","Northwestern","BS",1.70066727478041,4.47168481293942
"2022-10-05","Ticino","TI",3.22063261861726,4.74420179171926
"2022-10-05","Zurich","ZH",14.7902987594236,36.0811052402248
"2022-10-06","9999","9999",0.0127541332950336,0.0490448990246081
"2022-10-06","Central","LU",3.38102279642566,6.95033855595231
"2022-10-06","Central","NW",0.343805919439991,0.597239754442421
"2022-10-06","Central","OW",0.287758124993585,0.463938234016563
"2022-10-06","Central","SZ",1.18128843347422,1.97318199090341
"2022-10-06","Central","UR",0.258071663247125,0.444429036483559
"2022-10-06","Central","ZG",1.33305463922503,2.78672232565949
"2022-10-06","Eastern","AI",0.118181556128784,0.164026807132889
"2022-10-06","Eastern","AR",0.216636847403496,0.379817565211362
"2022-10-06","Eastern","GL",0.241653465334166,0.51080789150439
"2022-10-06","Eastern","GR",2.08299194861685,3.537418572892
"2022-10-06","Eastern","SG",3.69695145602318,6.99401332743299
"2022-10-06","Eastern","SH",0.516043256482444,1.1094071719073
"2022-10-06","Eastern","TG",1.66568886613663,3.21517693210731
"2022-10-06","Espace Mittelland","BE",7.79028805302099,16.9380280483801
"2022-10-06","Espace Mittelland","FR",2.22228984364529,4.31058098662159
"2022-10-06","Espace Mittelland","JU",0.451294093730764,0.806810681251661
"2022-10-06","Espace Mittelland","NE",1.20157617748195,2.28736844037221
"2022-10-06","Espace Mittelland","SO",1.53597371835834,3.18193652237338
"2022-10-06","Lake Geneva","GE",5.94083860040501,11.1371686920205
"2022-10-06","Lake Geneva","VD",7.18493012194565,13.965764417263
"2022-10-06","Lake Geneva","VS",3.44131450861624,5.62823354752665
"2022-10-06","Northwestern","AG",4.33826268144704,8.54281928977004
"2022-10-06","Northwestern","BL",1.52969977034531,3.10430759002951
"2022-10-06","Northwestern","BS",1.80049274279579,4.69967731651328
"2022-10-06","Ticino","TI",3.26072241424194,4.94758687540828
"2022-10-06","Zurich","ZH",15.0422718536778,37.2261659804459
"2022-10-07","9999","9999",0.0169797358069452,0.063795755695904
"2022-10-07","Central","LU",4.28767550868932,7.91206722040159
"2022-10-07","Central","NW",0.476468194463531,0.691658832398319
"2022-10-07","Central","OW",0.35416398802642,0.513798848617464
"2022-10-07","Central","SZ",1.50318738886649,2.2241164950605
"2022-10-07","Central","UR",0.314087373729896,0.51944088135349
"2022-10-07","Central","ZG",1.6853429195554,3.24080399646251
"2022-10-07","Eastern","AI",0.149378948174421,0.188362321825626
"2022-10-07","Eastern","AR",0.262863636023477,0.406294333291868
"2022-10-07","Eastern","GL",0.335305176744987,0.61481162748173
"2022-10-07","Eastern","GR",2.64054910891187,4.10695798588948
"2022-10-07","Eastern","SG",4.47267047994998,7.88406098561554
"2022-10-07","Eastern","SH",0.607221174075153,1.21850913023647
"2022-10-07","Eastern","TG",2.06208124783491,3.63112389971865
"2022-10-07","Espace Mittelland","BE",9.53843868938015,18.639746693123
"2022-10-07","Espace Mittelland","FR",2.90766035940375,5.04615250754367
"2022-10-07","Espace Mittelland","JU",0.552755475785503,0.910950369825049
"2022-10-07","Espace Mittelland","NE",1.41823491152926,2.44575321476907
"2022-10-07","Espace Mittelland","SO",1.79449813242392,3.44860753952312
"2022-10-07","Lake Geneva","GE",6.93448757334204,11.6795175858082
"2022-10-07","Lake Geneva","VD",9.04698183279726,15.904278496174
"2022-10-07","Lake Geneva","VS",4.26334484848574,6.60124627744798
"2022-10-07","Northwestern","AG",5.27082899593167,9.62143319867229
"2022-10-07","Northwestern","BL",1.91017596458275,3.51352490413643
"2022-10-07","Northwestern","BS",1.97839843863213,4.75619960832057
"2022-10-07","Ticino","TI",3.70911497888107,5.26384660196683
"2022-10-07","Zurich","ZH",17.8752903499829,39.2925774640898
"2022-10-08","9999","9999",0.0172544212146357,0.0635918268018307
"2022-10-08","Central","LU",5.14061778613782,8.16687637354607
"2022-10-08","Central","NW",0.561139795163179,0.691216986461161
"2022-10-08","Central","OW",0.358268460163236,0.482733680420311
"2022-10-08","Central","SZ",1.77580738111849,2.40136469215914
"2022-10-08","Central","UR",0.346060956468578,0.524946961493466
"2022-10-08","Central","ZG",1.77371915093904,2.68659323866954
"2022-10-08","Eastern","AI",0.146632583600195,0.174937002965806
"2022-10-08","Eastern","AR",0.267626199478835,0.389266270636754
"2022-10-08","Eastern","GL",0.375861088569295,0.629596472302038
"2022-10-08","Eastern","GR",3.24774049772797,4.29491244992696
"2022-10-08","Eastern","SG",5.40407172323274,8.06664532210909
"2022-10-08","Eastern","SH",0.699589002193704,1.26602456255553
"2022-10-08","Eastern","TG",2.45459497085652,3.8490898993339
"2022-10-08","Espace Mittelland","BE",10.6205791617918,18.447373769714
"2022-10-08","Espace Mittelland","FR",3.01196933910289,4.68234336051705
"2022-10-08","Espace Mittelland","JU",0.651803668369892,1.01186118424228
"2022-10-08","Espace Mittelland","NE",1.62609329982947,2.53531198741623
"2022-10-08","Espace Mittelland","SO",2.18882153510413,3.77829258494148
"2022-10-08","Lake Geneva","GE",7.63907873293069,10.5159333043754
"2022-10-08","Lake Geneva","VD",10.6925539675823,16.0079423506612
"2022-10-08","Lake Geneva","VS",4.64005627369797,6.49292604654609
"2022-10-08","Northwestern","AG",6.78147968726199,10.6516139952321
"2022-10-08","Northwestern","BL",2.29854379570881,3.49136463098047
"2022-10-08","Northwestern","BS",2.29281290588461,4.62908393101493
"2022-10-08","Ticino","TI",4.0691420772795,5.68234268075407
"2022-10-08","Zurich","ZH",21.2919491255401,37.1058479329427
"2022-10-09","9999","9999",0.013015202696187,0.0506083538791694
"2022-10-09","Central","LU",1.27853609422609,3.12337494162535
"2022-10-09","Central","NW",0.181166136124735,0.245496400315138
"2022-10-09","Central","OW",0.211036157460042,0.272788883971937
"2022-10-09","Central","SZ",0.474136943825734,0.79583250912072
"2022-10-09","Central","UR",0.172938152154875,0.269661974262814
"2022-10-09","Central","ZG",0.309212295146604,0.772108781110202
"2022-10-09","Eastern","AI",0.0578047527083958,0.087145614067287
"2022-10-09","Eastern","AR",0.0877466565332041,0.138365754628676
"2022-10-09","Eastern","GL",0.100905005477006,0.257596181363482
"2022-10-09","Eastern","GR",1.3687960924779,1.8118742356915
"2022-10-09","Eastern","SG",1.0902388243239,2.46322312336135
"2022-10-09","Eastern","SH",0.199824752558256,0.480932308522664
"2022-10-09","Eastern","TG",0.406940169775272,0.897151181326095
"2022-10-09","Espace Mittelland","BE",2.84087653372987,6.95903952209943
"2022-10-09","Espace Mittelland","FR",0.857114371443491,1.99476446552616
"2022-10-09","Espace Mittelland","JU",0.136068900392184,0.262252557778154
"2022-10-09","Espace Mittelland","NE",0.322337064206582,0.662123130906715
"2022-10-09","Espace Mittelland","SO",0.449589069745074,1.1121942001263
"2022-10-09","Lake Geneva","GE",1.7712704509863,3.8279152824993
"2022-10-09","Lake Geneva","VD",2.19600651809237,4.8729828883265
"2022-10-09","Lake Geneva","VS",1.51344353124696,2.52912614429601
"2022-10-09","Northwestern","AG",1.27137651838494,3.13836371533974
"2022-10-09","Northwestern","BL",0.412750147568415,1.09570994785538
"2022-10-09","Northwestern","BS",0.639459107840953,2.05251033069789
"2022-10-09","Ticino","TI",1.5079927426881,1.95268713704905
"2022-10-09","Zurich","ZH",5.44388694309833,14.1287036036275
"2022-10-10","9999","9999",0.0107607804829658,0.042145304775131
"2022-10-10","Central","LU",2.95236333793005,5.93456873457363
"2022-10-10","Central","NW",0.296284795666524,0.490482978395093
"2022-10-10","Central","OW",0.199882028287796,0.322139676337655
"2022-10-10","Central","SZ",0.960646071795624,1.55791478627232
"2022-10-10","Central","UR",0.208057510158248,0.361871822532919
"2022-10-10","Central","ZG",0.923266264822038,1.93467341807259
"2022-10-10","Eastern","AI",0.0717560176728011,0.109815709458426
"2022-10-10","Eastern","AR",0.172037580788942,0.291040519991489
"2022-10-10","Eastern","GL",0.191933358462965,0.377200477737422
"2022-10-10","Eastern","GR",1.87447965914104,2.82842578449746
"2022-10-10","Eastern","SG",3.0608121553556,5.84579168935376
"2022-10-10","Eastern","SH",0.412420528212003,0.894738022746229
"2022-10-10","Eastern","TG",1.23393718005346,2.41349846135649
"2022-10-10","Espace Mittelland","BE",6.46622909852439,13.7006228668188
"2022-10-10","Espace Mittelland","FR",1.79135337924083,3.47273912532178
"2022-10-10","Espace Mittelland","JU",0.333219554635816,0.604751135374118
"2022-10-10","Espace Mittelland","NE",0.929738367435804,1.71290074576797
"2022-10-10","Espace Mittelland","SO",1.12312436230283,2.38824526664043
"2022-10-10","Lake Geneva","GE",5.04185131605165,9.25442916563853
"2022-10-10","Lake Geneva","VD",6.21508144676488,12.0558683598203
"2022-10-10","Lake Geneva","VS",2.85122429534787,4.68574217541828
"2022-10-10","Northwestern","AG",3.53716118137078,6.97338252098258
"2022-10-10","Northwestern","BL",1.22735674070664,2.51376350094249
"2022-10-10","Northwestern","BS",1.42368211301249,3.53809833587225
"2022-10-10","Ticino","TI",2.84511790214408,4.01515599540752
"2022-10-10","Zurich","ZH",11.5522153859409,26.9757141080048
"2022-10-11","9999","9999",0.0117062059584404,0.044320546311912
"2022-10-11","Central","LU",3.21073476478615,6.64944147274728
"2022-10-11","Central","NW",0.326014537281908,0.559920766827023
"2022-10-11","Central","OW",0.251838759054786,0.420637332175017
"2022-10-11","Central","SZ",1.09597503602123,1.84202172386532
"2022-10-11","Central","UR",0.235927368720208,0.389470199530828
"2022-10-11","Central","ZG",1.07262574253787,2.29222874568096
"2022-10-11","Eastern","AI",0.10318992566518,0.143599929576555
"2022-10-11","Eastern","AR",0.182924735199707,0.33009290320651
"2022-10-11","Eastern","GL",0.216730757513581,0.444327072036522
"2022-10-11","Eastern","GR",1.92984363009204,3.22598516349319
"2022-10-11","Eastern","SG",3.38619482299851,6.71792759300687
"2022-10-11","Eastern","SH",0.459632705306225,1.00618516335724
"2022-10-11","Eastern","TG",1.39811331256304,2.7836973803974
"2022-10-11","Espace Mittelland","BE",7.42742828876791,16.5956654233802
"2022-10-11","Espace Mittelland","FR",1.9799291330915,4.03517501517571
"2022-10-11","Espace Mittelland","JU",0.392081362926775,0.710080409162933
"2022-10-11","Espace Mittelland","NE",1.04832569778989,2.10587172464705
"2022-10-11","Espace Mittelland","SO",1.39925235397042,2.96549998946367
"2022-10-11","Lake Geneva","GE",5.37758198027385,10.5275912394866
"2022-10-11","Lake Geneva","VD",6.45745455935856,13.2077267298438
"2022-10-11","Lake Geneva","VS",3.10304408127879,5.25582539879995
"2022-10-11","Northwestern","AG",4.12984678483891,8.3078932037977
"2022-10-11","Northwestern","BL",1.4883705421877,3.09642233945868
"2022-10-11","Northwestern","BS",1.7072702116704,4.45380704655901
"2022-10-11","Ticino","TI",2.69330737094662,4.55352827576081
"2022-10-11","Zurich","ZH",12.8708160292015,31.6712108821896
"2022-10-12","9999","9999",0.0130217072077942,0.0469376337858515
"2022-10-12","Central","LU",3.4195143501372,6.90448854293485
"2022-10-12","Central","NW",0.35304312870658,0.595574335140823
"2022-10-12","Central","OW",0.258796283853863,0.439670695621851
"2022-10-12","Central","SZ",1.15987259333903,1.92345732889856
"2022-10-12","Central","UR",0.24222717422278,0.407279989613222
"2022-10-12","Central","ZG",1.15199519118833,2.39935939136742
"2022-10-12","Eastern","AI",0.106783670286158,0.153626433535155
"2022-10-12","Eastern","AR",0.190787710727428,0.345931380646196
"2022-10-12","Eastern","GL",0.235820465250994,0.468186752643088
"2022-10-12","Eastern","GR",2.03658205466651,3.33882581821371
"2022-10-12","Eastern","SG",3.60258336723074,6.79858147061283
"2022-10-12","Eastern","SH",0.485280417503649,1.0319821684575
"2022-10-12","Eastern","TG",1.4837510975678,2.8639094120662
"2022-10-12","Espace Mittelland","BE",7.72070758497364,16.9494480664482
"2022-10-12","Espace Mittelland","FR",2.16280431887196,4.3797128817124
"2022-10-12","Espace Mittelland","JU",0.39990203367491,0.714872738173654
"2022-10-12","Espace Mittelland","NE",1.08050728392323,2.14312273596442
"2022-10-12","Espace Mittelland","SO",1.4082397563135,3.01107809728904
"2022-10-12","Lake Geneva","GE",5.82682617775901,10.2700970225702
"2022-10-12","Lake Geneva","VD",6.93507597122706,13.8866739945116
"2022-10-12","Lake Geneva","VS",3.20385868540092,5.36186842371802
"2022-10-12","Northwestern","AG",4.30098601856209,8.54598018762818
"2022-10-12","Northwestern","BL",1.5410972293416,3.15477999131263
"2022-10-12","Northwestern","BS",1.76842627986066,4.53062026332658
"2022-10-12","Ticino","TI",2.8448281283058,4.75687937130082
"2022-10-12","Zurich","ZH",13.2563533717808,31.5144235507963
"2022-10-13","9999","9999",0.0132058581158783,0.047175550828937
"2022-10-13","Central","LU",3.61427988886817,7.16905229484583
"2022-10-13","Central","NW",0.383518935062093,0.589762361659737
"2022-10-13","Central","OW",0.254532860406911,0.409965053385186
"2022-10-13","Central","SZ",1.20833066440156,1.91750940282142
"2022-10-13","Central","UR",0.259402910818678,0.430731812431641
"2022-10-13","Central","ZG",1.21319819681154,2.36758047204101
"2022-10-13","Eastern","AI",0.110832636735123,0.143226059937421
"2022-10-13","Eastern","AR",0.193197971013742,0.339371667886841
"2022-10-13","Eastern","GL",0.233955401301209,0.460709359860404
"2022-10-13","Eastern","GR",2.1110631298409,3.36431692997286
"2022-10-13","Eastern","SG",3.70824686741683,6.97440216545295
"2022-10-13","Eastern","SH",0.492039121978339,1.02256745118112
"2022-10-13","Eastern","TG",1.52348762498261,2.83002322750104
"2022-10-13","Espace Mittelland","BE",8.07233553793723,17.3856519708708
"2022-10-13","Espace Mittelland","FR",2.06389009338094,4.15362371448323
"2022-10-13","Espace Mittelland","JU",0.438125594459397,0.752905476918308
"2022-10-13","Espace Mittelland","NE",1.17251143113091,2.26405257014984
"2022-10-13","Espace Mittelland","SO",1.59657737298456,3.18101884235005
"2022-10-13","Lake Geneva","GE",6.04843791138417,10.7948400551696
"2022-10-13","Lake Geneva","VD",6.8255582522541,13.6601089931963
"2022-10-13","Lake Geneva","VS",3.15577030242615,5.19991489367487
"2022-10-13","Northwestern","AG",4.58307366227817,8.77506031197042
"2022-10-13","Northwestern","BL",1.60689903040367,3.19559975827628
"2022-10-13","Northwestern","BS",1.81332517302344,4.61854760482115
"2022-10-13","Ticino","TI",3.07472696607645,4.96369725804007
"2022-10-13","Zurich","ZH",13.3471491444216,31.8585195713958
"2022-10-14","9999","9999",0.0151871534979409,0.055570623634951
"2022-10-14","Central","LU",4.75720600125429,8.22897272179137
"2022-10-14","Central","NW",0.480827082681079,0.689313650116477
"2022-10-14","Central","OW",0.320083393869477,0.460369478370282
"2022-10-14","Central","SZ",1.52420749937137,2.2018202693085
"2022-10-14","Central","UR",0.355571225993961,0.530453041633443
"2022-10-14","Central","ZG",1.48703703115575,2.58143390562579
"2022-10-14","Eastern","AI",0.120565943261462,0.156889295840326
"2022-10-14","Eastern","AR",0.247990473040391,0.36775177231203
"2022-10-14","Eastern","GL",0.291377809340563,0.536502932157615
"2022-10-14","Eastern","GR",2.66989436379448,3.78257509171702
"2022-10-14","Eastern","SG",4.53095456543035,7.98153899698253
"2022-10-14","Eastern","SH",0.586864821371837,1.14434698909184
"2022-10-14","Eastern","TG",1.82327658236372,3.17778996819389
"2022-10-14","Espace Mittelland","BE",10.1291943365073,19.2952761231214
"2022-10-14","Espace Mittelland","FR",2.80811245898785,4.94520770497743
"2022-10-14","Espace Mittelland","JU",0.513245513706962,0.835564655315984
"2022-10-14","Espace Mittelland","NE",1.42631940855764,2.48664095803075
"2022-10-14","Espace Mittelland","SO",1.87168070631493,3.44147002823056
"2022-10-14","Lake Geneva","GE",6.65267146655242,11.5551209604235
"2022-10-14","Lake Geneva","VD",8.59592092639502,15.57581702412
"2022-10-14","Lake Geneva","VS",3.96610783304655,5.98150636835948
"2022-10-14","Northwestern","AG",5.74379730497603,9.96746654376552
"2022-10-14","Northwestern","BL",2.08274886941818,3.665519906519
"2022-10-14","Northwestern","BS",2.07061758324875,4.90136299275169
"2022-10-14","Ticino","TI",3.42038490519882,5.27598037116418
"2022-10-14","Zurich","ZH",15.9216644201692,34.0491237515303
"2022-10-15","9999","9999",0.018424892610063,0.0659030209346605
"2022-10-15","Central","LU",5.16010110493795,8.60644510472089
"2022-10-15","Central","NW",0.574671693391875,0.731594907487657
"2022-10-15","Central","OW",0.386637278596616,0.54166913080747
"2022-10-15","Central","SZ",1.75236751789133,2.45363846533991
"2022-10-15","Central","UR",0.353670631981676,0.545203898304739
"2022-10-15","Central","ZG",1.58775754503081,2.5817397989669
"2022-10-15","Eastern","AI",0.151684595864062,0.193868401965603
"2022-10-15","Eastern","AR",0.258830509881224,0.373427793197068
"2022-10-15","Eastern","GL",0.33289692537767,0.581299312555698
"2022-10-15","Eastern","GR",3.00150828698471,4.03238798695671
"2022-10-15","Eastern","SG",5.03571636330352,8.11375289664
"2022-10-15","Eastern","SH",0.661673001816873,1.20148106758136
"2022-10-15","Eastern","TG",2.12803597345011,3.43147751242097
"2022-10-15","Espace Mittelland","BE",10.7140414239176,18.7552384234665
"2022-10-15","Espace Mittelland","FR",2.80559412825793,4.6925058170717
"2022-10-15","Espace Mittelland","JU",0.571473697981319,0.949628883400936
"2022-10-15","Espace Mittelland","NE",1.64263739783164,2.60971204560394
"2022-10-15","Espace Mittelland","SO",2.18593400578914,3.75677808661676
"2022-10-15","Lake Geneva","GE",7.34110273683415,10.6381886763723
"2022-10-15","Lake Geneva","VD",9.84985576333622,15.3182548309056
"2022-10-15","Lake Geneva","VS",4.10616257362213,5.80537978017825
"2022-10-15","Northwestern","AG",6.94535008814592,11.0230364876375
"2022-10-15","Northwestern","BL",2.41615830018542,3.72251803241246
"2022-10-15","Northwestern","BS",2.50322265655556,4.9270240452559
"2022-10-15","Ticino","TI",4.0224763026564,5.51811194472711
"2022-10-15","Zurich","ZH",18.9599080270674,34.0164951284786
"2022-10-16","9999","9999",0.0149619391890664,0.0546869317606337
"2022-10-16","Central","LU",1.35628116543633,3.38586541644659
"2022-10-16","Central","NW",0.222092460500766,0.337366367095121
"2022-10-16","Central","OW",0.264978949407184,0.376996548843349
"2022-10-16","Central","SZ",0.528065207333344,0.998673782425544
"2022-10-16","Central","UR",0.173741288991429,0.304839708490444
"2022-10-16","Central","ZG",0.313679602333662,0.838079778342887
"2022-10-16","Eastern","AI",0.0743914178635826,0.132621757445614
"2022-10-16","Eastern","AR",0.103159110492491,0.172659796981988
"2022-10-16","Eastern","GL",0.125026041053055,0.315681928025336
"2022-10-16","Eastern","GR",1.35783212922266,1.96009655353371
"2022-10-16","Eastern","SG",1.24663206394415,3.06559508830461
"2022-10-16","Eastern","SH",0.197055075908414,0.48796785536819
"2022-10-16","Eastern","TG",0.417049394779474,0.964685633413341
"2022-10-16","Espace Mittelland","BE",2.99059551004568,7.85992939981687
"2022-10-16","Espace Mittelland","FR",0.829795908279995,1.86547354668374
"2022-10-16","Espace Mittelland","JU",0.135147104190062,0.260994996264702
"2022-10-16","Espace Mittelland","NE",0.340534686596516,0.712221662550702
"2022-10-16","Espace Mittelland","SO",0.499223866089266,1.23716862404417
"2022-10-16","Lake Geneva","GE",1.78887075087835,3.95017065449619
"2022-10-16","Lake Geneva","VD",2.11592400501443,4.95030592732926
"2022-10-16","Lake Geneva","VS",1.45065215600065,2.54408092986138
"2022-10-16","Northwestern","AG",1.40709917590971,3.46556762588021
"2022-10-16","Northwestern","BL",0.453985485196055,1.19396968664966
"2022-10-16","Northwestern","BS",0.680276014662007,2.16752622695519
"2022-10-16","Ticino","TI",1.73334067013003,2.48089696084769
"2022-10-16","Zurich","ZH",4.93758442966694,14.0433253733088
"2022-10-17","9999","9999",0.0110199819418937,0.0454081670803024
"2022-10-17","Central","LU",3.08808724858168,6.94775545662738
"2022-10-17","Central","NW",0.326408559526876,0.597885529273653
"2022-10-17","Central","OW",0.244489749592633,0.452484227799451
"2022-10-17","Central","SZ",1.10560635760128,1.96318947509382
"2022-10-17","Central","UR",0.213483247927973,0.422676621115749
"2022-10-17","Central","ZG",1.05903729695962,2.30483834896448
"2022-10-17","Eastern","AI",0.0893024644380513,0.153898338727253
"2022-10-17","Eastern","AR",0.1843844830987,0.347562811798782
"2022-10-17","Eastern","GL",0.227112330060676,0.464380079953722
"2022-10-17","Eastern","GR",1.8994041526674,3.24331911948942
"2022-10-17","Eastern","SG",3.23424420396618,6.74270495363677
"2022-10-17","Eastern","SH",0.470193435834072,1.03381752850416
"2022-10-17","Eastern","TG",1.36233237015001,2.81095587590519
"2022-10-17","Espace Mittelland","BE",6.99952216706423,17.110483916468
"2022-10-17","Espace Mittelland","FR",1.86939922439358,3.86961874133727
"2022-10-17","Espace Mittelland","JU",0.367058804391585,0.693154310954856
"2022-10-17","Espace Mittelland","NE",1.02698114099292,2.23924122137093
"2022-10-17","Espace Mittelland","SO",1.30351506352666,2.97936715426065
"2022-10-17","Lake Geneva","GE",5.32885964825269,10.4267144132184
"2022-10-17","Lake Geneva","VD",6.07211813609112,12.244536574987
"2022-10-17","Lake Geneva","VS",2.88715847559577,4.94507175238138
"2022-10-17","Northwestern","AG",4.00938615514195,8.81710365229852
"2022-10-17","Northwestern","BL",1.49661119448691,3.37009491530493
"2022-10-17","Northwestern","BS",1.61683048369871,4.66657285937539
"2022-10-17","Ticino","TI",2.45273400698118,4.3457247327002
"2022-10-17","Zurich","ZH",12.5156734979063,30.9181694526752
"2022-10-18","9999","9999",0.0118421310625254,0.0483311478953519
"2022-10-18","Central","LU",3.25867018404756,7.12949008939563
"2022-10-18","Central","NW",0.328431212011337,0.60308571607252
"2022-10-18","Central","OW",0.252624124986058,0.441879925307644
"2022-10-18","Central","SZ",1.12684326688496,1.97229829902909
"2022-10-18","Central","UR",0.232394114882371,0.421589000347359
"2022-10-18","Central","ZG",1.12465970116363,2.40078689362593
"2022-10-18","Eastern","AI",0.105915825111375,0.160016205549449
"2022-10-18","Eastern","AR",0.195552827428763,0.349907994080624
"2022-10-18","Eastern","GL",0.21838637697282,0.459009952409794
"2022-10-18","Eastern","GR",1.81795047992742,3.13758198791245
"2022-10-18","Eastern","SG",3.31383191990348,6.81683310663238
"2022-10-18","Eastern","SH",0.482111702185379,1.04805856294027
"2022-10-18","Eastern","TG",1.41179836247413,2.79447162363427
"2022-10-18","Espace Mittelland","BE",7.00011648597367,17.4012865194164
"2022-10-18","Espace Mittelland","FR",1.84038858962675,3.77700103527902
"2022-10-18","Espace Mittelland","JU",0.377322085679126,0.700835632631614
"2022-10-18","Espace Mittelland","NE",1.05065674087855,2.23907128062587
"2022-10-18","Espace Mittelland","SO",1.34025642194523,3.03232069042166
"2022-10-18","Lake Geneva","GE",5.23594155646587,10.4709669832323
"2022-10-18","Lake Geneva","VD",5.89832381242137,12.110691244177
"2022-10-18","Lake Geneva","VS",2.80584139759954,4.83525604292295
"2022-10-18","Northwestern","AG",4.06536665275996,8.88664340517748
"2022-10-18","Northwestern","BL",1.50665878522971,3.36740985153297
"2022-10-18","Northwestern","BS",1.73157987416703,4.82750674494817
"2022-10-18","Ticino","TI",2.46151598267171,4.36516595393518
"2022-10-18","Zurich","ZH",12.8992486592042,32.0589816742698
"2022-10-19","9999","9999",0.0135020503133019,0.0499625790479376
"2022-10-19","Central","LU",3.44175650212381,7.56647572124552
"2022-10-19","Central","NW",0.379897723466755,0.634558742057819
"2022-10-19","Central","OW",0.259219218085102,0.465263771828039
"2022-10-19","Central","SZ",1.18302341110788,2.0358221495329
"2022-10-19","Central","UR",0.254640335615255,0.440792304539253
"2022-10-19","Central","ZG",1.17082623787777,2.43647445008874
"2022-10-19","Eastern","AI",0.102302022628597,0.164128771579926
"2022-10-19","Eastern","AR",0.195910125224693,0.358235090588614
"2022-10-19","Eastern","GL",0.222045628800398,0.474100690571212
"2022-10-19","Eastern","GR",1.83309509368449,3.18186854607535
"2022-10-19","Eastern","SG",3.46947309152274,6.94666783585899
"2022-10-19","Eastern","SH",0.487119271521955,1.05166130673557
"2022-10-19","Eastern","TG",1.44340958791718,2.82866370154055
"2022-10-19","Espace Mittelland","BE",7.45366823655136,17.5681683310663
"2022-10-19","Espace Mittelland","FR",1.86857177689594,3.78121556575653
"2022-10-19","Espace Mittelland","JU",0.39183175963639,0.716504169326239
"2022-10-19","Espace Mittelland","NE",1.10323273169551,2.31146603802186
"2022-10-19","Espace Mittelland","SO",1.41862618472718,3.11531975030946
"2022-10-19","Lake Geneva","GE",5.65444581194959,10.6337362288517
"2022-10-19","Lake Geneva","VD",6.05033830567936,11.9595119573707
"2022-10-19","Lake Geneva","VS",2.91317349885594,4.91291896341584
"2022-10-19","Northwestern","AG",4.3157724886626,9.22183453073582
"2022-10-19","Northwestern","BL",1.5978012784925,3.46519375624107
"2022-10-19","Northwestern","BS",1.77512803363559,4.86815657116677
"2022-10-19","Ticino","TI",2.53034768784016,4.50723641680619
"2022-10-19","Zurich","ZH",13.2529031963378,31.8560044483689
"2022-10-20","9999","9999",0.0130588271749974,0.0479572782562176
"2022-10-20","Central","LU",3.49840764974111,7.47943207162526
"2022-10-20","Central","NW",0.378056578575908,0.615253473418888
"2022-10-20","Central","OW",0.255186518789186,0.429984073153373
"2022-10-20","Central","SZ",1.24190644031901,2.01685676238409
"2022-10-20","Central","UR",0.252275524673741,0.441574031966534
"2022-10-20","Central","ZG",1.27687248216709,2.52865031020984
"2022-10-20","Eastern","AI",0.103038132842232,0.152946670554911
"2022-10-20","Eastern","AR",0.20893129593755,0.358473007631699
"2022-10-20","Eastern","GL",0.240919027261685,0.473726820932077
"2022-10-20","Eastern","GR",1.93329209423371,3.19784297611109
"2022-10-20","Eastern","SG",3.82729274038508,7.20660919950432
"2022-10-20","Eastern","SH",0.504410546414337,1.07664259625954
"2022-10-20","Eastern","TG",1.49714753278294,2.90326768862233
"2022-10-20","Espace Mittelland","BE",7.7528864533881,17.8104358572253
"2022-10-20","Espace Mittelland","FR",1.95258393916567,3.82699760247597
"2022-10-20","Espace Mittelland","JU",0.428084108794015,0.75664417330965
"2022-10-20","Espace Mittelland","NE",1.19226347123808,2.40387981518604
"2022-10-20","Espace Mittelland","SO",1.56716788751833,3.27744322109767
"2022-10-20","Lake Geneva","GE",5.65495451096632,10.8255653418766
"2022-10-20","Lake Geneva","VD",6.28157584321036,12.0224240211923
"2022-10-20","Lake Geneva","VS",2.99025255663627,4.86485972071258
"2022-10-20","Northwestern","AG",4.4517643765772,9.30238644389474
"2022-10-20","Northwestern","BL",1.62394446138624,3.45268611740458
"2022-10-20","Northwestern","BS",1.89336987691439,5.22224510757589
"2022-10-20","Ticino","TI",2.73475222355319,4.66147463702356
"2022-10-20","Zurich","ZH",14.0933544109793,33.0181612275432
"2022-10-21","9999","9999",0.0152350699362464,0.0602609881986349
"2022-10-21","Central","LU",4.82648154437641,8.5179059765441
"2022-10-21","Central","NW",0.521574542777966,0.681054529906512
"2022-10-21","Central","OW",0.289773834372038,0.427061092338323
"2022-10-21","Central","SZ",1.59967287436604,2.30973264242224
"2022-10-21","Central","UR",0.342399503836951,0.522703743658661
"2022-10-21","Central","ZG",1.67056692481224,2.92148533649287
"2022-10-21","Eastern","AI",0.12620274675461,0.152912682405899
"2022-10-21","Eastern","AR",0.257610935492996,0.382570605281351
"2022-10-21","Eastern","GL",0.315522403701577,0.538202339608225
"2022-10-21","Eastern","GR",2.52847516778556,4.43304028751255
"2022-10-21","Eastern","SG",4.74557539800572,8.16595869352274
"2022-10-21","Eastern","SH",0.608096949193346,1.16732297782409
"2022-10-21","Eastern","TG",1.937981208791,3.30412391807225
"2022-10-21","Espace Mittelland","BE",9.83078955564345,19.213500636598
"2022-10-21","Espace Mittelland","FR",2.54290099972385,4.37407084897638
"2022-10-21","Espace Mittelland","JU",0.536361286999975,0.951260314553522
"2022-10-21","Espace Mittelland","NE",1.45368513809989,2.57626770697593
"2022-10-21","Espace Mittelland","SO",1.90879467417325,3.58194304809799
"2022-10-21","Lake Geneva","GE",6.27535903778216,10.9475488086814
"2022-10-21","Lake Geneva","VD",7.7242065540438,13.0488321332118
"2022-10-21","Lake Geneva","VS",3.79193297782568,5.56970595492764
"2022-10-21","Northwestern","AG",5.71552767544964,10.3723333747989
"2022-10-21","Northwestern","BL",2.08929637110869,3.82030193712056
"2022-10-21","Northwestern","BS",2.10279838226178,5.10386438456639
"2022-10-21","Ticino","TI",3.03794849552272,4.72849926687563
"2022-10-21","Zurich","ZH",16.9811127231587,34.789079743675
"2022-10-22","9999","9999",0.0184680471663009,0.072190828501918
"2022-10-22","Central","LU",5.30636351094771,8.92797299437632
"2022-10-22","Central","NW",0.57932792903317,0.753143393961394
"2022-10-22","Central","OW",0.356779776781844,0.514648552342769
"2022-10-22","Central","SZ",1.88272352257782,2.5441489061594
"2022-10-22","Central","UR",0.336988094789664,0.508122827732426
"2022-10-22","Central","ZG",1.77098869324389,2.76095930870824
"2022-10-22","Eastern","AI",0.144349828971876,0.190537563362407
"2022-10-22","Eastern","AR",0.267207870488806,0.395656042651048
"2022-10-22","Eastern","GL",0.348040497473036,0.579871810297186
"2022-10-22","Eastern","GR",2.84016133507071,5.03191147310756
"2022-10-22","Eastern","SG",5.34180255336111,8.45846070392176
"2022-10-22","Eastern","SH",0.742538597785583,1.30409128944919
"2022-10-22","Eastern","TG",2.2680154715898,3.69186072200345
"2022-10-22","Espace Mittelland","BE",10.7674270560827,19.2999324995361
"2022-10-22","Espace Mittelland","FR",2.54366216072662,4.30272972419977
"2022-10-22","Espace Mittelland","JU",0.548759970861198,0.825334222463311
"2022-10-22","Espace Mittelland","NE",1.70608954295515,2.73587605473723
"2022-10-22","Espace Mittelland","SO",2.21043263981625,3.80738644049593
"2022-10-22","Lake Geneva","GE",6.62896798067813,9.7752295729525
"2022-10-22","Lake Geneva","VD",8.84403590542099,13.8421835074546
"2022-10-22","Lake Geneva","VS",3.98260183730249,5.60787464626834
"2022-10-22","Northwestern","AG",7.05201721763411,11.4169251465399
"2022-10-22","Northwestern","BL",2.45638662898446,3.86013604776287
"2022-10-22","Northwestern","BS",2.64137109747562,5.31479483733612
"2022-10-22","Ticino","TI",3.56055943295414,5.0587621108272
"2022-10-22","Zurich","ZH",20.4769524614225,36.0650968220401
"2022-10-23","9999","9999",0.0132135530980023,0.047175550828937
"2022-10-23","Central","LU",1.33091228962932,3.18805438919558
"2022-10-23","Central","NW",0.220281112617035,0.311773290888933
"2022-10-23","Central","OW",0.219080961695135,0.325062657152704
"2022-10-23","Central","SZ",0.511824722389226,0.94028214242258
"2022-10-23","Central","UR",0.145924003017263,0.254537247952384
"2022-10-23","Central","ZG",0.342152492952757,0.854088196527635
"2022-10-23","Eastern","AI",0.0619213292674745,0.103799807083266
"2022-10-23","Eastern","AR",0.111266719879393,0.16049203963562
"2022-10-23","Eastern","GL",0.116204368653209,0.283631103506829
"2022-10-23","Eastern","GR",1.05342355491672,1.72149974746805
"2022-10-23","Eastern","SG",1.22214430862459,2.84008371960865
"2022-10-23","Eastern","SH",0.195470872932126,0.477737422515517
"2022-10-23","Eastern","TG",0.42782524411293,0.9294739110367
"2022-10-23","Espace Mittelland","BE",2.78402436106811,7.12252251884813
"2022-10-23","Espace Mittelland","FR",0.761617266258564,1.7233011193657
"2022-10-23","Espace Mittelland","JU",0.135957129308324,0.246312115891431
"2022-10-23","Espace Mittelland","NE",0.3142905447541,0.658214493770312
"2022-10-23","Espace Mittelland","SO",0.464445726697802,1.12048730848528
"2022-10-23","Lake Geneva","GE",1.51348311439164,3.41461939051092
"2022-10-23","Lake Geneva","VD",1.8857693727235,4.31380986077774
"2022-10-23","Lake Geneva","VS",1.28968572780572,2.27411306225745
"2022-10-23","Northwestern","AG",1.41229015994234,3.34157885828369
"2022-10-23","Northwestern","BL",0.437361946783015,1.12007945069713
"2022-10-23","Northwestern","BS",0.751329733050262,2.34365281513642
"2022-10-23","Ticino","TI",1.174108020483,1.66667686311137
"2022-10-23","Zurich","ZH",5.02701489709771,13.8430671993289
"2022-10-24","9999","9999",0.0115369241837534,0.0465297759977051
"2022-10-24","Central","LU",3.06951465930709,6.76955559135641
"2022-10-24","Central","NW",0.334446600792947,0.562707795046023
"2022-10-24","Central","OW",0.207654766933539,0.3626535499602
"2022-10-24","Central","SZ",1.11493466919058,1.89596091634769
"2022-10-24","Central","UR",0.202279624160782,0.383080427516534
"2022-10-24","Central","ZG",1.21439140854345,2.56926614827942
"2022-10-24","Eastern","AI",0.0717248108979681,0.107708444219669
"2022-10-24","Eastern","AR",0.178394301747082,0.335666959644511
"2022-10-24","Eastern","GL",0.212794231788142,0.4325671724783
"2022-10-24","Eastern","GR",1.48693897789499,2.69743545820443
"2022-10-24","Eastern","SG",3.2630026195403,6.65916208336477
"2022-10-24","Eastern","SH",0.467692805521051,1.05356464308025
"2022-10-24","Eastern","TG",1.4623945694933,2.94204816664525
"2022-10-24","Espace Mittelland","BE",6.86169651987522,16.2744094389168
"2022-10-24","Espace Mittelland","FR",1.94393541365367,3.70215913115415
"2022-10-24","Espace Mittelland","JU",0.362973426775296,0.687784183410928
"2022-10-24","Espace Mittelland","NE",1.06142938299045,2.19223561128706
"2022-10-24","Espace Mittelland","SO",1.31302138961846,3.0321507496766
"2022-10-24","Lake Geneva","GE",4.62206646673367,8.94707433412118
"2022-10-24","Lake Geneva","VD",5.98102966826008,11.3923177266551
"2022-10-24","Lake Geneva","VS",2.92662329377918,4.87916873144672
"2022-10-24","Northwestern","AG",3.98686667051716,8.64356016344221
"2022-10-24","Northwestern","BL",1.52084871603663,3.30395397732719
"2022-10-24","Northwestern","BS",1.71991835392921,4.67190899877031
"2022-10-24","Ticino","TI",2.27333102818037,3.89684324869604
"2022-10-24","Zurich","ZH",13.2660534273691,33.3320417836709
"2022-10-25","9999","9999",0.0150399463360954,0.0536332991412554
"2022-10-25","Central","LU",3.71514588293962,7.69100829922623
"2022-10-25","Central","NW",0.364694432044471,0.609033642149655
"2022-10-25","Central","OW",0.249886399155123,0.427332997530421
"2022-10-25","Central","SZ",1.25187048274445,2.07691382168865
"2022-10-25","Central","UR",0.249980943660681,0.42376424188414
"2022-10-25","Central","ZG",1.42965119875662,2.82264779916539
"2022-10-25","Eastern","AI",0.0908649217472988,0.130820385547967
"2022-10-25","Eastern","AR",0.224371291275605,0.394772350776731
"2022-10-25","Eastern","GL",0.264642833371208,0.512983133041171
"2022-10-25","Eastern","GR",1.58436688919759,2.87682490869084
"2022-10-25","Eastern","SG",4.01037056069481,7.79728924118738
"2022-10-25","Eastern","SH",0.583895337560206,1.21986865619696
"2022-10-25","Eastern","TG",1.79405310008371,3.34518160207899
"2022-10-25","Espace Mittelland","BE",8.07176863117785,18.5084504734889
"2022-10-25","Espace Mittelland","FR",2.32484480601453,4.14849150398239
"2022-10-25","Espace Mittelland","JU",0.461584877236859,0.871999951057065
"2022-10-25","Espace Mittelland","NE",1.35469089262682,2.47824588522474
"2022-10-25","Espace Mittelland","SO",1.66830353490992,3.5482607924269
"2022-10-25","Lake Geneva","GE",5.89998287014743,9.810033437541
"2022-10-25","Lake Geneva","VD",7.33698284340492,13.1089231806654
"2022-10-25","Lake Geneva","VS",3.22813162344852,5.28287996541366
"2022-10-25","Northwestern","AG",5.03875677409542,9.851804872677
"2022-10-25","Northwestern","BL",1.75637212756548,3.6407425458891
"2022-10-25","Northwestern","BS",2.06121419369645,5.33308046150468
"2022-10-25","Ticino","TI",3.1619197444536,4.32614755886917
"2022-10-25","Zurich","ZH",15.8716644156658,37.6187970778349
"2022-10-26","9999","9999",0.0166076902742831,0.0573040192345733
"2022-10-26","Central","LU",3.91581134264409,7.98956020014941
"2022-10-26","Central","NW",0.414410763871007,0.639724940707674
"2022-10-26","Central","OW",0.245935337158109,0.42855657089486
"2022-10-26","Central","SZ",1.33306187994867,2.15804353338078
"2022-10-26","Central","UR",0.272269610149923,0.442151830499741
"2022-10-26","Central","ZG",1.42929417899821,2.89089600238189
"2022-10-26","Eastern","AI",0.0929621235318596,0.135476761962639
"2022-10-26","Eastern","AR",0.220098547697633,0.38518769275529
"2022-10-26","Eastern","GL",0.28606586723778,0.536842813647737
"2022-10-26","Eastern","GR",1.65987967937982,2.9711420221997
"2022-10-26","Eastern","SG",4.31848571586342,8.13951591359125
"2022-10-26","Eastern","SH",0.572806786082947,1.22200990958473
"2022-10-26","Eastern","TG",1.82617362369478,3.37519313765676
"2022-10-26","Espace Mittelland","BE",8.2602409511543,18.6391009182918
"2022-10-26","Espace Mittelland","FR",2.35555103107141,4.18992305762827
"2022-10-26","Espace Mittelland","JU",0.479405034320462,0.829922622579959
"2022-10-26","Espace Mittelland","NE",1.36638838152154,2.55410743381998
"2022-10-26","Espace Mittelland","SO",1.7495717213785,3.64223802444564
"2022-10-26","Lake Geneva","GE",5.66075867346763,9.68461716768597
"2022-10-26","Lake Geneva","VD",7.39322806407208,13.4750095336758
"2022-10-26","Lake Geneva","VS",3.40244581854417,5.50356501694989
"2022-10-26","Northwestern","AG",5.18034675954728,10.1337365687332
"2022-10-26","Northwestern","BL",1.82347673021937,3.72676655103898
"2022-10-26","Northwestern","BS",2.16367393408843,5.39048644518629
"2022-10-26","Ticino","TI",2.82371303078494,4.4568659799701
"2022-10-26","Zurich","ZH",16.4712673342248,37.6343296619335
"2022-10-27","9999","9999",0.0154412954571719,0.0616545023081352
"2022-10-27","Central","LU",3.97496911600323,8.09254429165638
"2022-10-27","Central","NW",0.407235974286573,0.64907168168603
"2022-10-27","Central","OW",0.273487324427969,0.453605836716854
"2022-10-27","Central","SZ",1.34352619411271,2.16385550686187
"2022-10-27","Central","UR",0.283200902038308,0.452484227799451
"2022-10-27","Central","ZG",1.49290147689107,2.94697644825202
"2022-10-27","Eastern","AI",0.10703683324003,0.14876612822641
"2022-10-27","Eastern","AR",0.242813524028592,0.406362309589892
"2022-10-27","Eastern","GL",0.264277762272726,0.533545963193554
"2022-10-27","Eastern","GR",1.68210255670891,3.02487728578799
"2022-10-27","Eastern","SG",4.21274658555532,8.07959480688274
"2022-10-27","Eastern","SH",0.616630805765623,1.25416269855027
"2022-10-27","Eastern","TG",1.86294479870058,3.41608088091844
"2022-10-27","Espace Mittelland","BE",8.61184430367122,19.1406980214139
"2022-10-27","Espace Mittelland","FR",2.40433602335158,4.30194799677249
"2022-10-27","Espace Mittelland","JU",0.517545677267038,0.865508214595735
"2022-10-27","Espace Mittelland","NE",1.46257398593147,2.67415357613107
"2022-10-27","Espace Mittelland","SO",1.8596251011758,3.80667268936667
"2022-10-27","Lake Geneva","GE",6.36009860494987,10.3023857641318
"2022-10-27","Lake Geneva","VD",7.58156512466809,13.6543649960132
"2022-10-27","Lake Geneva","VS",3.47147120621688,5.5339504221668
"2022-10-27","Northwestern","AG",5.22115866169294,10.2742775648987
"2022-10-27","Northwestern","BL",1.85778377223194,3.77135900254299
"2022-10-27","Northwestern","BS",2.21618687696026,5.71854005945207
"2022-10-27","Ticino","TI",3.15822631750694,4.73978333234768
"2022-10-27","Zurich","ZH",16.4638234356472,38.9445388182049
"2022-10-28","9999","9999",0.019782996256632,0.0810617353941028
"2022-10-28","Central","LU",5.19607567111493,9.4426555348681
"2022-10-28","Central","NW",0.54118828075604,0.782577131005961
"2022-10-28","Central","OW",0.330628902821997,0.517163675369672
"2022-10-28","Central","SZ",1.77966998802328,2.56525554669598
"2022-10-28","Central","UR",0.373768515522073,0.561382257234547
"2022-10-28","Central","ZG",1.85435840870072,3.31163529900394
"2022-10-28","Eastern","AI",0.13904654127647,0.18302618243071
"2022-10-28","Eastern","AR",0.317491954935349,0.461389122840648
"2022-10-28","Eastern","GL",0.372183623326012,0.616341094187279
"2022-10-28","Eastern","GR",2.2430432926704,3.60678838502591
"2022-10-28","Eastern","SG",5.37543346294438,9.27689533213559
"2022-10-28","Eastern","SH",0.721061068564691,1.40228305194545
"2022-10-28","Eastern","TG",2.28001849630909,3.87621244224564
"2022-10-28","Espace Mittelland","BE",11.0952086197177,21.6622108203312
"2022-10-28","Espace Mittelland","FR",3.14389898525585,5.00376928572545
"2022-10-28","Espace Mittelland","JU",0.629252385651029,0.99136633038792
"2022-10-28","Espace Mittelland","NE",1.77998358693599,2.9639025464601
"2022-10-28","Espace Mittelland","SO",2.25787267453382,4.20535367727981
"2022-10-28","Lake Geneva","GE",7.08003181234839,10.743246044969
"2022-10-28","Lake Geneva","VD",9.32534648360483,15.3341272964943
"2022-10-28","Lake Geneva","VS",4.55500257112261,6.72533700949153
"2022-10-28","Northwestern","AG",6.6018002530118,11.6945063595226
"2022-10-28","Northwestern","BL",2.37689594422633,4.28209891774936
"2022-10-28","Northwestern","BS",2.57708630829403,5.95978794114068
"2022-10-28","Ticino","TI",3.72710082283168,5.17262241001808
"2022-10-28","Zurich","ZH",20.1014868087819,41.8484862698074
"2022-10-29","9999","9999",0.0222435695863715,0.0861259695969209
"2022-10-29","Central","LU",5.949071722195,9.73682296456871
"2022-10-29","Central","NW",0.671752480722239,0.848140270450499
"2022-10-29","Central","OW",0.403058765967582,0.61790454904184
"2022-10-29","Central","SZ",2.10519752104722,2.88916260678227
"2022-10-29","Central","UR",0.374587206795776,0.566650420331439
"2022-10-29","Central","ZG",1.94259403533466,3.04156546695298
"2022-10-29","Eastern","AI",0.170475726546996,0.234994062270368
"2022-10-29","Eastern","AR",0.333964119539734,0.475970038766883
"2022-10-29","Eastern","GL",0.403624200302899,0.681530363992683
"2022-10-29","Eastern","GR",2.62486338714465,4.07127042942667
"2022-10-29","Eastern","SG",6.05654214124457,9.28144974410323
"2022-10-29","Eastern","SH",0.833299032248895,1.51638126817941
"2022-10-29","Eastern","TG",2.81288336356887,4.2264943059654
"2022-10-29","Espace Mittelland","BE",11.852286927345,20.7671669042438
"2022-10-29","Espace Mittelland","FR",3.00712090904548,4.63200691182998
"2022-10-29","Espace Mittelland","JU",0.70378995726669,1.07518110585201
"2022-10-29","Espace Mittelland","NE",2.01371603347269,3.04727547598703
"2022-10-29","Espace Mittelland","SO",2.55317517929906,4.30106430489817
"2022-10-29","Lake Geneva","GE",7.07161962656217,10.0392155263303
"2022-10-29","Lake Geneva","VD",10.7000869791437,15.9191992935903
"2022-10-29","Lake Geneva","VS",4.71289308587529,6.57833826501376
"2022-10-29","Northwestern","AG",7.90714815554783,12.4340205057301
"2022-10-29","Northwestern","BL",2.64903846381653,4.12031532845128
"2022-10-29","Northwestern","BS",2.88570948109164,6.0016273525747
"2022-10-29","Ticino","TI",3.94034664237992,5.39983318616465
"2022-10-29","Zurich","ZH",23.7910342978981,41.5002776831774
"2022-10-30","9999","9999",0.0152574578308029,0.0608727748808545
"2022-10-30","Central","LU",1.46823311857885,3.68016879874325
"2022-10-30","Central","NW",0.247879285443725,0.350451804464819
"2022-10-30","Central","OW",0.229188702527213,0.371694397597446
"2022-10-30","Central","SZ",0.620005456819232,1.05169529488458
"2022-10-30","Central","UR",0.172292090854188,0.289545041434952
"2022-10-30","Central","ZG",0.389946739641361,0.968118436463574
"2022-10-30","Eastern","AI",0.0757095154351493,0.134049259704126
"2022-10-30","Eastern","AR",0.1267790088892,0.182278443152442
"2022-10-30","Eastern","GL",0.125267636079601,0.296546600131466
"2022-10-30","Eastern","GR",1.03378035670937,1.76853934570094
"2022-10-30","Eastern","SG",1.54334930977401,3.22217849080383
"2022-10-30","Eastern","SH",0.222577604648556,0.552273433299277
"2022-10-30","Eastern","TG",0.503160113777183,1.07671057255756
"2022-10-30","Espace Mittelland","BE",3.25924059564613,8.84293464554779
"2022-10-30","Espace Mittelland","FR",0.897050028548384,2.01838622908964
"2022-10-30","Espace Mittelland","JU",0.140165889012034,0.265005597848142
"2022-10-30","Espace Mittelland","NE",0.371411567951605,0.765141210562701
"2022-10-30","Espace Mittelland","SO",0.70781825495451,1.55876448999763
"2022-10-30","Lake Geneva","GE",1.65566305630506,3.79776779432547
"2022-10-30","Lake Geneva","VD",2.34266200258593,5.28583693437772
"2022-10-30","Lake Geneva","VS",1.46180547847248,2.61226115677985
"2022-10-30","Northwestern","AG",1.52832692679406,3.71531254482187
"2022-10-30","Northwestern","BL",0.605206557266682,1.35803048193156
"2022-10-30","Northwestern","BS",0.872261726415566,2.76089133241022
"2022-10-30","Ticino","TI",1.31173227843757,2.00818978438598
"2022-10-30","Zurich","ZH",6.18137972376596,16.5132101738766
"2022-10-31","9999","9999",0.0132940860788582,0.058765509642098
"2022-10-31","Central","LU",4.18898799342737,8.38263314347553
"2022-10-31","Central","NW",0.481867115318455,0.746481716755002
"2022-10-31","Central","OW",0.315127234062328,0.529025539374931
"2022-10-31","Central","SZ",1.50002988903362,2.47209403025353
"2022-10-31","Central","UR",0.28102534458081,0.486064519023507
"2022-10-31","Central","ZG",1.46031910945976,2.97933316611164
"2022-10-31","Eastern","AI",0.114326260436016,0.177690043035794
"2022-10-31","Eastern","AR",0.252941389294836,0.437563430383094
"2022-10-31","Eastern","GL",0.298223794101044,0.570491081169818
"2022-10-31","Eastern","GR",1.88690517166512,3.34715291472169
"2022-10-31","Eastern","SG",4.64390591073977,8.5109384059966
"2022-10-31","Eastern","SH",0.562963384529922,1.23774642257738
"2022-10-31","Eastern","TG",1.76675370794462,3.41472135495795
"2022-10-31","Espace Mittelland","BE",7.86581796796496,18.5825446383355
"2022-10-31","Espace Mittelland","FR",2.63244446003717,4.74705679623629
"2022-10-31","Espace Mittelland","JU",0.531661712749435,0.944088815111947
"2022-10-31","Espace Mittelland","NE",1.29831979536658,2.42332103642102
"2022-10-31","Espace Mittelland","SO",1.75399282734465,3.72380958207492
"2022-10-31","Lake Geneva","GE",6.17287568769693,10.7689410856223
"2022-10-31","Lake Geneva","VD",7.53085851717256,14.2896035010513
"2022-10-31","Lake Geneva","VS",3.70182427114608,5.85598813405742
"2022-10-31","Northwestern","AG",4.90306246856585,10.0491400658418
"2022-10-31","Northwestern","BL",1.73346141673502,3.66919062661231
"2022-10-31","Northwestern","BS",1.8664654272853,5.06471003690433
"2022-10-31","Ticino","TI",3.29089248897181,4.82125292552993
"2022-10-31","Zurich","ZH",15.0530996960278,37.4840680551505
"2022-11-01","9999","9999",0.0141244118522508,0.0563183629132194
"2022-11-01","Central","LU",1.15104519179982,3.04081772767471
"2022-11-01","Central","NW",0.155479122736167,0.241791692072808
"2022-11-01","Central","OW",0.111780470563782,0.186255056586869
"2022-11-01","Central","SZ",0.42222131953577,0.770715267000702
"2022-11-01","Central","UR",0.125510315844085,0.208041460103691
"2022-11-01","Central","ZG",0.360308578103307,0.999217592809739
"2022-11-01","Eastern","AI",0.0237783445400795,0.0465637641467173
"2022-11-01","Eastern","AR",0.324797242018157,0.525558748175686
"2022-11-01","Eastern","GL",0.0792404079120597,0.202977225900873
"2022-11-01","Eastern","GR",1.87097424038357,3.07657326043555
"2022-11-01","Eastern","SG",1.00633706644655,2.40588511597776
"2022-11-01","Eastern","SH",0.605530322171045,1.33971086961398
"2022-11-01","Eastern","TG",2.07859769089368,3.89487193605334
"2022-11-01","Espace Mittelland","BE",8.93563258276608,19.8081233035665
"2022-11-01","Espace Mittelland","FR",0.838780917933987,1.87781124477517
"2022-11-01","Espace Mittelland","JU",0.0996930164223019,0.230235721408659
"2022-11-01","Espace Mittelland","NE",1.34822864663901,2.49748317756565
"2022-11-01","Espace Mittelland","SO",0.452919884854715,1.28988424316209
"2022-11-01","Lake Geneva","GE",6.17157741302588,10.885146567095
"2022-11-01","Lake Geneva","VD",7.85101848884124,14.4395252263441
"2022-11-01","Lake Geneva","VS",1.02546065168541,1.96709811223023
"2022-11-01","Northwestern","AG",4.88173717467833,9.436809573238
"2022-11-01","Northwestern","BL",1.96601605325213,3.91798387738163
"2022-11-01","Northwestern","BS",2.19086572962252,5.65895883423368
"2022-11-01","Ticino","TI",1.0188686522433,1.59519978573871
"2022-11-01","Zurich","ZH",16.6150192063034,39.1050648459895
"2022-11-02","9999","9999",0.0135437990178438,0.0549588369527313
"2022-11-02","Central","LU",4.01670396957734,8.22353461794941
"2022-11-02","Central","NW",0.42406735162137,0.680136849883183
"2022-11-02","Central","OW",0.254829013444121,0.44228778309579
"2022-11-02","Central","SZ",1.46971311230867,2.2887279663327
"2022-11-02","Central","UR",0.283383075355566,0.470565923073943
"2022-11-02","Central","ZG",1.54181799658325,3.05091220793134
"2022-11-02","Eastern","AI",0.10474154342709,0.134015271555114
"2022-11-02","Eastern","AR",0.219893731944424,0.386037396480595
"2022-11-02","Eastern","GL",0.300710643934627,0.558323323823449
"2022-11-02","Eastern","GR",1.6477297255362,2.98762627447062
"2022-11-02","Eastern","SG",4.37261844268231,8.07242330744116
"2022-11-02","Eastern","SH",0.547118257194083,1.21113370190082
"2022-11-02","Eastern","TG",1.68501298300125,3.29334967483538
"2022-11-02","Espace Mittelland","BE",7.83195821783697,18.277399036504
"2022-11-02","Espace Mittelland","FR",2.51040923336452,4.54071474358321
"2022-11-02","Espace Mittelland","JU",0.484277982588092,0.85973022926366
"2022-11-02","Espace Mittelland","NE",1.33695350065629,2.49673543828738
"2022-11-02","Espace Mittelland","SO",1.79352210715694,3.75140795907283
"2022-11-02","Lake Geneva","GE",6.12706807784363,10.8476576387345
"2022-11-02","Lake Geneva","VD",7.51718557559976,14.1968158542479
"2022-11-02","Lake Geneva","VS",3.57177778879398,5.58156781893289
"2022-11-02","Northwestern","AG",4.99352911918492,10.1158927905018
"2022-11-02","Northwestern","BL",1.67685152440357,3.58632751932056
"2022-11-02","Northwestern","BS",1.87108664586291,5.04961929874291
"2022-11-02","Ticino","TI",2.82922741553194,4.12452985892879
"2022-11-02","Zurich","ZH",15.1950741173042,37.1899006254499
"2022-11-03","9999","9999",0.0136160456973386,0.0512541287104013
"2022-11-03","Central","LU",3.80341784633647,7.89255802286859
"2022-11-03","Central","NW",0.397923839781826,0.632179571626965
"2022-11-03","Central","OW",0.246560776689907,0.414213572011711
"2022-11-03","Central","SZ",1.3262837245955,2.11178566257517
"2022-11-03","Central","UR",0.268882788101687,0.425973471569933
"2022-11-03","Central","ZG",1.45267648845831,2.93616821686614
"2022-11-03","Eastern","AI",0.0942939937508208,0.129086989948345
"2022-11-03","Eastern","AR",0.232214674948076,0.394636398180682
"2022-11-03","Eastern","GL",0.268980645561381,0.511963488570805
"2022-11-03","Eastern","GR",1.6531504899587,2.94660257861289
"2022-11-03","Eastern","SG",4.13600677271208,7.80857330665943
"2022-11-03","Eastern","SH",0.551930679434379,1.20195690166753
"2022-11-03","Eastern","TG",1.73483411147747,3.31693745024985
"2022-11-03","Espace Mittelland","BE",7.97322037747024,18.4025434011669
"2022-11-03","Espace Mittelland","FR",2.34786567452802,4.30487097758753
"2022-11-03","Espace Mittelland","JU",0.488518599126194,0.893718378275863
"2022-11-03","Espace Mittelland","NE",1.41162446762619,2.53922062455263
"2022-11-03","Espace Mittelland","SO",1.77279231873335,3.72900976887379
"2022-11-03","Lake Geneva","GE",6.12572200813094,11.0531499876623
"2022-11-03","Lake Geneva","VD",7.13080715776821,13.7480703228398
"2022-11-03","Lake Geneva","VS",3.24560691218824,5.19451077798193
"2022-11-03","Northwestern","AG",4.95423161301741,9.9278703501663
"2022-11-03","Northwestern","BL",1.72374887295435,3.59485854472263
"2022-11-03","Northwestern","BS",1.92644648932731,5.10036360521813
"2022-11-03","Ticino","TI",2.78773081270207,4.00798449596595
"2022-11-03","Zurich","ZH",15.2710337059523,37.2565173975138
"2022-11-04","9999","9999",0.0175044161071648,0.0671945705971242
"2022-11-04","Central","LU",5.13211552794252,9.25453113008556
"2022-11-04","Central","NW",0.533193327473843,0.743116890002794
"2022-11-04","Central","OW",0.299750247509198,0.464142162910636
"2022-11-04","Central","SZ",1.73763217145069,2.50693188299104
"2022-11-04","Central","UR",0.346599428996299,0.52083439546299
"2022-11-04","Central","ZG",1.84783755162006,3.32152585036649
"2022-11-04","Eastern","AI",0.121706641145903,0.150533511975045
"2022-11-04","Eastern","AR",0.279508277876041,0.439806648217899
"2022-11-04","Eastern","GL",0.362248880572965,0.608557808063484
"2022-11-04","Eastern","GR",2.0981908501791,3.37454736282553
"2022-11-04","Eastern","SG",5.22312799362951,8.98476719137571
"2022-11-04","Eastern","SH",0.682988525230908,1.35371398700701
"2022-11-04","Eastern","TG",2.187003537816,3.79790374692152
"2022-11-04","Espace Mittelland","BE",10.6324534864666,20.7819177609151
"2022-11-04","Espace Mittelland","FR",3.0787095089698,5.28152043945317
"2022-11-04","Espace Mittelland","JU",0.622603153555616,0.978450833763283
"2022-11-04","Espace Mittelland","NE",1.65383185419264,2.84660944421899
"2022-11-04","Espace Mittelland","SO",2.18735672378942,4.13312886062888
"2022-11-04","Lake Geneva","GE",7.12648340801101,11.7917124656975
"2022-11-04","Lake Geneva","VD",9.51996115369391,16.1862441803792
"2022-11-04","Lake Geneva","VS",4.23087789012221,6.2116401253211
"2022-11-04","Northwestern","AG",6.35700302916398,11.470150587893
"2022-11-04","Northwestern","BL",2.24256737075309,4.08996391138338
"2022-11-04","Northwestern","BS",2.31536013160526,5.53802900004826
"2022-11-04","Ticino","TI",3.37551606750057,4.50224015890139
"2022-11-04","Zurich","ZH",19.3883151253935,40.8740120494786
"2022-11-05","9999","9999",0.0206188671163797,0.0696077291769906
"2022-11-05","Central","LU",6.23952973642039,9.84283200133777
"2022-11-05","Central","NW",0.613620051004065,0.789000891169267
"2022-11-05","Central","OW",0.337664665813368,0.489837203563861
"2022-11-05","Central","SZ",2.14489316519822,2.7772736202341
"2022-11-05","Central","UR",0.347175757703254,0.517877426498928
"2022-11-05","Central","ZG",2.16988589931415,3.1936964219316
"2022-11-05","Eastern","AI",0.160102424637176,0.170008721359037
"2022-11-05","Eastern","AR",0.306515409503237,0.435931999230508
"2022-11-05","Eastern","GL",0.411708685583214,0.636869936190649
"2022-11-05","Eastern","GR",2.57270328563636,3.58245287033317
"2022-11-05","Eastern","SG",6.43175820625886,9.55896298078786
"2022-11-05","Eastern","SH",0.823570080338394,1.44092757737232
"2022-11-05","Eastern","TG",2.70412707188813,4.14652019133968
"2022-11-05","Espace Mittelland","BE",12.3655005137291,20.3815373655514
"2022-11-05","Espace Mittelland","FR",3.200415656697,4.81489714166464
"2022-11-05","Espace Mittelland","JU",0.667053826736736,1.04258647094931
"2022-11-05","Espace Mittelland","NE",1.96462766309576,2.98035281058201
"2022-11-05","Espace Mittelland","SO",2.65243588261878,4.36360249908062
"2022-11-05","Lake Geneva","GE",8.02480224316913,10.9351091461429
"2022-11-05","Lake Geneva","VD",11.4955687378323,16.5595020328312
"2022-11-05","Lake Geneva","VS",4.69771872993541,6.19423819302686
"2022-11-05","Northwestern","AG",8.19115063584616,12.6433535154962
"2022-11-05","Northwestern","BL",2.66855406629739,4.02025421775935
"2022-11-05","Northwestern","BS",2.85875081414575,5.67180635456029
"2022-11-05","Ticino","TI",3.45591845687358,4.87740134769808
"2022-11-05","Zurich","ZH",24.0273068795721,40.2904695190881
"2022-11-06","9999","9999",0.0139362548542365,0.0489089464285593
"2022-11-06","Central","LU",1.34016875397332,3.09917537952867
"2022-11-06","Central","NW",0.186037897837869,0.256780465787189
"2022-11-06","Central","OW",0.150698408521447,0.241995620966881
"2022-11-06","Central","SZ",0.469250371719524,0.793113457199744
"2022-11-06","Central","UR",0.137495213300147,0.20725973267641
"2022-11-06","Central","ZG",0.387926891028249,0.861463624863283
"2022-11-06","Eastern","AI",0.0394091558547044,0.0709332669884665
"2022-11-06","Eastern","AR",0.103975863335582,0.147882436352093
"2022-11-06","Eastern","GL",0.0837804826094637,0.216266592164644
"2022-11-06","Eastern","GR",0.780706507989426,1.24546173240315
"2022-11-06","Eastern","SG",1.14781135304505,2.53738526450597
"2022-11-06","Eastern","SH",0.174701928210187,0.42808073680869
"2022-11-06","Eastern","TG",0.424308743014802,0.910746440930976
"2022-11-06","Espace Mittelland","BE",2.75290917022846,6.62381440839208
"2022-11-06","Espace Mittelland","FR",0.744403755719883,1.66456959787261
"2022-11-06","Espace Mittelland","JU",0.121102301137608,0.233838465203953
"2022-11-06","Espace Mittelland","NE",0.31113994886702,0.642410004479638
"2022-11-06","Espace Mittelland","SO",0.49880543528268,1.18805574872154
"2022-11-06","Lake Geneva","GE",1.70693541533364,3.88810829439991
"2022-11-06","Lake Geneva","VD",2.10492453127681,4.60206335255023
"2022-11-06","Lake Geneva","VS",1.1071407879451,2.0188280750268
"2022-11-06","Northwestern","AG",1.46079513710964,3.44065431265426
"2022-11-06","Northwestern","BL",0.426531335805781,1.07215616058993
"2022-11-06","Northwestern","BS",0.81394188374345,2.53153930287587
"2022-11-06","Ticino","TI",1.09869438787958,1.66168060520658
"2022-11-06","Zurich","ZH",5.51735425039112,14.2127902842837
"2022-11-07","9999","9999",0.0125678285751591,0.0490109108755959
"2022-11-07","Central","LU",3.38198658804168,7.24742896646797
"2022-11-07","Central","NW",0.321670749243022,0.589694385361712
"2022-11-07","Central","OW",0.193505237719791,0.374651366561507
"2022-11-07","Central","SZ",1.17237306242944,1.99306505807555
"2022-11-07","Central","UR",0.218565887395501,0.388654483954535
"2022-11-07","Central","ZG",1.28339557529599,2.72309651070865
"2022-11-07","Eastern","AI",0.0731549889190887,0.115355777747415
"2022-11-07","Eastern","AR",0.197140809365739,0.378186134058776
"2022-11-07","Eastern","GL",0.228582083394441,0.470803840117028
"2022-11-07","Eastern","GR",1.5102519111193,2.78481898931481
"2022-11-07","Eastern","SG",3.47148930215194,7.21293099522059
"2022-11-07","Eastern","SH",0.49957420119908,1.11814212620344
"2022-11-07","Eastern","TG",1.55991482841343,3.17316757992823
"2022-11-07","Espace Mittelland","BE",7.2099059819252,17.1989210801978
"2022-11-07","Espace Mittelland","FR",2.08183899750133,4.13377463546011
"2022-11-07","Espace Mittelland","JU",0.393611329006158,0.72870591482162
"2022-11-07","Espace Mittelland","NE",1.07054558327861,2.2876063574153
"2022-11-07","Espace Mittelland","SO",1.4470832781158,3.30942606931815
"2022-11-07","Lake Geneva","GE",5.47838146855323,10.3077558916757
"2022-11-07","Lake Geneva","VD",6.65274023188885,13.3156051148086
"2022-11-07","Lake Geneva","VS",2.87248142696626,4.98310449112603
"2022-11-07","Northwestern","AG",4.23038275228771,9.24970481292583
"2022-11-07","Northwestern","BL",1.54085564997914,3.3948042996368
"2022-11-07","Northwestern","BS",1.73065013235741,4.72958688764402
"2022-11-07","Ticino","TI",2.6279088848484,4.04608521100863
"2022-11-07","Zurich","ZH",14.2251389724541,35.3536568869167
"2022-11-08","9999","9999",0.0111113270579377,0.048025254554242
"2022-11-08","Central","LU",3.284467143654,7.41448071886295
"2022-11-08","Central","NW",0.313698328748175,0.580381632532369
"2022-11-08","Central","OW",0.200463338174019,0.375331129541751
"2022-11-08","Central","SZ",1.1499661869171,1.99585208629455
"2022-11-08","Central","UR",0.205943673114622,0.383318344559619
"2022-11-08","Central","ZG",1.23668726093203,2.77594808242262
"2022-11-08","Eastern","AI",0.0796041749754036,0.11851667560555
"2022-11-08","Eastern","AR",0.20764542330639,0.38087119783074
"2022-11-08","Eastern","GL",0.226184244728126,0.478213256601688
"2022-11-08","Eastern","GR",1.3779888783973,2.71973168395644
"2022-11-08","Eastern","SG",3.53554153448446,7.28383027406004
"2022-11-08","Eastern","SH",0.478549826146858,1.13248512508658
"2022-11-08","Eastern","TG",1.54642222354384,3.17544478591205
"2022-11-08","Espace Mittelland","BE",7.22820063941033,17.6960657357992
"2022-11-08","Espace Mittelland","FR",2.0436813746858,4.11045876523774
"2022-11-08","Espace Mittelland","JU",0.403939796386544,0.751409998361771
"2022-11-08","Espace Mittelland","NE",1.12985296040471,2.34939681231948
"2022-11-08","Espace Mittelland","SO",1.51595780497866,3.42383017889322
"2022-11-08","Lake Geneva","GE",5.55831192643478,10.4853779584135
"2022-11-08","Lake Geneva","VD",6.34164700898962,13.294634426868
"2022-11-08","Lake Geneva","VS",2.90326835730893,4.99347087657476
"2022-11-08","Northwestern","AG",4.41275526972445,9.53564711056549
"2022-11-08","Northwestern","BL",1.56852881853238,3.44949123139744
"2022-11-08","Northwestern","BS",1.78532153925316,4.91363271454509
"2022-11-08","Ticino","TI",2.36057026231983,4.04336615908765
"2022-11-08","Zurich","ZH",13.9791431915051,36.4288719809177
"2022-11-09","9999","9999",0.0149079098412975,0.0485690649384373
"2022-11-09","Central","LU",3.58020298360342,7.76771955154677
"2022-11-09","Central","NW",0.373181323771652,0.611854658517668
"2022-11-09","Central","OW",0.20451553534067,0.372714042067812
"2022-11-09","Central","SZ",1.24652379378345,2.06593564955771
"2022-11-09","Central","UR",0.251303274451421,0.417000600230712
"2022-11-09","Central","ZG",1.36508477714531,2.78403726188753
"2022-11-09","Eastern","AI",0.0895699091221045,0.120589952695294
"2022-11-09","Eastern","AR",0.21387116509552,0.380939174128765
"2022-11-09","Eastern","GL",0.249866114164078,0.508088839583414
"2022-11-09","Eastern","GR",1.52712880828728,2.83094090752436
"2022-11-09","Eastern","SG",3.84641313015046,7.5394211546318
"2022-11-09","Eastern","SH",0.521098613028618,1.1525721211528
"2022-11-09","Eastern","TG",1.64296323431134,3.25293776565987
"2022-11-09","Espace Mittelland","BE",7.83147506694409,17.8895942562747
"2022-11-09","Espace Mittelland","FR",2.20384809256294,4.23057288384686
"2022-11-09","Espace Mittelland","JU",0.443893984104877,0.77547360786241
"2022-11-09","Espace Mittelland","NE",1.23022943613243,2.39436313346262
"2022-11-09","Espace Mittelland","SO",1.60104701803642,3.4446649142377
"2022-11-09","Lake Geneva","GE",5.70574905272323,10.1015497916187
"2022-11-09","Lake Geneva","VD",6.93287700379341,13.3198196452861
"2022-11-09","Lake Geneva","VS",3.09312843304628,5.11039010917673
"2022-11-09","Northwestern","AG",4.87086999980894,9.75130191604791
"2022-11-09","Northwestern","BL",1.69832403328498,3.46257666876713
"2022-11-09","Northwestern","BS",1.77122639574513,4.77863178666862
"2022-11-09","Ticino","TI",2.45930230666155,4.16422801697504
"2022-11-09","Zurich","ZH",14.6700441007062,35.8620516198412
"2022-11-10","9999","9999",0.0124883450880484,0.0513221050084257
"2022-11-10","Central","LU",3.71017835883826,7.92148193767797
"2022-11-10","Central","NW",0.35202956837412,0.615661331207035
"2022-11-10","Central","OW",0.222802544835929,0.388450555060461
"2022-11-10","Central","SZ",1.27812551504248,2.09231045319118
"2022-11-10","Central","UR",0.237695162613515,0.416320837250468
"2022-11-10","Central","ZG",1.41405003172428,2.95367211360743
"2022-11-10","Eastern","AI",0.101517345917097,0.129426871438467
"2022-11-10","Eastern","AR",0.217425686845783,0.392155263302792
"2022-11-10","Eastern","GL",0.247659929502921,0.502208889804303
"2022-11-10","Eastern","GR",1.54084288374926,2.855004517025
"2022-11-10","Eastern","SG",3.94559513318735,7.76833133822899
"2022-11-10","Eastern","SH",0.538906278003837,1.19933981419359
"2022-11-10","Eastern","TG",1.68400878587605,3.32669204901635
"2022-11-10","Espace Mittelland","BE",8.15341950300934,18.8384754003974
"2022-11-10","Espace Mittelland","FR",2.23438200484453,4.34874967796229
"2022-11-10","Espace Mittelland","JU",0.466440967032202,0.822105348307152
"2022-11-10","Espace Mittelland","NE",1.30046807381874,2.57494216916446
"2022-11-10","Espace Mittelland","SO",1.74454514367387,3.71385105441435
"2022-11-10","Lake Geneva","GE",6.4690524951563,11.4265437927104
"2022-11-10","Lake Geneva","VD",7.4687999470178,14.333482201426
"2022-11-10","Lake Geneva","VS",3.08790137462417,5.16959746475599
"2022-11-10","Northwestern","AG",4.92917969998553,10.0127387582498
"2022-11-10","Northwestern","BL",1.69526896482483,3.57582518127579
"2022-11-10","Northwestern","BS",2.04137416841963,5.28182633279428
"2022-11-10","Ticino","TI",2.69174391505191,4.38987533826705
"2022-11-10","Zurich","ZH",15.5484732476036,38.3191568763803
"2022-11-11","9999","9999",0.017472915630724,0.0726326744390766
"2022-11-11","Central","LU",4.85005145084345,9.03449185338056
"2022-11-11","Central","NW",0.489492075063223,0.734823781643816
"2022-11-11","Central","OW",0.287295580205509,0.463632340675453
"2022-11-11","Central","SZ",1.59708082453257,2.37998614643046
"2022-11-11","Central","UR",0.321705778054778,0.516347959793379
"2022-11-11","Central","ZG",1.81732181750998,3.28012828486963
"2022-11-11","Eastern","AI",0.124996048244867,0.158962572930071
"2022-11-11","Eastern","AR",0.299400656443457,0.442797605330973
"2022-11-11","Eastern","GL",0.31283053056565,0.588844681636407
"2022-11-11","Eastern","GR",2.01855027578444,3.28509055462541
"2022-11-11","Eastern","SG",4.93437789341363,8.73831912288823
"2022-11-11","Eastern","SH",0.654648896821321,1.31799244239519
"2022-11-11","Eastern","TG",2.09865469117027,3.71497266333175
"2022-11-11","Espace Mittelland","BE",10.3033871506024,20.6036839074951
"2022-11-11","Espace Mittelland","FR",2.91876596123835,5.07208546523998
"2022-11-11","Espace Mittelland","JU",0.584301930233987,0.955610797627083
"2022-11-11","Espace Mittelland","NE",1.56821854432187,2.82149220209897
"2022-11-11","Espace Mittelland","SO",2.10515238498413,4.05923862467635
"2022-11-11","Lake Geneva","GE",7.34514023325633,12.3505116236071
"2022-11-11","Lake Geneva","VD",9.06031383379568,15.9019673020411
"2022-11-11","Lake Geneva","VS",4.04159942188872,6.13064636622503
"2022-11-11","Northwestern","AG",6.10594715719889,11.2573167987786
"2022-11-11","Northwestern","BL",2.2057057904764,4.02171570816688
"2022-11-11","Northwestern","BS",2.34112374628916,5.63112254019269
"2022-11-11","Ticino","TI",2.96546089455706,4.68716967767679
"2022-11-11","Zurich","ZH",18.7290011074783,40.6542786661147
"2022-11-12","9999","9999",0.0175017571286089,0.0672285587461364
"2022-11-12","Central","LU",6.04101067156177,9.58037551466555
"2022-11-12","Central","NW",0.589851351624785,0.802460198178099
"2022-11-12","Central","OW",0.342873123133651,0.496396916323216
"2022-11-12","Central","SZ",2.0342641733259,2.7538897737137
"2022-11-12","Central","UR",0.316875338199849,0.488511665752385
"2022-11-12","Central","ZG",1.95700285999185,3.01355923216693
"2022-11-12","Eastern","AI",0.16335747256405,0.199918292489775
"2022-11-12","Eastern","AR",0.325343597497031,0.452246310756366
"2022-11-12","Eastern","GL",0.375394330142153,0.620385683919731
"2022-11-12","Eastern","GR",2.5037355770434,3.54272072413791
"2022-11-12","Eastern","SG",6.22440550163888,9.3259402311602
"2022-11-12","Eastern","SH",0.788113956239486,1.39864632000114
"2022-11-12","Eastern","TG",2.61782539202106,4.06865334195273
"2022-11-12","Espace Mittelland","BE",12.0268171967555,20.0363197360344
"2022-11-12","Espace Mittelland","FR",3.01068321584636,4.79674747009213
"2022-11-12","Espace Mittelland","JU",0.633114009634439,0.923424020512528
"2022-11-12","Espace Mittelland","NE",1.86804471173867,2.89670797586298
"2022-11-12","Espace Mittelland","SO",2.5809873470332,4.26435710396499
"2022-11-12","Lake Geneva","GE",7.52009120476583,10.7359385929314
"2022-11-12","Lake Geneva","VD",11.0422085237791,16.2927970275324
"2022-11-12","Lake Geneva","VS",4.49982648304813,6.14692668960187
"2022-11-12","Northwestern","AG",8.14146005186058,12.4251495988379
"2022-11-12","Northwestern","BL",2.71989974891136,3.95652643836147
"2022-11-12","Northwestern","BS",2.83235616785144,5.69726347817043
"2022-11-12","Ticino","TI",3.60804308431848,4.97137857971682
"2022-11-12","Zurich","ZH",23.6321953070893,41.000549928251
"2022-11-13","9999","9999",0.0116883136564939,0.0479572782562176
"2022-11-13","Central","LU",1.18608692642626,2.94401947928796
"2022-11-13","Central","NW",0.176855262246029,0.255183022783616
"2022-11-13","Central","OW",0.131332519456155,0.231187389581001
"2022-11-13","Central","SZ",0.494522396484349,0.884303660999483
"2022-11-13","Central","UR",0.13060008638665,0.205288420033703
"2022-11-13","Central","ZG",0.331844991951147,0.814525991077431
"2022-11-13","Eastern","AI",0.056474194356616,0.0971721180258867
"2022-11-13","Eastern","AR",0.111046988000531,0.161307755211913
"2022-11-13","Eastern","GL",0.0857240862851934,0.225987202782134
"2022-11-13","Eastern","GR",0.760382243165766,1.23791636332244
"2022-11-13","Eastern","SG",1.06880793883435,2.40918196643194
"2022-11-13","Eastern","SH",0.158609558944889,0.397627355293756
"2022-11-13","Eastern","TG",0.408574333353056,0.871626081417931
"2022-11-13","Espace Mittelland","BE",2.73963279239854,7.18213773221553
"2022-11-13","Espace Mittelland","FR",0.763505795008801,1.70001923729234
"2022-11-13","Espace Mittelland","JU",0.15524057829032,0.252599923458688
"2022-11-13","Espace Mittelland","NE",0.308322559411988,0.635204516889051
"2022-11-13","Espace Mittelland","SO",0.493612794772982,1.18713806869821
"2022-11-13","Lake Geneva","GE",1.68037918224677,3.854935860964
"2022-11-13","Lake Geneva","VD",2.1352714026265,4.66358190226232
"2022-11-13","Lake Geneva","VS",1.16397210387668,2.08068650622901
"2022-11-13","Northwestern","AG",1.39331641343172,3.31554393614035
"2022-11-13","Northwestern","BL",0.416292051897607,1.04707290661892
"2022-11-13","Northwestern","BS",0.680599384048205,2.26568400130243
"2022-11-13","Ticino","TI",1.0207434553384,1.60740153123409
"2022-11-13","Zurich","ZH",5.36552845062608,14.7226125194667
"2022-11-14","9999","9999",0.0109362965637809,0.0438787003747533
"2022-11-14","Central","LU",3.18966551604428,7.06827743302465
"2022-11-14","Central","NW",0.303291681915817,0.573550014580916
"2022-11-14","Central","OW",0.198633945263505,0.37098064646819
"2022-11-14","Central","SZ",1.13186281533112,1.95696964382459
"2022-11-14","Central","UR",0.209117028918295,0.38950418767984
"2022-11-14","Central","ZG",1.14991373180995,2.59839399198288
"2022-11-14","Eastern","AI",0.0665049814514316,0.10709665753745
"2022-11-14","Eastern","AR",0.180299391351977,0.358371043184662
"2022-11-14","Eastern","GL",0.20747588699031,0.459825667986087
"2022-11-14","Eastern","GR",1.4484246172746,2.77258325567041
"2022-11-14","Eastern","SG",3.41913063486066,7.12340621072244
"2022-11-14","Eastern","SH",0.441278900233311,1.0653925189365
"2022-11-14","Eastern","TG",1.49302359801958,3.10862408495406
"2022-11-14","Espace Mittelland","BE",7.06842064431421,17.0819338712978
"2022-11-14","Espace Mittelland","FR",1.9380965865306,4.03490310998361
"2022-11-14","Espace Mittelland","JU",0.347476574721995,0.656141216680568
"2022-11-14","Espace Mittelland","NE",1.05238535497738,2.27526865932387
"2022-11-14","Espace Mittelland","SO",1.38270470413681,3.26357605630069
"2022-11-14","Lake Geneva","GE",5.22346447385548,10.3380733205946
"2022-11-14","Lake Geneva","VD",6.33642923153832,13.2117713195763
"2022-11-14","Lake Geneva","VS",2.74182818450462,4.83447431549567
"2022-11-14","Northwestern","AG",4.17727149224857,9.12221526598106
"2022-11-14","Northwestern","BL",1.5216237984956,3.37437742208047
"2022-11-14","Northwestern","BS",1.64215671011624,4.58816219960424
"2022-11-14","Ticino","TI",2.19380165704646,3.87682422892786
"2022-11-14","Zurich","ZH",13.2890750790869,34.1190033858994
"2022-11-15","9999","9999",0.0112809808546613,0.0453062026332658
"2022-11-15","Central","LU",3.23832766273196,7.25320695180005
"2022-11-15","Central","NW",0.323441860006486,0.571714654534257
"2022-11-15","Central","OW",0.192959183774567,0.366086353010432
"2022-11-15","Central","SZ",1.1386528832215,1.96135411504717
"2022-11-15","Central","UR",0.213643777394748,0.393378836667231
"2022-11-15","Central","ZG",1.25299180415482,2.74043046670487
"2022-11-15","Eastern","AI",0.0805867125860385,0.110937318375829
"2022-11-15","Eastern","AR",0.202950215419752,0.380531316340618
"2022-11-15","Eastern","GL",0.219304069184476,0.471585567544309
"2022-11-15","Eastern","GR",1.40931171235764,2.72612145597073
"2022-11-15","Eastern","SG",3.47304107263869,7.19281001100536
"2022-11-15","Eastern","SH",0.478348734530036,1.09955060869376
"2022-11-15","Eastern","TG",1.57317209214272,3.13248376556062
"2022-11-15","Espace Mittelland","BE",7.06220382322191,17.322230084814
"2022-11-15","Espace Mittelland","FR",1.96894972113169,3.99802596830537
"2022-11-15","Espace Mittelland","JU",0.389536548143879,0.722859953191521
"2022-11-15","Espace Mittelland","NE",1.11138637783043,2.30069179478499
"2022-11-15","Espace Mittelland","SO",1.44503225014,3.4098270615002
"2022-11-15","Lake Geneva","GE",5.38109660559771,10.369784263623
"2022-11-15","Lake Geneva","VD",6.33339572860823,13.0755808064844
"2022-11-15","Lake Geneva","VS",2.76399458105653,4.8470839187792
"2022-11-15","Northwestern","AG",4.34596255076588,9.27529788913202
"2022-11-15","Northwestern","BL",1.59847044431966,3.41128855190772
"2022-11-15","Northwestern","BS",1.77761538080389,4.74117684645718
"2022-11-15","Ticino","TI",2.13577429809946,3.86448653083643
"2022-11-15","Zurich","ZH",13.6940380927148,35.368475719886
"2022-11-16","9999","9999",0.0130870225293452,0.0488749582795471
"2022-11-16","Central","LU",3.46890120750012,7.49278941418706
"2022-11-16","Central","NW",0.336325496130448,0.588504800146285
"2022-11-16","Central","OW",0.199869269889954,0.371660409448434
"2022-11-16","Central","SZ",1.22218648025945,2.04996121952198
"2022-11-16","Central","UR",0.22635539836106,0.398273130124988
"2022-11-16","Central","ZG",1.35894518391178,2.83542734319398
"2022-11-16","Eastern","AI",0.0882982633968258,0.114710002916183
"2022-11-16","Eastern","AR",0.212590669161794,0.37917179038013
"2022-11-16","Eastern","GL",0.232571173875632,0.493643876253228
"2022-11-16","Eastern","GR",1.50265238201774,2.76065341536713
"2022-11-16","Eastern","SG",3.78174600804789,7.49187173416373
"2022-11-16","Eastern","SH",0.489398995149682,1.11406354832197
"2022-11-16","Eastern","TG",1.57374266038214,3.17959134009154
"2022-11-16","Espace Mittelland","BE",7.47547653643897,17.6215977013135
"2022-11-16","Espace Mittelland","FR",2.15596886429312,4.16976808526403
"2022-11-16","Espace Mittelland","JU",0.408457326548534,0.772210745557239
"2022-11-16","Espace Mittelland","NE",1.18657107982063,2.39014860298511
"2022-11-16","Espace Mittelland","SO",1.51390679266695,3.409283251116
"2022-11-16","Lake Geneva","GE",5.61405148300182,10.5712320228183
"2022-11-16","Lake Geneva","VD",6.86384466518265,13.7635009424914
"2022-11-16","Lake Geneva","VS",2.99354326777038,5.04509887492429
"2022-11-16","Northwestern","AG",4.57901810516512,9.58027355021851
"2022-11-16","Northwestern","BL",1.64870745427251,3.46427607621774
"2022-11-16","Northwestern","BS",1.83745294415636,4.86370412364617
"2022-11-16","Ticino","TI",2.33466683392255,4.091697306983
"2022-11-16","Zurich","ZH",14.5285619546527,36.1224688175727
"2022-11-17","9999","9999",0.0128700749417246,0.050540377581145
"2022-11-17","Central","LU",3.55892111839364,7.63445201926992
"2022-11-17","Central","NW",0.377247454142576,0.610427156259156
"2022-11-17","Central","OW",0.217167198102757,0.388416566911449
"2022-11-17","Central","SZ",1.25234088698755,2.04442115123299
"2022-11-17","Central","UR",0.23569399733868,0.410746780812466
"2022-11-17","Central","ZG",1.39195526312048,2.8483088516696
"2022-11-17","Eastern","AI",0.0932985411014861,0.123716862404417
"2022-11-17","Eastern","AR",0.229211478107891,0.377676311823593
"2022-11-17","Eastern","GL",0.235213372279628,0.491094765077313
"2022-11-17","Eastern","GR",1.48611210996852,2.77720564393607
"2022-11-17","Eastern","SG",3.8672690105483,7.6140591298626
"2022-11-17","Eastern","SH",0.511048711833168,1.13425250883522
"2022-11-17","Eastern","TG",1.6371495128017,3.23444821259723
"2022-11-17","Espace Mittelland","BE",7.73070913505241,18.0291495961188
"2022-11-17","Espace Mittelland","FR",2.07712825084163,4.16878242894268
"2022-11-17","Espace Mittelland","JU",0.431561238212614,0.787607377059767
"2022-11-17","Espace Mittelland","NE",1.22422202428648,2.42784146023964
"2022-11-17","Espace Mittelland","SO",1.68521634199449,3.57633500351098
"2022-11-17","Lake Geneva","GE",5.89933632326008,11.0476099193733
"2022-11-17","Lake Geneva","VD",6.66288860144334,13.4048579941146
"2022-11-17","Lake Geneva","VS",2.87618733035722,4.9027904950102
"2022-11-17","Northwestern","AG",4.71164782630246,9.69518748202877
"2022-11-17","Northwestern","BL",1.72889497154926,3.51811330425307
"2022-11-17","Northwestern","BS",1.87078192065477,4.92301344367246
"2022-11-17","Ticino","TI",2.40489693076612,4.25701566377835
"2022-11-17","Zurich","ZH",14.8535595873198,36.5880724708909
"2022-11-18","9999","9999",0.0157728689082806,0.0659030209346605
"2022-11-18","Central","LU",4.68843197908162,8.94214605251441
"2022-11-18","Central","NW",0.495013966823318,0.710556243249104
"2022-11-18","Central","OW",0.281062773913707,0.441913913456656
"2022-11-18","Central","SZ",1.63094167114656,2.40136469215914
"2022-11-18","Central","UR",0.316857539882417,0.503602403913803
"2022-11-18","Central","ZG",1.78310756954138,3.20239738807872
"2022-11-18","Eastern","AI",0.125283108280299,0.155257864687741
"2022-11-18","Eastern","AR",0.286111798253217,0.432771101372373
"2022-11-18","Eastern","GL",0.307994349823294,0.562028032065779
"2022-11-18","Eastern","GR",2.0269977057636,3.23155921993119
"2022-11-18","Eastern","SG",4.88449990822216,8.55593871528875
"2022-11-18","Eastern","SH",0.647865556655771,1.26378134472072
"2022-11-18","Eastern","TG",2.07737125955192,3.62976437375816
"2022-11-18","Espace Mittelland","BE",10.0070303353857,20.3097543948376
"2022-11-18","Espace Mittelland","FR",2.87395970939471,5.175205509343
"2022-11-18","Espace Mittelland","JU",0.577477432683131,1.01046767013278
"2022-11-18","Espace Mittelland","NE",1.51862074654821,2.72608746782172
"2022-11-18","Espace Mittelland","SO",2.01444303502047,3.91818780627571
"2022-11-18","Lake Geneva","GE",6.63019635828255,11.6592266608479
"2022-11-18","Lake Geneva","VD",8.71698451766072,15.4041088953104
"2022-11-18","Lake Geneva","VS",3.84726701470882,5.9406186250978
"2022-11-18","Northwestern","AG",6.0292341495224,11.0365297827953
"2022-11-18","Northwestern","BL",2.22038954725063,4.01617563987789
"2022-11-18","Northwestern","BS",2.31746143346427,5.50040411909175
"2022-11-18","Ticino","TI",2.79422416756418,4.67986222563916
"2022-11-18","Zurich","ZH",18.4085483427188,39.6738565197087
"2022-11-19","9999","9999",0.0169800177604887,0.0686900491536611
"2022-11-19","Central","LU",5.73268241433859,9.46226669684814
"2022-11-19","Central","NW",0.584501185236754,0.757527865183968
"2022-11-19","Central","OW",0.351550795593209,0.540785438933153
"2022-11-19","Central","SZ",1.97262895641667,2.67262410942553
"2022-11-19","Central","UR",0.325520593833949,0.493915781445326
"2022-11-19","Central","ZG",2.01925813581943,3.14764248002007
"2022-11-19","Eastern","AI",0.154509073317895,0.185473329159589
"2022-11-19","Eastern","AR",0.322149858801777,0.44691017136145
"2022-11-19","Eastern","GL",0.371217858035193,0.600842498237715
"2022-11-19","Eastern","GR",2.53337089554989,3.5212402139622
"2022-11-19","Eastern","SG",6.0848471598567,9.15776686984782
"2022-11-19","Eastern","SH",0.784589889387941,1.38138034030294
"2022-11-19","Eastern","TG",2.52521596104392,3.98935899030726
"2022-11-19","Espace Mittelland","BE",11.5988904062906,19.8180818312271
"2022-11-19","Espace Mittelland","FR",2.93090387723207,4.72013818221862
"2022-11-19","Espace Mittelland","JU",0.613684571373264,0.897015228730046
"2022-11-19","Espace Mittelland","NE",1.81791525531459,2.85823339118116
"2022-11-19","Espace Mittelland","SO",2.48869236866145,4.18112012703411
"2022-11-19","Lake Geneva","GE",7.48503324606258,10.6835968434526
"2022-11-19","Lake Geneva","VD",10.6811334432198,15.9787465306597
"2022-11-19","Lake Geneva","VS",4.49712913139821,6.05305142203017
"2022-11-19","Northwestern","AG",7.74981876750689,12.2814477048143
"2022-11-19","Northwestern","BL",2.64381513344683,3.9362695015502
"2022-11-19","Northwestern","BS",2.86631269853323,5.56596725853629
"2022-11-19","Ticino","TI",3.52194802940652,5.00410916721558
"2022-11-19","Zurich","ZH",23.3460782417872,40.4196584734835
"2022-11-20","9999","9999",0.0120350381945431,0.0463938234016563
"2022-11-20","Central","LU",1.14620742506878,2.91186669032242
"2022-11-20","Central","NW",0.150007457867026,0.204302763712349
"2022-11-20","Central","OW",0.140452855062952,0.227380716891634
"2022-11-20","Central","SZ",0.424561361641694,0.718407505670923
"2022-11-20","Central","UR",0.152207506122592,0.205288420033703
"2022-11-20","Central","ZG",0.335755812911872,0.835360726421911
"2022-11-20","Eastern","AI",0.0333850656734613,0.0539052043333531
"2022-11-20","Eastern","AR",0.0931158587014409,0.132145923359443
"2022-11-20","Eastern","GL",0.0779917139884245,0.185303388414528
"2022-11-20","Eastern","GR",0.744508521041392,1.17323691575222
"2022-11-20","Eastern","SG",0.95996083461648,2.26598989464354
"2022-11-20","Eastern","SH",0.154637064562549,0.378661968144947
"2022-11-20","Eastern","TG",0.390570941710385,0.847902353407414
"2022-11-20","Espace Mittelland","BE",2.3683135603164,6.16239129740242
"2022-11-20","Espace Mittelland","FR",0.72136482259951,1.65430517687093
"2022-11-20","Espace Mittelland","JU",0.122184427089412,0.220651063387218
"2022-11-20","Espace Mittelland","NE",0.275101719929538,0.589796349808749
"2022-11-20","Espace Mittelland","SO",0.452882197064404,1.1408801978926
"2022-11-20","Lake Geneva","GE",1.57040845008191,3.78692557479058
"2022-11-20","Lake Geneva","VD",2.15578274362626,4.75354853269762
"2022-11-20","Lake Geneva","VS",1.2189856535654,2.10689136911742
"2022-11-20","Northwestern","AG",1.35633438416766,3.25252990787172
"2022-11-20","Northwestern","BL",0.402440054160613,1.01199713683833
"2022-11-20","Northwestern","BS",0.646741008443737,2.01036502592276
"2022-11-20","Ticino","TI",1.02767925405055,1.58034696462038
"2022-11-20","Zurich","ZH",5.00090249021644,13.5651121167071
"2022-11-21","9999","9999",0.0124248076402299,0.0458840011664733
"2022-11-21","Central","LU",3.13189930090285,7.06022224170876
"2022-11-21","Central","NW",0.319607471952172,0.580619549575454
"2022-11-21","Central","OW",0.205732670047543,0.388552519507498
"2022-11-21","Central","SZ",1.15682614012605,1.9603344705768
"2022-11-21","Central","UR",0.249714826507895,0.40170593317522
"2022-11-21","Central","ZG",1.17035843387291,2.65698956087991
"2022-11-21","Eastern","AI",0.0630975767945216,0.104071712275364
"2022-11-21","Eastern","AR",0.176522161546559,0.353068891938759
"2022-11-21","Eastern","GL",0.218073099173866,0.455543161210549
"2022-11-21","Eastern","GR",1.53866124862649,2.78390130929148
"2022-11-21","Eastern","SG",3.40712838159759,7.07969745109275
"2022-11-21","Eastern","SH",0.447941180512153,1.06043024918072
"2022-11-21","Eastern","TG",1.49548456295147,3.06392966900301
"2022-11-21","Espace Mittelland","BE",7.03823655022759,16.7980648507478
"2022-11-21","Espace Mittelland","FR",1.92585147336606,3.97338456027152
"2022-11-21","Espace Mittelland","JU",0.372231144246152,0.697436817730394
"2022-11-21","Espace Mittelland","NE",1.06456868898773,2.19706192844679
"2022-11-21","Espace Mittelland","SO",1.36958739118165,3.21140424756696
"2022-11-21","Lake Geneva","GE",5.08359817223146,9.92586504937458
"2022-11-21","Lake Geneva","VD",6.24706399327663,12.7842343931518
"2022-11-21","Lake Geneva","VS",2.66241000096738,4.71718121325456
"2022-11-21","Northwestern","AG",4.15841878604455,9.07140298320781
"2022-11-21","Northwestern","BL",1.61450977890664,3.40833158294366
"2022-11-21","Northwestern","BS",1.66100062485213,4.61280360763809
"2022-11-21","Ticino","TI",2.18324011981819,3.92702472501888
"2022-11-21","Zurich","ZH",13.5708925760641,34.5198596153493
"2022-11-22","9999","9999",0.0116154678257192,0.0439466766727777
"2022-11-22","Central","LU",3.27812679558149,7.24086925370862
"2022-11-22","Central","NW",0.34485607107676,0.594282785478359
"2022-11-22","Central","OW",0.215380760031387,0.375263153243727
"2022-11-22","Central","SZ",1.19665222695113,1.96247572396457
"2022-11-22","Central","UR",0.26395573216586,0.406702191080014
"2022-11-22","Central","ZG",1.27436190907564,2.74838369357372
"2022-11-22","Eastern","AI",0.0801964653857363,0.110427496140646
"2022-11-22","Eastern","AR",0.184746918714755,0.35602586090282
"2022-11-22","Eastern","GL",0.237701674957165,0.468492645984198
"2022-11-22","Eastern","GR",1.41761973980567,2.64152495307936
"2022-11-22","Eastern","SG",3.62289335032422,7.13394253691623
"2022-11-22","Eastern","SH",0.487824112304415,1.09747733160402
"2022-11-22","Eastern","TG",1.57873340649062,3.0923097734282
"2022-11-22","Espace Mittelland","BE",7.25392734950821,17.2117346123754
"2022-11-22","Espace Mittelland","FR",2.01857259319061,4.06651208856496
"2022-11-22","Espace Mittelland","JU",0.378223890591812,0.70416647123481
"2022-11-22","Espace Mittelland","NE",1.1129680197287,2.27938122535434
"2022-11-22","Espace Mittelland","SO",1.48872668867332,3.37016289160296
"2022-11-22","Lake Geneva","GE",5.37524013288204,10.2357010157698
"2022-11-22","Lake Geneva","VD",6.52040751356538,13.0460451049928
"2022-11-22","Lake Geneva","VS",2.79824809497207,4.72068199260282
"2022-11-22","Northwestern","AG",4.45756322503742,9.31662747833085
"2022-11-22","Northwestern","BL",1.68534774409381,3.44806372913892
"2022-11-22","Northwestern","BS",1.81587449123098,4.84626820320291
"2022-11-22","Ticino","TI",2.28568244957886,3.93681331193439
"2022-11-22","Zurich","ZH",14.3163915411634,35.5700254435284
"2022-11-23","9999","9999",0.0130698781874931,0.0447963803980828
"2022-11-23","Central","LU",3.64142119905389,7.58115860161879
"2022-11-23","Central","NW",0.377824084383182,0.603119704221532
"2022-11-23","Central","OW",0.21075078522985,0.376418750310142
"2022-11-23","Central","SZ",1.29877257359719,2.08466311966344
"2022-11-23","Central","UR",0.264596322784599,0.422132810731554
"2022-11-23","Central","ZG",1.41213606449878,2.93334720049813
"2022-11-23","Eastern","AI",0.0892414449920169,0.122153407549856
"2022-11-23","Eastern","AR",0.196729086703875,0.359424675804041
"2022-11-23","Eastern","GL",0.245931354564307,0.481849988545994
"2022-11-23","Eastern","GR",1.63143398944563,2.84317664116876
"2022-11-23","Eastern","SG",4.02853583674768,7.60641179633485
"2022-11-23","Eastern","SH",0.541241131381356,1.13187333840437
"2022-11-23","Eastern","TG",1.67414129687516,3.20222744733366
"2022-11-23","Espace Mittelland","BE",7.8765628141567,17.6722400433417
"2022-11-23","Espace Mittelland","FR",2.18595390701008,4.14417500905784
"2022-11-23","Espace Mittelland","JU",0.426437574504511,0.753585239898552
"2022-11-23","Espace Mittelland","NE",1.22801127236169,2.34711960633566
"2022-11-23","Espace Mittelland","SO",1.60392227454023,3.4240341077873
"2022-11-23","Lake Geneva","GE",5.72475427229813,10.3785192179191
"2022-11-23","Lake Geneva","VD",7.25119047736994,13.6145648735199
"2022-11-23","Lake Geneva","VS",3.11419228159459,5.07980077506575
"2022-11-23","Northwestern","AG",4.81846864005195,9.66609362647432
"2022-11-23","Northwestern","BL",1.79461766114625,3.50985418404311
"2022-11-23","Northwestern","BS",1.90077536323771,4.89779423710541
"2022-11-23","Ticino","TI",2.56780933574576,4.30249180715668
"2022-11-23","Zurich","ZH",15.031667287206,36.3574628798431
"2022-11-24","9999","9999",0.0131908323416237,0.0501665079420108
"2022-11-24","Central","LU",3.88516182940967,7.80697586365586
"2022-11-24","Central","NW",0.401820868515049,0.649513527623188
"2022-11-24","Central","OW",0.25757233526969,0.389130318040706
"2022-11-24","Central","SZ",1.35621507865856,2.08323561740492
"2022-11-24","Central","UR",0.274175479043084,0.416898635783675
"2022-11-24","Central","ZG",1.52104022123297,2.91353210962402
"2022-11-24","Eastern","AI",0.0950759488274212,0.114981908108281
"2022-11-24","Eastern","AR",0.264719732284171,0.449833152176499
"2022-11-24","Eastern","GL",0.238140535647588,0.477533493621444
"2022-11-24","Eastern","GR",1.75697721944989,2.89606220103174
"2022-11-24","Eastern","SG",4.26913046470952,7.6697657060936
"2022-11-24","Eastern","SH",0.566610296973953,1.15835010648487
"2022-11-24","Eastern","TG",1.81476142870983,3.28396894570801
"2022-11-24","Espace Mittelland","BE",8.54952448397832,18.636925676755
"2022-11-24","Espace Mittelland","FR",2.26913407919731,4.18995704577728
"2022-11-24","Espace Mittelland","JU",0.478882131893975,0.811738962858431
"2022-11-24","Espace Mittelland","NE",1.45714783306347,2.5686543615972
"2022-11-24","Espace Mittelland","SO",1.80691855412014,3.66548591836998
"2022-11-24","Lake Geneva","GE",6.68270123806623,11.2784574274642
"2022-11-24","Lake Geneva","VD",7.58625763049994,13.9643369150045
"2022-11-24","Lake Geneva","VS",3.18115440764053,5.01923389352601
"2022-11-24","Northwestern","AG",5.20492375316335,9.86482233374867
"2022-11-24","Northwestern","BL",1.95591947308115,3.61769858085883
"2022-11-24","Northwestern","BS",2.14555285425351,5.22972250035858
"2022-11-24","Ticino","TI",2.97445659103356,4.59203684859163
"2022-11-24","Zurich","ZH",16.1991932901855,37.0939180926395
"2022-11-25","9999","9999",0.0196549149434857,0.0718509470117959
"2022-11-25","Central","LU",6.67185342792285,10.6079732119005
"2022-11-25","Central","NW",0.583412386384421,0.814899860716565
"2022-11-25","Central","OW",0.341557833349455,0.497790430432717
"2022-11-25","Central","SZ",2.29407410366469,2.98466930550656
"2022-11-25","Central","UR",0.40851126582781,0.573957872369062
"2022-11-25","Central","ZG",2.26987096869921,3.58116132067071
"2022-11-25","Eastern","AI",0.14370257328465,0.156379473605143
"2022-11-25","Eastern","AR",0.372435501824852,0.535925133624408
"2022-11-25","Eastern","GL",0.425864997346093,0.667323317705582
"2022-11-25","Eastern","GR",2.98886644168836,3.98256136050482
"2022-11-25","Eastern","SG",7.3238223367333,10.6107262519705
"2022-11-25","Eastern","SH",0.960562257188804,1.5929565679039
"2022-11-25","Eastern","TG",2.9586331623725,4.3588101700699
"2022-11-25","Espace Mittelland","BE",13.6450174969208,23.6358686453207
"2022-11-25","Espace Mittelland","FR",4.13314018236371,6.08394664948226
"2022-11-25","Espace Mittelland","JU",0.855682196251438,1.23071087573185
"2022-11-25","Espace Mittelland","NE",2.37280027138968,3.42304845146594
"2022-11-25","Espace Mittelland","SO",2.81296310942942,4.6359495371154
"2022-11-25","Lake Geneva","GE",10.128157804793,13.3356581227258
"2022-11-25","Lake Geneva","VD",13.2755613668617,18.923853630716
"2022-11-25","Lake Geneva","VS",5.73060109593698,7.20844455955098
"2022-11-25","Northwestern","AG",8.69323640480614,13.4530192012649
"2022-11-25","Northwestern","BL",3.10406345690309,4.52028786602687
"2022-11-25","Northwestern","BS",3.5917176452053,6.64998528313148
"2022-11-25","Ticino","TI",5.44946620457248,5.94051666065076
"2022-11-25","Zurich","ZH",24.6159421812279,45.4366831373237
"2022-11-26","9999","9999",0.021152045183118,0.0759295248932602
"2022-11-26","Central","LU",6.94416436776302,10.4717826988086
"2022-11-26","Central","NW",0.659836340770572,0.867785420579552
"2022-11-26","Central","OW",0.40668515454326,0.572802275302647
"2022-11-26","Central","SZ",2.41395821276964,3.06229823785043
"2022-11-26","Central","UR",0.39376141444376,0.553666947408778
"2022-11-26","Central","ZG",2.30773335874257,3.2711214253814
"2022-11-26","Eastern","AI",0.169626145696196,0.18564326990465
"2022-11-26","Eastern","AR",0.399134352496448,0.555638260051485
"2022-11-26","Eastern","GL",0.441474059077655,0.655971275935507
"2022-11-26","Eastern","GR",3.45426251630059,4.22017251024913
"2022-11-26","Eastern","SG",7.5748477420516,10.3937798968256
"2022-11-26","Eastern","SH",0.931550510271887,1.52430050689925
"2022-11-26","Eastern","TG",3.19247156861725,4.52545406467673
"2022-11-26","Espace Mittelland","BE",13.8749739002066,22.3347343248356
"2022-11-26","Espace Mittelland","FR",3.63632595782938,5.12293173616223
"2022-11-26","Espace Mittelland","JU",0.76926914081867,1.02715585129777
"2022-11-26","Espace Mittelland","NE",2.32876818173999,3.24491656249299
"2022-11-26","Espace Mittelland","SO",3.04953671175525,4.70467357441807
"2022-11-26","Lake Geneva","GE",8.91479168506626,11.4322198135954
"2022-11-26","Lake Geneva","VD",12.9615792714522,17.9536959053117
"2022-11-26","Lake Geneva","VS",5.52656196810027,6.72768219177337
"2022-11-26","Northwestern","AG",9.55769210247772,13.751197232549
"2022-11-26","Northwestern","BL",3.26576128825389,4.38926355158483
"2022-11-26","Northwestern","BS",3.45530936281526,6.07058930692046
"2022-11-26","Ticino","TI",4.4432215288197,5.51576676244527
"2022-11-26","Zurich","ZH",27.0640279725797,44.4753623306625
"2022-11-27","9999","9999",0.0130102724251976,0.0486710293854739
"2022-11-27","Central","LU",1.31607149647944,3.17762002744883
"2022-11-27","Central","NW",0.169213694654345,0.232852808882599
"2022-11-27","Central","OW",0.161095367116769,0.26636512380863
"2022-11-27","Central","SZ",0.602682466069231,0.954285259815607
"2022-11-27","Central","UR",0.152715856613418,0.21929153742673
"2022-11-27","Central","ZG",0.373664083062386,0.96081098442595
"2022-11-27","Eastern","AI",0.0555880926898935,0.070015586965137
"2022-11-27","Eastern","AR",0.109729704961423,0.147202673371849
"2022-11-27","Eastern","GL",0.0885177054901019,0.212731824667375
"2022-11-27","Eastern","GR",1.1695685488529,1.65834976660338
"2022-11-27","Eastern","SG",1.70549839210705,3.12803131804003
"2022-11-27","Eastern","SH",0.181501226163094,0.417816315807004
"2022-11-27","Eastern","TG",0.516253601657921,0.984500724287455
"2022-11-27","Espace Mittelland","BE",3.01585165534358,7.29446856470086
"2022-11-27","Espace Mittelland","FR",0.723198859911448,1.64917296637009
"2022-11-27","Espace Mittelland","JU",0.124965182163899,0.236149659336782
"2022-11-27","Espace Mittelland","NE",0.318576634133131,0.646998404596285
"2022-11-27","Espace Mittelland","SO",0.488935522264526,1.17085774532136
"2022-11-27","Lake Geneva","GE",1.63303237625156,3.75157789981789
"2022-11-27","Lake Geneva","VD",2.34534645094521,4.90635925065648
"2022-11-27","Lake Geneva","VS",1.44278909432046,2.29182088789281
"2022-11-27","Northwestern","AG",1.57880027647268,3.57589315757382
"2022-11-27","Northwestern","BL",0.442292096375778,1.1038331154693
"2022-11-27","Northwestern","BS",0.729862307164678,2.16164627717607
"2022-11-27","Ticino","TI",1.20971702605882,1.70290822995838
"2022-11-27","Zurich","ZH",7.82637806350993,17.7607111952204
"2022-11-28","9999","9999",0.0129795434049799,0.0508122827732426
"2022-11-28","Central","LU",3.61992813105993,7.66609498600028
"2022-11-28","Central","NW",0.347056009683726,0.619977826131584
"2022-11-28","Central","OW",0.228862928703852,0.412786069753198
"2022-11-28","Central","SZ",1.35283463189322,2.14737125459095
"2022-11-28","Central","UR",0.268214413310851,0.400142478320659
"2022-11-28","Central","ZG",1.35239642517838,2.80286669644029
"2022-11-28","Eastern","AI",0.0761631003661766,0.117157149645062
"2022-11-28","Eastern","AR",0.230845069946546,0.417782327657992
"2022-11-28","Eastern","GL",0.25827102006645,0.502140913506279
"2022-11-28","Eastern","GR",1.81653085558407,3.07721903526678
"2022-11-28","Eastern","SG",4.01150211075318,7.6953927704488
"2022-11-28","Eastern","SH",0.545676887183695,1.1667791674399
"2022-11-28","Eastern","TG",1.83404162347801,3.40381115912504
"2022-11-28","Espace Mittelland","BE",7.93572726433239,18.2934074546887
"2022-11-28","Espace Mittelland","FR",2.42090784678552,4.3546296277414
"2022-11-28","Espace Mittelland","JU",0.527166715374794,0.769049847699104
"2022-11-28","Espace Mittelland","NE",1.34816285747886,2.4424903524639
"2022-11-28","Espace Mittelland","SO",1.68285009778913,3.52188598879343
"2022-11-28","Lake Geneva","GE",6.05148030759894,10.537141909359
"2022-11-28","Lake Geneva","VD",7.5002659546379,13.8394984436827
"2022-11-28","Lake Geneva","VS",3.15658246569212,5.1217081627978
"2022-11-28","Northwestern","AG",5.01823721728269,9.93895048674428
"2022-11-28","Northwestern","BL",1.87020460119439,3.67364307413291
"2022-11-28","Northwestern","BS",1.99718985518463,5.08177208770846
"2022-11-28","Ticino","TI",2.89878422297776,4.16392212363393
"2022-11-28","Zurich","ZH",15.5626212652331,36.6877257237946
"2022-11-29","9999","9999",0.0127789921991169,0.047515432319059
"2022-11-29","Central","LU",3.70985206418405,7.76061602840322
"2022-11-29","Central","NW",0.368292433380751,0.630616116772404
"2022-11-29","Central","OW",0.23016696775846,0.401977838367318
"2022-11-29","Central","SZ",1.33933711633274,2.14567184714034
"2022-11-29","Central","UR",0.258068205400196,0.413159939392333
"2022-11-29","Central","ZG",1.44830850723898,2.96787915989453
"2022-11-29","Eastern","AI",0.0922743174426522,0.119094474138757
"2022-11-29","Eastern","AR",0.246246049963022,0.427366985679433
"2022-11-29","Eastern","GL",0.270228141182457,0.504893953576267
"2022-11-29","Eastern","GR",1.77423396286524,3.01967709898912
"2022-11-29","Eastern","SG",4.13386238678523,7.796235608568
"2022-11-29","Eastern","SH",0.558315615326974,1.20290856983987
"2022-11-29","Eastern","TG",1.85098778723317,3.40700604513218
"2022-11-29","Espace Mittelland","BE",8.27418259837006,18.6960650560363
"2022-11-29","Espace Mittelland","FR",2.41945107506282,4.51977804379169
"2022-11-29","Espace Mittelland","JU",0.490520402712523,0.873801322954712
"2022-11-29","Espace Mittelland","NE",1.39327811474207,2.53738526450597
"2022-11-29","Espace Mittelland","SO",1.67428124373326,3.67493462379537
"2022-11-29","Lake Geneva","GE",6.40104639303939,10.8470458520523
"2022-11-29","Lake Geneva","VD",7.47381273249493,13.9676337654587
"2022-11-29","Lake Geneva","VS",3.22002553739396,5.09703276661494
"2022-11-29","Northwestern","AG",5.10855263506987,10.1530758255212
"2022-11-29","Northwestern","BL",1.89014397201906,3.71935713455432
"2022-11-29","Northwestern","BS",2.11376085742887,5.2777137667638
"2022-11-29","Ticino","TI",2.65097417279304,4.12459783522681
"2022-11-29","Zurich","ZH",15.7598589961294,37.2418345171406
"2022-11-30","9999","9999",0.0149986009817615,0.0508462709222548
"2022-11-30","Central","LU",4.03724767649427,8.20219006036975
"2022-11-30","Central","NW",0.415884824828353,0.664400336890533
"2022-11-30","Central","OW",0.258577577972617,0.412786069753198
"2022-11-30","Central","SZ",1.4342974563753,2.24535908819313
"2022-11-30","Central","UR",0.260882673503236,0.412956010498259
"2022-11-30","Central","ZG",1.55761299101265,3.05199982869973
"2022-11-30","Eastern","AI",0.0973035462937976,0.131126278889077
"2022-11-30","Eastern","AR",0.254924478214717,0.43858307485346
"2022-11-30","Eastern","GL",0.273568734597627,0.519644810247563
"2022-11-30","Eastern","GR",1.95303192810207,3.15610552912411
"2022-11-30","Eastern","SG",4.546316851239,8.30935469420522
"2022-11-30","Eastern","SH",0.587070655290619,1.24267470418415
"2022-11-30","Eastern","TG",1.93005059574101,3.54119125743236
"2022-11-30","Espace Mittelland","BE",8.79683782208792,19.2125489684257
"2022-11-30","Espace Mittelland","FR",2.55398538063828,4.57069229101197
"2022-11-30","Espace Mittelland","JU",0.498444366358107,0.839983114687571
"2022-11-30","Espace Mittelland","NE",1.49477693787777,2.66562255072901
"2022-11-30","Espace Mittelland","SO",1.84058778980522,3.76809614023782
"2022-11-30","Lake Geneva","GE",6.76736028008513,11.2460327333066
"2022-11-30","Lake Geneva","VD",8.18333071697414,14.8866393265996
"2022-11-30","Lake Geneva","VS",3.62373773853059,5.50930901413295
"2022-11-30","Northwestern","AG",5.4659107729738,10.6437967209593
"2022-11-30","Northwestern","BL",1.9395871887625,3.75314135467245
"2022-11-30","Northwestern","BS",2.17051758490014,5.38362083908583
"2022-11-30","Ticino","TI",2.80804367407131,4.30966330659826
"2022-11-30","Zurich","ZH",17.161425507304,39.3616753710316
"2022-12-01","9999","9999",0.014065170279949,0.051050199816328
"2022-12-01","Central","LU",4.22572866262617,8.24552495036031
"2022-12-01","Central","NW",0.392422648111048,0.649581503921213
"2022-12-01","Central","OW",0.27416105242011,0.429712167961275
"2022-12-01","Central","SZ",1.47145385040987,2.25154493131335
"2022-12-01","Central","UR",0.270753052527941,0.43287306581941
"2022-12-01","Central","ZG",1.55068510657983,3.01838554932666
"2022-12-01","Eastern","AI",0.0941442959993412,0.12623198543132
"2022-12-01","Eastern","AR",0.270171401947853,0.436713726657789
"2022-12-01","Eastern","GL",0.282307622304291,0.522601779211625
"2022-12-01","Eastern","GR",1.99113024277293,3.17751806300179
"2022-12-01","Eastern","SG",4.58918735886194,8.22305878386324
"2022-12-01","Eastern","SH",0.603963659054773,1.24559768499919
"2022-12-01","Eastern","TG",2.04770154662914,3.526270460016
"2022-12-01","Espace Mittelland","BE",8.97275978286084,19.4413231994268
"2022-12-01","Espace Mittelland","FR",2.58334424761141,4.54594891853109
"2022-12-01","Espace Mittelland","JU",0.538217308856262,0.878457699369384
"2022-12-01","Espace Mittelland","NE",1.52962211172419,2.7366237940155
"2022-12-01","Espace Mittelland","SO",1.97644869855081,3.90003813470319
"2022-12-01","Lake Geneva","GE",7.62097126518629,12.1044374247587
"2022-12-01","Lake Geneva","VD",8.4007519238914,14.834909363803
"2022-12-01","Lake Geneva","VS",3.55085670663921,5.42158560153246
"2022-12-01","Northwestern","AG",5.50428970582483,10.4806875938498
"2022-12-01","Northwestern","BL",2.06326562110643,3.79399510978512
"2022-12-01","Northwestern","BS",2.34235335744034,5.47035859536497
"2022-12-01","Ticino","TI",3.16162800477255,4.67248679730352
"2022-12-01","Zurich","ZH",17.4623860482307,39.1653258341881
"2022-12-02","9999","9999",0.0177236545673261,0.0666847483619412
"2022-12-02","Central","LU",5.12025809698424,9.56977121217374
"2022-12-02","Central","NW",0.509461121498336,0.75185184429893
"2022-12-02","Central","OW",0.327077498224799,0.501257221631961
"2022-12-02","Central","SZ",1.76950880524665,2.59751030010856
"2022-12-02","Central","UR",0.350342887032842,0.521888028082368
"2022-12-02","Central","ZG",1.90743790980601,3.35959257726016
"2022-12-02","Eastern","AI",0.128782512028833,0.155563758028851
"2022-12-02","Eastern","AR",0.330245884597268,0.486710293854739
"2022-12-02","Eastern","GL",0.342033348000531,0.600604581194629
"2022-12-02","Eastern","GR",2.54251599999228,3.74505217520755
"2022-12-02","Eastern","SG",5.4245304916447,9.1841756616303
"2022-12-02","Eastern","SH",0.759678052442866,1.38535695373737
"2022-12-02","Eastern","TG",2.36407900186347,3.91947935593817
"2022-12-02","Espace Mittelland","BE",11.0524405473835,21.3604980215498
"2022-12-02","Espace Mittelland","FR",3.17768456593783,5.2891337848319
"2022-12-02","Espace Mittelland","JU",0.655658435399766,1.01175921979524
"2022-12-02","Espace Mittelland","NE",1.80672802792916,2.97882334387646
"2022-12-02","Espace Mittelland","SO",2.24296422819758,4.17632779802339
"2022-12-02","Lake Geneva","GE",7.90462859910321,12.4741944978625
"2022-12-02","Lake Geneva","VD",10.2689423703679,16.7975550285127
"2022-12-02","Lake Geneva","VS",4.65681709607454,6.54985619614153
"2022-12-02","Northwestern","AG",6.62808843834732,11.7244499188023
"2022-12-02","Northwestern","BL",2.5610411544992,4.28600755488576
"2022-12-02","Northwestern","BS",2.71027891443672,5.87223446928525
"2022-12-02","Ticino","TI",3.51901790552635,4.86615127037505
"2022-12-02","Zurich","ZH",20.4460908212229,42.0127509939834
"2022-12-03","9999","9999",0.020552380904419,0.0694377884319296
"2022-12-03","Central","LU",6.30031761244308,10.1426414637744
"2022-12-03","Central","NW",0.611969279579365,0.809733662066711
"2022-12-03","Central","OW",0.407706676147302,0.602066071602154
"2022-12-03","Central","SZ",2.23004696519754,2.9923166390343
"2022-12-03","Central","UR",0.36580436174848,0.530521017931468
"2022-12-03","Central","ZG",2.16825462576018,3.20474257036057
"2022-12-03","Eastern","AI",0.187599701171537,0.20216151032458
"2022-12-03","Eastern","AR",0.375982947324378,0.515396291621038
"2022-12-03","Eastern","GL",0.396202215781263,0.621575269135158
"2022-12-03","Eastern","GR",3.54183107217883,4.41655603524163
"2022-12-03","Eastern","SG",6.76475676805691,9.5883287415344
"2022-12-03","Eastern","SH",0.840705826523375,1.46686053506863
"2022-12-03","Eastern","TG",2.85906039522047,4.27628694426827
"2022-12-03","Espace Mittelland","BE",13.0078904777463,21.224375484756
"2022-12-03","Espace Mittelland","FR",3.34376687670626,4.9807932969932
"2022-12-03","Espace Mittelland","JU",0.68276989375407,0.951226326404509
"2022-12-03","Espace Mittelland","NE",2.11200815588218,3.08279309170478
"2022-12-03","Espace Mittelland","SO",2.69719238532608,4.37492055270168
"2022-12-03","Lake Geneva","GE",8.36415890436487,11.4550258615826
"2022-12-03","Lake Geneva","VD",12.1362520174706,17.4073024217916
"2022-12-03","Lake Geneva","VS",5.43446036286708,6.8477963103825
"2022-12-03","Northwestern","AG",8.46434031523276,12.8904813469639
"2022-12-03","Northwestern","BL",2.90303587486427,4.16827260670749
"2022-12-03","Northwestern","BS",3.34247387300006,6.083232898353
"2022-12-03","Ticino","TI",4.02683868004905,5.13350205050503
"2022-12-03","Zurich","ZH",25.1270138605268,42.5088080288165
"2022-12-04","9999","9999",0.0139883496874155,0.0477193612131322
"2022-12-04","Central","LU",1.24888367837,3.15644541061423
"2022-12-04","Central","NW",0.146544739407316,0.190231670021297
"2022-12-04","Central","OW",0.209055202771845,0.311807279037945
"2022-12-04","Central","SZ",0.470760150708398,0.799299300319964
"2022-12-04","Central","UR",0.139798233339403,0.192780781197212
"2022-12-04","Central","ZG",0.330421545570877,0.846236934105816
"2022-12-04","Eastern","AI",0.0726960938629925,0.0796002449865781
"2022-12-04","Eastern","AR",0.0972307826994731,0.127727463987857
"2022-12-04","Eastern","GL",0.0907080302644391,0.21528093584329
"2022-12-04","Eastern","GR",1.42011259290012,1.77554090439745
"2022-12-04","Eastern","SG",1.21362393491413,2.61977253771155
"2022-12-04","Eastern","SH",0.216714729237839,0.489497322073739
"2022-12-04","Eastern","TG",0.418000459325818,0.869552804328187
"2022-12-04","Espace Mittelland","BE",2.6770423521282,6.6361181183345
"2022-12-04","Espace Mittelland","FR",0.699616234206779,1.60189545109411
"2022-12-04","Espace Mittelland","JU",0.128568203839661,0.285772356894598
"2022-12-04","Espace Mittelland","NE",0.292820358073403,0.600570593045617
"2022-12-04","Espace Mittelland","SO",0.462574585082746,1.09672959232575
"2022-12-04","Lake Geneva","GE",1.73057027684827,3.82733748396609
"2022-12-04","Lake Geneva","VD",2.23434623982075,4.79803901975459
"2022-12-04","Lake Geneva","VS",1.558072845494,2.38861913627956
"2022-12-04","Northwestern","AG",1.41866370021255,3.30079307946905
"2022-12-04","Northwestern","BL",0.462524483504478,1.07361765099745
"2022-12-04","Northwestern","BS",0.768093100840759,2.14240898483517
"2022-12-04","Ticino","TI",0.948622002377127,1.39585929178214
"2022-12-04","Zurich","ZH",7.4014425965083,16.464267239299
"2022-12-05","9999","9999",0.0121942283819864,0.0465297759977051
"2022-12-05","Central","LU",3.64587703621416,7.78726273722878
"2022-12-05","Central","NW",0.354670329598249,0.631465820497709
"2022-12-05","Central","OW",0.21708570961267,0.396437770078329
"2022-12-05","Central","SZ",1.32317312695138,2.18577786297474
"2022-12-05","Central","UR",0.228324166390545,0.40031241906572
"2022-12-05","Central","ZG",1.39108937595641,2.92124741944979
"2022-12-05","Eastern","AI",0.0793504128702519,0.114438097724086
"2022-12-05","Eastern","AR",0.222561423647977,0.41265011715715
"2022-12-05","Eastern","GL",0.243788174772052,0.486234459768568
"2022-12-05","Eastern","GR",1.96867033649828,3.15780493657472
"2022-12-05","Eastern","SG",3.95747199936003,7.79140929140827
"2022-12-05","Eastern","SH",0.546872295803634,1.18690015165512
"2022-12-05","Eastern","TG",1.76311503089367,3.42148499661138
"2022-12-05","Espace Mittelland","BE",8.06724272072998,18.452913838003
"2022-12-05","Espace Mittelland","FR",2.39885359725553,4.45703592071516
"2022-12-05","Espace Mittelland","JU",0.458096970927265,0.802834067817233
"2022-12-05","Espace Mittelland","NE",1.3645143028904,2.5580840472544
"2022-12-05","Espace Mittelland","SO",1.65580987969681,3.57303815305679
"2022-12-05","Lake Geneva","GE",6.5401114649293,11.1931471734436
"2022-12-05","Lake Geneva","VD",7.76729345317931,14.394694857797
"2022-12-05","Lake Geneva","VS",3.6765825798833,5.63887183816747
"2022-12-05","Northwestern","AG",4.86252078364743,10.0064169625335
"2022-12-05","Northwestern","BL",1.88344646712739,3.75096611313567
"2022-12-05","Northwestern","BS",2.11298102483589,5.26415249530794
"2022-12-05","Ticino","TI",2.82151345245194,4.20011950233193
"2022-12-05","Zurich","ZH",15.6720688521781,37.3226243473426
"2022-12-06","9999","9999",0.0124921906210997,0.0462238826565953
"2022-12-06","Central","LU",3.76438017602336,7.93446541060063
"2022-12-06","Central","NW",0.368465337475267,0.630955998262526
"2022-12-06","Central","OW",0.272866697686517,0.463564364377429
"2022-12-06","Central","SZ",1.34427030475814,2.19094406162459
"2022-12-06","Central","UR",0.288767428610743,0.428624547192885
"2022-12-06","Central","ZG",1.44318950359639,2.91689693637622
"2022-12-06","Eastern","AI",0.0999499309247105,0.133301520425858
"2022-12-06","Eastern","AR",0.235147230677554,0.423696265586115
"2022-12-06","Eastern","GL",0.255008688339702,0.499795731224437
"2022-12-06","Eastern","GR",1.97123201758551,3.25405937457727
"2022-12-06","Eastern","SG",4.00370054235761,7.8215567795821
"2022-12-06","Eastern","SH",0.571649135741705,1.22479693780373
"2022-12-06","Eastern","TG",1.76447304055572,3.39966460494555
"2022-12-06","Espace Mittelland","BE",8.3771940983505,18.5545044154004
"2022-12-06","Espace Mittelland","FR",2.40464917192183,4.47039326327696
"2022-12-06","Espace Mittelland","JU",0.459854657569242,0.79722602323022
"2022-12-06","Espace Mittelland","NE",1.3543274231811,2.53238900660118
"2022-12-06","Espace Mittelland","SO",1.72035164995317,3.6312598523147
"2022-12-06","Lake Geneva","GE",6.51301153142609,11.3221321989449
"2022-12-06","Lake Geneva","VD",7.53295473603574,14.350136394442
"2022-12-06","Lake Geneva","VS",3.77300732005832,5.70236170052226
"2022-12-06","Northwestern","AG",5.07700636075838,10.1154169564156
"2022-12-06","Northwestern","BL",1.86783654778713,3.7095345594898
"2022-12-06","Northwestern","BS",2.15266587251579,5.29875243100236
"2022-12-06","Ticino","TI",2.84893092438544,4.39300224797618
"2022-12-06","Zurich","ZH",15.8585147994498,37.7131481794928
"2022-12-07","9999","9999",0.0140123979750613,0.0507782946242304
"2022-12-07","Central","LU",4.0461958285545,8.08513487517173
"2022-12-07","Central","NW",0.454114764811761,0.720412806462643
"2022-12-07","Central","OW",0.285306484108744,0.475018370594541
"2022-12-07","Central","SZ",1.48057446797021,2.32040492121207
"2022-12-07","Central","UR",0.291343822190509,0.442661652734924
"2022-12-07","Central","ZG",1.6349859383698,3.12504036092695
"2022-12-07","Eastern","AI",0.105872384685573,0.135578726409675
"2022-12-07","Eastern","AR",0.239992849031574,0.398986881254244
"2022-12-07","Eastern","GL",0.270640764529251,0.523213565893844
"2022-12-07","Eastern","GR",2.23321038997085,3.37206622794764
"2022-12-07","Eastern","SG",4.16860617875266,7.86965001043436
"2022-12-07","Eastern","SH",0.578229359707351,1.19896594455445
"2022-12-07","Eastern","TG",1.78335470182224,3.29199014887489
"2022-12-07","Espace Mittelland","BE",8.41498239335224,18.3887782008169
"2022-12-07","Espace Mittelland","FR",2.64442343646882,4.80561837698431
"2022-12-07","Espace Mittelland","JU",0.487621603087833,0.815001825163602
"2022-12-07","Espace Mittelland","NE",1.46630454459339,2.59268398294883
"2022-12-07","Espace Mittelland","SO",1.72260870764882,3.58357447925058
"2022-12-07","Lake Geneva","GE",6.95301436866194,11.5027452227957
"2022-12-07","Lake Geneva","VD",7.94842512439937,14.7286284218419
"2022-12-07","Lake Geneva","VS",3.98117548523431,5.83763453359083
"2022-12-07","Northwestern","AG",5.1648843449865,10.0736115331306
"2022-12-07","Northwestern","BL",1.82244377774876,3.57385386863309
"2022-12-07","Northwestern","BS",2.15912129287824,5.24341972441049
"2022-12-07","Ticino","TI",3.32629719179322,4.93246214909785
"2022-12-07","Zurich","ZH",16.4803852144862,37.8432888020605
"2022-12-08","9999","9999",0.0139581180019204,0.0483311478953519
"2022-12-08","Central","LU",3.51638201583289,6.26404985109792
"2022-12-08","Central","NW",0.158416373775349,0.252803852352762
"2022-12-08","Central","OW",0.180746252474196,0.309666025650176
"2022-12-08","Central","SZ",0.943509843940006,1.50679661015797
"2022-12-08","Central","UR",0.24205352608419,0.354122524558137
"2022-12-08","Central","ZG",0.58486847280337,1.19206635030498
"2022-12-08","Eastern","AI",0.0215318248581185,0.0348718408865197
"2022-12-08","Eastern","AR",0.289433532109146,0.451668512223158
"2022-12-08","Eastern","GL",0.302267270287955,0.561518209830596
"2022-12-08","Eastern","GR",2.63055927556924,3.8488179941418
"2022-12-08","Eastern","SG",4.99272782679447,8.79715260882835
"2022-12-08","Eastern","SH",0.610734636340647,1.24162107156477
"2022-12-08","Eastern","TG",1.89143802913502,3.44989908918558
"2022-12-08","Espace Mittelland","BE",9.78433460786647,20.2220649703861
"2022-12-08","Espace Mittelland","FR",0.875398561403316,1.89120257548598
"2022-12-08","Espace Mittelland","JU",0.538354115065171,0.888926049265142
"2022-12-08","Espace Mittelland","NE",1.53105797580844,2.78764000568282
"2022-12-08","Espace Mittelland","SO",1.96498464369396,3.93086538585726
"2022-12-08","Lake Geneva","GE",7.56744986847396,12.5205883212641
"2022-12-08","Lake Geneva","VD",9.0285302877453,15.8894596632046
"2022-12-08","Lake Geneva","VS",2.5624959173029,3.60410332125395
"2022-12-08","Northwestern","AG",5.57229465663143,10.4412953291446
"2022-12-08","Northwestern","BL",1.98734039554644,3.79001849635069
"2022-12-08","Northwestern","BS",2.47591675207281,5.64114904415129
"2022-12-08","Ticino","TI",2.43535838490306,3.47889098029299
"2022-12-08","Zurich","ZH",18.5768827221716,40.5400105091357
"2022-12-09","9999","9999",0.0169519555508697,0.0587315214930858
"2022-12-09","Central","LU",5.4993575708092,9.4919383509358
"2022-12-09","Central","NW",0.610570034211577,0.805893001228332
"2022-12-09","Central","OW",0.364731113417274,0.530962863868626
"2022-12-09","Central","SZ",1.90161314903195,2.61763128432378
"2022-12-09","Central","UR",0.382617772376923,0.541941035999568
"2022-12-09","Central","ZG",1.99849494373298,3.25463717311048
"2022-12-09","Eastern","AI",0.158362653793274,0.174563133326672
"2022-12-09","Eastern","AR",0.340276327082197,0.470667887520979
"2022-12-09","Eastern","GL",0.348570515310475,0.606348578377691
"2022-12-09","Eastern","GR",3.11914899356076,4.23149056387019
"2022-12-09","Eastern","SG",5.46045765829821,9.2025632502459
"2022-12-09","Eastern","SH",0.692888587698108,1.33838533180251
"2022-12-09","Eastern","TG",2.27180099944464,3.78026389758419
"2022-12-09","Espace Mittelland","BE",10.6951892972847,20.3561822063883
"2022-12-09","Espace Mittelland","FR",3.27407269914444,5.1701752632892
"2022-12-09","Espace Mittelland","JU",0.606923830567427,1.02735978019184
"2022-12-09","Espace Mittelland","NE",1.69383304983231,2.82995525120301
"2022-12-09","Espace Mittelland","SO",2.17141315942272,3.94143570020005
"2022-12-09","Lake Geneva","GE",7.64278507883208,11.8337558060256
"2022-12-09","Lake Geneva","VD",9.65092261837082,15.8288248053669
"2022-12-09","Lake Geneva","VS",5.3573418198426,6.92545923087538
"2022-12-09","Northwestern","AG",6.56348734036618,11.3665547097038
"2022-12-09","Northwestern","BL",2.32887781467614,4.00234246322992
"2022-12-09","Northwestern","BS",2.71741742991458,5.84103334849205
"2022-12-09","Ticino","TI",3.58565500570903,4.76092396103327
"2022-12-09","Zurich","ZH",20.3736625205698,41.3109976813285
"2022-12-10","9999","9999",0.017683785553074,0.0604649170927081
"2022-12-10","Central","LU",6.03630398973232,9.41502316972118
"2022-12-10","Central","NW",0.616281888255569,0.786179874801254
"2022-12-10","Central","OW",0.409183787685348,0.593161176560957
"2022-12-10","Central","SZ",2.07963374093725,2.72027549434063
"2022-12-10","Central","UR",0.366239224181016,0.530113160143321
"2022-12-10","Central","ZG",2.10889920296707,3.11671326441896
"2022-12-10","Eastern","AI",0.172416816136963,0.181258798682076
"2022-12-10","Eastern","AR",0.367746508664235,0.482359810781177
"2022-12-10","Eastern","GL",0.422004595161371,0.6253139655265
"2022-12-10","Eastern","GR",4.16331092281723,4.974641442022
"2022-12-10","Eastern","SG",6.84977059378598,9.55692369184713
"2022-12-10","Eastern","SH",0.865252972224048,1.46713244026073
"2022-12-10","Eastern","TG",2.9006669990925,4.19716253336787
"2022-12-10","Espace Mittelland","BE",13.3658653459503,21.0448840698225
"2022-12-10","Espace Mittelland","FR",3.47568114855906,5.16946151215994
"2022-12-10","Espace Mittelland","JU",0.74670816594675,0.993439607477665
"2022-12-10","Espace Mittelland","NE",2.18358162821569,3.15607154097509
"2022-12-10","Espace Mittelland","SO",2.82713302545077,4.39310421242321
"2022-12-10","Lake Geneva","GE",9.24260321409731,12.23617549033
"2022-12-10","Lake Geneva","VD",12.5458929967427,17.6489921494173
"2022-12-10","Lake Geneva","VS",5.83154879387969,7.14274546751039
"2022-12-10","Northwestern","AG",8.50979849849321,12.6227906853438
"2022-12-10","Northwestern","BL",2.87237686527786,4.07589281769233
"2022-12-10","Northwestern","BS",3.50642833911619,6.08275706426683
"2022-12-10","Ticino","TI",3.74778193902483,5.07541630384318
"2022-12-10","Zurich","ZH",25.2454032634094,41.3780562993296
"2022-12-11","9999","9999",0.0135757185085784,0.0472095389779492
"2022-12-11","Central","LU",2.13175922481604,4.18217375965348
"2022-12-11","Central","NW",0.196881408189717,0.233532571862843
"2022-12-11","Central","OW",0.242955503301819,0.407619871103344
"2022-12-11","Central","SZ",0.618830333190337,0.985588345055846
"2022-12-11","Central","UR",0.20696651833391,0.268540365345411
"2022-12-11","Central","ZG",0.498009053583105,1.03289984848083
"2022-12-11","Eastern","AI",0.0640864231156918,0.0671265942990998
"2022-12-11","Eastern","AR",0.0935835373936207,0.134287176747212
"2022-12-11","Eastern","GL",0.107745946401877,0.243559075821443
"2022-12-11","Eastern","GR",2.33459660007808,2.56661507265647
"2022-12-11","Eastern","SG",1.72225151950149,3.12891500991434
"2022-12-11","Eastern","SH",0.332337936813639,0.673101303037657
"2022-12-11","Eastern","TG",0.494428396305771,0.983379115370053
"2022-12-11","Espace Mittelland","BE",4.3699621387691,8.74654425494919
"2022-12-11","Espace Mittelland","FR",0.749430662370316,1.6831951035313
"2022-12-11","Espace Mittelland","JU",0.100236591525956,0.211678192047997
"2022-12-11","Espace Mittelland","NE",0.270202980744723,0.593433081753054
"2022-12-11","Espace Mittelland","SO",0.813492007284724,1.69240589191361
"2022-12-11","Lake Geneva","GE",1.85955793749213,4.10920120372429
"2022-12-11","Lake Geneva","VD",2.31131181129983,4.90506770099402
"2022-12-11","Lake Geneva","VS",2.27847928841912,3.24695585143372
"2022-12-11","Northwestern","AG",2.56500265269334,4.66252826964294
"2022-12-11","Northwestern","BL",0.758460236348263,1.23458552471924
"2022-12-11","Northwestern","BS",1.32895279082258,2.98616478406309
"2022-12-11","Ticino","TI",1.81993458309685,2.53157329102489
"2022-12-11","Zurich","ZH",6.89167120079945,16.842963195593
"2022-12-12","9999","9999",0.0120412646686282,0.0430289966494483
"2022-12-12","Central","LU",3.75744363718317,7.70745856334813
"2022-12-12","Central","NW",0.389444012557318,0.644279352675309
"2022-12-12","Central","OW",0.267853884797236,0.467574965960869
"2022-12-12","Central","SZ",1.32910076944065,2.20069866039109
"2022-12-12","Central","UR",0.285306456696594,0.437359501489021
"2022-12-12","Central","ZG",1.44426071168043,2.89772762033334
"2022-12-12","Eastern","AI",0.0809962501079402,0.11759899558222
"2022-12-12","Eastern","AR",0.230183140926995,0.414145595713687
"2022-12-12","Eastern","GL",0.242889314707487,0.499489837883327
"2022-12-12","Eastern","GR",2.32904727658781,3.51019406553323
"2022-12-12","Eastern","SG",3.96800684498618,7.7867529149936
"2022-12-12","Eastern","SH",0.547209210707983,1.18010252185268
"2022-12-12","Eastern","TG",1.77345029257125,3.39850900787913
"2022-12-12","Espace Mittelland","BE",8.32093394589359,18.3175390404874
"2022-12-12","Espace Mittelland","FR",2.43363314249869,4.55804869957943
"2022-12-12","Espace Mittelland","JU",0.477421009471458,0.832233816712789
"2022-12-12","Espace Mittelland","NE",1.30749278971364,2.55301981305159
"2022-12-12","Espace Mittelland","SO",1.62254294081,3.50400822241301
"2022-12-12","Lake Geneva","GE",6.67030517010733,11.5323149124363
"2022-12-12","Lake Geneva","VD",7.73890167511224,14.5956327947571
"2022-12-12","Lake Geneva","VS",3.89539213388069,5.90503303308203
"2022-12-12","Northwestern","AG",4.88938509797281,9.97191899128612
"2022-12-12","Northwestern","BL",1.80459555062349,3.6382274228622
"2022-12-12","Northwestern","BS",2.10436013468717,5.14658748787473
"2022-12-12","Ticino","TI",2.80580203766808,4.30949336585319
"2022-12-12","Zurich","ZH",16.0357182899861,36.92839580695
"2022-12-13","9999","9999",0.012316275106098,0.0436747714806801
"2022-12-13","Central","LU",3.80459253528699,7.65994313102907
"2022-12-13","Central","NW",0.412258702542133,0.631057962709562
"2022-12-13","Central","OW",0.240695947184494,0.412072318623942
"2022-12-13","Central","SZ",1.36747067977828,2.13119289566114
"2022-12-13","Central","UR",0.282842879778412,0.432533184329288
"2022-12-13","Central","ZG",1.48218005242354,2.99642920506478
"2022-12-13","Eastern","AI",0.106204584700111,0.131534136677223
"2022-12-13","Eastern","AR",0.253678877948017,0.411460531941723
"2022-12-13","Eastern","GL",0.267169513058829,0.505029906172316
"2022-12-13","Eastern","GR",2.17731361689117,3.36149591360484
"2022-12-13","Eastern","SG",4.16333584829367,7.82247445960542
"2022-12-13","Eastern","SH",0.566662513203796,1.203282439479
"2022-12-13","Eastern","TG",1.84425961597763,3.40700604513218
"2022-12-13","Espace Mittelland","BE",8.14291236323486,18.1044333461809
"2022-12-13","Espace Mittelland","FR",2.29422156145191,4.32057350243117
"2022-12-13","Espace Mittelland","JU",0.45498371822061,0.76497126981764
"2022-12-13","Espace Mittelland","NE",1.31877037537771,2.47681838296623
"2022-12-13","Espace Mittelland","SO",1.63197699672617,3.49833220152797
"2022-12-13","Lake Geneva","GE",6.63432796844793,11.0919644538342
"2022-12-13","Lake Geneva","VD",7.21114708659929,13.6619443532429
"2022-12-13","Lake Geneva","VS",3.8808047817222,5.74579855495986
"2022-12-13","Northwestern","AG",5.01732895876667,9.93194892804777
"2022-12-13","Northwestern","BL",1.86266060519284,3.64053861699503
"2022-12-13","Northwestern","BS",2.22844856272752,5.31778579444919
"2022-12-13","Ticino","TI",2.81480787664009,4.3554793314667
"2022-12-13","Zurich","ZH",16.4674002278114,37.1840206756708
"2022-12-14","9999","9999",0.0130028202364026,0.0469716219348638
"2022-12-14","Central","LU",4.06219371205456,8.2549736557857
"2022-12-14","Central","NW",0.438770398717202,0.684181439615635
"2022-12-14","Central","OW",0.277199528697422,0.450444938858719
"2022-12-14","Central","SZ",1.44473845063168,2.24631075636547
"2022-12-14","Central","UR",0.302379910728574,0.447216064702559
"2022-12-14","Central","ZG",1.62909613247966,3.04241517067829
"2022-12-14","Eastern","AI",0.10991585304044,0.132689733743638
"2022-12-14","Eastern","AR",0.249802314342824,0.413125951243321
"2022-12-14","Eastern","GL",0.279236811437972,0.52314558959582
"2022-12-14","Eastern","GR",2.27955968348945,3.45326391593779
"2022-12-14","Eastern","SG",4.41293974957834,8.12415327023773
"2022-12-14","Eastern","SH",0.543254271849746,1.15784028424969
"2022-12-14","Eastern","TG",1.81973312337402,3.33896177080975
"2022-12-14","Espace Mittelland","BE",8.8569156960119,18.9213724958382
"2022-12-14","Espace Mittelland","FR",2.60485061441417,4.70841227080941
"2022-12-14","Espace Mittelland","JU",0.488382791502752,0.826965653615897
"2022-12-14","Espace Mittelland","NE",1.45313250523865,2.67677066360501
"2022-12-14","Espace Mittelland","SO",1.74784337748516,3.61627107860031
"2022-12-14","Lake Geneva","GE",7.23333168090282,11.7911006790152
"2022-12-14","Lake Geneva","VD",8.44660296242244,15.2467777535329
"2022-12-14","Lake Geneva","VS",4.06491586778426,5.98340970470416
"2022-12-14","Northwestern","AG",5.12965667766222,10.0479164924774
"2022-12-14","Northwestern","BL",1.8645932714207,3.53198046905005
"2022-12-14","Northwestern","BS",2.18473346718112,5.18040569614187
"2022-12-14","Ticino","TI",2.96600871462795,4.52049179492095
"2022-12-14","Zurich","ZH",16.9860900255656,37.7674272534653
"2022-12-15","9999","9999",0.0124742043346386,0.0451362618882048
"2022-12-15","Central","LU",4.25371648350188,8.39276161188117
"2022-12-15","Central","NW",0.438760076084694,0.677553750558255
"2022-12-15","Central","OW",0.295186508294249,0.462748648801136
"2022-12-15","Central","SZ",1.47538178046825,2.26167339971899
"2022-12-15","Central","UR",0.317293189435262,0.464617996996807
"2022-12-15","Central","ZG",1.67785992733579,3.07817070343912
"2022-12-15","Eastern","AI",0.115657789961112,0.136598370880042
"2022-12-15","Eastern","AR",0.264296241977888,0.414995299438992
"2022-12-15","Eastern","GL",0.282577009334977,0.537148706988847
"2022-12-15","Eastern","GR",2.37279603425449,3.52066241542899
"2022-12-15","Eastern","SG",4.82032216740258,8.46818131453925
"2022-12-15","Eastern","SH",0.660893697886786,1.28624751121779
"2022-12-15","Eastern","TG",2.04997630865771,3.55539830371946
"2022-12-15","Espace Mittelland","BE",9.4430096994721,19.4749714669489
"2022-12-15","Espace Mittelland","FR",2.60171091681475,4.6955647504828
"2022-12-15","Espace Mittelland","JU",0.556383093991912,0.911018346123074
"2022-12-15","Espace Mittelland","NE",1.61033345560849,2.82608060221562
"2022-12-15","Espace Mittelland","SO",2.01302550966461,3.90258724587911
"2022-12-15","Lake Geneva","GE",7.6132756799949,11.8980613839566
"2022-12-15","Lake Geneva","VD",8.42942902719641,14.8276358999144
"2022-12-15","Lake Geneva","VS",4.05093892155127,5.85513843033211
"2022-12-15","Northwestern","AG",5.71309088803411,10.6412815979324
"2022-12-15","Northwestern","BL",2.03770969653548,3.72204219832629
"2022-12-15","Northwestern","BS",2.47261811491132,5.54706984768551
"2022-12-15","Ticino","TI",3.18229202753212,4.44612572488225
"2022-12-15","Zurich","ZH",18.3589142669225,39.5535044840565
"2022-12-16","9999","9999",0.0160920951437978,0.0566242562543292
"2022-12-16","Central","LU",5.28317121859581,9.41706245866191
"2022-12-16","Central","NW",0.548917943165974,0.743660700386989
"2022-12-16","Central","OW",0.373189312455384,0.511657595229695
"2022-12-16","Central","SZ",1.78685153274469,2.50502854664636
"2022-12-16","Central","UR",0.379177653276927,0.546359495371154
"2022-12-16","Central","ZG",1.97843315807819,3.29885575497535
"2022-12-16","Eastern","AI",0.146776642280805,0.153014646852935
"2022-12-16","Eastern","AR",0.30820406451932,0.439908612664936
"2022-12-16","Eastern","GL",0.356986918651786,0.596627967760201
"2022-12-16","Eastern","GR",3.24905293664856,4.11790216987141
"2022-12-16","Eastern","SG",5.60199892844339,9.08809116437281
"2022-12-16","Eastern","SH",0.733664556431057,1.38019075508752
"2022-12-16","Eastern","TG",2.35783080560742,3.79579648168277
"2022-12-16","Espace Mittelland","BE",11.7253184143464,21.4796264838376
"2022-12-16","Espace Mittelland","FR",3.3916670439427,5.40098878323106
"2022-12-16","Espace Mittelland","JU",0.655369738467373,1.00822445229797
"2022-12-16","Espace Mittelland","NE",2.05845058296382,3.1354747226737
"2022-12-16","Espace Mittelland","SO",2.36305787969361,4.15916378277222
"2022-12-16","Lake Geneva","GE",8.95525948249221,12.843203831688
"2022-12-16","Lake Geneva","VD",10.874266463102,17.2589781395023
"2022-12-16","Lake Geneva","VS",5.43088022250458,7.08156679928842
"2022-12-16","Northwestern","AG",6.86507014884723,11.6856694407794
"2022-12-16","Northwestern","BL",2.45368834140542,4.07528103101011
"2022-12-16","Northwestern","BS",2.90390863856198,5.8840623451415
"2022-12-16","Ticino","TI",3.99505391219999,5.00978518810061
"2022-12-16","Zurich","ZH",21.4812645884281,41.6876543486817
"2022-12-17","9999","9999",0.0218035732497312,0.0638637319939284
"2022-12-17","Central","LU",6.6721990207307,10.2744135174947
"2022-12-17","Central","NW",0.700951523112454,0.868091313920662
"2022-12-17","Central","OW",0.564175592881827,0.824586483185043
"2022-12-17","Central","SZ",2.40484970354758,3.11712112220711
"2022-12-17","Central","UR",0.497201331085448,0.691964725739429
"2022-12-17","Central","ZG",2.30419336934786,3.17690627631957
"2022-12-17","Eastern","AI",0.198576681282029,0.198116920592128
"2022-12-17","Eastern","AR",0.410787962370966,0.505301811364413
"2022-12-17","Eastern","GL",0.453374025860787,0.679627027648
"2022-12-17","Eastern","GR",4.90981571410666,5.61902275914434
"2022-12-17","Eastern","SG",7.55644214759518,10.3715856355206
"2022-12-17","Eastern","SH",0.941006766113587,1.53538064347723
"2022-12-17","Eastern","TG",3.08746380622082,4.37097792741627
"2022-12-17","Espace Mittelland","BE",13.9314729534673,22.2071768015928
"2022-12-17","Espace Mittelland","FR",3.73845460252486,5.40486343221845
"2022-12-17","Espace Mittelland","JU",0.801627108473563,1.04530552287029
"2022-12-17","Espace Mittelland","NE",2.42846064208724,3.35758727646844
"2022-12-17","Espace Mittelland","SO",2.91050614393023,4.54747838523664
"2022-12-17","Lake Geneva","GE",9.49306290312675,12.3143142449091
"2022-12-17","Lake Geneva","VD",13.5610750672448,18.472524999983
"2022-12-17","Lake Geneva","VS",6.7752256757141,7.94853650429168
"2022-12-17","Northwestern","AG",9.17273689606515,13.4121994343012
"2022-12-17","Northwestern","BL",3.02680158357798,4.17989655366967
"2022-12-17","Northwestern","BS",3.66021078682438,6.23189706213238
"2022-12-17","Ticino","TI",4.3650092214277,5.46638198193054
"2022-12-17","Zurich","ZH",27.2176552479385,43.2135522985845
"2022-12-18","9999","9999",0.0131453712487594,0.0400720276853867
"2022-12-18","Central","LU",2.9089834224905,5.05991770789361
"2022-12-18","Central","NW",0.322774558205524,0.416694706889602
"2022-12-18","Central","OW",0.369105054821226,0.538610197396372
"2022-12-18","Central","SZ",0.967929072800432,1.43905822917665
"2022-12-18","Central","UR",0.259350244246369,0.349092278504331
"2022-12-18","Central","ZG",0.789430350341728,1.32512995368775
"2022-12-18","Eastern","AI",0.0776589813949704,0.0910882393527025
"2022-12-18","Eastern","AR",0.118180639779767,0.168581219100524
"2022-12-18","Eastern","GL",0.170924275474455,0.327747720924668
"2022-12-18","Eastern","GR",2.9057267611628,3.1664039382748
"2022-12-18","Eastern","SG",2.47836935629892,4.05308676970514
"2022-12-18","Eastern","SH",0.320678809264917,0.622900806946634
"2022-12-18","Eastern","TG",0.866371622907796,1.41550444191119
"2022-12-18","Espace Mittelland","BE",5.17923322318753,9.90499632588109
"2022-12-18","Espace Mittelland","FR",0.756854961260621,1.71222098278772
"2022-12-18","Espace Mittelland","JU",0.106360458017397,0.217728082572169
"2022-12-18","Espace Mittelland","NE",0.783047568260923,1.32608162186009
"2022-12-18","Espace Mittelland","SO",1.01444247111338,1.83349069846326
"2022-12-18","Lake Geneva","GE",1.62825746166459,3.75919124519662
"2022-12-18","Lake Geneva","VD",2.20947293261059,4.74790649996159
"2022-12-18","Lake Geneva","VS",3.35216026558959,4.31867016608649
"2022-12-18","Northwestern","AG",3.14877706351157,5.26051576336363
"2022-12-18","Northwestern","BL",0.985655033904385,1.49292944536099
"2022-12-18","Northwestern","BS",1.45883787826716,3.12782738914595
"2022-12-18","Ticino","TI",2.27547001391366,2.93528452499183
"2022-12-18","Zurich","ZH",9.9935742904922,19.1359056924032
"2022-12-19","9999","9999",0.0141940935377043,0.0466657285937539
"2022-12-19","Central","LU",4.12391862543481,8.22084955417745
"2022-12-19","Central","NW",0.448161507626274,0.702637004529261
"2022-12-19","Central","OW",0.318029656006848,0.524505115556308
"2022-12-19","Central","SZ",1.52488727370061,2.40578315153072
"2022-12-19","Central","UR",0.312420640601819,0.491332682120398
"2022-12-19","Central","ZG",1.56193743782166,2.94806406902041
"2022-12-19","Eastern","AI",0.0947745287413789,0.130446515908833
"2022-12-19","Eastern","AR",0.238916044952903,0.416592742442565
"2022-12-19","Eastern","GL",0.280676250849791,0.525320831132601
"2022-12-19","Eastern","GR",3.1438378718253,4.08996391138338
"2022-12-19","Eastern","SG",4.58172144832784,8.41777688955415
"2022-12-19","Eastern","SH",0.586751401642952,1.22907944457926
"2022-12-19","Eastern","TG",1.97543442941847,3.54523584716481
"2022-12-19","Espace Mittelland","BE",9.28986599793656,19.4039702236624
"2022-12-19","Espace Mittelland","FR",2.75975773564707,4.90761681216993
"2022-12-19","Espace Mittelland","JU",0.547117936080325,0.880972822396287
"2022-12-19","Espace Mittelland","NE",1.49898546653621,2.70980714444487
"2022-12-19","Espace Mittelland","SO",1.77767785309388,3.64978339352635
"2022-12-19","Lake Geneva","GE",7.6929801795235,11.9061845515706
"2022-12-19","Lake Geneva","VD",9.10774621269133,15.8867745994327
"2022-12-19","Lake Geneva","VS",4.80718258794952,6.67748169568235
"2022-12-19","Northwestern","AG",5.44524539918683,10.5442114443536
"2022-12-19","Northwestern","BL",2.01301135324711,3.74508616335656
"2022-12-19","Northwestern","BS",2.42640697079698,5.46427471669178
"2022-12-19","Ticino","TI",3.23689789197707,4.58105867646069
"2022-12-19","Zurich","ZH",17.78734571507,38.5240374386259
"2022-12-20","9999","9999",0.0126844163653872,0.0503024605380596
"2022-12-20","Central","LU",4.48573407292306,8.61864685021627
"2022-12-20","Central","NW",0.492727703439791,0.732308658616913
"2022-12-20","Central","OW",0.343075350396689,0.530826911272578
"2022-12-20","Central","SZ",1.65372456303731,2.47743016964845
"2022-12-20","Central","UR",0.366872158977845,0.516110042750294
"2022-12-20","Central","ZG",1.68443760197149,3.09105221191475
"2022-12-20","Eastern","AI",0.129546003064357,0.150941369763191
"2022-12-20","Eastern","AR",0.277607084712476,0.445890526891084
"2022-12-20","Eastern","GL",0.313389942059996,0.551797599213106
"2022-12-20","Eastern","GR",3.1155707798808,4.08636116758808
"2022-12-20","Eastern","SG",5.13928293582655,8.91223648138367
"2022-12-20","Eastern","SH",0.69902984132473,1.31785648979914
"2022-12-20","Eastern","TG",2.15926299019792,3.67989689355116
"2022-12-20","Espace Mittelland","BE",10.2393885364354,20.5974640762259
"2022-12-20","Espace Mittelland","FR",3.02771199198976,5.19882727290648
"2022-12-20","Espace Mittelland","JU",0.60637763172941,0.923050150873394
"2022-12-20","Espace Mittelland","NE",1.70514972913839,2.88997832235856
"2022-12-20","Espace Mittelland","SO",1.99703062583697,3.88685073288646
"2022-12-20","Lake Geneva","GE",8.4467026760763,12.1254421008483
"2022-12-20","Lake Geneva","VD",9.66573028197935,16.3467362200148
"2022-12-20","Lake Geneva","VS",5.07259875723415,6.85557959650629
"2022-12-20","Northwestern","AG",6.03772048909056,11.0322472760198
"2022-12-20","Northwestern","BL",2.19475890499065,3.90635993041946
"2022-12-20","Northwestern","BS",2.63878422462249,5.71092671407334
"2022-12-20","Ticino","TI",3.55015804142255,4.88532058641793
"2022-12-20","Zurich","ZH",19.6017382780565,40.2322818079792
"2022-12-21","9999","9999",0.0138741624183284,0.0488749582795471
"2022-12-21","Central","LU",4.97979815783851,9.21901351436781
"2022-12-21","Central","NW",0.535114829124581,0.787437436314706
"2022-12-21","Central","OW",0.329645589839118,0.512303370060927
"2022-12-21","Central","SZ",1.85406579966291,2.6444139457454
"2022-12-21","Central","UR",0.416153573547545,0.537250671435884
"2022-12-21","Central","ZG",1.87592629620026,3.22911207320232
"2022-12-21","Eastern","AI",0.136743916755378,0.161035850019815
"2022-12-21","Eastern","AR",0.291674812154424,0.4526201803955
"2022-12-21","Eastern","GL",0.362889522099983,0.596424038866128
"2022-12-21","Eastern","GR",3.46213896294205,4.28553172079959
"2022-12-21","Eastern","SG",5.71897312425481,9.45009893950177
"2022-12-21","Eastern","SH",0.763817197033487,1.40078757338891
"2022-12-21","Eastern","TG",2.41956299103947,3.91951334408718
"2022-12-21","Espace Mittelland","BE",11.2279759537643,21.3707624425515
"2022-12-21","Espace Mittelland","FR",3.42858804201266,5.45057749263987
"2022-12-21","Espace Mittelland","JU",0.707323070127756,1.02725781574481
"2022-12-21","Espace Mittelland","NE",2.00353222784022,3.16426268488703
"2022-12-21","Espace Mittelland","SO",2.22090176677064,4.04329818278963
"2022-12-21","Lake Geneva","GE",9.52319288171312,12.990916327295
"2022-12-21","Lake Geneva","VD",11.022054801689,17.522692187688
"2022-12-21","Lake Geneva","VS",5.81216241619024,7.46525901348718
"2022-12-21","Northwestern","AG",6.72391110980647,11.7776413720064
"2022-12-21","Northwestern","BL",2.40738504547462,4.03918561675915
"2022-12-21","Northwestern","BS",2.82676267163937,5.89398688465306
"2022-12-21","Ticino","TI",3.91039803041039,5.15831339928394
"2022-12-21","Zurich","ZH",21.0838723916326,41.5516677644839
"2022-12-22","9999","9999",0.0150795647249754,0.0455441196763512
"2022-12-22","Central","LU",5.74122853589001,9.874101098429
"2022-12-22","Central","NW",0.565972032471947,0.818808497852969
"2022-12-22","Central","OW",0.393695734932216,0.54907854729213
"2022-12-22","Central","SZ",2.03243979683884,2.779788743261
"2022-12-22","Central","UR",0.44991673892281,0.571510725640184
"2022-12-22","Central","ZG",2.2068355939892,3.30018129278683
"2022-12-22","Eastern","AI",0.150933013449728,0.172081998448781
"2022-12-22","Eastern","AR",0.331861866087519,0.488919523540532
"2022-12-22","Eastern","GL",0.402324253490694,0.636564042849539
"2022-12-22","Eastern","GR",3.81782828439449,4.50427944784213
"2022-12-22","Eastern","SG",6.57407221708221,10.2933789046435
"2022-12-22","Eastern","SH",0.859854865901583,1.47719293236834
"2022-12-22","Eastern","TG",2.74748358909959,4.20304248314698
"2022-12-22","Espace Mittelland","BE",12.8161426094707,22.8712372569932
"2022-12-22","Espace Mittelland","FR",3.60106688401317,5.61457031162374
"2022-12-22","Espace Mittelland","JU",0.842601729141979,1.23635290846788
"2022-12-22","Espace Mittelland","NE",2.28733554320428,3.42675315970827
"2022-12-22","Espace Mittelland","SO",2.718557027397,4.5521007735023
"2022-12-22","Lake Geneva","GE",9.80493565708531,13.4425848395182
"2022-12-22","Lake Geneva","VD",11.7749073423315,17.9518605452651
"2022-12-22","Lake Geneva","VS",6.02553778555966,7.47470771891257
"2022-12-22","Northwestern","AG",7.66650151498926,12.4997535859197
"2022-12-22","Northwestern","BL",2.70994193687603,4.3306679826878
"2022-12-22","Northwestern","BS",3.20075812060372,6.3601003602064
"2022-12-22","Ticino","TI",4.51499823483376,5.73414061984867
"2022-12-22","Zurich","ZH",23.8549217479646,44.3546024372222
"2022-12-23","9999","9999",0.019579605935227,0.064985340911331
"2022-12-23","Central","LU",7.45930153520532,11.6682335203361
"2022-12-23","Central","NW",0.763108910152163,0.981543755323394
"2022-12-23","Central","OW",0.46539413226559,0.618958181661218
"2022-12-23","Central","SZ",2.65913609348126,3.33060068615275
"2022-12-23","Central","UR",0.533881701386158,0.681836257333793
"2022-12-23","Central","ZG",2.64851574544305,3.82781331805226
"2022-12-23","Eastern","AI",0.20608216712877,0.217218260336986
"2022-12-23","Eastern","AR",0.434990686154194,0.587077297887773
"2022-12-23","Eastern","GL",0.540410970080864,0.748894875334868
"2022-12-23","Eastern","GR",4.86111757134992,5.26534208052336
"2022-12-23","Eastern","SG",8.456240952987,11.8705649714058
"2022-12-23","Eastern","SH",1.07320582670939,1.74505353473351
"2022-12-23","Eastern","TG",3.63879417523296,5.05859217008214
"2022-12-23","Espace Mittelland","BE",15.8203917394394,25.0777818790144
"2022-12-23","Espace Mittelland","FR",4.76221225089165,6.92148261744095
"2022-12-23","Espace Mittelland","JU",1.02674818470966,1.29889110265033
"2022-12-23","Espace Mittelland","NE",2.8290285129711,3.85881050995139
"2022-12-23","Espace Mittelland","SO",3.25788532328306,5.01430561191924
"2022-12-23","Lake Geneva","GE",10.6595308989305,13.3875580262674
"2022-12-23","Lake Geneva","VD",14.5162995522535,20.0009040847637
"2022-12-23","Lake Geneva","VS",7.99458211385326,9.02582487538245
"2022-12-23","Northwestern","AG",9.86088651433706,14.6275816548286
"2022-12-23","Northwestern","BL",3.59060701061743,5.07935892912859
"2022-12-23","Northwestern","BS",3.81725195960356,6.8558854898474
"2022-12-23","Ticino","TI",5.38255808437818,6.31159927156599
"2022-12-23","Zurich","ZH",28.5499334106009,46.1474093213178
"2022-12-24","9999","9999",0.0161797396195837,0.0464617996996807
"2022-12-24","Central","LU",5.16539641569769,8.19287730754041
"2022-12-24","Central","NW",0.538829492655496,0.716912027114386
"2022-12-24","Central","OW",0.389679099156236,0.522023980678417
"2022-12-24","Central","SZ",1.94053073454768,2.54268741575188
"2022-12-24","Central","UR",0.408780163355816,0.547447116139544
"2022-12-24","Central","ZG",1.7256601655372,2.55234005007134
"2022-12-24","Eastern","AI",0.159194753524377,0.187784523292418
"2022-12-24","Eastern","AR",0.320308478949644,0.461321146542623
"2022-12-24","Eastern","GL",0.419655346489048,0.614777639332717
"2022-12-24","Eastern","GR",4.30626509741297,4.65008860710447
"2022-12-24","Eastern","SG",6.04893508946584,8.79011706198283
"2022-12-24","Eastern","SH",0.843080917021162,1.44415645152848
"2022-12-24","Eastern","TG",2.7459768763555,4.10998293115157
"2022-12-24","Espace Mittelland","BE",11.8721998180327,18.7478629951309
"2022-12-24","Espace Mittelland","FR",3.21242708911432,4.7885903143292
"2022-12-24","Espace Mittelland","JU",0.780893971851646,1.03283187218281
"2022-12-24","Espace Mittelland","NE",2.15010640398068,3.10022901214804
"2022-12-24","Espace Mittelland","SO",2.49100807269414,3.99673441864291
"2022-12-24","Lake Geneva","GE",7.25012174812748,9.90819121188824
"2022-12-24","Lake Geneva","VD",10.6235530080513,15.1946059447992
"2022-12-24","Lake Geneva","VS",6.84484378064348,7.82210058996629
"2022-12-24","Northwestern","AG",7.63024713341651,11.5268768085944
"2022-12-24","Northwestern","BL",2.47703874703887,3.80106464477966
"2022-12-24","Northwestern","BS",2.56063971139361,4.63153107774381
"2022-12-24","Ticino","TI",4.20165660864625,5.47090240574916
"2022-12-24","Zurich","ZH",20.2269247213057,32.0794085518261
"2022-12-25","9999","9999",0.0144043290645815,0.0440826292688265
"2022-12-25","Central","LU",0.776426237818251,1.79681748567909
"2022-12-25","Central","NW",0.109561292543495,0.118958521542709
"2022-12-25","Central","OW",0.248999592604542,0.346203285838294
"2022-12-25","Central","SZ",0.29809160488141,0.524335174811247
"2022-12-25","Central","UR",0.176710913779832,0.223676008649304
"2022-12-25","Central","ZG",0.167193908697576,0.386785135758864
"2022-12-25","Eastern","AI",0.0157914504300001,0.0253891473121152
"2022-12-25","Eastern","AR",0.0773420577800583,0.106416894557206
"2022-12-25","Eastern","GL",0.0614147409862947,0.163754901940791
"2022-12-25","Eastern","GR",2.17933603441434,2.03629798361907
"2022-12-25","Eastern","SG",0.801481549956742,1.70719073673392
"2022-12-25","Eastern","SH",0.107840545731735,0.257596181363482
"2022-12-25","Eastern","TG",0.202954131441189,0.35463234679332
"2022-12-25","Espace Mittelland","BE",2.43979394882035,5.02807081226918
"2022-12-25","Espace Mittelland","FR",0.41928974281165,0.957514133971767
"2022-12-25","Espace Mittelland","JU",0.0631834825567893,0.148630175630361
"2022-12-25","Espace Mittelland","NE",0.200552607798701,0.41173243713382
"2022-12-25","Espace Mittelland","SO",0.320692362615111,0.78889892672223
"2022-12-25","Lake Geneva","GE",0.972631728959844,2.11844733978157
"2022-12-25","Lake Geneva","VD",1.37862460531742,2.74634440463299
"2022-12-25","Lake Geneva","VS",3.07957373574077,3.3276777053377
"2022-12-25","Northwestern","AG",0.929711922543038,2.12184615468278
"2022-12-25","Northwestern","BL",0.308926045727609,0.76806419137775
"2022-12-25","Northwestern","BS",0.391387400851869,1.17714555288862
"2022-12-25","Ticino","TI",0.492683468061636,0.763611743857152
"2022-12-25","Zurich","ZH",3.28973976106951,8.1365929327762
"2022-12-26","9999","9999",0.0137451569241229,0.0434368544375947
"2022-12-26","Central","LU",1.0356891782827,2.5274267368454
"2022-12-26","Central","NW",0.12847038162416,0.189076072954882
"2022-12-26","Central","OW",0.310194167033595,0.387532875037132
"2022-12-26","Central","SZ",0.376460192856929,0.641696253350382
"2022-12-26","Central","UR",0.254579692107279,0.321833782996545
"2022-12-26","Central","ZG",0.214797061372088,0.528447740841723
"2022-12-26","Eastern","AI",0.0182415249062664,0.0274284362528474
"2022-12-26","Eastern","AR",0.0789829060064356,0.105329273788815
"2022-12-26","Eastern","GL",0.0952302870643039,0.235469896356538
"2022-12-26","Eastern","GR",4.29233251970286,4.36224297312013
"2022-12-26","Eastern","SG",0.988784432367426,2.1299693222967
"2022-12-26","Eastern","SH",0.144128256562938,0.331996239551193
"2022-12-26","Eastern","TG",0.299987131561955,0.659234138240678
"2022-12-26","Espace Mittelland","BE",3.31973151976324,6.34969998660867
"2022-12-26","Espace Mittelland","FR",1.61183895438594,2.84800295832849
"2022-12-26","Espace Mittelland","JU",0.0810022846969749,0.200734008066068
"2022-12-26","Espace Mittelland","NE",0.234814956258608,0.539391924823653
"2022-12-26","Espace Mittelland","SO",0.744418151014686,1.60981468981396
"2022-12-26","Lake Geneva","GE",4.48732691464264,6.93895252603322
"2022-12-26","Lake Geneva","VD",6.05267963615634,9.69185664342557
"2022-12-26","Lake Geneva","VS",5.7651540092715,6.91291760388988
"2022-12-26","Northwestern","AG",1.11029385092569,2.73580807843921
"2022-12-26","Northwestern","BL",0.352373402888349,0.91373739804405
"2022-12-26","Northwestern","BS",0.537553026307828,1.5492138201252
"2022-12-26","Ticino","TI",0.633340817764038,1.27778446211375
"2022-12-26","Zurich","ZH",4.26561017290265,10.5857449624465
"2022-12-27","9999","9999",0.0129329388338559,0.0456460841233879
"2022-12-27","Central","LU",4.88185324946975,7.87760323730322
"2022-12-27","Central","NW",0.467515613383061,0.632995287203258
"2022-12-27","Central","OW",0.474084390818047,0.648799776493932
"2022-12-27","Central","SZ",1.57775312450833,2.24060074733142
"2022-12-27","Central","UR",0.459932233953913,0.585105985245065
"2022-12-27","Central","ZG",1.31477580638253,2.25025338165089
"2022-12-27","Eastern","AI",0.108522591353408,0.141628616933848
"2022-12-27","Eastern","AR",0.244718323847901,0.362789502556249
"2022-12-27","Eastern","GL",0.323603137433356,0.561280292787511
"2022-12-27","Eastern","GR",6.04008664714345,6.91818576698677
"2022-12-27","Eastern","SG",5.26937493017979,8.00274760196615
"2022-12-27","Eastern","SH",0.619610952903627,1.13520417700756
"2022-12-27","Eastern","TG",1.90451945958575,3.11144510132207
"2022-12-27","Espace Mittelland","BE",11.1154598194134,18.2916060827911
"2022-12-27","Espace Mittelland","FR",2.61514152323295,4.02994084022783
"2022-12-27","Espace Mittelland","JU",0.544408730633517,0.762150253449627
"2022-12-27","Espace Mittelland","NE",1.58127099229794,2.41400828359168
"2022-12-27","Espace Mittelland","SO",1.828602864937,3.25361752864011
"2022-12-27","Lake Geneva","GE",5.89513731836577,8.11586016187876
"2022-12-27","Lake Geneva","VD",7.87671220645851,11.9250479742723
"2022-12-27","Lake Geneva","VS",7.0497504129611,8.32437745606862
"2022-12-27","Northwestern","AG",5.97381578503364,9.68325764172548
"2022-12-27","Northwestern","BL",2.1075871517326,3.25324365900098
"2022-12-27","Northwestern","BS",2.33896403697042,4.6089289586507
"2022-12-27","Ticino","TI",3.50638560749027,4.53629628421162
"2022-12-27","Zurich","ZH",16.7083218748914,29.9850927978433
"2022-12-28","9999","9999",0.0141733151279585,0.0452382263352414
"2022-12-28","Central","LU",4.45772190614208,7.52127148305929
"2022-12-28","Central","NW",0.399161968279623,0.577798533207441
"2022-12-28","Central","OW",0.572746542009157,0.819216355641115
"2022-12-28","Central","SZ",1.4537880589753,2.15427084884043
"2022-12-28","Central","UR",0.436060480554492,0.614233828948522
"2022-12-28","Central","ZG",1.16790957336329,2.08564877598479
"2022-12-28","Eastern","AI",0.118993680234536,0.155801675071936
"2022-12-28","Eastern","AR",0.252446603902268,0.373529757644105
"2022-12-28","Eastern","GL",0.300728422671952,0.535687216581322
"2022-12-28","Eastern","GR",6.03647808821337,7.2185390398076
"2022-12-28","Eastern","SG",4.77875844004926,7.47345015739912
"2022-12-28","Eastern","SH",0.608423392656372,1.08649915947308
"2022-12-28","Eastern","TG",1.76750693117193,2.86679840473224
"2022-12-28","Espace Mittelland","BE",10.5978898667294,17.6262880658772
"2022-12-28","Espace Mittelland","FR",2.48128068327619,3.91329351281795
"2022-12-28","Espace Mittelland","JU",0.469087030549357,0.686152752258342
"2022-12-28","Espace Mittelland","NE",1.37856541465339,2.14502607230911
"2022-12-28","Espace Mittelland","SO",1.71095317109176,3.03153896299438
"2022-12-28","Lake Geneva","GE",5.60660351176193,7.98905037791423
"2022-12-28","Lake Geneva","VD",7.85088402441315,11.9944177864062
"2022-12-28","Lake Geneva","VS",6.87629030605693,8.56508152737304
"2022-12-28","Northwestern","AG",5.47512617000098,9.04037180315967
"2022-12-28","Northwestern","BL",1.91581937440406,3.03945820171423
"2022-12-28","Northwestern","BS",2.19881674122817,4.47620523675805
"2022-12-28","Ticino","TI",3.15446091800228,4.24165302042484
"2022-12-28","Zurich","ZH",15.5940596296579,28.608504786551
"2022-12-29","9999","9999",0.0125329877324324,0.044320546311912
"2022-12-29","Central","LU",4.74060817152199,7.78712678463273
"2022-12-29","Central","NW",0.474794498649339,0.598803209296982
"2022-12-29","Central","OW",0.528197549277814,0.709978444715896
"2022-12-29","Central","SZ",1.55407289980138,2.19679002325469
"2022-12-29","Central","UR",0.406875680734244,0.574297753859184
"2022-12-29","Central","ZG",1.34388299457392,2.20671456276625
"2022-12-29","Eastern","AI",0.11682722752688,0.151145298657264
"2022-12-29","Eastern","AR",0.2700078258164,0.381516972661972
"2022-12-29","Eastern","GL",0.329878338573238,0.54306264491697
"2022-12-29","Eastern","GR",6.30288035477212,7.46111245930769
"2022-12-29","Eastern","SG",5.10260924234239,7.79004976544778
"2022-12-29","Eastern","SH",0.607526353541775,1.09237910925219
"2022-12-29","Eastern","TG",1.89765096945007,2.9967690865549
"2022-12-29","Espace Mittelland","BE",11.1675154375537,18.1650342158696
"2022-12-29","Espace Mittelland","FR",2.65575197348781,4.07487317322196
"2022-12-29","Espace Mittelland","JU",0.495865094502585,0.719121256800179
"2022-12-29","Espace Mittelland","NE",1.464573087463,2.23264752046257
"2022-12-29","Espace Mittelland","SO",1.88045499877141,3.19070546481853
"2022-12-29","Lake Geneva","GE",6.00972530609454,8.48255830157141
"2022-12-29","Lake Geneva","VD",8.19324231995652,12.1893398209912
"2022-12-29","Lake Geneva","VS",7.07657625237586,8.7772355535072
"2022-12-29","Northwestern","AG",5.85101180027663,9.39106152466758
"2022-12-29","Northwestern","BL",2.0385650182737,3.16344696931074
"2022-12-29","Northwestern","BS",2.23939759419301,4.57164395918431
"2022-12-29","Ticino","TI",3.4006844625901,4.53265955226732
"2022-12-29","Zurich","ZH",16.0813522673649,29.2555031911473
"2022-12-30","9999","9999",0.015534727812642,0.0508462709222548
"2022-12-30","Central","LU",5.50257715916196,8.7702679829597
"2022-12-30","Central","NW",0.570706173443714,0.708584930606396
"2022-12-30","Central","OW",0.61627930368142,0.786213862950267
"2022-12-30","Central","SZ",1.89538095755551,2.55383552862788
"2022-12-30","Central","UR",0.486483235236148,0.658214493770312
"2022-12-30","Central","ZG",1.60576215064013,2.53711335931387
"2022-12-30","Eastern","AI",0.151305560233134,0.190163693723273
"2022-12-30","Eastern","AR",0.362675272651132,0.474270631316273
"2022-12-30","Eastern","GL",0.394302808323474,0.637515711021881
"2022-12-30","Eastern","GR",6.96360793894556,7.87753526100519
"2022-12-30","Eastern","SG",5.80913116105646,8.68145694959082
"2022-12-30","Eastern","SH",0.718450860139815,1.2403295219023
"2022-12-30","Eastern","TG",2.38581134268326,3.5510478206459
"2022-12-30","Espace Mittelland","BE",12.7988749481876,19.9595744955649
"2022-12-30","Espace Mittelland","FR",3.25181309736631,4.78678894243155
"2022-12-30","Espace Mittelland","JU",0.597946605964053,0.828019286235276
"2022-12-30","Espace Mittelland","NE",1.68171590050027,2.47083646874008
"2022-12-30","Espace Mittelland","SO",2.26608069071037,3.63231348493407
"2022-12-30","Lake Geneva","GE",6.26054975685677,8.89218347346647
"2022-12-30","Lake Geneva","VD",9.64487827452671,13.7617335587427
"2022-12-30","Lake Geneva","VS",8.22558708670315,9.67537239115465
"2022-12-30","Northwestern","AG",6.86479914449969,10.5003327439788
"2022-12-30","Northwestern","BL",2.44422392065903,3.61331410963625
"2022-12-30","Northwestern","BS",2.46903730490915,4.85021082848832
"2022-12-30","Ticino","TI",3.65917189374924,4.81183820825355
"2022-12-30","Zurich","ZH",19.0043370877262,32.5070814308467
"2022-12-31","9999","9999",0.018284855683469,0.0642715897820748
"2022-12-31","Central","LU",4.42513732224263,7.59716701980353
"2022-12-31","Central","NW",0.470916325559335,0.658010564876239
"2022-12-31","Central","OW",0.591534336241826,0.803105973009331
"2022-12-31","Central","SZ",1.53928688004334,2.25742488109246
"2022-12-31","Central","UR",0.394640381119424,0.59197159134553
"2022-12-31","Central","ZG",1.32291512771103,2.20678253906428
"2022-12-31","Eastern","AI",0.12787125775642,0.175446825200989
"2022-12-31","Eastern","AR",0.273098953001935,0.44368129720529
"2022-12-31","Eastern","GL",0.338670319698547,0.580653537724466
"2022-12-31","Eastern","GR",6.20571874075929,7.2661564365737
"2022-12-31","Eastern","SG",4.70798122801866,7.57531263998869
"2022-12-31","Eastern","SH",0.645451231539204,1.20712310031738
"2022-12-31","Eastern","TG",2.09953173116339,3.5090044803178
"2022-12-31","Espace Mittelland","BE",10.2780405138812,17.5964464710445
"2022-12-31","Espace Mittelland","FR",2.3699346639627,3.94163962909413
"2022-12-31","Espace Mittelland","JU",0.501831846297944,0.789170831914328
"2022-12-31","Espace Mittelland","NE",1.41321392981926,2.35775789697648
"2022-12-31","Espace Mittelland","SO",1.86672594844346,3.2939614615176
"2022-12-31","Lake Geneva","GE",4.69755721754725,7.77050657976577
"2022-12-31","Lake Geneva","VD",8.14764061059437,13.029900734212
"2022-12-31","Lake Geneva","VS",7.43295268678172,9.34262841232519
"2022-12-31","Northwestern","AG",5.65076340860327,9.46403408059678
"2022-12-31","Northwestern","BL",1.93308472131851,3.3065030885031
"2022-12-31","Northwestern","BS",2.04979049344051,4.26982919595595
"2022-12-31","Ticino","TI",3.02201081302021,4.49061621193922
"2022-12-31","Zurich","ZH",16.2767353352643,29.605717078569
"2023-01-01","9999","9999",0.0124307443287287,0.0500645434949742
"2023-01-01","Central","LU",1.16611089772493,2.59084862290217
"2023-01-01","Central","NW",0.204249375111648,0.184011838752064
"2023-01-01","Central","OW",0.373636294974268,0.428964428683007
"2023-01-01","Central","SZ",0.427807520199906,0.66049169975413
"2023-01-01","Central","UR",0.261232675751228,0.30956406120314
"2023-01-01","Central","ZG",0.207847693645664,0.454455540442159
"2023-01-01","Eastern","AI",0.0328993850307347,0.0409557195597039
"2023-01-01","Eastern","AR",0.12317413885132,0.115015896257293
"2023-01-01","Eastern","GL",0.0842590086810246,0.201175854003226
"2023-01-01","Eastern","GR",4.1458220963914,3.76262404824686
"2023-01-01","Eastern","SG",0.920948219008527,1.90948819965454
"2023-01-01","Eastern","SH",0.127742526383715,0.316191750260519
"2023-01-01","Eastern","TG",0.269313013964842,0.532288401680102
"2023-01-01","Espace Mittelland","BE",3.34899517650717,6.27400837875849
"2023-01-01","Espace Mittelland","FR",0.48580439292001,1.04030926496549
"2023-01-01","Espace Mittelland","JU",0.0726961291071855,0.142886178447299
"2023-01-01","Espace Mittelland","NE",0.22921692529371,0.41064481636543
"2023-01-01","Espace Mittelland","SO",0.350721820847212,0.788559045232109
"2023-01-01","Lake Geneva","GE",1.49803733508992,2.9171008652703
"2023-01-01","Lake Geneva","VD",1.73633552192853,3.27166523576559
"2023-01-01","Lake Geneva","VS",4.21667655194485,4.67184102247229
"2023-01-01","Northwestern","AG",0.931822023702213,2.22170333648064
"2023-01-01","Northwestern","BL",0.305257293632024,0.763543767559127
"2023-01-01","Northwestern","BS",0.60965732709521,1.62786239693944
"2023-01-01","Ticino","TI",0.774894258903849,1.17493632320283
"2023-01-01","Zurich","ZH",4.03567877341374,10.4788862219521
"2023-01-02","9999","9999",0.0103724012248892,0.0401060158343989
"2023-01-02","Central","LU",2.87983315414729,5.36414562970184
"2023-01-02","Central","NW",0.330797452300676,0.438820991896546
"2023-01-02","Central","OW",0.472077684372878,0.574093824965111
"2023-01-02","Central","SZ",1.24211846546768,1.94490385092526
"2023-01-02","Central","UR",0.438149595754785,0.506355443983792
"2023-01-02","Central","ZG",0.695206198833239,1.40415240014112
"2023-01-02","Eastern","AI",0.0818958150563639,0.12082786973838
"2023-01-02","Eastern","AR",0.186641791419721,0.309903942693262
"2023-01-02","Eastern","GL",0.18976985060343,0.422200787029578
"2023-01-02","Eastern","GR",6.23610145936922,6.1266697527906
"2023-01-02","Eastern","SG",3.84990588449459,6.60885962282671
"2023-01-02","Eastern","SH",0.306279708088954,0.677553750558255
"2023-01-02","Eastern","TG",0.293211713507772,0.736625153541463
"2023-01-02","Espace Mittelland","BE",3.85850049422344,7.34001268437721
"2023-01-02","Espace Mittelland","FR",1.74619817072692,3.15199296309363
"2023-01-02","Espace Mittelland","JU",0.108141542887462,0.318910802181495
"2023-01-02","Espace Mittelland","NE",0.246784264033328,0.557779513439254
"2023-01-02","Espace Mittelland","SO",0.906915304997156,1.9477928435913
"2023-01-02","Lake Geneva","GE",4.33568036684286,6.96022910731486
"2023-01-02","Lake Geneva","VD",1.92707038594666,3.97831284187829
"2023-01-02","Lake Geneva","VS",6.53386969094841,7.91539805900479
"2023-01-02","Northwestern","AG",2.16386575648251,4.74036113088088
"2023-01-02","Northwestern","BL",1.56977585206292,2.90143232857567
"2023-01-02","Northwestern","BS",1.76176282477538,4.05675748979846
"2023-01-02","Ticino","TI",2.95019363884062,3.86414664934631
"2023-01-02","Zurich","ZH",8.92784075743185,19.2262122043286
"2023-01-03","9999","9999",0.0123107339357644,0.0418394114340212
"2023-01-03","Central","LU",3.69797936074216,6.80633076858761
"2023-01-03","Central","NW",0.384243712309689,0.576880853184112
"2023-01-03","Central","OW",0.384960312904524,0.525286842983589
"2023-01-03","Central","SZ",1.22460004175184,1.91241118046959
"2023-01-03","Central","UR",0.345450918649092,0.469206397113455
"2023-01-03","Central","ZG",1.17158911018191,2.33896245057273
"2023-01-03","Eastern","AI",0.0826535730365038,0.109951662054475
"2023-01-03","Eastern","AR",0.232654064301393,0.358405031333675
"2023-01-03","Eastern","GL",0.252385102785596,0.4668272266826
"2023-01-03","Eastern","GR",5.21044915367865,5.80558370907232
"2023-01-03","Eastern","SG",3.98918644329613,6.87587052146657
"2023-01-03","Eastern","SH",0.518928389192318,1.10543055847287
"2023-01-03","Eastern","TG",1.71480647352961,3.02283799684726
"2023-01-03","Espace Mittelland","BE",9.38675791555301,17.3124414978985
"2023-01-03","Espace Mittelland","FR",2.24426199770187,3.72448934505517
"2023-01-03","Espace Mittelland","JU",0.472433932675062,0.72731240071212
"2023-01-03","Espace Mittelland","NE",1.30437489652158,2.2597700633743
"2023-01-03","Espace Mittelland","SO",1.54956869977636,3.03442795566042
"2023-01-03","Lake Geneva","GE",5.09827524827312,8.13574322905089
"2023-01-03","Lake Geneva","VD",7.84151638813657,12.5962459409653
"2023-01-03","Lake Geneva","VS",6.10638844973863,7.61484085728988
"2023-01-03","Northwestern","AG",4.88810599222669,8.96423834937234
"2023-01-03","Northwestern","BL",1.61447360661662,3.10203038404569
"2023-01-03","Northwestern","BS",1.84792931966642,4.43361808604576
"2023-01-03","Ticino","TI",2.71327119340914,3.77553954487149
"2023-01-03","Zurich","ZH",13.9485196375768,29.7247095882608
"2023-01-04","9999","9999",0.0125960905018713,0.044660427802034
"2023-01-04","Central","LU",3.59182893461853,6.9931976118567
"2023-01-04","Central","NW",0.362158291249058,0.567364171460695
"2023-01-04","Central","OW",0.429044035296871,0.611344836282485
"2023-01-04","Central","SZ",1.21255052994206,1.94684117541895
"2023-01-04","Central","UR",0.35305130144332,0.50679728992095
"2023-01-04","Central","ZG",1.19129685617061,2.52885423910391
"2023-01-04","Eastern","AI",0.089337771287329,0.124294660937624
"2023-01-04","Eastern","AR",0.221398905692089,0.369485167911653
"2023-01-04","Eastern","GL",0.251594313164634,0.472367294971589
"2023-01-04","Eastern","GR",4.66217018381456,5.75521327223624
"2023-01-04","Eastern","SG",3.89130334540973,6.96305012368287
"2023-01-04","Eastern","SH",0.50251239991545,1.11617081356073
"2023-01-04","Eastern","TG",1.53534454685811,2.86649251139113
"2023-01-04","Espace Mittelland","BE",8.61036947908969,16.6037206146961
"2023-01-04","Espace Mittelland","FR",2.05694760610418,3.66616568135023
"2023-01-04","Espace Mittelland","JU",0.422228556343386,0.671367907438035
"2023-01-04","Espace Mittelland","NE",1.18823831028343,2.04911151579667
"2023-01-04","Espace Mittelland","SO",1.46451279248093,2.96930666215304
"2023-01-04","Lake Geneva","GE",5.07086994733425,8.15814141924993
"2023-01-04","Lake Geneva","VD",7.20225308919952,11.9150214703137
"2023-01-04","Lake Geneva","VS",5.57150679619451,7.623541823437
"2023-01-04","Northwestern","AG",4.60906941871287,8.72927827525099
"2023-01-04","Northwestern","BL",1.64126072049539,3.14186449468799
"2023-01-04","Northwestern","BS",1.79793451563947,4.39381796355247
"2023-01-04","Ticino","TI",2.57799473911499,3.860509917402
"2023-01-04","Zurich","ZH",13.4952751654532,30.3612056548123
"2023-01-05","9999","9999",0.0127623530240303,0.0456120959743757
"2023-01-05","Central","LU",3.72056807670994,7.23111465494212
"2023-01-05","Central","NW",0.378027721413937,0.599958806363397
"2023-01-05","Central","OW",0.36676040355807,0.517639509455843
"2023-01-05","Central","SZ",1.36347817844242,2.11300923593961
"2023-01-05","Central","UR",0.326333097793781,0.498164300071851
"2023-01-05","Central","ZG",1.24217912855577,2.63323184472038
"2023-01-05","Eastern","AI",0.0871791584545902,0.12222138384788
"2023-01-05","Eastern","AR",0.22605123314399,0.373563745793117
"2023-01-05","Eastern","GL",0.263174987139884,0.491706551759532
"2023-01-05","Eastern","GR",4.62157876150786,5.59825600009789
"2023-01-05","Eastern","SG",4.08847713942403,7.33878911101277
"2023-01-05","Eastern","SH",0.541856295272904,1.17663573065344
"2023-01-05","Eastern","TG",1.60586637163466,2.96128545898616
"2023-01-05","Espace Mittelland","BE",8.70616946503666,17.0404683295029
"2023-01-05","Espace Mittelland","FR",2.18445708222012,3.8407288146769
"2023-01-05","Espace Mittelland","JU",0.437277317643736,0.703146826764444
"2023-01-05","Espace Mittelland","NE",1.23784199775332,2.16861384772358
"2023-01-05","Espace Mittelland","SO",1.60019220538098,3.15848469955496
"2023-01-05","Lake Geneva","GE",5.40656665573457,8.99017130706865
"2023-01-05","Lake Geneva","VD",7.1585820684744,12.1659899626198
"2023-01-05","Lake Geneva","VS",5.6686843523306,7.47681498415133
"2023-01-05","Northwestern","AG",4.86932671142462,9.1234388393455
"2023-01-05","Northwestern","BL",1.73826019555663,3.2883874050796
"2023-01-05","Northwestern","BS",1.90617496156435,4.63554167932725
"2023-01-05","Ticino","TI",3.26924078686545,4.64305306025895
"2023-01-05","Zurich","ZH",14.0309175492377,31.5029695445792
"2023-01-06","9999","9999",0.0177881827685682,0.0617564667551718
"2023-01-06","Central","LU",4.49657451703013,8.3491208285495
"2023-01-06","Central","NW",0.444798957078905,0.717387861200557
"2023-01-06","Central","OW",0.492421427487166,0.716844050816361
"2023-01-06","Central","SZ",0.943295704139756,1.54380970443226
"2023-01-06","Central","UR",0.293828087449943,0.387600851335156
"2023-01-06","Central","ZG",1.56158435758081,3.01315137437878
"2023-01-06","Eastern","AI",0.119938674947653,0.16079793297673
"2023-01-06","Eastern","AR",0.286056222076981,0.440486411198143
"2023-01-06","Eastern","GL",0.322659254870327,0.57623507835288
"2023-01-06","Eastern","GR",5.36101164884408,6.23628153335495
"2023-01-06","Eastern","SG",5.0368122227425,8.53180712949009
"2023-01-06","Eastern","SH",0.666110406264237,1.41948105534562
"2023-01-06","Eastern","TG",1.99036560825914,3.5020369097703
"2023-01-06","Espace Mittelland","BE",10.3923538122862,19.1429072510997
"2023-01-06","Espace Mittelland","FR",2.65373469378477,4.59965019397037
"2023-01-06","Espace Mittelland","JU",0.515129840566197,0.785296182926937
"2023-01-06","Espace Mittelland","NE",1.37507997935333,2.32944576884932
"2023-01-06","Espace Mittelland","SO",1.89965624654742,3.56379337652547
"2023-01-06","Lake Geneva","GE",5.88655363433673,9.27771104771188
"2023-01-06","Lake Geneva","VD",8.10665080359481,13.4219200449187
"2023-01-06","Lake Geneva","VS",6.44637487375383,8.32492126645281
"2023-01-06","Northwestern","AG",5.8257126296512,10.4230436931251
"2023-01-06","Northwestern","BL",2.11328385077363,3.79300945346377
"2023-01-06","Northwestern","BS",2.23070623523853,5.1991671543966
"2023-01-06","Ticino","TI",1.1211062445712,1.72642802907482
"2023-01-06","Zurich","ZH",16.5853179224158,34.7114168231821
"2023-01-07","9999","9999",0.0169038511435352,0.0632859334607209
"2023-01-07","Central","LU",4.7239757829005,8.24878781266548
"2023-01-07","Central","NW",0.473072937305119,0.702195158592102
"2023-01-07","Central","OW",0.512938528954457,0.744306475218221
"2023-01-07","Central","SZ",1.76674923193211,2.5227023841327
"2023-01-07","Central","UR",0.456769212530813,0.605838756142508
"2023-01-07","Central","ZG",1.53145878451856,2.63527113366111
"2023-01-07","Eastern","AI",0.132283556590349,0.173475512558281
"2023-01-07","Eastern","AR",0.30285499070127,0.439160873386668
"2023-01-07","Eastern","GL",0.325442465290256,0.589898314255785
"2023-01-07","Eastern","GR",5.19607068601964,5.62684003341715
"2023-01-07","Eastern","SG",5.1251386305854,8.31482678619619
"2023-01-07","Eastern","SH",0.691285235376991,1.27710469913351
"2023-01-07","Eastern","TG",2.193805592648,3.56290968465116
"2023-01-07","Espace Mittelland","BE",10.2547949009814,18.391803146079
"2023-01-07","Espace Mittelland","FR",2.3529047012648,4.02494458232304
"2023-01-07","Espace Mittelland","JU",0.536232297169856,0.888382238880947
"2023-01-07","Espace Mittelland","NE",1.46300418829849,2.46329109965937
"2023-01-07","Espace Mittelland","SO",2.10639167654029,3.7588513637065
"2023-01-07","Lake Geneva","GE",6.05816117723155,9.31604967979765
"2023-01-07","Lake Geneva","VD",8.61291686278265,13.9242648873191
"2023-01-07","Lake Geneva","VS",5.80887964283159,7.41278131141234
"2023-01-07","Northwestern","AG",6.68519252083608,10.9183190005309
"2023-01-07","Northwestern","BL",2.2471884444379,3.65576530775249
"2023-01-07","Northwestern","BS",2.45335956790964,4.97440352497891
"2023-01-07","Ticino","TI",3.24984085190979,4.74406583912321
"2023-01-07","Zurich","ZH",19.0704121644282,34.7198798722861
"2023-01-08","9999","9999",0.011529718704309,0.0443545344609242
"2023-01-08","Central","LU",0.990946095780864,2.63680060036666
"2023-01-08","Central","NW",0.131268226216199,0.18503148322243
"2023-01-08","Central","OW",0.190490566936795,0.256848442085214
"2023-01-08","Central","SZ",0.36367765274239,0.651790733607006
"2023-01-08","Central","UR",0.190724792010997,0.224423747927573
"2023-01-08","Central","ZG",0.270280044130585,0.758921379293468
"2023-01-08","Eastern","AI",0.0217229384523179,0.035925473505898
"2023-01-08","Eastern","AR",0.0818118751368576,0.117632983731233
"2023-01-08","Eastern","GL",0.0741429697995213,0.207055803782337
"2023-01-08","Eastern","GR",2.60674722583265,2.3299555910845
"2023-01-08","Eastern","SG",0.937500031572923,2.18526804073956
"2023-01-08","Eastern","SH",0.133118186071301,0.341920779062756
"2023-01-08","Eastern","TG",0.310415594549739,0.740703731422927
"2023-01-08","Espace Mittelland","BE",2.48631543763359,5.8397757869786
"2023-01-08","Espace Mittelland","FR",0.578220435094496,1.41550444191119
"2023-01-08","Espace Mittelland","JU",0.0808090721152852,0.192882745644249
"2023-01-08","Espace Mittelland","NE",0.221155865653632,0.528039883053577
"2023-01-08","Espace Mittelland","SO",0.377958063224613,0.944326732155032
"2023-01-08","Lake Geneva","GE",1.45202648372403,3.2507965122721
"2023-01-08","Lake Geneva","VD",1.63312014995605,3.84922585192995
"2023-01-08","Lake Geneva","VS",2.36976407423685,2.95312830322323
"2023-01-08","Northwestern","AG",1.19654819000961,3.00312487042018
"2023-01-08","Northwestern","BL",0.3743125605483,0.9751539833091
"2023-01-08","Northwestern","BS",0.580091357412351,1.88518667311082
"2023-01-08","Ticino","TI",0.87242827480729,1.33593818507363
"2023-01-08","Zurich","ZH",4.37472656625066,11.9473102118753
"2023-01-09","9999","9999",0.011843999004751,0.0429270322024117
"2023-01-09","Central","LU",2.9140892017287,6.81445393620153
"2023-01-09","Central","NW",0.294560532267513,0.562367913555901
"2023-01-09","Central","OW",0.2105174099323,0.393684730008341
"2023-01-09","Central","SZ",1.12238078032029,1.89922377865286
"2023-01-09","Central","UR",0.238708707281889,0.404798854735331
"2023-01-09","Central","ZG",1.15287190223565,2.59030481251797
"2023-01-09","Eastern","AI",0.0607366818744445,0.0964243787476183
"2023-01-09","Eastern","AR",0.181416424718872,0.365780459669322
"2023-01-09","Eastern","GL",0.215788590167942,0.453469884120805
"2023-01-09","Eastern","GR",2.3948457568637,3.42107713882324
"2023-01-09","Eastern","SG",3.23775855908456,6.86319294188502
"2023-01-09","Eastern","SH",0.4579960315587,1.07592884513028
"2023-01-09","Eastern","TG",1.47748352092166,3.00057575924427
"2023-01-09","Espace Mittelland","BE",6.82378309232447,16.096583443285
"2023-01-09","Espace Mittelland","FR",1.95977513296391,3.84586102517774
"2023-01-09","Espace Mittelland","JU",0.384883049801568,0.700869620780626
"2023-01-09","Espace Mittelland","NE",1.0619237454527,2.16317574388162
"2023-01-09","Espace Mittelland","SO",1.31910605673531,3.06658074462596
"2023-01-09","Lake Geneva","GE",5.26866755181543,9.97490994839919
"2023-01-09","Lake Geneva","VD",6.28229926551454,12.4093451095472
"2023-01-09","Lake Geneva","VS",3.71813450826403,5.55247396337845
"2023-01-09","Northwestern","AG",3.94145414415064,8.74385919117722
"2023-01-09","Northwestern","BL",1.52654772944632,3.3226474592839
"2023-01-09","Northwestern","BS",1.65822122863708,4.59343036270113
"2023-01-09","Ticino","TI",2.53726400826168,3.94129974760401
"2023-01-09","Zurich","ZH",12.9414033181084,32.7611768328619
"2023-01-10","9999","9999",0.0117142572985153,0.0465637641467173
"2023-01-10","Central","LU",2.97757476226314,6.91417516540333
"2023-01-10","Central","NW",0.296051369460696,0.560022731274059
"2023-01-10","Central","OW",0.207637062600622,0.402963494688672
"2023-01-10","Central","SZ",1.09041573059232,1.90187485427581
"2023-01-10","Central","UR",0.250408357820444,0.399088845701281
"2023-01-10","Central","ZG",1.17917556368789,2.66375320253334
"2023-01-10","Eastern","AI",0.0726465091995548,0.104139688573388
"2023-01-10","Eastern","AR",0.196629051936262,0.376418750310142
"2023-01-10","Eastern","GL",0.208783646265282,0.454523516740183
"2023-01-10","Eastern","GR",2.10308172599287,3.32094805183329
"2023-01-10","Eastern","SG",3.27598261328775,6.96471554298447
"2023-01-10","Eastern","SH",0.48877493405743,1.12575547158217
"2023-01-10","Eastern","TG",1.47169080495101,3.03398610972326
"2023-01-10","Espace Mittelland","BE",7.16342787088143,16.8833751047685
"2023-01-10","Espace Mittelland","FR",1.96522431595398,4.049925871847
"2023-01-10","Espace Mittelland","JU",0.377656517825884,0.714226963342422
"2023-01-10","Espace Mittelland","NE",1.10091967880933,2.25858047815888
"2023-01-10","Espace Mittelland","SO",1.4522190344981,3.31466024426603
"2023-01-10","Lake Geneva","GE",5.48839807965044,10.1457683734835
"2023-01-10","Lake Geneva","VD",6.43837041237159,12.8454810376718
"2023-01-10","Lake Geneva","VS",3.63100087355865,5.7269691204071
"2023-01-10","Northwestern","AG",4.22741857468513,9.14723054365404
"2023-01-10","Northwestern","BL",1.53466742367538,3.37471730357059
"2023-01-10","Northwestern","BS",1.71303914955888,4.82624918343472
"2023-01-10","Ticino","TI",2.45724800489183,3.9114921409203
"2023-01-10","Zurich","ZH",13.1205612401197,33.9397838761581
"2023-01-11","9999","9999",0.0125326157103958,0.045340190782278
"2023-01-11","Central","LU",3.19635712732368,7.10257147537797
"2023-01-11","Central","NW",0.309443869074292,0.56280975949306
"2023-01-11","Central","OW",0.240057338072602,0.411562496388759
"2023-01-11","Central","SZ",1.12131868090212,1.91319290789687
"2023-01-11","Central","UR",0.262577621565768,0.417714351359968
"2023-01-11","Central","ZG",1.24001199054436,2.69784331599258
"2023-01-11","Eastern","AI",0.073411139797317,0.103595878189193
"2023-01-11","Eastern","AR",0.210132065590837,0.383386320857643
"2023-01-11","Eastern","GL",0.232270928596021,0.473828785379114
"2023-01-11","Eastern","GR",2.2545707635784,3.4961909481402
"2023-01-11","Eastern","SG",3.48163099097386,7.09856087379453
"2023-01-11","Eastern","SH",0.483876598222823,1.12405606413156
"2023-01-11","Eastern","TG",1.52103179787086,3.05179589980566
"2023-01-11","Espace Mittelland","BE",7.20525880012547,16.7966033603403
"2023-01-11","Espace Mittelland","FR",1.95583311306039,3.91529881360967
"2023-01-11","Espace Mittelland","JU",0.401080313617083,0.725850910304595
"2023-01-11","Espace Mittelland","NE",1.12978739054177,2.28172640763619
"2023-01-11","Espace Mittelland","SO",1.46689282108175,3.27934655744235
"2023-01-11","Lake Geneva","GE",5.23764862853078,9.94370882760599
"2023-01-11","Lake Geneva","VD",6.46128640983098,12.868355061957
"2023-01-11","Lake Geneva","VS",3.63803560663638,5.65124352440791
"2023-01-11","Northwestern","AG",4.43802319833086,9.30629508103115
"2023-01-11","Northwestern","BL",1.57239926922811,3.38627327423474
"2023-01-11","Northwestern","BS",1.67584188009254,4.72251735264948
"2023-01-11","Ticino","TI",2.35279289493674,3.98310517088901
"2023-01-11","Zurich","ZH",13.3756504496922,33.4480773243985
"2023-01-12","9999","9999",0.0118751783674339,0.0494867449617667
"2023-01-12","Central","LU",3.25260854313676,7.3126862125714
"2023-01-12","Central","NW",0.309230751355638,0.582862767410259
"2023-01-12","Central","OW",0.239333543746387,0.417000600230712
"2023-01-12","Central","SZ",1.13757652556927,1.94806474878339
"2023-01-12","Central","UR",0.257072459049253,0.425259720440677
"2023-01-12","Central","ZG",1.25412908335254,2.77207343343523
"2023-01-12","Eastern","AI",0.0841761965756922,0.116749291856915
"2023-01-12","Eastern","AR",0.223912133846073,0.397355450101659
"2023-01-12","Eastern","GL",0.229369567893311,0.480694391479579
"2023-01-12","Eastern","GR",2.44237569560142,3.63013824339729
"2023-01-12","Eastern","SG",3.61926204714164,7.29399273061469
"2023-01-12","Eastern","SH",0.501689690803753,1.16766285931421
"2023-01-12","Eastern","TG",1.57794971661652,3.12310303643326
"2023-01-12","Espace Mittelland","BE",7.58349921241173,17.6810769620849
"2023-01-12","Espace Mittelland","FR",1.93482991976812,3.92746657095604
"2023-01-12","Espace Mittelland","JU",0.407359121412708,0.756304291819528
"2023-01-12","Espace Mittelland","NE",1.16446412847414,2.41091536203157
"2023-01-12","Espace Mittelland","SO",1.60320404879649,3.49286010953701
"2023-01-12","Lake Geneva","GE",5.69349179206019,10.7053152706714
"2023-01-12","Lake Geneva","VD",6.46919635411982,13.0483223109766
"2023-01-12","Lake Geneva","VS",3.6879931379713,5.72968817232807
"2023-01-12","Northwestern","AG",4.57592534499865,9.5627016771792
"2023-01-12","Northwestern","BL",1.60240109601295,3.44836962248003
"2023-01-12","Northwestern","BS",1.79938138374395,4.92899535789861
"2023-01-12","Ticino","TI",2.44070001828038,4.15974158130543
"2023-01-12","Zurich","ZH",14.2159403516627,35.0308374475988
"2023-01-13","9999","9999",0.0163246441608242,0.0601590237515983
"2023-01-13","Central","LU",4.22636089253914,8.56005128131923
"2023-01-13","Central","NW",0.415592662216988,0.686050787811306
"2023-01-13","Central","OW",0.329588282781406,0.51172557152772
"2023-01-13","Central","SZ",1.44662793489115,2.25382213729717
"2023-01-13","Central","UR",0.341485954775975,0.525286842983589
"2023-01-13","Central","ZG",1.61809159532632,3.22778653539084
"2023-01-13","Eastern","AI",0.099787408203024,0.133097591531785
"2023-01-13","Eastern","AR",0.273056291864399,0.428114724957702
"2023-01-13","Eastern","GL",0.292506492871233,0.57993978659521
"2023-01-13","Eastern","GR",3.21012669280943,4.40805899798858
"2023-01-13","Eastern","SG",4.42852992042249,8.1775486523359
"2023-01-13","Eastern","SH",0.573430620045956,1.22425312741953
"2023-01-13","Eastern","TG",1.93174534017043,3.46614542441342
"2023-01-13","Espace Mittelland","BE",9.33874758671752,19.3704239205874
"2023-01-13","Espace Mittelland","FR",2.68106834327939,4.95258313331308
"2023-01-13","Espace Mittelland","JU",0.529159034357202,0.878219782326298
"2023-01-13","Espace Mittelland","NE",1.42779321105757,2.65355675782968
"2023-01-13","Espace Mittelland","SO",1.78846182817182,3.64533094600575
"2023-01-13","Lake Geneva","GE",6.14503575928681,11.130235109622
"2023-01-13","Lake Geneva","VD",8.39468156591688,15.0749676602762
"2023-01-13","Lake Geneva","VS",4.94173574525219,7.0124349041976
"2023-01-13","Northwestern","AG",5.47719534482012,10.5435316813733
"2023-01-13","Northwestern","BL",2.0732173750566,3.85558163579523
"2023-01-13","Northwestern","BS",2.14007737126347,5.26775523910323
"2023-01-13","Ticino","TI",2.6882417935845,4.48650364590874
"2023-01-13","Zurich","ZH",16.696216712501,37.1991793901302
"2023-01-14","9999","9999",0.019137381382389,0.0661069498287337
"2023-01-14","Central","LU",5.22935782374502,9.06042481107687
"2023-01-14","Central","NW",0.479870845070416,0.700257834098407
"2023-01-14","Central","OW",0.457327457050771,0.749438685719063
"2023-01-14","Central","SZ",1.80616356085114,2.61280496716405
"2023-01-14","Central","UR",0.443914206439578,0.649581503921213
"2023-01-14","Central","ZG",1.7574997968466,2.89025022755066
"2023-01-14","Eastern","AI",0.1319495277938,0.165556273838438
"2023-01-14","Eastern","AR",0.318630655648857,0.465025854784954
"2023-01-14","Eastern","GL",0.364797020058061,0.64274988596976
"2023-01-14","Eastern","GR",4.17930641362819,5.55145431890808
"2023-01-14","Eastern","SG",5.63452091865618,9.07354423659558
"2023-01-14","Eastern","SH",0.703444180405829,1.30014866416378
"2023-01-14","Eastern","TG",2.3925156027119,3.85252270238413
"2023-01-14","Espace Mittelland","BE",10.7680950980117,19.4067232637324
"2023-01-14","Espace Mittelland","FR",2.67936878997565,4.41930907531162
"2023-01-14","Espace Mittelland","JU",0.614891124990213,1.01716333548818
"2023-01-14","Espace Mittelland","NE",1.75879123806024,2.80065746675449
"2023-01-14","Espace Mittelland","SO",2.26169218170667,3.91835774702077
"2023-01-14","Lake Geneva","GE",7.11819717322228,10.4671603105429
"2023-01-14","Lake Geneva","VD",9.87966510200333,15.4433652074195
"2023-01-14","Lake Geneva","VS",5.67133135960893,7.66487141263584
"2023-01-14","Northwestern","AG",7.37895550129682,11.8394658150596
"2023-01-14","Northwestern","BL",2.54664045558649,3.92770448799912
"2023-01-14","Northwestern","BS",2.66812997683983,5.35761990509149
"2023-01-14","Ticino","TI",3.2264619415563,4.76510450336177
"2023-01-14","Zurich","ZH",21.4604997085364,38.13439729835
"2023-01-15","9999","9999",0.0121998752848989,0.0429610203514239
"2023-01-15","Central","LU",1.0472466263348,2.71368179343227
"2023-01-15","Central","NW",0.110175583162262,0.174291228134574
"2023-01-15","Central","OW",0.212717419027651,0.289341112540879
"2023-01-15","Central","SZ",0.367991400980831,0.640472679985942
"2023-01-15","Central","UR",0.235451850153111,0.265345479338264
"2023-01-15","Central","ZG",0.299724617148891,0.784582431797681
"2023-01-15","Eastern","AI",0.0174765183704462,0.0255930762061884
"2023-01-15","Eastern","AR",0.0818407401308712,0.118448699307525
"2023-01-15","Eastern","GL",0.0868057109862536,0.232342986647416
"2023-01-15","Eastern","GR",2.52010628928041,2.83192656384572
"2023-01-15","Eastern","SG",0.976287902794573,2.29838060065216
"2023-01-15","Eastern","SH",0.134257039509645,0.339915478271036
"2023-01-15","Eastern","TG",0.327727236669615,0.768404072867872
"2023-01-15","Espace Mittelland","BE",2.58563174062567,6.11674521327903
"2023-01-15","Espace Mittelland","FR",0.601811335352463,1.46968155143665
"2023-01-15","Espace Mittelland","JU",0.0921331448698414,0.208857175679984
"2023-01-15","Espace Mittelland","NE",0.228018442596943,0.540309604846982
"2023-01-15","Espace Mittelland","SO",0.375703100600433,0.953435556090303
"2023-01-15","Lake Geneva","GE",1.48677862073316,3.4669271518407
"2023-01-15","Lake Geneva","VD",1.74722582090451,4.13282296728777
"2023-01-15","Lake Geneva","VS",2.411223463115,3.25793402356466
"2023-01-15","Northwestern","AG",1.27139202974585,3.1349309122895
"2023-01-15","Northwestern","BL",0.397273055759285,1.00502956629083
"2023-01-15","Northwestern","BS",0.626342350960835,1.96390322622308
"2023-01-15","Ticino","TI",0.988606265140098,1.53007849223133
"2023-01-15","Zurich","ZH",4.63400287992832,12.3625094402084
"2023-01-16","9999","9999",0.0113038582518974,0.0421792929241432
"2023-01-16","Central","LU",2.8868903886842,6.86176543962651
"2023-01-16","Central","NW",0.2784939539194,0.549792298421386
"2023-01-16","Central","OW",0.226393877187702,0.412786069753198
"2023-01-16","Central","SZ",1.03381734353185,1.88280750267997
"2023-01-16","Central","UR",0.229197294278246,0.400074502022635
"2023-01-16","Central","ZG",1.11701891286021,2.5942814259524
"2023-01-16","Eastern","AI",0.0574003373425339,0.0936713386776299
"2023-01-16","Eastern","AR",0.183665015976173,0.362891467003285
"2023-01-16","Eastern","GL",0.213115455194592,0.469478302305552
"2023-01-16","Eastern","GR",2.58182217231523,3.90207742364392
"2023-01-16","Eastern","SG",3.18832422779376,6.89283060782366
"2023-01-16","Eastern","SH",0.439540879850992,1.06382906408194
"2023-01-16","Eastern","TG",1.39699313071491,3.00271701263204
"2023-01-16","Espace Mittelland","BE",6.64235679139953,16.3293682758696
"2023-01-16","Espace Mittelland","FR",1.79563066540367,3.79046034228785
"2023-01-16","Espace Mittelland","JU",0.349534761184977,0.680986553608488
"2023-01-16","Espace Mittelland","NE",0.970739013982691,2.12684241258758
"2023-01-16","Espace Mittelland","SO",1.27352316777218,3.05614638287922
"2023-01-16","Lake Geneva","GE",5.02961739487637,9.9139352090713
"2023-01-16","Lake Geneva","VD",5.86008844874827,12.3894960305241
"2023-01-16","Lake Geneva","VS",3.34642526002686,5.39024852814321
"2023-01-16","Northwestern","AG",3.87582908880012,8.81401073073841
"2023-01-16","Northwestern","BL",1.47278326919941,3.30252647506867
"2023-01-16","Northwestern","BS",1.58881669568484,4.57473688074442
"2023-01-16","Ticino","TI",2.12128012375505,3.85391621649363
"2023-01-16","Zurich","ZH",12.6479460622245,33.2324225189161
"2023-01-17","9999","9999",0.0121233209818232,0.044660427802034
"2023-01-17","Central","LU",2.89997541795863,6.84320791026585
"2023-01-17","Central","NW",0.297204050370734,0.54428621828141
"2023-01-17","Central","OW",0.224606291722051,0.395010267819817
"2023-01-17","Central","SZ",1.05406650298036,1.86679908449522
"2023-01-17","Central","UR",0.239862801875666,0.38981008102095
"2023-01-17","Central","ZG",1.17546512162808,2.76962628670635
"2023-01-17","Eastern","AI",0.073214109094726,0.102066411483644
"2023-01-17","Eastern","AR",0.192743923992186,0.358846877270833
"2023-01-17","Eastern","GL",0.206407302640636,0.450682855901804
"2023-01-17","Eastern","GR",2.20366223035348,3.73353019269241
"2023-01-17","Eastern","SG",3.25718870614562,6.79915926914603
"2023-01-17","Eastern","SH",0.455821402198283,1.06274144331355
"2023-01-17","Eastern","TG",1.41385903952674,2.93725583763453
"2023-01-17","Espace Mittelland","BE",6.35027526125864,15.8833417963824
"2023-01-17","Espace Mittelland","FR",1.67197776160348,3.65923209895174
"2023-01-17","Espace Mittelland","JU",0.361612531005442,0.682482032165025
"2023-01-17","Espace Mittelland","NE",0.961711546824278,2.08843580420379
"2023-01-17","Espace Mittelland","SO",1.324355506968,3.10338991000618
"2023-01-17","Lake Geneva","GE",4.75233121245659,9.63978679913888
"2023-01-17","Lake Geneva","VD",5.47906673314453,11.6642908950507
"2023-01-17","Lake Geneva","VS",3.05389119444869,5.12738418368283
"2023-01-17","Northwestern","AG",3.93332315219973,8.74470889490252
"2023-01-17","Northwestern","BL",1.48478350179542,3.26293028146946
"2023-01-17","Northwestern","BS",1.61416492622684,4.60739949194515
"2023-01-17","Ticino","TI",1.9691611667092,3.72129445904802
"2023-01-17","Zurich","ZH",12.7513348865345,33.1556093021485
"2023-01-18","9999","9999",0.0118711409493322,0.0450342974411682
"2023-01-18","Central","LU",2.98384106228629,6.98745361467364
"2023-01-18","Central","NW",0.295460884336246,0.544999969410666
"2023-01-18","Central","OW",0.217935396196048,0.388824424699596
"2023-01-18","Central","SZ",1.06088142585881,1.84827554328357
"2023-01-18","Central","UR",0.235018276091628,0.397661343442768
"2023-01-18","Central","ZG",1.1805939388204,2.63843203151925
"2023-01-18","Eastern","AI",0.0711785650676939,0.102100399632656
"2023-01-18","Eastern","AR",0.208304736423621,0.365372601881176
"2023-01-18","Eastern","GL",0.225590826503619,0.48225784633414
"2023-01-18","Eastern","GR",2.40712246448919,3.93528384522885
"2023-01-18","Eastern","SG",3.32260705822059,7.04727275693511
"2023-01-18","Eastern","SH",0.476756734755067,1.11460735870617
"2023-01-18","Eastern","TG",1.51019014371317,2.98626674851013
"2023-01-18","Espace Mittelland","BE",6.88717634048556,16.6625880887852
"2023-01-18","Espace Mittelland","FR",1.78783033055485,3.71001039357597
"2023-01-18","Espace Mittelland","JU",0.392397080407085,0.739752063250586
"2023-01-18","Espace Mittelland","NE",1.14260907129057,2.32122063678836
"2023-01-18","Espace Mittelland","SO",1.45004961736222,3.32873133795708
"2023-01-18","Lake Geneva","GE",5.30872609367303,10.1098768881266
"2023-01-18","Lake Geneva","VD",5.85468340715184,12.2086111014811
"2023-01-18","Lake Geneva","VS",3.54318892911604,5.67500124056744
"2023-01-18","Northwestern","AG",4.26488579117321,9.25959536428838
"2023-01-18","Northwestern","BL",1.57896868105857,3.36496270480409
"2023-01-18","Northwestern","BS",1.76035557114376,4.75919056543364
"2023-01-18","Ticino","TI",2.22568286867148,4.05978243506054
"2023-01-18","Zurich","ZH",13.4638475700874,33.8942057683327
"2023-01-19","9999","9999",0.0129693030089217,0.0468696574878271
"2023-01-19","Central","LU",3.33528984943708,7.38922752414688
"2023-01-19","Central","NW",0.314383135164961,0.571748642683269
"2023-01-19","Central","OW",0.279864953024562,0.470565923073943
"2023-01-19","Central","SZ",1.15580517459705,1.983174506713
"2023-01-19","Central","UR",0.288846485251517,0.42808073680869
"2023-01-19","Central","ZG",1.26881245244065,2.76153710724145
"2023-01-19","Eastern","AI",0.0818343726800143,0.111141247269902
"2023-01-19","Eastern","AR",0.204144731186804,0.374753331008544
"2023-01-19","Eastern","GL",0.228749129120888,0.49167256361052
"2023-01-19","Eastern","GR",2.61695594127749,3.98884916807208
"2023-01-19","Eastern","SG",3.60919968516597,7.31591508672756
"2023-01-19","Eastern","SH",0.491883330897503,1.13064976503993
"2023-01-19","Eastern","TG",1.56980366364717,3.09757793652509
"2023-01-19","Espace Mittelland","BE",7.48020262998668,17.5952908739781
"2023-01-19","Espace Mittelland","FR",2.04587591701523,4.05944255357042
"2023-01-19","Espace Mittelland","JU",0.426845122687522,0.781183616896461
"2023-01-19","Espace Mittelland","NE",1.19633311819625,2.41958234002968
"2023-01-19","Espace Mittelland","SO",1.57808555556813,3.47549216539177
"2023-01-19","Lake Geneva","GE",5.6895386349917,10.7803950918394
"2023-01-19","Lake Geneva","VD",6.68217652252182,13.4200846848721
"2023-01-19","Lake Geneva","VS",3.89141720373302,5.98867786780106
"2023-01-19","Northwestern","AG",4.42229386774892,9.3629873135835
"2023-01-19","Northwestern","BL",1.6288410898355,3.43766335554119
"2023-01-19","Northwestern","BS",1.83548733635617,4.92749987934207
"2023-01-19","Ticino","TI",2.30498744059479,4.16963213266798
"2023-01-19","Zurich","ZH",14.3047893290703,35.148572395777
"2023-01-20","9999","9999",0.0169396984037713,0.0594112844733298
"2023-01-20","Central","LU",4.36623604437161,8.52242640036272
"2023-01-20","Central","NW",0.443948522535433,0.701005573376675
"2023-01-20","Central","OW",0.375515162899619,0.59027218389492
"2023-01-20","Central","SZ",1.54230864665718,2.35422312947921
"2023-01-20","Central","UR",0.393020491439779,0.556419987478766
"2023-01-20","Central","ZG",1.66540853382603,3.18407777576115
"2023-01-20","Eastern","AI",0.102709363262472,0.1370402168172
"2023-01-20","Eastern","AR",0.296970819965978,0.429304310173129
"2023-01-20","Eastern","GL",0.29545479100689,0.590408136490968
"2023-01-20","Eastern","GR",3.53035151379311,4.85880983018841
"2023-01-20","Eastern","SG",4.5727517933939,8.23590630418986
"2023-01-20","Eastern","SH",0.597020553046628,1.27217641752674
"2023-01-20","Eastern","TG",1.91554467333229,3.47178745714944
"2023-01-20","Espace Mittelland","BE",9.74591979251101,19.7876964260102
"2023-01-20","Espace Mittelland","FR",2.73434247456614,4.79338264333992
"2023-01-20","Espace Mittelland","JU",0.54989159923999,1.00999183604661
"2023-01-20","Espace Mittelland","NE",1.45513004819365,2.64417602870231
"2023-01-20","Espace Mittelland","SO",1.89500401308003,3.8006227988425
"2023-01-20","Lake Geneva","GE",6.36207454713062,11.2657118715846
"2023-01-20","Lake Geneva","VD",8.46595802368846,15.3216196576578
"2023-01-20","Lake Geneva","VS",5.28249133070195,7.4416372499237
"2023-01-20","Northwestern","AG",5.55098595884276,10.6334303355106
"2023-01-20","Northwestern","BL",2.08597378747611,3.88518531358486
"2023-01-20","Northwestern","BS",2.22503541718318,5.47253383690175
"2023-01-20","Ticino","TI",2.60247303724277,4.49873937955314
"2023-01-20","Zurich","ZH",17.2827467532002,37.6210742838187
"2023-01-21","9999","9999",0.0161766772908198,0.0547209199096459
"2023-01-21","Central","LU",5.23638431751365,9.03129696737342
"2023-01-21","Central","NW",0.536631559051506,0.759907035614822
"2023-01-21","Central","OW",0.502750094584645,0.80154251815477
"2023-01-21","Central","SZ",1.91754456198413,2.73172950055775
"2023-01-21","Central","UR",0.442575522343317,0.601896130857093
"2023-01-21","Central","ZG",1.80190257708554,2.8310428719714
"2023-01-21","Eastern","AI",0.12892424459271,0.161307755211913
"2023-01-21","Eastern","AR",0.301661066253455,0.441268138625424
"2023-01-21","Eastern","GL",0.380860214963653,0.66929463034829
"2023-01-21","Eastern","GR",4.48970863888074,5.94099249473694
"2023-01-21","Eastern","SG",5.77128248492017,8.80524178829326
"2023-01-21","Eastern","SH",0.729460848395001,1.31428773415286
"2023-01-21","Eastern","TG",2.41010137416443,3.79481082536141
"2023-01-21","Espace Mittelland","BE",11.3184355085526,19.1655773464908
"2023-01-21","Espace Mittelland","FR",2.8164749073858,4.7487562036869
"2023-01-21","Espace Mittelland","JU",0.594386836745065,0.864454581976356
"2023-01-21","Espace Mittelland","NE",1.72217008975173,2.74495089052349
"2023-01-21","Espace Mittelland","SO",2.31869180823962,4.07667454511961
"2023-01-21","Lake Geneva","GE",6.81316606898846,10.1449866460563
"2023-01-21","Lake Geneva","VD",9.93042493997826,15.1777818110381
"2023-01-21","Lake Geneva","VS",6.50696042461295,8.4608058862036
"2023-01-21","Northwestern","AG",7.28484755772448,11.6675537573559
"2023-01-21","Northwestern","BL",2.57420764876759,3.91183202241043
"2023-01-21","Northwestern","BS",2.57009484333715,5.12925353187851
"2023-01-21","Ticino","TI",3.25485609664838,4.83083758355137
"2023-01-21","Zurich","ZH",21.1153384188328,36.8611672482039
"2023-01-22","9999","9999",0.0116387250770347,0.0425531625632774
"2023-01-22","Central","LU",1.06080923008759,2.77557421278349
"2023-01-22","Central","NW",0.167656892080053,0.246244139593407
"2023-01-22","Central","OW",0.317361774634713,0.461015253201514
"2023-01-22","Central","SZ",0.548610954497448,0.944972506986264
"2023-01-22","Central","UR",0.275309182913238,0.338963810098695
"2023-01-22","Central","ZG",0.293262527801941,0.77299247298452
"2023-01-22","Eastern","AI",0.0277635855721975,0.0449323329941316
"2023-01-22","Eastern","AR",0.0771348532537734,0.125280317258978
"2023-01-22","Eastern","GL",0.116829874757372,0.306267210748956
"2023-01-22","Eastern","GR",3.07299045727841,3.27234499874584
"2023-01-22","Eastern","SG",1.1151869823678,2.64560353096082
"2023-01-22","Eastern","SH",0.133667157452496,0.35153942523321
"2023-01-22","Eastern","TG",0.3305165404189,0.770545326255641
"2023-01-22","Espace Mittelland","BE",2.95790487245367,6.49533920512596
"2023-01-22","Espace Mittelland","FR",0.713438051166556,1.67259080103949
"2023-01-22","Espace Mittelland","JU",0.0915292591200331,0.200564067321007
"2023-01-22","Espace Mittelland","NE",0.223736754826008,0.545135922006715
"2023-01-22","Espace Mittelland","SO",0.417431997905931,1.077934145922
"2023-01-22","Lake Geneva","GE",1.55637192549877,3.47290906606684
"2023-01-22","Lake Geneva","VD",1.94698382487737,4.35010920392278
"2023-01-22","Lake Geneva","VS",3.30086199033113,4.23920587369596
"2023-01-22","Northwestern","AG",1.22672462044227,3.09465495571004
"2023-01-22","Northwestern","BL",0.379748440813548,0.96913808093394
"2023-01-22","Northwestern","BS",0.586709014626916,1.88154994116651
"2023-01-22","Ticino","TI",0.926749789103645,1.53915332801759
"2023-01-22","Zurich","ZH",4.58227042362506,12.3020105349667
"2023-01-23","9999","9999",0.0118949895198847,0.0421792929241432
"2023-01-23","Central","LU",2.91100710880462,6.73777667203
"2023-01-23","Central","NW",0.290167602075612,0.562741783195036
"2023-01-23","Central","OW",0.248562415803336,0.446230408381206
"2023-01-23","Central","SZ",1.09794902802331,1.94293253828255
"2023-01-23","Central","UR",0.265831945028677,0.41914185361848
"2023-01-23","Central","ZG",1.11671262515952,2.57103353202805
"2023-01-23","Eastern","AI",0.0592290214531677,0.10169254184451
"2023-01-23","Eastern","AR",0.185063552544081,0.360920154360578
"2023-01-23","Eastern","GL",0.209875816812073,0.46883252747432
"2023-01-23","Eastern","GR",2.561212832879,3.81081924354616
"2023-01-23","Eastern","SG",3.2090856459225,6.86509627822971
"2023-01-23","Eastern","SH",0.43532312504604,1.05879881802813
"2023-01-23","Eastern","TG",1.37673786618898,2.91720282971733
"2023-01-23","Espace Mittelland","BE",6.90265615001357,16.433575940741
"2023-01-23","Espace Mittelland","FR",1.89998320300925,3.854935860964
"2023-01-23","Espace Mittelland","JU",0.363715113403458,0.695805386577808
"2023-01-23","Espace Mittelland","NE",1.00824573137901,2.17867433983119
"2023-01-23","Espace Mittelland","SO",1.26795888899605,3.13612049750493
"2023-01-23","Lake Geneva","GE",5.00410124925117,10.0771123124789
"2023-01-23","Lake Geneva","VD",6.09794679589109,12.7978636409057
"2023-01-23","Lake Geneva","VS",3.87738784155309,5.93694790500448
"2023-01-23","Northwestern","AG",3.83933407945812,8.65212517699329
"2023-01-23","Northwestern","BL",1.44254761677456,3.26445974817501
"2023-01-23","Northwestern","BS",1.56095542887392,4.51155291173074
"2023-01-23","Ticino","TI",2.06744860947307,3.88746251956868
"2023-01-23","Zurich","ZH",12.4147718092995,32.8369024288611
"2023-01-24","9999","9999",0.0118816632989339,0.0449663211431438
"2023-01-24","Central","LU",3.00468148614752,6.80983154793587
"2023-01-24","Central","NW",0.299839262592487,0.577254722823246
"2023-01-24","Central","OW",0.274853745704071,0.477533493621444
"2023-01-24","Central","SZ",1.12207323949275,1.95275511334708
"2023-01-24","Central","UR",0.277296003801548,0.42947425091819
"2023-01-24","Central","ZG",1.21934928356799,2.65831509869139
"2023-01-24","Eastern","AI",0.0806777170082174,0.114404109575073
"2023-01-24","Eastern","AR",0.19940629433952,0.38749888688812
"2023-01-24","Eastern","GL",0.227482033812519,0.483719336741665
"2023-01-24","Eastern","GR",2.34516332211872,3.77258257590743
"2023-01-24","Eastern","SG",3.34409810554748,6.95808785392709
"2023-01-24","Eastern","SH",0.465111505166425,1.08395004829716
"2023-01-24","Eastern","TG",1.47335554090816,2.98001292909188
"2023-01-24","Espace Mittelland","BE",7.22160886709746,17.0808462505294
"2023-01-24","Espace Mittelland","FR",1.92064363869318,3.86693367756531
"2023-01-24","Espace Mittelland","JU",0.375282132211956,0.7152805959618
"2023-01-24","Espace Mittelland","NE",1.14738264659821,2.31326740991951
"2023-01-24","Espace Mittelland","SO",1.39717591493151,3.23016570582169
"2023-01-24","Lake Geneva","GE",5.26075022974221,10.1430153334135
"2023-01-24","Lake Geneva","VD",6.27330625542876,12.8671994648906
"2023-01-24","Lake Geneva","VS",3.56002235453005,5.79090082869905
"2023-01-24","Northwestern","AG",4.14649091369266,9.00016382287824
"2023-01-24","Northwestern","BL",1.53853126804295,3.30500760994656
"2023-01-24","Northwestern","BS",1.71815471101863,4.72472658233527
"2023-01-24","Ticino","TI",2.16382228472854,4.05893273133524
"2023-01-24","Zurich","ZH",13.1811118561516,33.8011802044863
"2023-01-25","9999","9999",0.0148030231231237,0.0504724012831206
"2023-01-25","Central","LU",3.66315442489452,7.58489729801013
"2023-01-25","Central","NW",0.363951319984507,0.626095692953781
"2023-01-25","Central","OW",0.308871268419746,0.541839071552531
"2023-01-25","Central","SZ",1.31640985247967,2.16076258530176
"2023-01-25","Central","UR",0.308104534918472,0.477873375111566
"2023-01-25","Central","ZG",1.33586398908805,2.80565372465929
"2023-01-25","Eastern","AI",0.0869057496698882,0.124090732043551
"2023-01-25","Eastern","AR",0.238755499822042,0.412514164561101
"2023-01-25","Eastern","GL",0.268805916600875,0.537454600329957
"2023-01-25","Eastern","GR",2.62860682560109,4.0713723938737
"2023-01-25","Eastern","SG",4.11166849584681,7.88793563460293
"2023-01-25","Eastern","SH",0.56979366212842,1.21014804557947
"2023-01-25","Eastern","TG",1.80998943939087,3.3725080738848
"2023-01-25","Espace Mittelland","BE",8.50769235251569,18.4257233187932
"2023-01-25","Espace Mittelland","FR",2.39672318760918,4.33715971914913
"2023-01-25","Espace Mittelland","JU",0.477351417854497,0.818196711170749
"2023-01-25","Espace Mittelland","NE",1.40488554297578,2.53476817703203
"2023-01-25","Espace Mittelland","SO",1.7395037438281,3.59298919652695
"2023-01-25","Lake Geneva","GE",6.2163208401376,10.7396772893228
"2023-01-25","Lake Geneva","VD",7.60324478716751,14.2216272030268
"2023-01-25","Lake Geneva","VS",4.17067118692499,6.3272338201116
"2023-01-25","Northwestern","AG",5.10564644199671,10.1509685602824
"2023-01-25","Northwestern","BL",1.80077189638394,3.6379555176701
"2023-01-25","Northwestern","BS",1.90783036955843,5.02307455436438
"2023-01-25","Ticino","TI",2.90582957630563,4.30538079982272
"2023-01-25","Zurich","ZH",15.2517775673038,36.4529695785673
"2023-01-26","9999","9999",0.0147650142190543,0.051050199816328
"2023-01-26","Central","LU",3.76125458393316,7.70885207745763
"2023-01-26","Central","NW",0.377519786021383,0.636699995445588
"2023-01-26","Central","OW",0.307534307372916,0.513866824915489
"2023-01-26","Central","SZ",1.30173031326053,2.10305070827904
"2023-01-26","Central","UR",0.322858666513952,0.469172408964442
"2023-01-26","Central","ZG",1.350749914385,2.8580634504361
"2023-01-26","Eastern","AI",0.0899122790443155,0.1242266846396
"2023-01-26","Eastern","AR",0.214824986520956,0.406736179229026
"2023-01-26","Eastern","GL",0.274387543351973,0.542552822681787
"2023-01-26","Eastern","GR",2.88205974128013,4.14736989506499
"2023-01-26","Eastern","SG",4.20119604536503,7.90734286768889
"2023-01-26","Eastern","SH",0.588083526403307,1.2325122476295
"2023-01-26","Eastern","TG",1.84559512026448,3.38770077649325
"2023-01-26","Espace Mittelland","BE",8.64706892433082,18.6937878500524
"2023-01-26","Espace Mittelland","FR",2.30373669859194,4.31805837940427
"2023-01-26","Espace Mittelland","JU",0.49478937124583,0.832845603395008
"2023-01-26","Espace Mittelland","NE",1.42719335880985,2.60155488984101
"2023-01-26","Espace Mittelland","SO",1.77233698334074,3.71711391671952
"2023-01-26","Lake Geneva","GE",6.39396448365141,11.289027741807
"2023-01-26","Lake Geneva","VD",7.35833991189038,14.0046468597329
"2023-01-26","Lake Geneva","VS",4.30377182530423,6.33610472700379
"2023-01-26","Northwestern","AG",5.10328781836907,10.1354699643328
"2023-01-26","Northwestern","BL",1.80377866855169,3.62629758255891
"2023-01-26","Northwestern","BS",1.97057905233902,5.09822235183036
"2023-01-26","Ticino","TI",2.67026367594418,4.39646903917542
"2023-01-26","Zurich","ZH",15.5697980833166,36.6300478349209
"2023-01-27","9999","9999",0.0178960926552915,0.0653931986994775
"2023-01-27","Central","LU",5.0181574283459,9.05977903624564
"2023-01-27","Central","NW",0.489929287108622,0.748419041248697
"2023-01-27","Central","OW",0.424413946930712,0.645876795678883
"2023-01-27","Central","SZ",1.70608834465259,2.52011928480777
"2023-01-27","Central","UR",0.440034235895735,0.597307730740445
"2023-01-27","Central","ZG",1.75891536027572,3.36295740401237
"2023-01-27","Eastern","AI",0.112463107504692,0.148392258587276
"2023-01-27","Eastern","AR",0.312634568936911,0.466419368894454
"2023-01-27","Eastern","GL",0.355296998760779,0.651552816563921
"2023-01-27","Eastern","GR",4.20049672225677,5.22034177123121
"2023-01-27","Eastern","SG",5.28751099271273,9.06888786018091
"2023-01-27","Eastern","SH",0.697041892622246,1.39055714053624
"2023-01-27","Eastern","TG",2.25757031460263,3.86132563297829
"2023-01-27","Espace Mittelland","BE",11.2513706417682,21.2258709633125
"2023-01-27","Espace Mittelland","FR",3.1595243376366,5.32203431307572
"2023-01-27","Espace Mittelland","JU",0.611717099546874,0.955032999093876
"2023-01-27","Espace Mittelland","NE",1.73002149735212,2.86560881951681
"2023-01-27","Espace Mittelland","SO",2.22233111459521,4.0863951557371
"2023-01-27","Lake Geneva","GE",7.66474970237943,11.8251568043255
"2023-01-27","Lake Geneva","VD",9.50119176867801,16.0646685713625
"2023-01-27","Lake Geneva","VS",5.92008355364315,7.9143104382364
"2023-01-27","Northwestern","AG",6.45216539675248,11.576057660215
"2023-01-27","Northwestern","BL",2.40370640542491,4.1451606653792
"2023-01-27","Northwestern","BS",2.35930087613892,5.54533645208589
"2023-01-27","Ticino","TI",3.3258060678807,4.75949645877475
"2023-01-27","Zurich","ZH",18.7366909791944,39.3140579742655
"2023-01-28","9999","9999",0.0199841074535606,0.066650760212929
"2023-01-28","Central","LU",5.88275765853669,9.41495519342316
"2023-01-28","Central","NW",0.599014712559112,0.824008684651836
"2023-01-28","Central","OW",0.601504366264044,0.921112826379698
"2023-01-28","Central","SZ",2.06888990899507,2.88708932969252
"2023-01-28","Central","UR",0.474241658238964,0.724491384344107
"2023-01-28","Central","ZG",1.95096617980169,2.99829855326045
"2023-01-28","Eastern","AI",0.134306036769867,0.17299967847211
"2023-01-28","Eastern","AR",0.303458923443336,0.445006835016766
"2023-01-28","Eastern","GL",0.458439258613026,0.762252217896664
"2023-01-28","Eastern","GR",5.93728598184117,6.97953437595379
"2023-01-28","Eastern","SG",6.41727011741176,9.51549213820125
"2023-01-28","Eastern","SH",0.776767503422417,1.38036069583258
"2023-01-28","Eastern","TG",2.5931840620888,3.93820682604389
"2023-01-28","Espace Mittelland","BE",12.5981501059341,20.8312345651318
"2023-01-28","Espace Mittelland","FR",3.16495363506981,4.88685005312348
"2023-01-28","Espace Mittelland","JU",0.684367967278289,1.06671805674797
"2023-01-28","Espace Mittelland","NE",2.00037071408537,2.95618723663433
"2023-01-28","Espace Mittelland","SO",2.62306637189938,4.39674094436752
"2023-01-28","Lake Geneva","GE",7.68347819629948,10.904825705373
"2023-01-28","Lake Geneva","VD",11.1456958712724,16.3432354406665
"2023-01-28","Lake Geneva","VS",7.36847524892553,9.01501664399657
"2023-01-28","Northwestern","AG",8.03599104871121,12.411486362935
"2023-01-28","Northwestern","BL",2.79239145778351,4.12738486344581
"2023-01-28","Northwestern","BS",2.82097160039772,5.48891612472563
"2023-01-28","Ticino","TI",3.65441614417118,5.09818836368135
"2023-01-28","Zurich","ZH",23.0150626240162,38.8869289056292
"2023-01-29","9999","9999",0.0131323778896308,0.0476173967660956
"2023-01-29","Central","LU",1.20412426605877,3.0170939996642
"2023-01-29","Central","NW",0.197078568121016,0.305485483321675
"2023-01-29","Central","OW",0.476256063582278,0.729147760758779
"2023-01-29","Central","SZ",0.68732971303156,1.19165849251683
"2023-01-29","Central","UR",0.336562317526862,0.450546903305755
"2023-01-29","Central","ZG",0.326821676292371,0.834680963441667
"2023-01-29","Eastern","AI",0.0374963751837069,0.0679423098753926
"2023-01-29","Eastern","AR",0.074262204820241,0.129664788481552
"2023-01-29","Eastern","GL",0.177695272340435,0.406668202931002
"2023-01-29","Eastern","GR",4.1452282043283,4.39453171468173
"2023-01-29","Eastern","SG",1.38397940435881,3.0522037575938
"2023-01-29","Eastern","SH",0.15570643211651,0.393786694455377
"2023-01-29","Eastern","TG",0.352848283143951,0.818910462300005
"2023-01-29","Espace Mittelland","BE",3.70992783136681,8.08642642483419
"2023-01-29","Espace Mittelland","FR",0.822402577287216,1.86958611271422
"2023-01-29","Espace Mittelland","JU",0.11479975442003,0.23411037039605
"2023-01-29","Espace Mittelland","NE",0.284828490616098,0.648935729089981
"2023-01-29","Espace Mittelland","SO",0.467500900890522,1.16620136890669
"2023-01-29","Lake Geneva","GE",1.79675645891052,3.97872069966644
"2023-01-29","Lake Geneva","VD",2.24560397908818,4.96026445498983
"2023-01-29","Lake Geneva","VS",3.69488862907479,4.75857877875143
"2023-01-29","Northwestern","AG",1.373270714793,3.33848593672358
"2023-01-29","Northwestern","BL",0.434531560052833,1.10274549470091
"2023-01-29","Northwestern","BS",0.668345224874144,2.09917605929165
"2023-01-29","Ticino","TI",1.00575314457403,1.65814583770931
"2023-01-29","Zurich","ZH",5.12403442610473,13.575920348093
"2023-01-30","9999","9999",0.0144745394129289,0.0486370412364617
"2023-01-30","Central","LU",3.27965506993961,7.19056679317056
"2023-01-30","Central","NW",0.342532828702802,0.601352320472897
"2023-01-30","Central","OW",0.319537441740811,0.536332991412554
"2023-01-30","Central","SZ",1.17715708176626,2.04567871274644
"2023-01-30","Central","UR",0.27499273313692,0.45972370353905
"2023-01-30","Central","ZG",1.21318289299976,2.71490536679671
"2023-01-30","Eastern","AI",0.0747451951562402,0.116307445919757
"2023-01-30","Eastern","AR",0.193965566039733,0.351199543743088
"2023-01-30","Eastern","GL",0.242894264558584,0.488137796113251
"2023-01-30","Eastern","GR",3.52144554903182,4.70987376121694
"2023-01-30","Eastern","SG",3.65228306379821,7.02861326312741
"2023-01-30","Eastern","SH",0.48368907170426,1.0339194929512
"2023-01-30","Eastern","TG",1.46595734230073,2.8457937286427
"2023-01-30","Espace Mittelland","BE",7.61785771877802,17.5804040647107
"2023-01-30","Espace Mittelland","FR",2.19016024661255,4.17041386009526
"2023-01-30","Espace Mittelland","JU",0.418055115237017,0.74522415524155
"2023-01-30","Espace Mittelland","NE",1.21814768763418,2.35796182587056
"2023-01-30","Espace Mittelland","SO",1.48381601737119,3.31279089607036
"2023-01-30","Lake Geneva","GE",6.13663971925698,10.7169732057826
"2023-01-30","Lake Geneva","VD",7.03668052302555,13.5442094050646
"2023-01-30","Lake Geneva","VS",4.29500046986383,6.44041435632224
"2023-01-30","Northwestern","AG",4.28315918857796,8.89055204231389
"2023-01-30","Northwestern","BL",1.6590331099495,3.49245225174886
"2023-01-30","Northwestern","BS",1.76233545284208,4.7830162578912
"2023-01-30","Ticino","TI",2.55665431763665,4.12864242495927
"2023-01-30","Zurich","ZH",13.8339330752798,34.4331898353682
"2023-01-31","9999","9999",0.0152370984353509,0.0531914532040968
"2023-01-31","Central","LU",3.36538148625756,7.37461262007163
"2023-01-31","Central","NW",0.351528262805859,0.611242871835448
"2023-01-31","Central","OW",0.303539703133542,0.544558123473507
"2023-01-31","Central","SZ",1.23528883792874,2.11042613661469
"2023-01-31","Central","UR",0.285688284450806,0.471075745309126
"2023-01-31","Central","ZG",1.30122814616755,2.85775755709499
"2023-01-31","Eastern","AI",0.087136117462974,0.127591511391808
"2023-01-31","Eastern","AR",0.196505090277667,0.358473007631699
"2023-01-31","Eastern","GL",0.253525647945201,0.500543470502705
"2023-01-31","Eastern","GR",2.987832439724,4.53442693601595
"2023-01-31","Eastern","SG",3.67159128553182,7.08666502164025
"2023-01-31","Eastern","SH",0.50746063369521,1.07174830280178
"2023-01-31","Eastern","TG",1.48313832244933,2.85340707402143
"2023-01-31","Espace Mittelland","BE",7.77841088139864,18.1339690476725
"2023-01-31","Espace Mittelland","FR",2.20169744883382,4.13724142665935
"2023-01-31","Espace Mittelland","JU",0.44517090079501,0.85524379359405
"2023-01-31","Espace Mittelland","NE",1.2398184176887,2.41332852061143
"2023-01-31","Espace Mittelland","SO",1.52740733139598,3.43926079854476
"2023-01-31","Lake Geneva","GE",6.37009208410845,10.6314250347189
"2023-01-31","Lake Geneva","VD",7.02444991480441,13.5811545230409
"2023-01-31","Lake Geneva","VS",3.9723410505206,6.29671246229865
"2023-01-31","Northwestern","AG",4.41662541497051,9.12850307354831
"2023-01-31","Northwestern","BL",1.74065329583701,3.60746814800615
"2023-01-31","Northwestern","BS",1.85782310475126,4.99265516099846
"2023-01-31","Ticino","TI",2.56509310104048,4.17326886461229
"2023-01-31","Zurich","ZH",14.3727668403147,35.3830906239612
"2023-02-01","9999","9999",0.0144831781562194,0.0514580576044745
"2023-02-01","Central","LU",3.61128885519057,7.59981809542649
"2023-02-01","Central","NW",0.371281234926132,0.642376016330626
"2023-02-01","Central","OW",0.303543814956051,0.51543027977005
"2023-02-01","Central","SZ",1.25730967596383,2.11848132793058
"2023-02-01","Central","UR",0.287855923712958,0.476717778045151
"2023-02-01","Central","ZG",1.34087008600057,2.86170018238041
"2023-02-01","Eastern","AI",0.081247541203565,0.123071087573185
"2023-02-01","Eastern","AR",0.195762804498226,0.363129384046371
"2023-02-01","Eastern","GL",0.257388341002463,0.500883351992827
"2023-02-01","Eastern","GR",3.09803680564383,4.59900441913913
"2023-02-01","Eastern","SG",3.7511411844501,7.1703438445083
"2023-02-01","Eastern","SH",0.514577661963445,1.06807758270846
"2023-02-01","Eastern","TG",1.49458083918828,2.87451371455801
"2023-02-01","Espace Mittelland","BE",8.07137986814967,18.3067647972505
"2023-02-01","Espace Mittelland","FR",2.22684069523369,4.28325451481577
"2023-02-01","Espace Mittelland","JU",0.452120918580992,0.798789478084781
"2023-02-01","Espace Mittelland","NE",1.28377114916397,2.48701482766989
"2023-02-01","Espace Mittelland","SO",1.60778704700487,3.52830974895673
"2023-02-01","Lake Geneva","GE",6.17905721368801,10.9150901263747
"2023-02-01","Lake Geneva","VD",7.33477640028634,14.0654176701668
"2023-02-01","Lake Geneva","VS",4.29845029678097,6.59325906243011
"2023-02-01","Northwestern","AG",4.54983616404052,9.40435089093135
"2023-02-01","Northwestern","BL",1.76133338211652,3.64016474735589
"2023-02-01","Northwestern","BS",1.95381665180582,5.06926444887197
"2023-02-01","Ticino","TI",2.68891684127586,4.38882170564767
"2023-02-01","Zurich","ZH",14.7766759272611,36.0830425647185
"2023-02-02","9999","9999",0.0132814255815518,0.0530215124590358
"2023-02-02","Central","LU",3.53546182778413,7.66748850010978
"2023-02-02","Central","NW",0.367535153155226,0.626741467785013
"2023-02-02","Central","OW",0.301442454356724,0.503602403913803
"2023-02-02","Central","SZ",1.24990618681145,2.08612461007096
"2023-02-02","Central","UR",0.315585432066609,0.46883252747432
"2023-02-02","Central","ZG",1.34159558379611,2.87271234266036
"2023-02-02","Eastern","AI",0.0766935802941447,0.117395066688147
"2023-02-02","Eastern","AR",0.205134791474619,0.357623303906394
"2023-02-02","Eastern","GL",0.24624400188381,0.487118151642885
"2023-02-02","Eastern","GR",3.19959808932145,4.55431000318809
"2023-02-02","Eastern","SG",3.92716850186377,7.34626650379546
"2023-02-02","Eastern","SH",0.486162129310341,1.06151786994911
"2023-02-02","Eastern","TG",1.5199174195665,2.88882272529214
"2023-02-02","Espace Mittelland","BE",8.12300180649593,18.4429213221934
"2023-02-02","Espace Mittelland","FR",2.1759191803977,4.23866206331176
"2023-02-02","Espace Mittelland","JU",0.460196377431895,0.810821282835101
"2023-02-02","Espace Mittelland","NE",1.3427382631874,2.54013830457596
"2023-02-02","Espace Mittelland","SO",1.69702703132089,3.69804656512367
"2023-02-02","Lake Geneva","GE",6.23604426979215,11.431200169125
"2023-02-02","Lake Geneva","VD",7.3329557518517,14.0156930081619
"2023-02-02","Lake Geneva","VS",4.40048662127108,6.56134419050765
"2023-02-02","Northwestern","AG",4.63065864852923,9.43878088588071
"2023-02-02","Northwestern","BL",1.74929146347231,3.6465885075192
"2023-02-02","Northwestern","BS",1.98886163281404,5.15719179036653
"2023-02-02","Ticino","TI",2.82474797259444,4.54720648004454
"2023-02-02","Zurich","ZH",14.7977190678881,36.4416515249463
"2023-02-03","9999","9999",0.0183785817405468,0.069845646220076
"2023-02-03","Central","LU",4.66243635970767,9.01936712707013
"2023-02-03","Central","NW",0.471189667771673,0.758411557058285
"2023-02-03","Central","OW",0.439138120962198,0.700291822247419
"2023-02-03","Central","SZ",1.63828045979276,2.5474797447626
"2023-02-03","Central","UR",0.4170838518521,0.620181755025658
"2023-02-03","Central","ZG",1.71536637061062,3.33090657949386
"2023-02-03","Eastern","AI",0.116219206458434,0.157331141777485
"2023-02-03","Eastern","AR",0.244283618056222,0.413975654968626
"2023-02-03","Eastern","GL",0.328683160998563,0.619196098704304
"2023-02-03","Eastern","GR",4.48260595891505,5.72469191442328
"2023-02-03","Eastern","SG",4.78976891780712,8.40166650692237
"2023-02-03","Eastern","SH",0.624729525783862,1.22224782662781
"2023-02-03","Eastern","TG",1.87081193304307,3.32142388591946
"2023-02-03","Espace Mittelland","BE",10.3720987709735,21.0055937695644
"2023-02-03","Espace Mittelland","FR",2.94238920000135,5.33104117256395
"2023-02-03","Espace Mittelland","JU",0.552552712027528,0.931139330338298
"2023-02-03","Espace Mittelland","NE",1.55024868557076,2.79331602656786
"2023-02-03","Espace Mittelland","SO",2.05328963481561,4.07201816870494
"2023-02-03","Lake Geneva","GE",6.9080309951687,11.9136279562042
"2023-02-03","Lake Geneva","VD",9.12448285363552,16.1210209224248
"2023-02-03","Lake Geneva","VS",6.02405705170179,8.23706190125627
"2023-02-03","Northwestern","AG",5.75961312872346,10.6981437712298
"2023-02-03","Northwestern","BL",2.22263414416607,4.16783076077033
"2023-02-03","Northwestern","BS",2.30091672456276,5.59193420438162
"2023-02-03","Ticino","TI",3.27374880892739,4.95832713049614
"2023-02-03","Zurich","ZH",17.9603944360901,39.2180414533061
"2023-02-04","9999","9999",0.0188942160312464,0.0678063572793438
"2023-02-04","Central","LU",5.50983280675703,9.16184544772929
"2023-02-04","Central","NW",0.56179812927505,0.796512272100964
"2023-02-04","Central","OW",0.537986999803498,0.775949441948581
"2023-02-04","Central","SZ",1.98720019414694,2.77880308693965
"2023-02-04","Central","UR",0.430449142948751,0.60787804508324
"2023-02-04","Central","ZG",1.7856436750926,2.83597115357817
"2023-02-04","Eastern","AI",0.131061515108616,0.162735257470425
"2023-02-04","Eastern","AR",0.303362432675123,0.443443380162205
"2023-02-04","Eastern","GL",0.403259736187739,0.705831890536408
"2023-02-04","Eastern","GR",5.82569071559524,6.72642463025992
"2023-02-04","Eastern","SG",5.8330363298668,9.08455639687554
"2023-02-04","Eastern","SH",0.672589103458103,1.24964227473165
"2023-02-04","Eastern","TG",2.40798877066755,3.82217128531624
"2023-02-04","Espace Mittelland","BE",12.013226150939,20.3536670833614
"2023-02-04","Espace Mittelland","FR",2.99157777353481,4.85384756043263
"2023-02-04","Espace Mittelland","JU",0.643752336127064,1.04717487106596
"2023-02-04","Espace Mittelland","NE",1.7839017112767,2.89782958478038
"2023-02-04","Espace Mittelland","SO",2.34417115501137,4.07980145482873
"2023-02-04","Lake Geneva","GE",7.16490232735694,10.8105085918642
"2023-02-04","Lake Geneva","VD",10.5531661254575,16.2472868960051
"2023-02-04","Lake Geneva","VS",7.34303232506916,8.97015228730046
"2023-02-04","Northwestern","AG",7.30665938203138,11.7471540023425
"2023-02-04","Northwestern","BL",2.63902298053349,4.08479771273352
"2023-02-04","Northwestern","BS",2.7970286224004,5.62493669707246
"2023-02-04","Ticino","TI",3.57799153580945,5.42202744746962
"2023-02-04","Zurich","ZH",22.0537183295144,38.8527368277229
"2023-02-05","9999","9999",0.0124997720386021,0.045170250037217
"2023-02-05","Central","LU",1.18730563145773,3.19022963073236
"2023-02-05","Central","NW",0.178232899007526,0.246176163295382
"2023-02-05","Central","OW",0.367546482205244,0.524471127407296
"2023-02-05","Central","SZ",0.538895888798964,0.931309271083359
"2023-02-05","Central","UR",0.343818830562669,0.366936056735737
"2023-02-05","Central","ZG",0.287843431604573,0.785704040715083
"2023-02-05","Eastern","AI",0.0227660020902861,0.0415675062419236
"2023-02-05","Eastern","AR",0.0808401144172179,0.133471461170919
"2023-02-05","Eastern","GL",0.145276590689181,0.331112547676876
"2023-02-05","Eastern","GR",3.93956117463209,4.04153079904099
"2023-02-05","Eastern","SG",1.21351010008697,2.60746882776913
"2023-02-05","Eastern","SH",0.134962240566076,0.363639206281554
"2023-02-05","Eastern","TG",0.358863601437175,0.83920138726029
"2023-02-05","Espace Mittelland","BE",3.55048462194633,7.31744455343311
"2023-02-05","Espace Mittelland","FR",0.756093882494302,1.79216110926442
"2023-02-05","Espace Mittelland","JU",0.106678521194548,0.23162923551816
"2023-02-05","Espace Mittelland","NE",0.279240257536837,0.617734608296779
"2023-02-05","Espace Mittelland","SO",0.401299227047465,1.04177075537302
"2023-02-05","Lake Geneva","GE",1.69154687260125,3.97457414548695
"2023-02-05","Lake Geneva","VD",2.24064492142517,4.95251515701505
"2023-02-05","Lake Geneva","VS",3.86905540554343,4.91981855766531
"2023-02-05","Northwestern","AG",1.25192901551687,3.15814481806484
"2023-02-05","Northwestern","BL",0.419848288865259,1.07810408666706
"2023-02-05","Northwestern","BS",0.673107028621343,2.16008282232151
"2023-02-05","Ticino","TI",1.04262920629799,1.8004542176234
"2023-02-05","Zurich","ZH",4.95690883631715,13.606475694055
"2023-02-06","9999","9999",0.0117479899071753,0.0431309610964849
"2023-02-06","Central","LU",3.04549281263803,7.11749227279432
"2023-02-06","Central","NW",0.304807464165555,0.588062954209126
"2023-02-06","Central","OW",0.301236373728592,0.550166168060521
"2023-02-06","Central","SZ",1.13230773802272,2.02202296103395
"2023-02-06","Central","UR",0.325935112535119,0.485044874553141
"2023-02-06","Central","ZG",1.05193191885516,2.38858514813055
"2023-02-06","Eastern","AI",0.0615134834668336,0.104819451553632
"2023-02-06","Eastern","AR",0.182570053306098,0.366154329308457
"2023-02-06","Eastern","GL",0.234166435696459,0.507375088454158
"2023-02-06","Eastern","GR",3.43304518712409,4.76021020990401
"2023-02-06","Eastern","SG",3.45230494026037,7.11198619265435
"2023-02-06","Eastern","SH",0.44127562643939,0.997552173508141
"2023-02-06","Eastern","TG",1.5093101353758,3.13197394332544
"2023-02-06","Espace Mittelland","BE",7.25973252625907,16.8600592345461
"2023-02-06","Espace Mittelland","FR",1.97817908660734,4.08163681487539
"2023-02-06","Espace Mittelland","JU",0.368557501039792,0.716742086369325
"2023-02-06","Espace Mittelland","NE",1.09564536967256,2.25117106167422
"2023-02-06","Espace Mittelland","SO",1.2848626148269,2.97630822084955
"2023-02-06","Lake Geneva","GE",5.33200435835955,10.3174765022932
"2023-02-06","Lake Geneva","VD",6.48459380580098,13.1008000130515
"2023-02-06","Lake Geneva","VS",4.49613341637544,6.81683310663238
"2023-02-06","Northwestern","AG",3.92848856136208,8.4078863381916
"2023-02-06","Northwestern","BL",1.57705333930955,3.45282207000063
"2023-02-06","Northwestern","BS",1.73122601463792,4.77146028722705
"2023-02-06","Ticino","TI",2.60902972591958,4.11484323646031
"2023-02-06","Zurich","ZH",12.8140753730822,33.0886866367435
"2023-02-07","9999","9999",0.0129158806444755,0.0439806648217899
"2023-02-07","Central","LU",3.15921282987933,7.26636036546777
"2023-02-07","Central","NW",0.314889018562282,0.604887087970167
"2023-02-07","Central","OW",0.308185643554479,0.582726814814211
"2023-02-07","Central","SZ",1.163676961173,2.083439546299
"2023-02-07","Central","UR",0.293421071845847,0.49568316519396
"2023-02-07","Central","ZG",1.08842273805423,2.44310213914612
"2023-02-07","Eastern","AI",0.0799908585961979,0.126571866921442
"2023-02-07","Eastern","AR",0.198758795858966,0.392936990730072
"2023-02-07","Eastern","GL",0.241263617568051,0.528141847500613
"2023-02-07","Eastern","GR",3.00463051912852,4.68818932214715
"2023-02-07","Eastern","SG",3.44506395033354,7.22754589929583
"2023-02-07","Eastern","SH",0.43877891997985,1.0202902451973
"2023-02-07","Eastern","TG",1.50313807440853,3.13319751668988
"2023-02-07","Espace Mittelland","BE",7.45785718901864,17.4284090623282
"2023-02-07","Espace Mittelland","FR",1.99133611585192,4.14757382395906
"2023-02-07","Espace Mittelland","JU",0.406977689176661,0.751036128722637
"2023-02-07","Espace Mittelland","NE",1.09102724083587,2.32648879988526
"2023-02-07","Espace Mittelland","SO",1.37507466531223,3.05400512949145
"2023-02-07","Lake Geneva","GE",5.4487220116906,10.4749775848157
"2023-02-07","Lake Geneva","VD",6.39241900229509,13.1510684854405
"2023-02-07","Lake Geneva","VS",4.19665968697197,6.75201770646611
"2023-02-07","Northwestern","AG",4.08945899564694,8.58374102118074
"2023-02-07","Northwestern","BL",1.54622130031594,3.49187445321565
"2023-02-07","Northwestern","BS",1.75150662757062,4.92155195326494
"2023-02-07","Ticino","TI",2.38500892639465,4.10865739334009
"2023-02-07","Zurich","ZH",13.3120609383687,34.0139800054517
"2023-02-08","9999","9999",0.0133505433599183,0.0452382263352414
"2023-02-08","Central","LU",3.38767814143054,7.56328083523837
"2023-02-08","Central","NW",0.343170595870085,0.635306481336088
"2023-02-08","Central","OW",0.350594710707382,0.639011189578418
"2023-02-08","Central","SZ",1.25927075292722,2.19617823657247
"2023-02-08","Central","UR",0.322947399643698,0.513832836766476
"2023-02-08","Central","ZG",1.16396605753958,2.46305318261629
"2023-02-08","Eastern","AI",0.0837557098578521,0.129256930693406
"2023-02-08","Eastern","AR",0.212344237848772,0.405342665119526
"2023-02-08","Eastern","GL",0.253287291468383,0.541465201913397
"2023-02-08","Eastern","GR",3.22326151821245,4.92240165699024
"2023-02-08","Eastern","SG",3.61429558819811,7.50587485155676
"2023-02-08","Eastern","SH",0.441311673416719,1.02888924689739
"2023-02-08","Eastern","TG",1.53130289162117,3.20603412002303
"2023-02-08","Espace Mittelland","BE",7.67763616587087,17.5764274512763
"2023-02-08","Espace Mittelland","FR",2.07094945431749,4.21809923315938
"2023-02-08","Espace Mittelland","JU",0.415155250454496,0.784752372542742
"2023-02-08","Espace Mittelland","NE",1.16133441281336,2.38420067690798
"2023-02-08","Espace Mittelland","SO",1.37245991821851,3.08126362499924
"2023-02-08","Lake Geneva","GE",5.58031298856161,10.5685809471953
"2023-02-08","Lake Geneva","VD",6.82597885253656,13.6875374294491
"2023-02-08","Lake Geneva","VS",4.44568124062473,6.99700428454606
"2023-02-08","Northwestern","AG",4.17730322377027,8.76037743159715
"2023-02-08","Northwestern","BL",1.63530950747309,3.55013014062257
"2023-02-08","Northwestern","BS",1.83905495719814,4.97705460060186
"2023-02-08","Ticino","TI",2.35176603187946,4.18047435220287
"2023-02-08","Zurich","ZH",13.829678639102,34.3894130994405
"2023-02-09","9999","9999",0.0138436879395041,0.048025254554242
"2023-02-09","Central","LU",3.44862503141971,7.72778347645743
"2023-02-09","Central","NW",0.372904355323463,0.668580879219034
"2023-02-09","Central","OW",0.361500239090731,0.639385059217552
"2023-02-09","Central","SZ",1.26603667462941,2.18394250292808
"2023-02-09","Central","UR",0.324253553349881,0.521616122890271
"2023-02-09","Central","ZG",1.22809778119126,2.49241894336283
"2023-02-09","Eastern","AI",0.0873156200536121,0.13272372189265
"2023-02-09","Eastern","AR",0.204948756960224,0.406532250334953
"2023-02-09","Eastern","GL",0.251838026758778,0.549316464335216
"2023-02-09","Eastern","GR",3.49156749593655,5.02939635008065
"2023-02-09","Eastern","SG",3.77268663706282,7.648591089259
"2023-02-09","Eastern","SH",0.474393106452026,1.04710689476793
"2023-02-09","Eastern","TG",1.5968488159265,3.23930851790598
"2023-02-09","Espace Mittelland","BE",8.20940831042484,18.1173148546565
"2023-02-09","Espace Mittelland","FR",2.03947167122093,4.19811420154021
"2023-02-09","Espace Mittelland","JU",0.426404582023902,0.811195152474235
"2023-02-09","Espace Mittelland","NE",1.22669725920048,2.47885767190696
"2023-02-09","Espace Mittelland","SO",1.50779958101468,3.22928201394738
"2023-02-09","Lake Geneva","GE",6.17202306018145,11.1102840661518
"2023-02-09","Lake Geneva","VD",6.69983391409041,13.5810185704449
"2023-02-09","Lake Geneva","VS",4.36919579686997,6.88810625511097
"2023-02-09","Northwestern","AG",4.34701560025851,8.83131069858562
"2023-02-09","Northwestern","BL",1.6566291897019,3.57521339459357
"2023-02-09","Northwestern","BS",1.87921627503835,5.14135331292685
"2023-02-09","Ticino","TI",2.57889281989128,4.43293832306551
"2023-02-09","Zurich","ZH",14.169679274359,35.1677077236709
"2023-02-10","9999","9999",0.0177606413898004,0.0601250356025861
"2023-02-10","Central","LU",4.58125983555287,8.91430975847342
"2023-02-10","Central","NW",0.487561723204037,0.782645107303985
"2023-02-10","Central","OW",0.489024666576522,0.770205444765519
"2023-02-10","Central","SZ",1.68760087010394,2.60811460260037
"2023-02-10","Central","UR",0.450572660765476,0.65185870990503
"2023-02-10","Central","ZG",1.51862615848984,2.80619753504348
"2023-02-10","Eastern","AI",0.122371299632395,0.170926401382366
"2023-02-10","Eastern","AR",0.277516373991905,0.475596169127749
"2023-02-10","Eastern","GL",0.347284000451799,0.681462387694659
"2023-02-10","Eastern","GR",4.98560089882404,6.16718362641314
"2023-02-10","Eastern","SG",4.80353999879316,8.83664683798053
"2023-02-10","Eastern","SH",0.580377884868868,1.20284059354184
"2023-02-10","Eastern","TG",2.00171616115066,3.70990842912893
"2023-02-10","Espace Mittelland","BE",10.2846934035406,20.0969885820212
"2023-02-10","Espace Mittelland","FR",2.80659233778636,5.07551826829021
"2023-02-10","Espace Mittelland","JU",0.550072762223717,0.937461126054567
"2023-02-10","Espace Mittelland","NE",1.51852745516951,2.80840676472927
"2023-02-10","Espace Mittelland","SO",1.7721805696125,3.55849122527957
"2023-02-10","Lake Geneva","GE",6.76562623838059,11.6848877133521
"2023-02-10","Lake Geneva","VD",8.82182144753798,15.8058828047836
"2023-02-10","Lake Geneva","VS",6.10153269672113,8.44588508878724
"2023-02-10","Northwestern","AG",5.2710428028701,9.95128818483571
"2023-02-10","Northwestern","BL",2.15211395237046,4.11423144977809
"2023-02-10","Northwestern","BS",2.26686127126344,5.46539632560919
"2023-02-10","Ticino","TI",2.96655449445168,4.75942848247673
"2023-02-10","Zurich","ZH",17.3700478448143,37.7602557540237
"2023-02-11","9999","9999",0.0169374780196164,0.0612466445199888
"2023-02-11","Central","LU",5.14634496748972,8.85802538370921
"2023-02-11","Central","NW",0.546967310231765,0.82978666998391
"2023-02-11","Central","OW",0.68167330985112,1.04037724126352
"2023-02-11","Central","SZ",1.98827460553652,2.95897426485333
"2023-02-11","Central","UR",0.503934064505966,0.730881156358401
"2023-02-11","Central","ZG",1.56877865678405,2.59509714152869
"2023-02-11","Eastern","AI",0.14719479896589,0.203113178496922
"2023-02-11","Eastern","AR",0.307720153918283,0.487220116089922
"2023-02-11","Eastern","GL",0.453330561938855,0.815851528888907
"2023-02-11","Eastern","GR",6.61328626500084,7.48541398585141
"2023-02-11","Eastern","SG",5.82072096327768,9.31768111095023
"2023-02-11","Eastern","SH",0.658359785307571,1.27975577475646
"2023-02-11","Eastern","TG",2.44322523337598,3.99833186164648
"2023-02-11","Espace Mittelland","BE",11.7275860257198,20.0419617687705
"2023-02-11","Espace Mittelland","FR",2.75754241099188,4.77496106657531
"2023-02-11","Espace Mittelland","JU",0.587646118556836,0.913227575808867
"2023-02-11","Espace Mittelland","NE",1.74385738849294,2.83865621735013
"2023-02-11","Espace Mittelland","SO",2.21272645720513,3.91557071880177
"2023-02-11","Lake Geneva","GE",7.24642634358999,10.818359854286
"2023-02-11","Lake Geneva","VD",9.66091885832452,15.3538404229213
"2023-02-11","Lake Geneva","VS",7.87217491605235,9.29100041397565
"2023-02-11","Northwestern","AG",6.83733119504987,11.3178157040203
"2023-02-11","Northwestern","BL",2.52791710340259,4.09268296330436
"2023-02-11","Northwestern","BS",2.78451084841125,5.56814250007307
"2023-02-11","Ticino","TI",3.28623443629657,4.85622673086348
"2023-02-11","Zurich","ZH",20.4347826749275,36.5619695724495
"2023-02-12","9999","9999",0.0131704063738073,0.0507782946242304
"2023-02-12","Central","LU",1.17625156054923,3.03782677056164
"2023-02-12","Central","NW",0.193721464759467,0.312996864253372
"2023-02-12","Central","OW",0.483371689914839,0.719631079035362
"2023-02-12","Central","SZ",0.670682181155175,1.21426061160994
"2023-02-12","Central","UR",0.309005043628062,0.428794487937946
"2023-02-12","Central","ZG",0.303622534818981,0.825232258016275
"2023-02-12","Eastern","AI",0.0475005255007067,0.0845285265933474
"2023-02-12","Eastern","AR",0.0939442108000292,0.163211091556596
"2023-02-12","Eastern","GL",0.17358946875633,0.390014009915023
"2023-02-12","Eastern","GR",4.48574146637154,4.85704244643977
"2023-02-12","Eastern","SG",1.34956033280496,3.0335442637861
"2023-02-12","Eastern","SH",0.158708755683914,0.437393489638033
"2023-02-12","Eastern","TG",0.390127941785302,0.956358536905352
"2023-02-12","Espace Mittelland","BE",3.92606903576905,8.59662252965636
"2023-02-12","Espace Mittelland","FR",0.802077180733361,1.89161043327413
"2023-02-12","Espace Mittelland","JU",0.107403776196759,0.238222936426527
"2023-02-12","Espace Mittelland","NE",0.285095034615221,0.653286212163543
"2023-02-12","Espace Mittelland","SO",0.430754435979995,1.17463042986172
"2023-02-12","Lake Geneva","GE",1.67110049839714,3.91060844904599
"2023-02-12","Lake Geneva","VD",2.24515512471105,4.86632121112011
"2023-02-12","Lake Geneva","VS",4.64785813579515,5.49197505813673
"2023-02-12","Northwestern","AG",1.28607677335748,3.33566492035557
"2023-02-12","Northwestern","BL",0.414850783703776,1.14441496538987
"2023-02-12","Northwestern","BS",0.672978990384433,2.19277942167125
"2023-02-12","Ticino","TI",0.934960945929389,1.61722410629862
"2023-02-12","Zurich","ZH",4.71741531134699,13.6437606935214
"2023-02-13","9999","9999",0.0121966367351703,0.0405478617715575
"2023-02-13","Central","LU",3.00389874395061,6.73057118443941
"2023-02-13","Central","NW",0.344940508330989,0.620759553558865
"2023-02-13","Central","OW",0.38626917258152,0.657024908554885
"2023-02-13","Central","SZ",1.20271495651589,2.1806456524739
"2023-02-13","Central","UR",0.315410558213309,0.539187995929579
"2023-02-13","Central","ZG",1.06228525297168,2.34457049515975
"2023-02-13","Eastern","AI",0.0659562724436734,0.119366379330855
"2023-02-13","Eastern","AR",0.186957751693359,0.39429651669056
"2023-02-13","Eastern","GL",0.249086865058291,0.552545338491375
"2023-02-13","Eastern","GR",3.99398818654596,5.78794385973499
"2023-02-13","Eastern","SG",3.39965632682585,7.34021661327128
"2023-02-13","Eastern","SH",0.454465687324791,1.13479631921941
"2023-02-13","Eastern","TG",1.43703485717645,3.16504441231431
"2023-02-13","Espace Mittelland","BE",7.52481910359943,17.8557760480076
"2023-02-13","Espace Mittelland","FR",1.95287114800992,4.20185289793155
"2023-02-13","Espace Mittelland","JU",0.360220851391071,0.736863070584549
"2023-02-13","Espace Mittelland","NE",1.05211283512954,2.3288339821671
"2023-02-13","Espace Mittelland","SO",1.34128858729554,3.09907341508163
"2023-02-13","Lake Geneva","GE",5.41667173367207,10.6016514161842
"2023-02-13","Lake Geneva","VD",6.20740383219587,12.3917052602099
"2023-02-13","Lake Geneva","VS",5.0516254157733,7.83708936368067
"2023-02-13","Northwestern","AG",3.98192269736872,8.98344165356423
"2023-02-13","Northwestern","BL",1.54748725214605,3.52796986746661
"2023-02-13","Northwestern","BS",1.65748040744966,4.84851142103771
"2023-02-13","Ticino","TI",2.32955715041098,4.30289966494483
"2023-02-13","Zurich","ZH",12.2993531981797,31.3076396522061
"2023-02-14","9999","9999",0.0132517460550793,0.0425871507122896
"2023-02-14","Central","LU",3.34161602151199,7.2884526623257
"2023-02-14","Central","NW",0.361901380662671,0.653694069951689
"2023-02-14","Central","OW",0.382180591659696,0.677417797962206
"2023-02-14","Central","SZ",1.30432808831734,2.33202886817424
"2023-02-14","Central","UR",0.35488406213227,0.578002462101515
"2023-02-14","Central","ZG",1.20167534680883,2.66450094181161
"2023-02-14","Eastern","AI",0.0914671079438034,0.14366790587458
"2023-02-14","Eastern","AR",0.21924402482778,0.433009018415459
"2023-02-14","Eastern","GL",0.26359813283628,0.576608947992014
"2023-02-14","Eastern","GR",3.71780748914586,5.75014903803342
"2023-02-14","Eastern","SG",3.69958084903707,7.87926865660482
"2023-02-14","Eastern","SH",0.517108132359817,1.24015958115724
"2023-02-14","Eastern","TG",1.58793120883349,3.39810115009099
"2023-02-14","Espace Mittelland","BE",8.11791188714455,19.1012037922617
"2023-02-14","Espace Mittelland","FR",2.26261484726555,4.78325417493428
"2023-02-14","Espace Mittelland","JU",0.452922841450901,0.855991532872318
"2023-02-14","Espace Mittelland","NE",1.24416976364896,2.64193281086751
"2023-02-14","Espace Mittelland","SO",1.51611765305771,3.48052241144558
"2023-02-14","Lake Geneva","GE",6.03391388129232,11.6254764288788
"2023-02-14","Lake Geneva","VD",6.90882551284207,13.5934582329833
"2023-02-14","Lake Geneva","VS",5.1745473706761,8.32770829467181
"2023-02-14","Northwestern","AG",4.44901934736628,9.80629474114965
"2023-02-14","Northwestern","BL",1.75595186014484,3.86370480340915
"2023-02-14","Northwestern","BS",1.97483767865972,5.39487091640887
"2023-02-14","Ticino","TI",2.59583895231828,4.86506364960666
"2023-02-14","Zurich","ZH",13.7404972345507,33.7993448444396
"2023-02-15","9999","9999",0.0134088764152467,0.0438107240767289
"2023-02-15","Central","LU",3.30698623276063,7.10277540427204
"2023-02-15","Central","NW",0.375263899216144,0.653694069951689
"2023-02-15","Central","OW",0.38133499731872,0.681258458800585
"2023-02-15","Central","SZ",1.25881329505099,2.22370863727236
"2023-02-15","Central","UR",0.340799848240072,0.578036450250527
"2023-02-15","Central","ZG",1.08648903408069,2.37580560410196
"2023-02-15","Eastern","AI",0.0918054130357626,0.143905822917665
"2023-02-15","Eastern","AR",0.204606477106506,0.409897077087161
"2023-02-15","Eastern","GL",0.264529018124158,0.562299937257877
"2023-02-15","Eastern","GR",3.74246687976898,5.63441939064687
"2023-02-15","Eastern","SG",3.57422294866334,7.5285449469479
"2023-02-15","Eastern","SH",0.469968346837883,1.14584246764838
"2023-02-15","Eastern","TG",1.48259827568099,3.14927391117265
"2023-02-15","Espace Mittelland","BE",7.60297447987178,17.9354102811432
"2023-02-15","Espace Mittelland","FR",1.99117985093249,4.15559502712594
"2023-02-15","Espace Mittelland","JU",0.377719467870487,0.759669118571736
"2023-02-15","Espace Mittelland","NE",1.07432923144316,2.33498583713831
"2023-02-15","Espace Mittelland","SO",1.39836317431084,3.17622651333933
"2023-02-15","Lake Geneva","GE",5.67439854423939,10.5083879352947
"2023-02-15","Lake Geneva","VD",6.0229065167715,11.9735150747637
"2023-02-15","Lake Geneva","VS",4.8635370695308,7.83035971017626
"2023-02-15","Northwestern","AG",4.15273993231321,9.13050837434004
"2023-02-15","Northwestern","BL",1.63356215129567,3.58418626593279
"2023-02-15","Northwestern","BS",1.79696288806456,5.04961929874291
"2023-02-15","Ticino","TI",2.23411677271259,4.35095890764808
"2023-02-15","Zurich","ZH",12.6556950619483,31.8146068828721
"2023-02-16","9999","9999",0.0129566620917224,0.0460199537625221
"2023-02-16","Central","LU",2.74273800942921,7.09142336250196
"2023-02-16","Central","NW",0.276935338227183,0.554142781494948
"2023-02-16","Central","OW",0.340191541302061,0.57793448580349
"2023-02-16","Central","SZ",1.11861678666733,2.01451158010225
"2023-02-16","Central","UR",0.306702399526863,0.515294327174001
"2023-02-16","Central","ZG",1.05528711119825,2.39300360750214
"2023-02-16","Eastern","AI",0.0806806736044025,0.128713120309211
"2023-02-16","Eastern","AR",0.218921293753076,0.408061717040502
"2023-02-16","Eastern","GL",0.257277494099662,0.553157125173594
"2023-02-16","Eastern","GR",3.91949921667236,5.60049921793269
"2023-02-16","Eastern","SG",3.51900156788491,7.48218511169525
"2023-02-16","Eastern","SH",0.491711574197267,1.15134854778836
"2023-02-16","Eastern","TG",1.50775701386166,3.15702320914743
"2023-02-16","Espace Mittelland","BE",7.91834560766524,18.3196123175771
"2023-02-16","Espace Mittelland","FR",2.0168144992824,4.22911139343933
"2023-02-16","Espace Mittelland","JU",0.411544150026509,0.806436811612527
"2023-02-16","Espace Mittelland","NE",1.157779143103,2.42070394894708
"2023-02-16","Espace Mittelland","SO",1.42330092356977,3.27455422843163
"2023-02-16","Lake Geneva","GE",5.51652543228598,11.024531966194
"2023-02-16","Lake Geneva","VD",6.11704529901265,12.1140560709292
"2023-02-16","Lake Geneva","VS",5.01782843555292,7.83386048952451
"2023-02-16","Northwestern","AG",4.22347317133909,9.16242324626249
"2023-02-16","Northwestern","BL",1.60296410633099,3.57868018579282
"2023-02-16","Northwestern","BS",1.8145297921258,5.04605054309663
"2023-02-16","Ticino","TI",2.37902824922705,4.59411012568138
"2023-02-16","Zurich","ZH",13.1494669098479,32.2973065751434
"2023-02-17","9999","9999",0.0188608162844086,0.0606008696887569
"2023-02-17","Central","LU",4.01916812998271,7.70888606560664
"2023-02-17","Central","NW",0.426881009107973,0.67592231940567
"2023-02-17","Central","OW",0.483486155221448,0.665114088019789
"2023-02-17","Central","SZ",1.58083332599406,2.41309060356835
"2023-02-17","Central","UR",0.445449169362315,0.619875861684548
"2023-02-17","Central","ZG",1.45758688955496,2.66898737748122
"2023-02-17","Eastern","AI",0.112800692048707,0.152980658703923
"2023-02-17","Eastern","AR",0.287471511384597,0.456460841233879
"2023-02-17","Eastern","GL",0.349738045773803,0.661783249416593
"2023-02-17","Eastern","GR",5.61596503512904,6.45536914188761
"2023-02-17","Eastern","SG",4.64750957464304,8.7101089592081
"2023-02-17","Eastern","SH",0.600493723367554,1.29705574260367
"2023-02-17","Eastern","TG",1.97051003246119,3.62871074113878
"2023-02-17","Espace Mittelland","BE",10.3943096261168,20.5100805451155
"2023-02-17","Espace Mittelland","FR",2.6457768839659,4.95635581785343
"2023-02-17","Espace Mittelland","JU",0.513910250513883,0.922200447148088
"2023-02-17","Espace Mittelland","NE",1.42664715605581,2.68737496609682
"2023-02-17","Espace Mittelland","SO",1.83660096278442,3.69964400812725
"2023-02-17","Lake Geneva","GE",6.4099397207995,11.442178341256
"2023-02-17","Lake Geneva","VD",7.8820329909377,13.8241697884782
"2023-02-17","Lake Geneva","VS",6.58958880588355,8.9474142156113
"2023-02-17","Northwestern","AG",5.52518035266099,10.559336170664
"2023-02-17","Northwestern","BL",2.09140427537984,4.1103568007907
"2023-02-17","Northwestern","BS",2.12888803314248,5.35299751682583
"2023-02-17","Ticino","TI",2.74572147343737,4.8869180294215
"2023-02-17","Zurich","ZH",15.8069952807282,34.4201723742965
"2023-02-18","9999","9999",0.0171912871170253,0.0650533172093554
"2023-02-18","Central","LU",4.28404294454784,8.26969052430798
"2023-02-18","Central","NW",0.459513760071092,0.699000272584955
"2023-02-18","Central","OW",0.63622744247808,0.877540019346054
"2023-02-18","Central","SZ",1.82455308003956,2.68727300164978
"2023-02-18","Central","UR",0.484698614198725,0.641798217797418
"2023-02-18","Central","ZG",1.55541024461831,2.69614390854197
"2023-02-18","Eastern","AI",0.0893315957215226,0.145741182964324
"2023-02-18","Eastern","AR",0.2942788645936,0.462782636950148
"2023-02-18","Eastern","GL",0.406951189459596,0.752191725789052
"2023-02-18","Eastern","GR",7.21411831695649,7.40020569627782
"2023-02-18","Eastern","SG",5.53137939893198,9.01596831216891
"2023-02-18","Eastern","SH",0.715062730140419,1.36985835778781
"2023-02-18","Eastern","TG",2.37668603372923,3.96390186669712
"2023-02-18","Espace Mittelland","BE",11.9608915397674,20.6084762365059
"2023-02-18","Espace Mittelland","FR",2.65633559382669,4.74831435774974
"2023-02-18","Espace Mittelland","JU",0.534548693821427,0.868533159857821
"2023-02-18","Espace Mittelland","NE",1.6656050319497,2.80626551134151
"2023-02-18","Espace Mittelland","SO",2.14553459776157,3.99714227643105
"2023-02-18","Lake Geneva","GE",6.62763901223106,10.0851335156458
"2023-02-18","Lake Geneva","VD",9.06915267794952,14.6057612631628
"2023-02-18","Lake Geneva","VS",8.0130277183007,9.28178962559335
"2023-02-18","Northwestern","AG",6.7809423542965,11.4750448813508
"2023-02-18","Northwestern","BL",2.34837719699621,3.90421867703169
"2023-02-18","Northwestern","BS",2.47725488009403,5.11953292126101
"2023-02-18","Ticino","TI",3.11137589855706,4.87281294758144
"2023-02-18","Zurich","ZH",19.199722035316,35.4957613379367
"2023-02-19","9999","9999",0.0132524587709809,0.0495887094088033
"2023-02-19","Central","LU",1.07564116519698,2.86091845495313
"2023-02-19","Central","NW",0.167945816141689,0.247807594447968
"2023-02-19","Central","OW",0.37599028203253,0.523417494787917
"2023-02-19","Central","SZ",0.479247038519557,0.830296492219093
"2023-02-19","Central","UR",0.305800414477191,0.369519156060665
"2023-02-19","Central","ZG",0.297847292135986,0.838929482068193
"2023-02-19","Eastern","AI",0.0180633263507669,0.0350757697805929
"2023-02-19","Eastern","AR",0.0813888508371261,0.125450258004039
"2023-02-19","Eastern","GL",0.109762505556981,0.288899266603721
"2023-02-19","Eastern","GR",4.59799716571683,4.48133744725889
"2023-02-19","Eastern","SG",1.14251789456345,2.62041831254278
"2023-02-19","Eastern","SH",0.147149784299469,0.395588066353024
"2023-02-19","Eastern","TG",0.352355463594145,0.871796022162992
"2023-02-19","Espace Mittelland","BE",3.78669652486814,7.8207410640058
"2023-02-19","Espace Mittelland","FR",0.702816602726326,1.74410186656117
"2023-02-19","Espace Mittelland","JU",0.0980185491518863,0.223777973096341
"2023-02-19","Espace Mittelland","NE",0.277203464298966,0.640234762942857
"2023-02-19","Espace Mittelland","SO",0.419568528293786,1.18499681531044
"2023-02-19","Lake Geneva","GE",1.70099669833575,3.87617845409663
"2023-02-19","Lake Geneva","VD",2.30464673498169,5.00784786360692
"2023-02-19","Lake Geneva","VS",4.83871314726699,5.34725351964277
"2023-02-19","Northwestern","AG",1.24197916866914,3.2769673870115
"2023-02-19","Northwestern","BL",0.379717308443122,1.06991294275512
"2023-02-19","Northwestern","BS",0.631900552071695,1.98813677646878
"2023-02-19","Ticino","TI",1.00012706314757,1.75735724467593
"2023-02-19","Zurich","ZH",4.58227614493238,13.1410079933329
"2023-02-20","9999","9999",0.0119703533524435,0.0450342974411682
"2023-02-20","Central","LU",2.77203335461861,7.12677103747465
"2023-02-20","Central","NW",0.324021505583598,0.587077297887773
"2023-02-20","Central","OW",0.368405438011364,0.632655405713136
"2023-02-20","Central","SZ",1.04104205064154,1.95544017711904
"2023-02-20","Central","UR",0.35223501460678,0.511249737441549
"2023-02-20","Central","ZG",1.12692358056862,2.46410681523566
"2023-02-20","Eastern","AI",0.0658921201804893,0.115049884406305
"2023-02-20","Eastern","AR",0.178903028175966,0.384202036433936
"2023-02-20","Eastern","GL",0.245588961145968,0.505947586195645
"2023-02-20","Eastern","GR",4.25444609703595,5.7651378117478
"2023-02-20","Eastern","SG",3.39474509553266,7.32359640840432
"2023-02-20","Eastern","SH",0.436726971739017,1.1068920488804
"2023-02-20","Eastern","TG",1.37433626422606,3.06331788232079
"2023-02-20","Espace Mittelland","BE",7.55253185529735,17.8538727116629
"2023-02-20","Espace Mittelland","FR",1.8167095710544,3.86166551446842
"2023-02-20","Espace Mittelland","JU",0.325124762387078,0.665827839149046
"2023-02-20","Espace Mittelland","NE",0.983149626045211,2.26466435683206
"2023-02-20","Espace Mittelland","SO",1.31424456674641,3.25307371825592
"2023-02-20","Lake Geneva","GE",4.77641019779444,9.55770541927441
"2023-02-20","Lake Geneva","VD",6.40177377835727,13.4580494473187
"2023-02-20","Lake Geneva","VS",5.10682658596509,7.52453434536446
"2023-02-20","Northwestern","AG",3.85181814825076,8.97263342217835
"2023-02-20","Northwestern","BL",1.41425761610464,3.19199701448099
"2023-02-20","Northwestern","BS",1.58437750944772,4.55261059573748
"2023-02-20","Ticino","TI",2.12051886485174,3.95027261894323
"2023-02-20","Zurich","ZH",12.2037786536708,32.6852812961177
"2023-02-21","9999","9999",0.0124906868688678,0.0480592427032542
"2023-02-21","Central","LU",2.72393738239429,6.72890576513781
"2023-02-21","Central","NW",0.306420908073915,0.55941094459184
"2023-02-21","Central","OW",0.375344514433451,0.628372898937598
"2023-02-21","Central","SZ",1.05718703165485,1.96111619800408
"2023-02-21","Central","UR",0.330161976005934,0.497654477836668
"2023-02-21","Central","ZG",1.12418206011291,2.53102948064069
"2023-02-21","Eastern","AI",0.077088898742208,0.119094474138757
"2023-02-21","Eastern","AR",0.197718085749881,0.401977838367318
"2023-02-21","Eastern","GL",0.234190781601734,0.513968789362525
"2023-02-21","Eastern","GR",3.79733212580985,5.60549547583749
"2023-02-21","Eastern","SG",3.4188225810343,7.47695093674737
"2023-02-21","Eastern","SH",0.453260324178358,1.1325191132356
"2023-02-21","Eastern","TG",1.4135475356855,3.06192436821129
"2023-02-21","Espace Mittelland","BE",7.43293236263046,17.9860526231714
"2023-02-21","Espace Mittelland","FR",1.74569824751423,3.72921369776786
"2023-02-21","Espace Mittelland","JU",0.324176717093262,0.65077108913664
"2023-02-21","Espace Mittelland","NE",1.02598804187247,2.2820323009773
"2023-02-21","Espace Mittelland","SO",1.27406816439162,3.18944790330508
"2023-02-21","Lake Geneva","GE",4.87785444333937,9.39945659747359
"2023-02-21","Lake Geneva","VD",6.10963975003299,13.2297170622547
"2023-02-21","Lake Geneva","VS",4.67684320677403,7.30055244337404
"2023-02-21","Northwestern","AG",3.96572582907137,9.11885043922885
"2023-02-21","Northwestern","BL",1.40327240060107,3.14172854209194
"2023-02-21","Northwestern","BS",1.67420046404306,4.75752514613205
"2023-02-21","Ticino","TI",2.07205049073681,3.82128759344192
"2023-02-21","Zurich","ZH",12.3709643935477,33.1494914353263
"2023-02-22","9999","9999",0.0112917029213563,0.0465977522957295
"2023-02-22","Central","LU",3.17090682959895,6.7325085089331
"2023-02-22","Central","NW",0.346709480946748,0.58163919404582
"2023-02-22","Central","OW",0.326929186744908,0.569743341891549
"2023-02-22","Central","SZ",1.22693285488219,2.06494999323636
"2023-02-22","Central","UR",0.318117476703598,0.498130311922839
"2023-02-22","Central","ZG",1.2526380895185,2.81367492782617
"2023-02-22","Eastern","AI",0.0722172545097167,0.113724346594829
"2023-02-22","Eastern","AR",0.19504999069612,0.39382068260439
"2023-02-22","Eastern","GL",0.251349894686631,0.531506674252821
"2023-02-22","Eastern","GR",3.92949295428836,5.5570623634951
"2023-02-22","Eastern","SG",3.58266676807074,7.52871488769296
"2023-02-22","Eastern","SH",0.482734580639158,1.14529865726419
"2023-02-22","Eastern","TG",1.50921952255577,3.12198142751585
"2023-02-22","Espace Mittelland","BE",7.80555291996435,18.0357772851762
"2023-02-22","Espace Mittelland","FR",1.85041867183771,3.76466333718759
"2023-02-22","Espace Mittelland","JU",0.347496205737459,0.646964416447273
"2023-02-22","Espace Mittelland","NE",1.10814549415309,2.33002356738253
"2023-02-22","Espace Mittelland","SO",1.43679296061626,3.40574848361873
"2023-02-22","Lake Geneva","GE",4.68234516206899,9.2510303507373
"2023-02-22","Lake Geneva","VD",6.58435715005227,13.5211994281834
"2023-02-22","Lake Geneva","VS",4.80444178020972,7.29970273964874
"2023-02-22","Northwestern","AG",4.28418620044406,9.45244412178362
"2023-02-22","Northwestern","BL",1.48275771257779,3.21663842251484
"2023-02-22","Northwestern","BS",1.6936572243858,4.67993020193719
"2023-02-22","Ticino","TI",2.09170019345577,3.76833405728091
"2023-02-22","Zurich","ZH",12.9356603630222,33.2670224546105
"2023-02-23","9999","9999",0.0132146887442191,0.0482631715973274
"2023-02-23","Central","LU",3.3205177785474,7.00132077947061
"2023-02-23","Central","NW",0.362680512287815,0.605362922056337
"2023-02-23","Central","OW",0.360516636322265,0.56743214775872
"2023-02-23","Central","SZ",1.26789367549106,2.0784432883942
"2023-02-23","Central","UR",0.358146280294396,0.503738356509852
"2023-02-23","Central","ZG",1.26398460499192,2.76350841988415
"2023-02-23","Eastern","AI",0.0782649896283977,0.116239469621732
"2023-02-23","Eastern","AR",0.216010468026552,0.396675687121415
"2023-02-23","Eastern","GL",0.238492119968241,0.525898629665808
"2023-02-23","Eastern","GR",4.17903692478095,5.56889023935134
"2023-02-23","Eastern","SG",3.77415950754965,7.6388364904925
"2023-02-23","Eastern","SH",0.514239920778573,1.15807820129277
"2023-02-23","Eastern","TG",1.60101097105909,3.19886262058146
"2023-02-23","Espace Mittelland","BE",8.21279011213359,18.798369384563
"2023-02-23","Espace Mittelland","FR",1.93470865233228,3.87298356808948
"2023-02-23","Espace Mittelland","JU",0.385666559538679,0.702908909721358
"2023-02-23","Espace Mittelland","NE",1.19239907914443,2.44966185190548
"2023-02-23","Espace Mittelland","SO",1.56113637256044,3.49823023708093
"2023-02-23","Lake Geneva","GE",5.26400927592697,10.0219155584831
"2023-02-23","Lake Geneva","VD",6.69518121461647,13.7365143521757
"2023-02-23","Lake Geneva","VS",4.98591748566111,7.36591165392451
"2023-02-23","Northwestern","AG",4.44424358300266,9.54186694183472
"2023-02-23","Northwestern","BL",1.6314879835492,3.33206217656028
"2023-02-23","Northwestern","BS",1.8581635440749,4.91961462877124
"2023-02-23","Ticino","TI",2.24128130623688,3.96461561782638
"2023-02-23","Zurich","ZH",13.6427162665034,34.2935665192261
"2023-02-24","9999","9999",0.0211973457191035,0.0689619543457587
"2023-02-24","Central","LU",4.76546111150465,8.64339022269715
"2023-02-24","Central","NW",0.496273519874398,0.751987796894979
"2023-02-24","Central","OW",0.496202726038857,0.736965035031585
"2023-02-24","Central","SZ",1.7651773918355,2.55855988134057
"2023-02-24","Central","UR",0.451073993745887,0.638909225131381
"2023-02-24","Central","ZG",1.73748967526263,3.21388538244485
"2023-02-24","Eastern","AI",0.12020534034344,0.149921725292825
"2023-02-24","Eastern","AR",0.332181785458831,0.48626844791758
"2023-02-24","Eastern","GL",0.377424043213265,0.687478290069818
"2023-02-24","Eastern","GR",5.92710994559522,6.53816427288133
"2023-02-24","Eastern","SG",5.46348003581139,9.60970728726308
"2023-02-24","Eastern","SH",0.71198022995011,1.39969995262052
"2023-02-24","Eastern","TG",2.29943583014801,3.96006120585874
"2023-02-24","Espace Mittelland","BE",11.5037630675139,22.252313063481
"2023-02-24","Espace Mittelland","FR",2.95894910698205,4.95299099110122
"2023-02-24","Espace Mittelland","JU",0.5621422418268,0.974168326987746
"2023-02-24","Espace Mittelland","NE",1.74844007341961,2.91829045048572
"2023-02-24","Espace Mittelland","SO",2.22083031895952,4.23237425574451
"2023-02-24","Lake Geneva","GE",6.78554864108437,10.7507234377517
"2023-02-24","Lake Geneva","VD",9.52311415010213,16.6622821954441
"2023-02-24","Lake Geneva","VS",6.97110871773453,8.83470951348684
"2023-02-24","Northwestern","AG",6.51730029153174,11.8368147394367
"2023-02-24","Northwestern","BL",2.29067151963017,4.00251240397498
"2023-02-24","Northwestern","BS",2.34299271842834,5.39320549710727
"2023-02-24","Ticino","TI",3.28086042917003,4.34789997423698
"2023-02-24","Zurich","ZH",18.358765481604,38.7624982920955
"2023-02-25","9999","9999",0.0196198313074299,0.0642036134840504
"2023-02-25","Central","LU",5.73194563840131,9.06100260961008
"2023-02-25","Central","NW",0.572312310056072,0.795458639481585
"2023-02-25","Central","OW",0.552709952036295,0.75324535840843
"2023-02-25","Central","SZ",2.07173731867044,2.78260975962901
"2023-02-25","Central","UR",0.492203316841179,0.648187989811712
"2023-02-25","Central","ZG",1.91766153746048,3.10852212050702
"2023-02-25","Eastern","AI",0.124535567200089,0.157331141777485
"2023-02-25","Eastern","AR",0.319018553236297,0.47175550828937
"2023-02-25","Eastern","GL",0.448296387152635,0.728739902970632
"2023-02-25","Eastern","GR",7.12517680787839,7.13278693984981
"2023-02-25","Eastern","SG",6.5154472380197,9.68611264624251
"2023-02-25","Eastern","SH",0.791936850770883,1.44962854351945
"2023-02-25","Eastern","TG",2.75891320646392,4.27030503004212
"2023-02-25","Espace Mittelland","BE",12.7279074645074,21.2804899187751
"2023-02-25","Espace Mittelland","FR",2.97474943894867,4.88069819815227
"2023-02-25","Espace Mittelland","JU",0.601135645433582,0.879409367541726
"2023-02-25","Espace Mittelland","NE",1.86449474040531,2.88885671344116
"2023-02-25","Espace Mittelland","SO",2.65919851486297,4.44830096641903
"2023-02-25","Lake Geneva","GE",7.3728397683819,10.4763710989252
"2023-02-25","Lake Geneva","VD",10.9951257986055,16.8169282734496
"2023-02-25","Lake Geneva","VS",8.1178763649141,9.11616537545689
"2023-02-25","Northwestern","AG",8.28660712014072,12.9392203526474
"2023-02-25","Northwestern","BL",2.56578228556923,4.02242945929613
"2023-02-25","Northwestern","BS",2.65903503663205,5.31826162853536
"2023-02-25","Ticino","TI",3.15892470468607,4.62561713981569
"2023-02-25","Zurich","ZH",22.4025485514506,38.5602348173239
"2023-02-26","9999","9999",0.0148282188050506,0.0495207331107789
"2023-02-26","Central","LU",1.18085479675639,3.0599870437176
"2023-02-26","Central","NW",0.17133017109642,0.223166186414121
"2023-02-26","Central","OW",0.288299526705342,0.370572788680043
"2023-02-26","Central","SZ",0.458816140432163,0.797939774359476
"2023-02-26","Central","UR",0.234426459519889,0.296240706790356
"2023-02-26","Central","ZG",0.318413563168443,0.838283707236961
"2023-02-26","Eastern","AI",0.0187334359390996,0.0364692838900932
"2023-02-26","Eastern","AR",0.0878374338261397,0.133913307108078
"2023-02-26","Eastern","GL",0.10496467441256,0.278464904856974
"2023-02-26","Eastern","GR",4.06665496507248,3.67034622367873
"2023-02-26","Eastern","SG",1.23110019874318,2.67398363538601
"2023-02-26","Eastern","SH",0.162408992591855,0.42546364933475
"2023-02-26","Eastern","TG",0.39342460527199,0.887532535155642
"2023-02-26","Espace Mittelland","BE",3.48346856836917,7.15287393591603
"2023-02-26","Espace Mittelland","FR",0.734992651605353,1.73934352569946
"2023-02-26","Espace Mittelland","JU",0.10026033436393,0.218577786297474
"2023-02-26","Espace Mittelland","NE",0.294727111987409,0.624702178844281
"2023-02-26","Espace Mittelland","SO",0.427765015703226,1.1509067018512
"2023-02-26","Lake Geneva","GE",1.7600948111083,3.84688066964811
"2023-02-26","Lake Geneva","VD",2.27622391461269,4.9874549741996
"2023-02-26","Lake Geneva","VS",3.93744326492617,4.3735610267412
"2023-02-26","Northwestern","AG",1.44657426190133,3.54591561014505
"2023-02-26","Northwestern","BL",0.438625306206933,1.21990264434597
"2023-02-26","Northwestern","BS",0.803469275446005,2.27972110684447
"2023-02-26","Ticino","TI",0.931734669012014,1.51498775406991
"2023-02-26","Zurich","ZH",5.25152306507061,14.5205189854402
"2023-02-27","9999","9999",0.0121523426166942,0.0447284041000584
"2023-02-27","Central","LU",3.50663200747512,7.35829830854578
"2023-02-27","Central","NW",0.327773606279453,0.60077452193969
"2023-02-27","Central","OW",0.321928309888968,0.525660712622723
"2023-02-27","Central","SZ",1.21541164177644,1.97814426065919
"2023-02-27","Central","UR",0.286992456650142,0.460675371711392
"2023-02-27","Central","ZG",1.19947243985762,2.64264656199676
"2023-02-27","Eastern","AI",0.0707488913635621,0.109441839819292
"2023-02-27","Eastern","AR",0.19888496615365,0.388756448401571
"2023-02-27","Eastern","GL",0.267699648376911,0.533138105405407
"2023-02-27","Eastern","GR",3.58083783333473,4.72251735264948
"2023-02-27","Eastern","SG",3.94266827918509,7.70089885058878
"2023-02-27","Eastern","SH",0.524764835374355,1.15182438187453
"2023-02-27","Eastern","TG",1.71950298153537,3.26017724139947
"2023-02-27","Espace Mittelland","BE",8.04281733979988,17.9258596112707
"2023-02-27","Espace Mittelland","FR",2.23794148819396,4.24831469763123
"2023-02-27","Espace Mittelland","JU",0.434227715949521,0.7509341642756
"2023-02-27","Espace Mittelland","NE",1.34018552629313,2.18006785394069
"2023-02-27","Espace Mittelland","SO",1.52987706038384,3.32138989777045
"2023-02-27","Lake Geneva","GE",6.81486967537439,10.9094141054897
"2023-02-27","Lake Geneva","VD",7.0806636663233,13.6976658978547
"2023-02-27","Lake Geneva","VS",4.85163902159818,6.98592414796809
"2023-02-27","Northwestern","AG",4.68971651243344,9.54363432558335
"2023-02-27","Northwestern","BL",1.42595756817685,2.81425272635937
"2023-02-27","Northwestern","BS",1.46105791781216,4.3744107304665
"2023-02-27","Ticino","TI",2.80710941708897,4.12619527823039
"2023-02-27","Zurich","ZH",14.1491347646577,33.9162640770416
"2023-02-28","9999","9999",0.0127533735868748,0.0476513849151078
"2023-02-28","Central","LU",3.48622476998925,7.4502702397728
"2023-02-28","Central","NW",0.321640419656991,0.597545647783531
"2023-02-28","Central","OW",0.322717047514698,0.54938444063324
"2023-02-28","Central","SZ",1.20577399582177,1.96539870477962
"2023-02-28","Central","UR",0.28054502105541,0.471313662352211
"2023-02-28","Central","ZG",1.27905437183126,2.84892063835182
"2023-02-28","Eastern","AI",0.0808054537114773,0.117700960029257
"2023-02-28","Eastern","AR",0.236029694360362,0.414315536458748
"2023-02-28","Eastern","GL",0.263339088018209,0.522465826615576
"2023-02-28","Eastern","GR",3.07141979198822,4.56991056358469
"2023-02-28","Eastern","SG",3.92490585600553,7.72067995331388
"2023-02-28","Eastern","SH",0.509813261894033,1.17112965051346
"2023-02-28","Eastern","TG",1.70683298396091,3.26265837627736
"2023-02-28","Espace Mittelland","BE",8.05446647757792,18.5482166078332
"2023-02-28","Espace Mittelland","FR",2.24362318104084,4.21939078282185
"2023-02-28","Espace Mittelland","JU",0.439953648090579,0.755726493286321
"2023-02-28","Espace Mittelland","NE",1.3360105579384,2.3555826554397
"2023-02-28","Espace Mittelland","SO",1.55079466119556,3.464989827347
"2023-02-28","Lake Geneva","GE",6.56048284340687,10.9641010372503
"2023-02-28","Lake Geneva","VD",7.27321523534249,13.9488043309059
"2023-02-28","Lake Geneva","VS",4.45530859135904,6.83518670709897
"2023-02-28","Northwestern","AG",4.6399263596868,9.59896703217522
"2023-02-28","Northwestern","BL",1.54782584702359,3.03221872597463
"2023-02-28","Northwestern","BS",1.79271545764915,4.85578488492632
"2023-02-28","Ticino","TI",2.70121919884177,4.10950709706539
"2023-02-28","Zurich","ZH",14.4022656502299,35.457762587341
"2023-03-01","9999","9999",0.015934334304179,0.0513560931574379
"2023-03-01","Central","LU",3.67619148682237,7.76517044037085
"2023-03-01","Central","NW",0.358535759954496,0.634660706504856
"2023-03-01","Central","OW",0.332360414776689,0.582284968877052
"2023-03-01","Central","SZ",1.20875254522303,1.98919040908816
"2023-03-01","Central","UR",0.312763492194666,0.496872750409387
"2023-03-01","Central","ZG",1.34193920684518,2.81595213380998
"2023-03-01","Eastern","AI",0.0882802496982148,0.123410969063307
"2023-03-01","Eastern","AR",0.22260366577122,0.412174283070979
"2023-03-01","Eastern","GL",0.269470120828881,0.544014313089312
"2023-03-01","Eastern","GR",3.20049765818589,4.63581358451935
"2023-03-01","Eastern","SG",3.95722124867536,8.04696618383102
"2023-03-01","Eastern","SH",0.546443530616476,1.18577854273772
"2023-03-01","Eastern","TG",1.72649877369593,3.30527951513866
"2023-03-01","Espace Mittelland","BE",8.44885570074644,18.9666786984714
"2023-03-01","Espace Mittelland","FR",2.41325719794012,4.45329722432382
"2023-03-01","Espace Mittelland","JU",0.45911264199528,0.805145261950063
"2023-03-01","Espace Mittelland","NE",0.281635531209111,0.649955373560347
"2023-03-01","Espace Mittelland","SO",1.60067066096415,3.49370981326231
"2023-03-01","Lake Geneva","GE",6.15024035540996,11.0126021258907
"2023-03-01","Lake Geneva","VD",7.78909804459461,14.5350319250684
"2023-03-01","Lake Geneva","VS",4.6885070178844,7.15171833884961
"2023-03-01","Northwestern","AG",4.80921029601766,9.90686567407676
"2023-03-01","Northwestern","BL",1.39173163088426,2.94041673549267
"2023-03-01","Northwestern","BS",1.50407761018777,4.28818279642254
"2023-03-01","Ticino","TI",2.67303739001213,4.27985569991455
"2023-03-01","Zurich","ZH",14.6262569190372,35.8422025408181
"2023-03-02","9999","9999",0.0153038979290266,0.0524097257768161
"2023-03-02","Central","LU",3.65447178300376,7.88800361090095
"2023-03-02","Central","NW",0.354761126471292,0.631771713838819
"2023-03-02","Central","OW",0.347268978593566,0.589252539424553
"2023-03-02","Central","SZ",1.22277797180141,2.01685676238409
"2023-03-02","Central","UR",0.309587998243288,0.521582134741258
"2023-03-02","Central","ZG",1.35801895868941,2.97712393642585
"2023-03-02","Eastern","AI",0.0866095574724646,0.127455558795759
"2023-03-02","Eastern","AR",0.225957084156597,0.40571653475866
"2023-03-02","Eastern","GL",0.262323315133637,0.549112535441142
"2023-03-02","Eastern","GR",3.55116722755907,4.84851142103771
"2023-03-02","Eastern","SG",4.06732050466379,8.10943640171545
"2023-03-02","Eastern","SH",0.551519728228739,1.20562762176084
"2023-03-02","Eastern","TG",1.73775344280255,3.34956607330156
"2023-03-02","Espace Mittelland","BE",8.54262446595405,19.4738158698825
"2023-03-02","Espace Mittelland","FR",2.27596855868681,4.36961840145578
"2023-03-02","Espace Mittelland","JU",0.485023123147161,0.934504157090506
"2023-03-02","Espace Mittelland","NE",1.42436779270205,2.49204507372369
"2023-03-02","Espace Mittelland","SO",1.68640532833927,3.68040671578634
"2023-03-02","Lake Geneva","GE",6.59268579535318,11.6848197370541
"2023-03-02","Lake Geneva","VD",7.51206209202864,14.3876932991005
"2023-03-02","Lake Geneva","VS",4.79968213027431,7.20443395796754
"2023-03-02","Northwestern","AG",4.79656142929488,9.98065394558225
"2023-03-02","Northwestern","BL",1.74601350682003,3.30888225893395
"2023-03-02","Northwestern","BS",1.99038073976598,4.71660341472136
"2023-03-02","Ticino","TI",2.75107846545077,4.60916687569378
"2023-03-02","Zurich","ZH",15.0793742379447,37.023086790098
"2023-03-03","9999","9999",0.021823599783361,0.0694038002829174
"2023-03-03","Central","LU",4.82830023088432,9.14937179704181
"2023-03-03","Central","NW",0.479126714844878,0.759023343740505
"2023-03-03","Central","OW",0.48291673829233,0.728196092586437
"2023-03-03","Central","SZ",1.58541585427986,2.37835471527788
"2023-03-03","Central","UR",0.444879384327182,0.654679726273043
"2023-03-03","Central","ZG",1.71577933073525,3.19383237452765
"2023-03-03","Eastern","AI",0.126563388832847,0.166134072371645
"2023-03-03","Eastern","AR",0.295595411420678,0.476479861002066
"2023-03-03","Eastern","GL",0.346756218662601,0.66898873700718
"2023-03-03","Eastern","GR",5.00282840913936,5.87943995687584
"2023-03-03","Eastern","SG",5.18344539766193,9.32522648003094
"2023-03-03","Eastern","SH",0.641358652359493,1.38083652991875
"2023-03-03","Eastern","TG",2.1585648418961,3.83614041456025
"2023-03-03","Espace Mittelland","BE",10.9570872071776,21.5906997548095
"2023-03-03","Espace Mittelland","FR",3.01768200376332,5.29280450492522
"2023-03-03","Espace Mittelland","JU",0.568135383690625,0.954591153156717
"2023-03-03","Espace Mittelland","NE",1.5052524479471,2.59717041861844
"2023-03-03","Espace Mittelland","SO",2.07665449448418,4.10301536060406
"2023-03-03","Lake Geneva","GE",7.33524662047644,12.2233279700034
"2023-03-03","Lake Geneva","VD",9.33792000999118,16.4054677415079
"2023-03-03","Lake Geneva","VS",6.67390333591651,8.77492435937437
"2023-03-03","Northwestern","AG",6.14479063200893,11.5353058695494
"2023-03-03","Northwestern","BL",2.14679494968102,3.79960315437213
"2023-03-03","Northwestern","BS",2.17518118657776,4.98307050297702
"2023-03-03","Ticino","TI",3.33934531256561,4.98113317848333
"2023-03-03","Zurich","ZH",18.2549595266066,40.1365032040628
"2023-03-04","9999","9999",0.0208218580035981,0.0776969086418948
"2023-03-04","Central","LU",5.64403393331259,9.69042914116706
"2023-03-04","Central","NW",0.543523839017418,0.817414983743468
"2023-03-04","Central","OW",0.653443976185311,1.00720480782761
"2023-03-04","Central","SZ",1.95374705235682,2.799297940794
"2023-03-04","Central","UR",0.466184585108709,0.70647766536764
"2023-03-04","Central","ZG",1.77174067900843,2.91944604755214
"2023-03-04","Eastern","AI",0.147105188647343,0.190707504107468
"2023-03-04","Eastern","AR",0.312771735419792,0.489633274669788
"2023-03-04","Eastern","GL",0.418168127699673,0.752361666534113
"2023-03-04","Eastern","GR",6.14462780383757,7.05916860908938
"2023-03-04","Eastern","SG",6.32047010881844,9.95438110639582
"2023-03-04","Eastern","SH",0.75052047155618,1.43593131946753
"2023-03-04","Eastern","TG",2.61349187962243,4.2042320683624
"2023-03-04","Espace Mittelland","BE",12.26608609482,21.2054100976072
"2023-03-04","Espace Mittelland","FR",3.09827489583119,5.18213909174149
"2023-03-04","Espace Mittelland","JU",0.622599719204816,0.93858273497197
"2023-03-04","Espace Mittelland","NE",1.70921419128418,2.74760196614644
"2023-03-04","Espace Mittelland","SO",2.50435612938045,4.44925263459137
"2023-03-04","Lake Geneva","GE",7.69111160681851,11.2851191046706
"2023-03-04","Lake Geneva","VD",10.8812307547861,16.973953521886
"2023-03-04","Lake Geneva","VS",7.35276401819467,9.15039144151217
"2023-03-04","Northwestern","AG",7.71350682041902,12.6157211503493
"2023-03-04","Northwestern","BL",2.50000062852144,3.98123582269334
"2023-03-04","Northwestern","BS",2.48428238419619,5.01495138675047
"2023-03-04","Ticino","TI",3.63711761289108,5.39680824090256
"2023-03-04","Zurich","ZH",22.3197906321068,40.1041804743522
"2023-03-05","9999","9999",0.0153038548527907,0.0543810384195239
"2023-03-05","Central","LU",1.26939462776761,3.14288413915836
"2023-03-05","Central","NW",0.169266897721591,0.253279686438933
"2023-03-05","Central","OW",0.4297705904182,0.582794791112235
"2023-03-05","Central","SZ",0.518326222575921,0.941777620979117
"2023-03-05","Central","UR",0.274397775915988,0.37808416961174
"2023-03-05","Central","ZG",0.324738227575098,0.864556546423393
"2023-03-05","Eastern","AI",0.0230202223699459,0.050370436836084
"2023-03-05","Eastern","AR",0.097449175299004,0.151349227551337
"2023-03-05","Eastern","GL",0.110699147396372,0.311739302739921
"2023-03-05","Eastern","GR",3.7592803217256,3.84113667246504
"2023-03-05","Eastern","SG",1.22535129522037,2.95588134329322
"2023-03-05","Eastern","SH",0.170617110584964,0.444564989079608
"2023-03-05","Eastern","TG",0.412085211044401,0.976037675183417
"2023-03-05","Espace Mittelland","BE",3.40658882041591,7.71884459326722
"2023-03-05","Espace Mittelland","FR",0.767647473265292,1.88273952638194
"2023-03-05","Espace Mittelland","JU",0.113201708307961,0.242981277288235
"2023-03-05","Espace Mittelland","NE",0.290419128132523,0.656922944107848
"2023-03-05","Espace Mittelland","SO",0.452470403914154,1.20491387063159
"2023-03-05","Lake Geneva","GE",1.84120008716907,4.22608644817725
"2023-03-05","Lake Geneva","VD",2.21244254956695,5.15117588799137
"2023-03-05","Lake Geneva","VS",3.57023898033819,4.58642880400462
"2023-03-05","Northwestern","AG",1.4028009429482,3.58581769708538
"2023-03-05","Northwestern","BL",0.414260024457825,1.13663167926607
"2023-03-05","Northwestern","BS",0.653673701750881,2.10226898085176
"2023-03-05","Ticino","TI",1.11204363112038,1.90105913869952
"2023-03-05","Zurich","ZH",5.15100371721678,14.3905483036175
"2023-03-06","9999","9999",0.0119639310772865,0.0482291834483152
"2023-03-06","Central","LU",2.9845994350818,6.91485492838357
"2023-03-06","Central","NW",0.305138532449898,0.578818177677807
"2023-03-06","Central","OW",0.251305815949334,0.454931374528329
"2023-03-06","Central","SZ",1.08484237056248,1.89507722447337
"2023-03-06","Central","UR",0.260009627851985,0.420977213665139
"2023-03-06","Central","ZG",1.05471656253894,2.45054554377979
"2023-03-06","Eastern","AI",0.0645202164743756,0.105839096023998
"2023-03-06","Eastern","AR",0.185485840631782,0.377200477737422
"2023-03-06","Eastern","GL",0.229772675308013,0.489055476136581
"2023-03-06","Eastern","GR",2.79367001920264,4.00098293726943
"2023-03-06","Eastern","SG",3.40998693235394,7.12870836196835
"2023-03-06","Eastern","SH",0.466242424745336,1.09275297889132
"2023-03-06","Eastern","TG",1.49052415817708,3.09428108607091
"2023-03-06","Espace Mittelland","BE",7.17131975056338,17.2006544757974
"2023-03-06","Espace Mittelland","FR",2.04138902188894,4.10964304966144
"2023-03-06","Espace Mittelland","JU",0.375265798486542,0.704574329022956
"2023-03-06","Espace Mittelland","NE",1.1415202841863,2.32166248272552
"2023-03-06","Espace Mittelland","SO",1.38319609825481,3.24043012682338
"2023-03-06","Lake Geneva","GE",5.49696091086533,10.4123714143353
"2023-03-06","Lake Geneva","VD",6.54923887287082,13.124693681807
"2023-03-06","Lake Geneva","VS",4.01260812051973,6.17129619244362
"2023-03-06","Northwestern","AG",4.09443684629683,8.9630147760079
"2023-03-06","Northwestern","BL",1.58493353358353,3.44282955419104
"2023-03-06","Northwestern","BS",1.66048684675559,4.62670476058408
"2023-03-06","Ticino","TI",2.5491160390264,4.10389905247838
"2023-03-06","Zurich","ZH",13.0854326089776,33.3679672571768
"2023-03-07","9999","9999",0.0150690932836524,0.0520358561376819
"2023-03-07","Central","LU",3.26011864597277,7.44880874936527
"2023-03-07","Central","NW",0.358801234879766,0.601794166410056
"2023-03-07","Central","OW",0.25846050067971,0.487254104238934
"2023-03-07","Central","SZ",1.12034253423847,1.96369929732901
"2023-03-07","Central","UR",0.262281405872216,0.429644191663251
"2023-03-07","Central","ZG",1.19818138241407,2.74226582675153
"2023-03-07","Eastern","AI",0.0830108825804977,0.118924533393696
"2023-03-07","Eastern","AR",0.209057900910615,0.402997482837684
"2023-03-07","Eastern","GL",0.236026287421711,0.499251920840241
"2023-03-07","Eastern","GR",2.53656045585027,4.03867579452397
"2023-03-07","Eastern","SG",3.52722355642595,7.59876446280711
"2023-03-07","Eastern","SH",0.509968301098753,1.19227027919905
"2023-03-07","Eastern","TG",1.56845115991126,3.23461815334229
"2023-03-07","Espace Mittelland","BE",7.73261901395152,18.55039184937
"2023-03-07","Espace Mittelland","FR",2.07159803753598,4.3961291576853
"2023-03-07","Espace Mittelland","JU",0.414115687739693,0.764121566092335
"2023-03-07","Espace Mittelland","NE",1.1553588382217,2.41645543032056
"2023-03-07","Espace Mittelland","SO",1.54410055149447,3.53527731950424
"2023-03-07","Lake Geneva","GE",5.86047593906948,10.8409619733791
"2023-03-07","Lake Geneva","VD",6.39737263626841,13.5282689631779
"2023-03-07","Lake Geneva","VS",3.93019048777481,6.3077246225786
"2023-03-07","Northwestern","AG",4.53135325557287,9.7955544860618
"2023-03-07","Northwestern","BL",1.60081560466561,3.56892558702632
"2023-03-07","Northwestern","BS",1.78182815051355,5.03272718868385
"2023-03-07","Ticino","TI",2.47048770918099,4.24335242787545
"2023-03-07","Zurich","ZH",14.015239953215,36.3726555824515
"2023-03-08","9999","9999",0.0129355429881116,0.0505063894321328
"2023-03-08","Central","LU",3.53534156676579,7.88725587162268
"2023-03-08","Central","NW",0.359221001049662,0.636258149508429
"2023-03-08","Central","OW",0.243392108363895,0.444429036483559
"2023-03-08","Central","SZ",1.18569579812114,2.0519665203137
"2023-03-08","Central","UR",0.255897233603801,0.429338298322141
"2023-03-08","Central","ZG",1.47133800666371,2.88001979469798
"2023-03-08","Eastern","AI",0.079715319495834,0.118108817817403
"2023-03-08","Eastern","AR",0.213259858485089,0.408197669636551
"2023-03-08","Eastern","GL",0.26541942349844,0.544898004963629
"2023-03-08","Eastern","GR",2.75698848975959,4.14485477203809
"2023-03-08","Eastern","SG",3.81141081027978,7.97780030059119
"2023-03-08","Eastern","SH",0.52641940925587,1.19328992366941
"2023-03-08","Eastern","TG",1.65058876579524,3.38627327423474
"2023-03-08","Espace Mittelland","BE",7.89849252245692,18.5985530565203
"2023-03-08","Espace Mittelland","FR",2.13198869975624,4.345146934167
"2023-03-08","Espace Mittelland","JU",0.439894504418813,0.799809122555147
"2023-03-08","Espace Mittelland","NE",1.17295870343538,2.44283023395402
"2023-03-08","Espace Mittelland","SO",1.56657272666428,3.59183359946054
"2023-03-08","Lake Geneva","GE",5.87985062351892,11.3352176363146
"2023-03-08","Lake Geneva","VD",6.88747894321008,14.0554591425062
"2023-03-08","Lake Geneva","VS",4.00564433791839,6.29586275857334
"2023-03-08","Northwestern","AG",4.84984658809799,10.2342395253623
"2023-03-08","Northwestern","BL",1.64181429320177,3.64968142907931
"2023-03-08","Northwestern","BS",1.8443615617637,5.05271222030302
"2023-03-08","Ticino","TI",2.59141359355285,4.6969582645923
"2023-03-08","Zurich","ZH",14.4819894949044,36.7899280878743
"2023-03-09","9999","9999",0.0137980388776108,0.0544490147175483
"2023-03-09","Central","LU",3.58616267872815,7.83603573106129
"2023-03-09","Central","NW",0.351129705808067,0.632145583477953
"2023-03-09","Central","OW",0.273848166223299,0.484059218231787
"2023-03-09","Central","SZ",1.16275589335087,2.00618448359426
"2023-03-09","Central","UR",0.273134612293142,0.462612696205087
"2023-03-09","Central","ZG",1.30146070693264,2.84283675967864
"2023-03-09","Eastern","AI",0.0862000747748629,0.120793881589367
"2023-03-09","Eastern","AR",0.215508896168834,0.411936366027893
"2023-03-09","Eastern","GL",0.243574446154053,0.534021797279725
"2023-03-09","Eastern","GR",2.88568574216969,4.2276159148828
"2023-03-09","Eastern","SG",3.81418973265623,7.83311275024624
"2023-03-09","Eastern","SH",0.518397987584779,1.20202487796555
"2023-03-09","Eastern","TG",1.65909954916921,3.33063467430176
"2023-03-09","Espace Mittelland","BE",8.34598561613215,19.1272387144051
"2023-03-09","Espace Mittelland","FR",2.05692512422511,4.30381734496816
"2023-03-09","Espace Mittelland","JU",0.447986069865887,0.817516948190505
"2023-03-09","Espace Mittelland","NE",1.20287780818338,2.52926209689206
"2023-03-09","Espace Mittelland","SO",1.72457319155085,3.83719404717963
"2023-03-09","Lake Geneva","GE",6.55226134045249,11.9301461966242
"2023-03-09","Lake Geneva","VD",6.73009872912691,14.0677288642996
"2023-03-09","Lake Geneva","VS",4.12180701269136,6.37328776202314
"2023-03-09","Northwestern","AG",4.82410109284528,10.1639860213541
"2023-03-09","Northwestern","BL",1.6785074532285,3.69961001997823
"2023-03-09","Northwestern","BS",1.91707234853913,5.32777831025878
"2023-03-09","Ticino","TI",2.61755415662826,4.59710108279445
"2023-03-09","Zurich","ZH",14.7422678597275,37.6153302866357
"2023-03-10","9999","9999",0.0177917111038831,0.0651212935073798
"2023-03-10","Central","LU",4.7072842231951,9.01243354467164
"2023-03-10","Central","NW",0.480683157145198,0.738018667650963
"2023-03-10","Central","OW",0.364153543331523,0.57932799991299
"2023-03-10","Central","SZ",1.58589196025017,2.37318851662802
"2023-03-10","Central","UR",0.370096074534294,0.553836888153838
"2023-03-10","Central","ZG",1.64911370625243,3.09196989193808
"2023-03-10","Eastern","AI",0.11324080586599,0.140914865804591
"2023-03-10","Eastern","AR",0.278015224214725,0.463938234016563
"2023-03-10","Eastern","GL",0.320177946207078,0.628202958192537
"2023-03-10","Eastern","GR",4.19683478403849,5.15753167185666
"2023-03-10","Eastern","SG",4.81058068030746,8.86363342829622
"2023-03-10","Eastern","SH",0.623575795380079,1.30477105242944
"2023-03-10","Eastern","TG",2.07388234290879,3.67697391273611
"2023-03-10","Espace Mittelland","BE",10.2078650533687,20.3353814591928
"2023-03-10","Espace Mittelland","FR",2.82086190480522,5.07901904763847
"2023-03-10","Espace Mittelland","JU",0.569979943352165,0.949119061165753
"2023-03-10","Espace Mittelland","NE",1.5227489967672,2.82162815469502
"2023-03-10","Espace Mittelland","SO",1.92056930869029,3.91856167591484
"2023-03-10","Lake Geneva","GE",7.04527075464243,12.247255626908
"2023-03-10","Lake Geneva","VD",8.7472034055978,15.8916688928904
"2023-03-10","Lake Geneva","VS",5.48171934424952,7.44880874936527
"2023-03-10","Northwestern","AG",5.81226054777143,11.1296573110888
"2023-03-10","Northwestern","BL",2.16839214076897,4.1061762584622
"2023-03-10","Northwestern","BS",2.18425577522212,5.46189554626093
"2023-03-10","Ticino","TI",3.27700914348321,5.03486844207162
"2023-03-10","Zurich","ZH",17.7748755050772,39.2910479973843
"2023-03-11","9999","9999",0.0191008527344229,0.0648833764642944
"2023-03-11","Central","LU",5.50347195831229,9.05192777382382
"2023-03-11","Central","NW",0.526001413127664,0.764087577943323
"2023-03-11","Central","OW",0.426619692997469,0.641186431115199
"2023-03-11","Central","SZ",1.86332499347385,2.60828454334543
"2023-03-11","Central","UR",0.367621148985987,0.530996852017638
"2023-03-11","Central","ZG",1.81518861574035,2.88059759323119
"2023-03-11","Eastern","AI",0.132848943933409,0.161477695956974
"2023-03-11","Eastern","AR",0.305513103816387,0.4668272266826
"2023-03-11","Eastern","GL",0.362505501373766,0.638501367343235
"2023-03-11","Eastern","GR",4.74581201968504,5.8110897892123
"2023-03-11","Eastern","SG",6.00629478516309,9.2972542333939
"2023-03-11","Eastern","SH",0.754033632288023,1.41669402712662
"2023-03-11","Eastern","TG",2.61195344710469,4.1189897906398
"2023-03-11","Espace Mittelland","BE",11.7857063431837,20.4620552905613
"2023-03-11","Espace Mittelland","FR",2.92130686783185,4.77890369186072
"2023-03-11","Espace Mittelland","JU",0.626809869096136,0.939228509803202
"2023-03-11","Espace Mittelland","NE",1.82114859281862,2.93525053684281
"2023-03-11","Espace Mittelland","SO",2.47721923646691,4.24668326647864
"2023-03-11","Lake Geneva","GE",7.8614052070405,11.6904617697901
"2023-03-11","Lake Geneva","VD",10.4616845125703,16.1627243812627
"2023-03-11","Lake Geneva","VS",5.96394460322454,7.58629081211963
"2023-03-11","Northwestern","AG",7.81329367254699,12.5777903760517
"2023-03-11","Northwestern","BL",2.68851410196718,4.19994956158687
"2023-03-11","Northwestern","BS",2.78203676872358,5.5771153714123
"2023-03-11","Ticino","TI",3.62447886516769,5.52722076866238
"2023-03-11","Zurich","ZH",22.2253060651728,39.173347037355
"2023-03-12","9999","9999",0.0132341043785047,0.0504044249850962
"2023-03-12","Central","LU",1.14561650526595,3.02807217179514
"2023-03-12","Central","NW",0.146512862992817,0.224423747927573
"2023-03-12","Central","OW",0.281400620831158,0.407857788146429
"2023-03-12","Central","SZ",0.428173993234063,0.77900837535968
"2023-03-12","Central","UR",0.234991459176826,0.340289347910171
"2023-03-12","Central","ZG",0.311330839247997,0.853544386143439
"2023-03-12","Eastern","AI",0.0193864990861161,0.0357215446118248
"2023-03-12","Eastern","AR",0.0826717747041439,0.130820385547967
"2023-03-12","Eastern","GL",0.0911240409697765,0.259329576963104
"2023-03-12","Eastern","GR",2.95340454145784,3.02022090937332
"2023-03-12","Eastern","SG",1.13374794497475,2.60444388250705
"2023-03-12","Eastern","SH",0.166746816530092,0.423050490754884
"2023-03-12","Eastern","TG",0.384945866701442,0.898204813945474
"2023-03-12","Espace Mittelland","BE",2.93704043946501,6.91998713888441
"2023-03-12","Espace Mittelland","FR",0.712619833731447,1.75406039422174
"2023-03-12","Espace Mittelland","JU",0.101484149803374,0.230507626600757
"2023-03-12","Espace Mittelland","NE",0.28927893933087,0.664060455400411
"2023-03-12","Espace Mittelland","SO",0.427335240182537,1.13428649698423
"2023-03-12","Lake Geneva","GE",1.97323469836064,4.3214911824545
"2023-03-12","Lake Geneva","VD",2.08818053212834,4.89517714963147
"2023-03-12","Lake Geneva","VS",3.28919497591524,4.11236210158242
"2023-03-12","Northwestern","AG",1.38934996538648,3.5307229075366
"2023-03-12","Northwestern","BL",0.40722749218414,1.1222207040849
"2023-03-12","Northwestern","BS",0.734284873806816,2.36081683038758
"2023-03-12","Ticino","TI",1.21882202652566,2.1271822940777
"2023-03-12","Zurich","ZH",5.10306129610903,14.4072364847825
"2023-03-13","9999","9999",0.0119444684507436,0.0506763301771938
"2023-03-13","Central","LU",3.12475890573469,7.33950286214203
"2023-03-13","Central","NW",0.308810393866505,0.601794166410056
"2023-03-13","Central","OW",0.255999383022991,0.505539728407499
"2023-03-13","Central","SZ",1.08918593930417,2.03942489332819
"2023-03-13","Central","UR",0.261454377388873,0.462544719907063
"2023-03-13","Central","ZG",1.13597159117549,2.67942173922797
"2023-03-13","Eastern","AI",0.0748958249208219,0.117191137794074
"2023-03-13","Eastern","AR",0.194872559680823,0.402589625049538
"2023-03-13","Eastern","GL",0.214725096646136,0.493711852551252
"2023-03-13","Eastern","GR",2.62842077933863,3.96067299254096
"2023-03-13","Eastern","SG",3.27329342262651,7.43256241413744
"2023-03-13","Eastern","SH",0.474152278965682,1.16783280005928
"2023-03-13","Eastern","TG",1.4471693914272,3.2132056194646
"2023-03-13","Espace Mittelland","BE",7.0291971392038,17.8196806337566
"2023-03-13","Espace Mittelland","FR",1.8740541677478,4.14529661797524
"2023-03-13","Espace Mittelland","JU",0.361490609594017,0.731526931189633
"2023-03-13","Espace Mittelland","NE",1.01511224392387,2.3068436497562
"2023-03-13","Espace Mittelland","SO",1.33403296711262,3.361937759542
"2023-03-13","Lake Geneva","GE",5.46920807085596,10.9870090496846
"2023-03-13","Lake Geneva","VD",6.17047748875664,13.4433325787964
"2023-03-13","Lake Geneva","VS",3.65543468176689,6.18047299267691
"2023-03-13","Northwestern","AG",4.04889350131817,9.42188877582165
"2023-03-13","Northwestern","BL",1.50142495600653,3.55753955710723
"2023-03-13","Northwestern","BS",1.6531680259027,4.96247368467563
"2023-03-13","Ticino","TI",2.308530993569,4.26109424165982
"2023-03-13","Zurich","ZH",13.2146487459762,36.0111236414087
"2023-03-14","9999","9999",0.0122455243467923,0.0479912664052298
"2023-03-14","Central","LU",3.1959535108262,7.28746700600435
"2023-03-14","Central","NW",0.314922457469335,0.592923259517871
"2023-03-14","Central","OW",0.22369490822093,0.42947425091819
"2023-03-14","Central","SZ",1.12372945810326,1.97046293898244
"2023-03-14","Central","UR",0.262826339835309,0.431751456902007
"2023-03-14","Central","ZG",1.18527463393159,2.66518070479185
"2023-03-14","Eastern","AI",0.076356238543459,0.109237910925219
"2023-03-14","Eastern","AR",0.201539237651738,0.390727761044279
"2023-03-14","Eastern","GL",0.217841521330156,0.476989683237249
"2023-03-14","Eastern","GR",2.14086089666466,3.54996019987751
"2023-03-14","Eastern","SG",3.38759351229126,7.25680969559534
"2023-03-14","Eastern","SH",0.472855817412556,1.15682063977932
"2023-03-14","Eastern","TG",1.50818422438831,3.1666758434669
"2023-03-14","Espace Mittelland","BE",7.08198372190559,17.7605412544754
"2023-03-14","Espace Mittelland","FR",1.9002783770411,4.10828352370096
"2023-03-14","Espace Mittelland","JU",0.373789337008055,0.745326119688587
"2023-03-14","Espace Mittelland","NE",1.0470509819038,2.29110713676355
"2023-03-14","Espace Mittelland","SO",1.40550944742717,3.37087664273221
"2023-03-14","Lake Geneva","GE",5.41862485719592,10.6777168936735
"2023-03-14","Lake Geneva","VD",5.93539639184912,12.9374189807498
"2023-03-14","Lake Geneva","VS",3.44415297801467,5.77815527281947
"2023-03-14","Northwestern","AG",4.23134930469884,9.37957353030145
"2023-03-14","Northwestern","BL",1.57386598372924,3.49343790807021
"2023-03-14","Northwestern","BS",1.72884794796384,4.97222828344213
"2023-03-14","Ticino","TI",2.32774188650581,4.30055448266299
"2023-03-14","Zurich","ZH",13.3258737837234,35.3114775939925
"2023-03-15","9999","9999",0.0129126930030256,0.0532594295021212
"2023-03-15","Central","LU",3.49068419422516,7.8079275318282
"2023-03-15","Central","NW",0.354871248910127,0.627761112255379
"2023-03-15","Central","OW",0.254942268700106,0.461049241350526
"2023-03-15","Central","SZ",1.18707029031742,2.08133228106024
"2023-03-15","Central","UR",0.25491770349763,0.457446497555232
"2023-03-15","Central","ZG",1.2584159089436,2.83790847807187
"2023-03-15","Eastern","AI",0.083535739101682,0.117327090390123
"2023-03-15","Eastern","AR",0.208295909711301,0.407279989613222
"2023-03-15","Eastern","GL",0.226105387804445,0.513832836766476
"2023-03-15","Eastern","GR",2.32885258766604,3.79885541509387
"2023-03-15","Eastern","SG",3.7129558910271,7.95241115327908
"2023-03-15","Eastern","SH",0.515325688630314,1.19417361554373
"2023-03-15","Eastern","TG",1.61428268099145,3.30126891355522
"2023-03-15","Espace Mittelland","BE",7.63264178835739,18.5585490051329
"2023-03-15","Espace Mittelland","FR",2.06017419238725,4.32954637377039
"2023-03-15","Espace Mittelland","JU",0.400647052837315,0.7824071902609
"2023-03-15","Espace Mittelland","NE",1.13319914589849,2.45142923565411
"2023-03-15","Espace Mittelland","SO",1.51410405833083,3.57521339459357
"2023-03-15","Lake Geneva","GE",5.95122335667753,11.174759584828
"2023-03-15","Lake Geneva","VD",6.86270706878719,14.1875370895676
"2023-03-15","Lake Geneva","VS",3.8202323142907,6.29817395270617
"2023-03-15","Northwestern","AG",4.58455349545111,9.97824078700239
"2023-03-15","Northwestern","BL",1.67828521117989,3.71507462777879
"2023-03-15","Northwestern","BS",1.87939095309058,5.22594981581822
"2023-03-15","Ticino","TI",2.44179169149245,4.49160186826058
"2023-03-15","Zurich","ZH",14.5261054422371,37.750127285618
"2023-03-16","9999","9999",0.0134005196254998,0.0561144340191462
"2023-03-16","Central","LU",3.45676942399597,7.83559388512414
"2023-03-16","Central","NW",0.344818312798063,0.624804143291317
"2023-03-16","Central","OW",0.302737255516761,0.520630466568917
"2023-03-16","Central","SZ",1.20083032812301,2.0845611552164
"2023-03-16","Central","UR",0.28223544219716,0.504146214297999
"2023-03-16","Central","ZG",1.34736260283409,2.85364499106452
"2023-03-16","Eastern","AI",0.0891913943220281,0.130106634418711
"2023-03-16","Eastern","AR",0.215066789096639,0.405342665119526
"2023-03-16","Eastern","GL",0.229687415689282,0.516993734624611
"2023-03-16","Eastern","GR",2.51921090272686,4.04707086732998
"2023-03-16","Eastern","SG",3.80435281603471,7.90190476384694
"2023-03-16","Eastern","SH",0.525413684882305,1.22272366071398
"2023-03-16","Eastern","TG",1.62550017530657,3.3421566568169
"2023-03-16","Espace Mittelland","BE",7.97779992566373,18.9983896414998
"2023-03-16","Espace Mittelland","FR",2.03728823081228,4.31170259553899
"2023-03-16","Espace Mittelland","JU",0.439853914856617,0.915810675133794
"2023-03-16","Espace Mittelland","NE",1.19347600853578,2.54346914317916
"2023-03-16","Espace Mittelland","SO",1.63120516848101,3.72285791390258
"2023-03-16","Lake Geneva","GE",6.11417536046596,11.670748643363
"2023-03-16","Lake Geneva","VD",6.52558655764865,13.9090042084126
"2023-03-16","Lake Geneva","VS",3.96707223164589,6.35309880150989
"2023-03-16","Northwestern","AG",4.68525634023744,10.0098497655837
"2023-03-16","Northwestern","BL",1.66966403907763,3.69267643757974
"2023-03-16","Northwestern","BS",1.94202611824175,5.33947023351898
"2023-03-16","Ticino","TI",2.51515323096224,4.66500940452083
"2023-03-16","Zurich","ZH",15.0216199000963,37.9803630070267
"2023-03-17","9999","9999",0.0164178846312438,0.0731424966742596
"2023-03-17","Central","LU",4.70856976688046,9.23651741110909
"2023-03-17","Central","NW",0.47039699846042,0.747399396778331
"2023-03-17","Central","OW",0.44114930733589,0.705661949791347
"2023-03-17","Central","SZ",1.55826992318885,2.50438277181512
"2023-03-17","Central","UR",0.403472669853386,0.645129056400614
"2023-03-17","Central","ZG",1.78139330766112,3.36445288256891
"2023-03-17","Eastern","AI",0.127320841363315,0.15617554471107
"2023-03-17","Eastern","AR",0.290605706973898,0.483413443400555
"2023-03-17","Eastern","GL",0.315578175678886,0.632995287203258
"2023-03-17","Eastern","GR",3.76527401183242,5.34348083510242
"2023-03-17","Eastern","SG",4.88580986046914,9.02031879524248
"2023-03-17","Eastern","SH",0.643837388196658,1.37074204966212
"2023-03-17","Eastern","TG",2.10978121630741,3.82805123509535
"2023-03-17","Espace Mittelland","BE",10.1876474766331,21.1968790722051
"2023-03-17","Espace Mittelland","FR",2.69598462949055,5.10569974461305
"2023-03-17","Espace Mittelland","JU",0.53919219847703,0.926448965774614
"2023-03-17","Espace Mittelland","NE",1.47760639784232,2.78328952260926
"2023-03-17","Espace Mittelland","SO",2.0385693102332,4.26371132913376
"2023-03-17","Lake Geneva","GE",6.8031473119115,12.1511031533525
"2023-03-17","Lake Geneva","VD",8.5299978187369,15.9705893748968
"2023-03-17","Lake Geneva","VS",5.38848170119741,7.80293127392341
"2023-03-17","Northwestern","AG",5.91014948052977,11.4265437927104
"2023-03-17","Northwestern","BL",2.19635184461077,4.21823518575543
"2023-03-17","Northwestern","BS",2.32496326957903,5.75606297596154
"2023-03-17","Ticino","TI",2.91966932472757,5.03157159161743
"2023-03-17","Zurich","ZH",18.1554904713663,41.0604710349595
"2023-03-18","9999","9999",0.0184970648851505,0.0792943516454683
"2023-03-18","Central","LU",5.57887431277397,9.35520402745971
"2023-03-18","Central","NW",0.524183106473839,0.793419350540853
"2023-03-18","Central","OW",0.522145569191895,0.866901728705235
"2023-03-18","Central","SZ",1.91853700321298,2.8407974707379
"2023-03-18","Central","UR",0.432981465623263,0.702501051933212
"2023-03-18","Central","ZG",1.7896246006691,2.98014888168793
"2023-03-18","Eastern","AI",0.155784744713211,0.184011838752064
"2023-03-18","Eastern","AR",0.309821122915466,0.486404400513629
"2023-03-18","Eastern","GL",0.373466562857115,0.69505764729954
"2023-03-18","Eastern","GR",4.59721511665571,6.16058992550477
"2023-03-18","Eastern","SG",5.83144353513948,9.51532219745619
"2023-03-18","Eastern","SH",0.756734069762833,1.4366790587458
"2023-03-18","Eastern","TG",2.57494689571439,4.21405464342693
"2023-03-18","Espace Mittelland","BE",11.6363702245357,20.6743452692915
"2023-03-18","Espace Mittelland","FR",2.78123808831942,4.77064457165076
"2023-03-18","Espace Mittelland","JU",0.58931529528229,0.917612047031441
"2023-03-18","Espace Mittelland","NE",1.70748781714962,2.87940800801577
"2023-03-18","Espace Mittelland","SO",2.38994862324767,4.33957287772899
"2023-03-18","Lake Geneva","GE",7.37327083618966,11.2913389359398
"2023-03-18","Lake Geneva","VD",9.9548758102919,16.1994995584939
"2023-03-18","Lake Geneva","VS",6.12478415624092,8.38249719087948
"2023-03-18","Northwestern","AG",7.55264601123827,12.4832693336487
"2023-03-18","Northwestern","BL",2.6241888172079,4.19821616598724
"2023-03-18","Northwestern","BS",2.82264296226314,5.73152353237473
"2023-03-18","Ticino","TI",3.557109606037,5.38664578434791
"2023-03-18","Zurich","ZH",22.2567736196213,40.6424168021094
"2023-03-19","9999","9999",0.0143163282308449,0.0522737731807673
"2023-03-19","Central","LU",1.13039533328978,2.92094152610868
"2023-03-19","Central","NW",0.14775547533516,0.226836906507439
"2023-03-19","Central","OW",0.250392286468466,0.329820998014412
"2023-03-19","Central","SZ",0.434565668599551,0.806300859016478
"2023-03-19","Central","UR",0.21211128939756,0.317653240668044
"2023-03-19","Central","ZG",0.322524723869874,0.891169267099947
"2023-03-19","Eastern","AI",0.055361319804487,0.0538712161843408
"2023-03-19","Eastern","AR",0.0866221866415995,0.135612714558688
"2023-03-19","Eastern","GL",0.0876278679389283,0.262354522225191
"2023-03-19","Eastern","GR",2.63617719992304,2.85857327267128
"2023-03-19","Eastern","SG",1.08668266176065,2.76728110442451
"2023-03-19","Eastern","SH",0.172022515854473,0.446672254318364
"2023-03-19","Eastern","TG",0.414712700871879,0.971959097301953
"2023-03-19","Espace Mittelland","BE",3.08591569721412,7.39585521320426
"2023-03-19","Espace Mittelland","FR",0.700078105439167,1.73298774183418
"2023-03-19","Espace Mittelland","JU",0.101714008513673,0.230677567345818
"2023-03-19","Espace Mittelland","NE",0.28151961697457,0.645298997145675
"2023-03-19","Espace Mittelland","SO",0.425682698716148,1.139214778591
"2023-03-19","Lake Geneva","GE",1.72739129372179,4.05070759927429
"2023-03-19","Lake Geneva","VD",2.03173783433214,4.68890307327641
"2023-03-19","Lake Geneva","VS",2.7859419075372,3.76653268538326
"2023-03-19","Northwestern","AG",1.37480491017553,3.49938583414735
"2023-03-19","Northwestern","BL",0.425467619070753,1.10379912732029
"2023-03-19","Northwestern","BS",0.802448689771086,2.35384925984008
"2023-03-19","Ticino","TI",1.17110456126938,1.81150036605236
"2023-03-19","Zurich","ZH",5.17216827017236,14.8248148835464
"2023-03-20","9999","9999",0.005817778507846,0.0300455237267869
"2023-03-20","Central","LU",3.20655821435876,7.35772051001257
"2023-03-20","Central","NW",0.330710638021435,0.616884904571474
"2023-03-20","Central","OW",0.229839165435995,0.45462548118722
"2023-03-20","Central","SZ",1.10219395218499,2.02120724545765
"2023-03-20","Central","UR",0.248505245806375,0.46281662509916
"2023-03-20","Central","ZG",1.28932169836894,2.7182362053999
"2023-03-20","Eastern","AI",0.0673798989609295,0.108898029435097
"2023-03-20","Eastern","AR",0.189859010579512,0.399564679787452
"2023-03-20","Eastern","GL",0.218121532527001,0.489429345775715
"2023-03-20","Eastern","GR",2.17470501403508,3.58037959324343
"2023-03-20","Eastern","SG",3.35694294173105,7.40707130237829
"2023-03-20","Eastern","SH",0.464792795845737,1.1564807582892
"2023-03-20","Eastern","TG",1.53259463045244,3.24991282039778
"2023-03-20","Espace Mittelland","BE",7.17048744719916,17.7234601839031
"2023-03-20","Espace Mittelland","FR",1.92286905493562,4.18088220999102
"2023-03-20","Espace Mittelland","JU",0.354741495455827,0.733498243832341
"2023-03-20","Espace Mittelland","NE",1.00574253607195,2.28947570561097
"2023-03-20","Espace Mittelland","SO",1.38357117478807,3.3889583380067
"2023-03-20","Lake Geneva","GE",5.30503648484727,10.9843919622106
"2023-03-20","Lake Geneva","VD",6.07685947862631,13.4111458016819
"2023-03-20","Lake Geneva","VS",3.45830117578113,5.91370001108014
"2023-03-20","Northwestern","AG",4.10823163487665,9.47657570758228
"2023-03-20","Northwestern","BL",1.58851668928254,3.61814042679598
"2023-03-20","Northwestern","BS",1.76561521478025,5.0337128450052
"2023-03-20","Ticino","TI",2.2100587694176,4.24549368126322
"2023-03-20","Zurich","ZH",13.3515379079667,36.0327401041805
"2023-03-21","9999","9999",0.00696636717548225,0.030895227452092
"2023-03-21","Central","LU",3.39371238585537,7.42083650272823
"2023-03-21","Central","NW",0.318404125556779,0.603119704221532
"2023-03-21","Central","OW",0.229109289528488,0.448133744725889
"2023-03-21","Central","SZ",1.14164740999022,2.00465501688871
"2023-03-21","Central","UR",0.23437954166705,0.443579332758254
"2023-03-21","Central","ZG",1.309163959694,2.77859915804557
"2023-03-21","Eastern","AI",0.0838068765939504,0.116307445919757
"2023-03-21","Eastern","AR",0.212102192479761,0.404662902139282
"2023-03-21","Eastern","GL",0.222291511870418,0.483651360443641
"2023-03-21","Eastern","GR",1.94556549673712,3.4365757347728
"2023-03-21","Eastern","SG",3.43831876004883,7.44449225444072
"2023-03-21","Eastern","SH",0.47845013207311,1.16949821936087
"2023-03-21","Eastern","TG",1.55902628706535,3.25463717311048
"2023-03-21","Espace Mittelland","BE",7.23913702995863,18.0512079048277
"2023-03-21","Espace Mittelland","FR",1.88271390482917,4.1231703329683
"2023-03-21","Espace Mittelland","JU",0.400266955964578,0.875908588193469
"2023-03-21","Espace Mittelland","NE",1.06946108813383,2.33930233206286
"2023-03-21","Espace Mittelland","SO",1.45330639225455,3.56151617054166
"2023-03-21","Lake Geneva","GE",5.33908433714897,10.8671328481185
"2023-03-21","Lake Geneva","VD",6.11066102492768,13.247186970847
"2023-03-21","Lake Geneva","VS",3.27938679897504,5.69862300413092
"2023-03-21","Northwestern","AG",4.29964456583867,9.55488440290639
"2023-03-21","Northwestern","BL",1.62358932131812,3.6195679290545
"2023-03-21","Northwestern","BS",1.87272126369918,5.17782259681694
"2023-03-21","Ticino","TI",2.20321642655705,4.25976870384834
"2023-03-21","Zurich","ZH",14.1403807219481,36.6648516995094
"2023-03-22","9999","9999",0.0132861483034051,0.0533613939491578
"2023-03-22","Central","LU",3.51500639973845,7.88779968200688
"2023-03-22","Central","NW",0.351923714398651,0.631227903454623
"2023-03-22","Central","OW",0.254796580954578,0.480354509989457
"2023-03-22","Central","SZ",1.18812902587318,2.11137780478703
"2023-03-22","Central","UR",0.247881862185831,0.470361994179869
"2023-03-22","Central","ZG",1.34493203797662,3.08469642804947
"2023-03-22","Eastern","AI",0.0858670171516296,0.121541620867636
"2023-03-22","Eastern","AR",0.212891728973864,0.417000600230712
"2023-03-22","Eastern","GL",0.238233376683821,0.520018679886697
"2023-03-22","Eastern","GR",2.06173554537845,3.65134684838091
"2023-03-22","Eastern","SG",3.69150520613316,7.88236157816493
"2023-03-22","Eastern","SH",0.518893583593784,1.22887551568519
"2023-03-22","Eastern","TG",1.63959543629525,3.41992154175682
"2023-03-22","Espace Mittelland","BE",7.88066833578726,18.4597454559544
"2023-03-22","Espace Mittelland","FR",2.08475657836483,4.39133682867458
"2023-03-22","Espace Mittelland","JU",0.389126505455212,0.780435877618192
"2023-03-22","Espace Mittelland","NE",1.10995766440133,2.42872515211396
"2023-03-22","Espace Mittelland","SO",1.57908150555219,3.63642605096455
"2023-03-22","Lake Geneva","GE",5.77411886316316,11.2318936633175
"2023-03-22","Lake Geneva","VD",6.71117558152928,14.1193228745001
"2023-03-22","Lake Geneva","VS",3.51015104615514,6.02004892933932
"2023-03-22","Northwestern","AG",4.59557915954011,10.0955678773925
"2023-03-22","Northwestern","BL",1.69415217425127,3.76313387048204
"2023-03-22","Northwestern","BS",2.01170917821871,5.38090178716485
"2023-03-22","Ticino","TI",2.35994062872907,4.45203966281037
"2023-03-22","Zurich","ZH",14.7191880511754,38.137252302867
"2023-03-23","9999","9999",0.014225942540053,0.0525116902238527
"2023-03-23","Central","LU",3.710780772164,7.85167027960691
"2023-03-23","Central","NW",0.366489967033639,0.624192356609098
"2023-03-23","Central","OW",0.241543781489732,0.451906429266243
"2023-03-23","Central","SZ",1.20890496852543,2.07150970599571
"2023-03-23","Central","UR",0.273212568531893,0.4668272266826
"2023-03-23","Central","ZG",1.37787819205138,2.85864124896931
"2023-03-23","Eastern","AI",0.0894668159417489,0.125994068388234
"2023-03-23","Eastern","AR",0.226764736165868,0.407823799997417
"2023-03-23","Eastern","GL",0.241736246111327,0.50802086328539
"2023-03-23","Eastern","GR",2.15934416149027,3.56372540022745
"2023-03-23","Eastern","SG",3.83805696696691,7.8068059229108
"2023-03-23","Eastern","SH",0.550111938102175,1.23404171433505
"2023-03-23","Eastern","TG",1.70150079994332,3.34535154282405
"2023-03-23","Espace Mittelland","BE",8.02151386989983,18.4428873340444
"2023-03-23","Espace Mittelland","FR",2.06154908401772,4.30915348436307
"2023-03-23","Espace Mittelland","JU",0.433466417886002,0.803683771542539
"2023-03-23","Espace Mittelland","NE",1.20834392013412,2.47586671479389
"2023-03-23","Espace Mittelland","SO",1.67780255370572,3.68859785969828
"2023-03-23","Lake Geneva","GE",5.86868186409058,11.4035678039781
"2023-03-23","Lake Geneva","VD",6.65488067438212,13.648213141042
"2023-03-23","Lake Geneva","VS",3.61264432727073,5.86581070912194
"2023-03-23","Northwestern","AG",4.71796539096225,9.90465644439097
"2023-03-23","Northwestern","BL",1.74602974264491,3.72547500137652
"2023-03-23","Northwestern","BS",2.07398899575263,5.34725351964277
"2023-03-23","Ticino","TI",2.55483996224846,4.67809484189053
"2023-03-23","Zurich","ZH",15.1982043655439,37.6541107646586
"2023-03-24","9999","9999",0.0191440934431324,0.0713751129256251
"2023-03-24","Central","LU",5.46658602038226,9.58931439785576
"2023-03-24","Central","NW",0.519890085736864,0.780333913171156
"2023-03-24","Central","OW",0.342858849235513,0.52885559862987
"2023-03-24","Central","SZ",1.74329964522373,2.54095402015225
"2023-03-24","Central","UR",0.373624022163084,0.580993419214588
"2023-03-24","Central","ZG",1.80387522589227,3.25062657152704
"2023-03-24","Eastern","AI",0.122367230886122,0.1484602348853
"2023-03-24","Eastern","AR",0.323390430896952,0.493337982912118
"2023-03-24","Eastern","GL",0.354553753556085,0.646488582361102
"2023-03-24","Eastern","GR",3.1332943561277,4.47518559228768
"2023-03-24","Eastern","SG",5.59528793677389,9.6796888860792
"2023-03-24","Eastern","SH",0.752110857930318,1.40507008016445
"2023-03-24","Eastern","TG",2.48846614793506,4.04431782725999
"2023-03-24","Espace Mittelland","BE",11.2341394464767,21.4543393009725
"2023-03-24","Espace Mittelland","FR",3.16268498203468,5.34881697449733
"2023-03-24","Espace Mittelland","JU",0.622888987876338,0.981781672366479
"2023-03-24","Espace Mittelland","NE",1.77775049529154,2.95224461134891
"2023-03-24","Espace Mittelland","SO",2.31639234786385,4.28995018017118
"2023-03-24","Lake Geneva","GE",7.48497468979403,12.0903663310677
"2023-03-24","Lake Geneva","VD",9.66940181836618,16.4228696738021
"2023-03-24","Lake Geneva","VS",5.09138411570148,7.1951551932872
"2023-03-24","Northwestern","AG",6.85421145608027,12.0157963321349
"2023-03-24","Northwestern","BL",2.46926247614179,4.33743162434122
"2023-03-24","Northwestern","BS",2.53080129626732,5.85693980222976
"2023-03-24","Ticino","TI",3.80572703802551,5.17690491679361
"2023-03-24","Zurich","ZH",19.7957399811421,41.6729034920104
"2023-03-25","9999","9999",0.0227629162653936,0.0802460198178099
"2023-03-25","Central","LU",6.48318938736887,10.1929779124615
"2023-03-25","Central","NW",0.633879313787888,0.85894850183638
"2023-03-25","Central","OW",0.411116861179433,0.664468313188557
"2023-03-25","Central","SZ",2.16439790463561,2.93090005376925
"2023-03-25","Central","UR",0.413708546822911,0.614981568226791
"2023-03-25","Central","ZG",2.05075269515182,3.11803880223044
"2023-03-25","Eastern","AI",0.157181464247173,0.179423438635417
"2023-03-25","Eastern","AR",0.340384828288158,0.500101624565547
"2023-03-25","Eastern","GL",0.434723546919813,0.690809128673014
"2023-03-25","Eastern","GR",4.07082915022292,5.26095760930079
"2023-03-25","Eastern","SG",6.91761142413415,10.1043368198377
"2023-03-25","Eastern","SH",0.877359599206484,1.50356773600181
"2023-03-25","Eastern","TG",2.98183000514131,4.39565332359913
"2023-03-25","Espace Mittelland","BE",12.7780660678791,20.9845211171769
"2023-03-25","Espace Mittelland","FR",3.21448235814133,5.03826725697284
"2023-03-25","Espace Mittelland","JU",0.700055521743539,1.1492412825496
"2023-03-25","Espace Mittelland","NE",2.13730263511393,3.17724615780969
"2023-03-25","Espace Mittelland","SO",2.85648099805226,4.64940884412423
"2023-03-25","Lake Geneva","GE",8.32297403642151,11.9830997327852
"2023-03-25","Lake Geneva","VD",11.5304125802314,17.11316898024
"2023-03-25","Lake Geneva","VS",5.86331730632377,7.68975073771277
"2023-03-25","Northwestern","AG",9.02245219562844,13.5612034795707
"2023-03-25","Northwestern","BL",2.98408056224137,4.42665051549826
"2023-03-25","Northwestern","BS",3.12337312364861,6.0425490839854
"2023-03-25","Ticino","TI",4.00496303242477,5.85829932819025
"2023-03-25","Zurich","ZH",25.445238487409,42.6456443167396
"2023-03-26","9999","9999",0.0137368314625474,0.050030555345962
"2023-03-26","Central","LU",1.16987695120516,3.03099515261019
"2023-03-26","Central","NW",0.144496777676306,0.203011214049885
"2023-03-26","Central","OW",0.172815803897113,0.233668524458892
"2023-03-26","Central","SZ",0.412583238902719,0.712731484785885
"2023-03-26","Central","UR",0.186023146185116,0.257800110257555
"2023-03-26","Central","ZG",0.356518210045968,1.01281285241462
"2023-03-26","Eastern","AI",0.0226614129897415,0.0377608335525569
"2023-03-26","Eastern","AR",0.0898434158073424,0.131058302591053
"2023-03-26","Eastern","GL",0.100824206206693,0.242947289139223
"2023-03-26","Eastern","GR",2.07370930566955,2.25110308537619
"2023-03-26","Eastern","SG",1.33435924218673,2.78580464563616
"2023-03-26","Eastern","SH",0.173776654581028,0.425327696738701
"2023-03-26","Eastern","TG",0.400126210238104,0.873903287401749
"2023-03-26","Espace Mittelland","BE",2.66492497958294,6.52484091846855
"2023-03-26","Espace Mittelland","FR",0.706520450206031,1.70250037217023
"2023-03-26","Espace Mittelland","JU",0.116118971973728,0.252429982713627
"2023-03-26","Espace Mittelland","NE",0.295946294773493,0.626741467785013
"2023-03-26","Espace Mittelland","SO",0.441493697925163,1.15022693887095
"2023-03-26","Lake Geneva","GE",1.90746862316215,4.03242197510572
"2023-03-26","Lake Geneva","VD",2.16494031276488,4.60396668889492
"2023-03-26","Lake Geneva","VS",2.20360842813496,2.97297738224636
"2023-03-26","Northwestern","AG",1.51634474705687,3.5563499718918
"2023-03-26","Northwestern","BL",0.700354482568118,1.26986522339391
"2023-03-26","Northwestern","BS",0.730891711719873,2.2943020227707
"2023-03-26","Ticino","TI",1.22570202193233,1.90340432098136
"2023-03-26","Zurich","ZH",5.57635810061165,14.1187110878179
"2023-03-27","9999","9999",0.0126899066274422,0.0497926383028766
"2023-03-27","Central","LU",3.51662812603215,7.52069368452608
"2023-03-27","Central","NW",0.334414755706619,0.603561550158691
"2023-03-27","Central","OW",0.226621699566853,0.413329880137394
"2023-03-27","Central","SZ",1.22036163384983,2.06219695316637
"2023-03-27","Central","UR",0.233686221819659,0.418156197297126
"2023-03-27","Central","ZG",1.25489275844108,2.70769987920612
"2023-03-27","Eastern","AI",0.070725978722133,0.107470527176584
"2023-03-27","Eastern","AR",0.205815732778247,0.401162122791025
"2023-03-27","Eastern","GL",0.236642747516354,0.485418744192275
"2023-03-27","Eastern","GR",1.90140969213818,3.24321715504238
"2023-03-27","Eastern","SG",3.77646148984323,7.63951625347274
"2023-03-27","Eastern","SH",0.544280500511556,1.2191549050677
"2023-03-27","Eastern","TG",1.74164988804858,3.28407091015505
"2023-03-27","Espace Mittelland","BE",7.54201054344129,17.5502905646859
"2023-03-27","Espace Mittelland","FR",2.18069653858205,4.26721210848201
"2023-03-27","Espace Mittelland","JU",0.42081542084756,0.766602700970226
"2023-03-27","Espace Mittelland","NE",1.26122282304129,2.37036750026001
"2023-03-27","Espace Mittelland","SO",1.58762124007265,3.52059443913096
"2023-03-27","Lake Geneva","GE",6.32195932086273,10.7921889795466
"2023-03-27","Lake Geneva","VD",7.07958725776279,13.5026758869717
"2023-03-27","Lake Geneva","VS",3.39107588134654,5.51767009878995
"2023-03-27","Northwestern","AG",4.7824497445123,9.94238328979451
"2023-03-27","Northwestern","BL",1.8214527776158,3.74889283604593
"2023-03-27","Northwestern","BS",1.8951999081364,5.12962740151764
"2023-03-27","Ticino","TI",3.00992137737188,4.57460092814837
"2023-03-27","Zurich","ZH",14.9046342460061,36.6456823834665
"2023-03-28","9999","9999",0.0129686842775346,0.0522397850317551
"2023-03-28","Central","LU",3.63583740674294,7.77825587774055
"2023-03-28","Central","NW",0.337329391722001,0.608829713255582
"2023-03-28","Central","OW",0.26283538976085,0.504825977278243
"2023-03-28","Central","SZ",1.21644492710888,2.09761260443708
"2023-03-28","Central","UR",0.242059826962682,0.458466142025598
"2023-03-28","Central","ZG",1.28276224106498,2.81282522410086
"2023-03-28","Eastern","AI",0.0897608856555536,0.120759893440355
"2023-03-28","Eastern","AR",0.224314904482931,0.414553453501833
"2023-03-28","Eastern","GL",0.243987837041049,0.517979390945965
"2023-03-28","Eastern","GR",1.94161216344767,3.37369765910023
"2023-03-28","Eastern","SG",3.91167427746086,7.85795808717416
"2023-03-28","Eastern","SH",0.567393822375149,1.26228586616419
"2023-03-28","Eastern","TG",1.72007100827688,3.24879121148038
"2023-03-28","Espace Mittelland","BE",7.73237607964564,18.2652992554556
"2023-03-28","Espace Mittelland","FR",2.16460342527268,4.26364335283573
"2023-03-28","Espace Mittelland","JU",0.428286911712204,0.787097554824584
"2023-03-28","Espace Mittelland","NE",1.28232690087783,2.48800048399124
"2023-03-28","Espace Mittelland","SO",1.60419546011171,3.60937148435084
"2023-03-28","Lake Geneva","GE",6.21989197756682,10.9859214289162
"2023-03-28","Lake Geneva","VD",6.93978775954847,13.7608838550174
"2023-03-28","Lake Geneva","VS",3.44931888384601,5.72333238846279
"2023-03-28","Northwestern","AG",4.76687109460322,10.0654883655167
"2023-03-28","Northwestern","BL",1.75297401562744,3.76473131348561
"2023-03-28","Northwestern","BS",2.00651539423075,5.36370378376468
"2023-03-28","Ticino","TI",2.73515593011918,4.57361527182702
"2023-03-28","Zurich","ZH",15.2047113364125,37.646803312621
"2023-03-29","9999","9999",0.0148522396805463,0.0552987184428533
"2023-03-29","Central","LU",3.78074869137235,8.1399237713794
"2023-03-29","Central","NW",0.3950151874472,0.656685027064763
"2023-03-29","Central","OW",0.244316422567801,0.437461465936057
"2023-03-29","Central","SZ",1.30434387771578,2.17819850574502
"2023-03-29","Central","UR",0.275977213094187,0.469716219348637
"2023-03-29","Central","ZG",1.39397686219517,2.92359260173163
"2023-03-29","Eastern","AI",0.0909682303088335,0.127081689156625
"2023-03-29","Eastern","AR",0.239102537641806,0.425293708589689
"2023-03-29","Eastern","GL",0.260791586844607,0.538780138141433
"2023-03-29","Eastern","GR",2.03139994042243,3.34552148356911
"2023-03-29","Eastern","SG",4.10295524241647,8.10161912744264
"2023-03-29","Eastern","SH",0.586399570612949,1.27955184586238
"2023-03-29","Eastern","TG",1.73940371297651,3.30837243669877
"2023-03-29","Espace Mittelland","BE",8.22374016176466,18.5907697703965
"2023-03-29","Espace Mittelland","FR",2.32905429409823,4.48419245177591
"2023-03-29","Espace Mittelland","JU",0.469248578181706,0.854869923954915
"2023-03-29","Espace Mittelland","NE",1.31652303333125,2.56314828145722
"2023-03-29","Espace Mittelland","SO",1.70423000059559,3.74263901662768
"2023-03-29","Lake Geneva","GE",6.61020267615658,11.2215952541668
"2023-03-29","Lake Geneva","VD",7.38452761603184,14.3020091754407
"2023-03-29","Lake Geneva","VS",3.569025440539,5.76710912439051
"2023-03-29","Northwestern","AG",5.0701792473052,10.5010464951081
"2023-03-29","Northwestern","BL",1.86118755848505,3.87947530455081
"2023-03-29","Northwestern","BS",2.02447470322011,5.30181136441346
"2023-03-29","Ticino","TI",2.7140132089831,4.68213943162298
"2023-03-29","Zurich","ZH",15.839964288704,38.3217059875563
"2023-03-30","9999","9999",0.012325070490246,0.0543130621214995
"2023-03-30","Central","LU",4.00825274105739,8.2613634278
"2023-03-30","Central","NW",0.378082533965994,0.658894256750556
"2023-03-30","Central","OW",0.24703023325582,0.432023362094105
"2023-03-30","Central","SZ",1.33606914553513,2.15471269477759
"2023-03-30","Central","UR",0.264956299139192,0.45941781019794
"2023-03-30","Central","ZG",1.44877715318846,2.9215533127909
"2023-03-30","Eastern","AI",0.0935225531917793,0.127115677305637
"2023-03-30","Eastern","AR",0.234452046803959,0.420807272920078
"2023-03-30","Eastern","GL",0.257514425144676,0.524335174811247
"2023-03-30","Eastern","GR",2.12193282271207,3.52440111182033
"2023-03-30","Eastern","SG",4.19270844092194,8.18189913540946
"2023-03-30","Eastern","SH",0.623540335805965,1.28475203266125
"2023-03-30","Eastern","TG",1.86090289113871,3.37879588145206
"2023-03-30","Espace Mittelland","BE",8.47168403414995,19.2179530841186
"2023-03-30","Espace Mittelland","FR",2.35518674317722,4.51855447042725
"2023-03-30","Espace Mittelland","JU",0.536415065722372,1.02593227793333
"2023-03-30","Espace Mittelland","NE",1.42602264853711,2.64618132949403
"2023-03-30","Espace Mittelland","SO",1.83913918690323,3.95207399084087
"2023-03-30","Lake Geneva","GE",7.39063667213021,11.9209014200928
"2023-03-30","Lake Geneva","VD",7.42606892807846,14.3679461845244
"2023-03-30","Lake Geneva","VS",3.54461278276254,5.7411761666942
"2023-03-30","Northwestern","AG",5.33664230618074,10.6354696244513
"2023-03-30","Northwestern","BL",1.91619187811123,3.93977028089846
"2023-03-30","Northwestern","BS",2.12596839636772,5.49676738714745
"2023-03-30","Ticino","TI",2.93730452420267,4.87393455649884
"2023-03-30","Zurich","ZH",16.0712041601838,38.816913318664
"2023-03-31","9999","9999",0.0178566269912475,0.0692678476868685
"2023-03-31","Central","LU",5.17996696812422,9.53014103042551
"2023-03-31","Central","NW",0.518041433832922,0.77700307456796
"2023-03-31","Central","OW",0.299781567848653,0.505913598046633
"2023-03-31","Central","SZ",1.72260329570719,2.53735127635696
"2023-03-31","Central","UR",0.348385659518532,0.556250046733705
"2023-03-31","Central","ZG",1.79790177770025,3.25021871373889
"2023-03-31","Eastern","AI",0.131037337592262,0.157840964012668
"2023-03-31","Eastern","AR",0.312588352051909,0.487288092387946
"2023-03-31","Eastern","GL",0.334808061319664,0.616545023081352
"2023-03-31","Eastern","GR",2.968733125986,4.5897256544588
"2023-03-31","Eastern","SG",5.31494310273435,9.26275626214652
"2023-03-31","Eastern","SH",0.720908766658956,1.42056867611401
"2023-03-31","Eastern","TG",2.27318440842174,3.7415853840083
"2023-03-31","Espace Mittelland","BE",10.6229937414498,21.0089925844656
"2023-03-31","Espace Mittelland","FR",3.14485585726199,5.31075024760367
"2023-03-31","Espace Mittelland","JU",0.620087552292641,1.00836040489402
"2023-03-31","Espace Mittelland","NE",1.7309612054363,2.90054863670135
"2023-03-31","Espace Mittelland","SO",2.21825761035592,4.24940231839962
"2023-03-31","Lake Geneva","GE",7.54386442714988,12.1529725015482
"2023-03-31","Lake Geneva","VD",9.43235825430766,16.0962095736459
"2023-03-31","Lake Geneva","VS",4.71382430010897,6.71191169063171
"2023-03-31","Northwestern","AG",6.71190681629623,11.8650249031168
"2023-03-31","Northwestern","BL",2.46488944717083,4.35799445449361
"2023-03-31","Northwestern","BS",2.48693141214157,5.85507045403409
"2023-03-31","Ticino","TI",3.42704995018879,5.17836640720114
"2023-03-31","Zurich","ZH",19.722847862994,41.2739505989052
"2023-04-01","9999","9999",0.0193155956019743,0.0705593973493322
"2023-04-01","Central","LU",6.33012730746815,10.1288422752755
"2023-04-01","Central","NW",0.614500184654117,0.850281523838268
"2023-04-01","Central","OW",0.389441706020691,0.578444308038673
"2023-04-01","Central","SZ",2.15489155504769,2.85405284885266
"2023-04-01","Central","UR",0.374031899291896,0.58456217486087
"2023-04-01","Central","ZG",2.0339459378438,3.13819377459467
"2023-04-01","Eastern","AI",0.1522275287402,0.177893971929868
"2023-04-01","Eastern","AR",0.345138169513031,0.506627349175889
"2023-04-01","Eastern","GL",0.413188996510774,0.668750819964095
"2023-04-01","Eastern","GR",3.8538919283111,5.57827096847871
"2023-04-01","Eastern","SG",6.66634636221991,9.72210609604643
"2023-04-01","Eastern","SH",0.844900649106791,1.4547947421693
"2023-04-01","Eastern","TG",2.78111693053217,4.15984354575247
"2023-04-01","Espace Mittelland","BE",12.5433487497829,20.5653112872604
"2023-04-01","Espace Mittelland","FR",3.34281560069476,5.17656503530349
"2023-04-01","Espace Mittelland","JU",0.683507468559723,1.00465569665169
"2023-04-01","Espace Mittelland","NE",2.02989889024534,3.09319346530252
"2023-04-01","Espace Mittelland","SO",2.72013114270207,4.52708549582931
"2023-04-01","Lake Geneva","GE",8.99913348235648,11.6899519475549
"2023-04-01","Lake Geneva","VD",11.4861026684408,16.9676997024677
"2023-04-01","Lake Geneva","VS",5.61382710672153,7.19913180672163
"2023-04-01","Northwestern","AG",8.7915199550447,13.3430335510614
"2023-04-01","Northwestern","BL",2.88503439424006,4.32662339295534
"2023-04-01","Northwestern","BS",3.06686987241293,5.85153568653682
"2023-04-01","Ticino","TI",4.19296330342912,5.96410443606523
"2023-04-01","Zurich","ZH",24.9147459067757,42.0612860707728
"2023-04-02","9999","9999",0.0155268683576175,0.0590374148341956
"2023-04-02","Central","LU",1.33038824372457,3.55346097922576
"2023-04-02","Central","NW",0.140811468642084,0.231765188114208
"2023-04-02","Central","OW",0.182685301816994,0.270103820199973
"2023-04-02","Central","SZ",0.425359532963065,0.784514455499656
"2023-04-02","Central","UR",0.180982321994495,0.281999672354244
"2023-04-02","Central","ZG",0.378408746383755,1.08344022606198
"2023-04-02","Eastern","AI",0.0255823459675946,0.0445924515040096
"2023-04-02","Eastern","AR",0.099434343626268,0.147542554861971
"2023-04-02","Eastern","GL",0.0778505374995922,0.230303697706684
"2023-04-02","Eastern","GR",1.90504948133921,2.44633101330228
"2023-04-02","Eastern","SG",1.12717410412404,2.73975070372463
"2023-04-02","Eastern","SH",0.223574819507537,0.518591177628185
"2023-04-02","Eastern","TG",0.431816378757311,1.00434980331058
"2023-04-02","Espace Mittelland","BE",2.6644278602416,6.68393944399467
"2023-04-02","Espace Mittelland","FR",0.775911496380439,1.85544704272514
"2023-04-02","Espace Mittelland","JU",0.124790899629837,0.263000297056422
"2023-04-02","Espace Mittelland","NE",0.322266352607491,0.70756528613603
"2023-04-02","Espace Mittelland","SO",0.602487021355322,1.36805698589016
"2023-04-02","Lake Geneva","GE",1.79100328692434,4.04227853831926
"2023-04-02","Lake Geneva","VD",2.18036781599455,4.9055775232292
"2023-04-02","Lake Geneva","VS",2.65655300350484,3.41944570767065
"2023-04-02","Northwestern","AG",1.48613801836635,3.73808460466005
"2023-04-02","Northwestern","BL",0.463962438744173,1.17955871146849
"2023-04-02","Northwestern","BS",0.749348825354322,2.35561664358871
"2023-04-02","Ticino","TI",1.39537482310793,2.32920785180623
"2023-04-02","Zurich","ZH",5.64091548012947,15.411450335497
"2023-04-03","9999","9999",0.0119670443143291,0.0477533493621444
"2023-04-03","Central","LU",3.73130100253242,7.88331324633727
"2023-04-03","Central","NW",0.358123199264045,0.64444929342037
"2023-04-03","Central","OW",0.24923427193723,0.452484227799451
"2023-04-03","Central","SZ",1.27717136467125,2.16225806385829
"2023-04-03","Central","UR",0.262239069764458,0.469206397113455
"2023-04-03","Central","ZG",1.39509365276874,2.79746258074734
"2023-04-03","Eastern","AI",0.0780798166387185,0.120895846036404
"2023-04-03","Eastern","AR",0.218669983077344,0.419957569194773
"2023-04-03","Eastern","GL",0.258429184256276,0.507850922540329
"2023-04-03","Eastern","GR",2.1922085451214,3.61392589631847
"2023-04-03","Eastern","SG",3.96700702205692,7.87298084903756
"2023-04-03","Eastern","SH",0.580824295648622,1.27129272565242
"2023-04-03","Eastern","TG",1.75180496183177,3.30307028545287
"2023-04-03","Espace Mittelland","BE",8.19100198367241,18.3850395044256
"2023-04-03","Espace Mittelland","FR",2.29169942043313,4.47753077456952
"2023-04-03","Espace Mittelland","JU",0.459317825854503,0.810209496152881
"2023-04-03","Espace Mittelland","NE",1.28098851831521,2.47984332822831
"2023-04-03","Espace Mittelland","SO",1.62886648523452,3.61576125636513
"2023-04-03","Lake Geneva","GE",6.57265633645535,11.1037243533925
"2023-04-03","Lake Geneva","VD",7.46024071854263,14.052162292052
"2023-04-03","Lake Geneva","VS",3.95342133335776,6.17605453330533
"2023-04-03","Northwestern","AG",4.91583656573817,10.1668070377221
"2023-04-03","Northwestern","BL",1.85608707762385,3.66963247254947
"2023-04-03","Northwestern","BS",1.92355222837147,5.07014814074628
"2023-04-03","Ticino","TI",2.99211547852233,4.90595139286833
"2023-04-03","Zurich","ZH",15.3175884378715,37.3537914799868
"2023-04-04","9999","9999",0.0128543364515685,0.050710318326206
"2023-04-04","Central","LU",4.03336006970863,8.19590225280249
"2023-04-04","Central","NW",0.388312333270248,0.661681284969557
"2023-04-04","Central","OW",0.288815850215814,0.508292768477487
"2023-04-04","Central","SZ",1.35395876109096,2.21395403850585
"2023-04-04","Central","UR",0.301561728537658,0.510943844100439
"2023-04-04","Central","ZG",1.50052778374721,2.92094152610868
"2023-04-04","Eastern","AI",0.103147401588394,0.137074204966212
"2023-04-04","Eastern","AR",0.26889898085033,0.444123143142449
"2023-04-04","Eastern","GL",0.279401065041133,0.527700001563455
"2023-04-04","Eastern","GR",2.13373860917964,3.64584076824093
"2023-04-04","Eastern","SG",4.31279802758772,8.20898769017219
"2023-04-04","Eastern","SH",0.654327544186164,1.35677292041811
"2023-04-04","Eastern","TG",1.87308935796621,3.40717598587724
"2023-04-04","Espace Mittelland","BE",8.63250870236885,19.0809468554504
"2023-04-04","Espace Mittelland","FR",2.37575827734248,4.53561652123138
"2023-04-04","Espace Mittelland","JU",0.502092563257168,1.01682345399806
"2023-04-04","Espace Mittelland","NE",1.347415379055,2.59414547335635
"2023-04-04","Espace Mittelland","SO",1.75872997190486,3.76255607194883
"2023-04-04","Lake Geneva","GE",6.61614104462856,11.2231587090213
"2023-04-04","Lake Geneva","VD",7.52239604575506,14.2847431957425
"2023-04-04","Lake Geneva","VS",3.9067617577966,6.26438973258804
"2023-04-04","Northwestern","AG",5.18281274090262,10.5976748027498
"2023-04-04","Northwestern","BL",1.90527505592206,3.68713636929076
"2023-04-04","Northwestern","BS",2.11004655025591,5.40676676856314
"2023-04-04","Ticino","TI",3.13393871395906,4.98534770896084
"2023-04-04","Zurich","ZH",16.1378659900419,38.9626884897774
"2023-04-05","9999","9999",0.014626516288885,0.055910505125073
"2023-04-05","Central","LU",4.78051993306407,9.26557727851453
"2023-04-05","Central","NW",0.46756026777551,0.745903918221794
"2023-04-05","Central","OW",0.335226362897542,0.553666947408778
"2023-04-05","Central","SZ",1.61574781733594,2.51668648175754
"2023-04-05","Central","UR",0.344993264971791,0.569165543358342
"2023-04-05","Central","ZG",1.64441104226097,3.16065994109174
"2023-04-05","Eastern","AI",0.13313297688427,0.168717171696573
"2023-04-05","Eastern","AR",0.292633524690635,0.486846246450788
"2023-04-05","Eastern","GL",0.337931115827976,0.614233828948522
"2023-04-05","Eastern","GR",2.52803192898317,4.03473316923855
"2023-04-05","Eastern","SG",5.16230627143354,9.13523272705273
"2023-04-05","Eastern","SH",0.733033274195275,1.46461731723383
"2023-04-05","Eastern","TG",2.31316622367131,3.83090623961237
"2023-04-05","Espace Mittelland","BE",10.3986484055643,20.7652635678991
"2023-04-05","Espace Mittelland","FR",2.76897203618825,4.95618587710837
"2023-04-05","Espace Mittelland","JU",0.560354679857278,0.97114338172566
"2023-04-05","Espace Mittelland","NE",1.57739865407988,2.83073697863029
"2023-04-05","Espace Mittelland","SO",2.10438395192955,4.14974906549584
"2023-04-05","Lake Geneva","GE",6.90348803436349,11.7963688421121
"2023-04-05","Lake Geneva","VD",8.39072406989665,15.4964546961765
"2023-04-05","Lake Geneva","VS",4.40308079750419,6.72975546886312
"2023-04-05","Northwestern","AG",6.30922346363974,11.7505188290947
"2023-04-05","Northwestern","BL",2.26218525188185,4.04982390739997
"2023-04-05","Northwestern","BS",2.175271654505,5.39626443051837
"2023-04-05","Ticino","TI",3.58168657615694,5.36108669629074
"2023-04-05","Zurich","ZH",18.3836333377124,41.6959134688917
"2023-04-06","9999","9999",0.0186008746974291,0.0725986862900644
"2023-04-06","Central","LU",5.05872870663833,9.74491214403362
"2023-04-06","Central","NW",0.591144151697867,0.912004002444428
"2023-04-06","Central","OW",0.420965893971284,0.66358462131424
"2023-04-06","Central","SZ",2.12918739731727,3.09468894385906
"2023-04-06","Central","UR",0.416664966787028,0.633063263501282
"2023-04-06","Central","ZG",2.06328706915585,3.81707306296441
"2023-04-06","Eastern","AI",0.15486341451764,0.200666031768043
"2023-04-06","Eastern","AR",0.371232500039346,0.579871810297186
"2023-04-06","Eastern","GL",0.4281358394372,0.755216671051138
"2023-04-06","Eastern","GR",3.23136980898709,4.85418744192275
"2023-04-06","Eastern","SG",5.78167689810156,9.89830066052569
"2023-04-06","Eastern","SH",0.884801163835306,1.71650348956326
"2023-04-06","Eastern","TG",3.03678419186105,4.78532745202403
"2023-04-06","Espace Mittelland","BE",11.3114963851382,21.873481154591
"2023-04-06","Espace Mittelland","FR",3.47403249961798,5.96604176055893
"2023-04-06","Espace Mittelland","JU",0.786502952012482,1.21589204276253
"2023-04-06","Espace Mittelland","NE",1.90039329269017,3.24964091520569
"2023-04-06","Espace Mittelland","SO",2.7509285875623,5.04710417571601
"2023-04-06","Lake Geneva","GE",8.29451958243134,13.14144983927
"2023-04-06","Lake Geneva","VD",10.0738690088558,17.442038310082
"2023-04-06","Lake Geneva","VS",4.90531897018646,7.32852469001109
"2023-04-06","Northwestern","AG",7.92208602686915,13.8650575317398
"2023-04-06","Northwestern","BL",2.91949652636563,4.78532745202403
"2023-04-06","Northwestern","BS",2.40220642040565,5.32665670134138
"2023-04-06","Ticino","TI",4.38465203586494,6.18958181661218
"2023-04-06","Zurich","ZH",22.6605478740337,46.1623301187342
"2023-04-07","9999","9999",0.0211726787000706,0.0671945705971242
"2023-04-07","Central","LU",1.3229372062399,3.3120771449411
"2023-04-07","Central","NW",0.12714679770656,0.229657922875452
"2023-04-07","Central","OW",0.199810020485609,0.298313983880101
"2023-04-07","Central","SZ",0.416623218082486,0.784786360691754
"2023-04-07","Central","UR",0.166212749526487,0.307320843368334
"2023-04-07","Central","ZG",0.336244422738634,0.889537835947362
"2023-04-07","Eastern","AI",0.0244162056918769,0.0413975654968626
"2023-04-07","Eastern","AR",0.0764749331532204,0.134695034535358
"2023-04-07","Eastern","GL",0.0737678776021811,0.21990332410895
"2023-04-07","Eastern","GR",2.13882418957927,2.66011647058903
"2023-04-07","Eastern","SG",1.17394753017644,2.75205441366704
"2023-04-07","Eastern","SH",0.235171376865736,0.548330808013862
"2023-04-07","Eastern","TG",0.350004840398297,0.652742401779348
"2023-04-07","Espace Mittelland","BE",3.0632245498736,7.31465752521411
"2023-04-07","Espace Mittelland","FR",0.899038521577848,2.09248039393624
"2023-04-07","Espace Mittelland","JU",0.141385150118548,0.285976285788671
"2023-04-07","Espace Mittelland","NE",0.351993517480769,0.756542208862614
"2023-04-07","Espace Mittelland","SO",0.484385254163321,1.23601302697775
"2023-04-07","Lake Geneva","GE",1.87840692347578,4.10954108521441
"2023-04-07","Lake Geneva","VD",2.54567333143623,5.68196881111494
"2023-04-07","Lake Geneva","VS",6.89597781796286,8.95026922012833
"2023-04-07","Northwestern","AG",1.45746123617511,3.65107494318881
"2023-04-07","Northwestern","BL",0.433011184309949,1.1241580285786
"2023-04-07","Northwestern","BS",0.782080154325079,2.32359980721922
"2023-04-07","Ticino","TI",4.99160461786176,6.84161046726228
"2023-04-07","Zurich","ZH",5.60676560763728,14.937825479012
"2023-04-08","9999","9999",0.018839842073591,0.0618244430531962
"2023-04-08","Central","LU",6.65195178796473,10.3451768437381
"2023-04-08","Central","NW",0.685554780231173,0.932498856298786
"2023-04-08","Central","OW",0.513081824010887,0.804397522671795
"2023-04-08","Central","SZ",2.32143325820694,3.12731756691077
"2023-04-08","Central","UR",0.475830783654199,0.696519137707064
"2023-04-08","Central","ZG",1.98541171974443,3.03133503410031
"2023-04-08","Eastern","AI",0.207712081823294,0.24722979591476
"2023-04-08","Eastern","AR",0.365538965143638,0.541261273019324
"2023-04-08","Eastern","GL",0.441570076007274,0.717115956008459
"2023-04-08","Eastern","GR",4.77609753089483,5.93045616854315
"2023-04-08","Eastern","SG",7.15188650201334,10.3956152568722
"2023-04-08","Eastern","SH",1.00195347596577,1.72404885864397
"2023-04-08","Eastern","TG",3.31427756705906,4.99472843808821
"2023-04-08","Espace Mittelland","BE",13.7090796367876,22.4407093734557
"2023-04-08","Espace Mittelland","FR",3.50974252288279,5.39789586167095
"2023-04-08","Espace Mittelland","JU",0.829948413818845,1.3160891060505
"2023-04-08","Espace Mittelland","NE",2.12377902318659,3.25749217762751
"2023-04-08","Espace Mittelland","SO",2.92192240766146,4.81625666762513
"2023-04-08","Lake Geneva","GE",7.05639415479446,10.0448575590663
"2023-04-08","Lake Geneva","VD",11.426706918459,17.0695621850573
"2023-04-08","Lake Geneva","VS",6.32481133969533,8.77366679786092
"2023-04-08","Northwestern","AG",8.79475081762318,13.5889717973137
"2023-04-08","Northwestern","BL",3.00622804440974,4.49768574693376
"2023-04-08","Northwestern","BS",2.68799386635129,5.34813721151709
"2023-04-08","Ticino","TI",4.51223496871101,6.77227464327738
"2023-04-08","Zurich","ZH",23.7131776709852,39.4687380404201
"2023-04-09","9999","9999",0.0168097883086138,0.052885559862987
"2023-04-09","Central","LU",1.24693925624579,3.0095826187325
"2023-04-09","Central","NW",0.182492476921427,0.254061413866213
"2023-04-09","Central","OW",0.255717511715963,0.435388188846313
"2023-04-09","Central","SZ",0.47532724986974,0.865236309403637
"2023-04-09","Central","UR",0.205291408835978,0.326218254219119
"2023-04-09","Central","ZG",0.287183413603484,0.734211994961597
"2023-04-09","Eastern","AI",0.041968358100361,0.0637617675468918
"2023-04-09","Eastern","AR",0.0935508229505344,0.135680690856712
"2023-04-09","Eastern","GL",0.0688385072976841,0.190197681872285
"2023-04-09","Eastern","GR",2.25754639162767,2.52749471314342
"2023-04-09","Eastern","SG",1.11379546722633,2.46322312336135
"2023-04-09","Eastern","SH",0.216558895080767,0.531132804613687
"2023-04-09","Eastern","TG",0.381633680105777,0.694479848766332
"2023-04-09","Espace Mittelland","BE",3.17145705019099,7.05580378233717
"2023-04-09","Espace Mittelland","FR",0.730990481612562,1.65321755610254
"2023-04-09","Espace Mittelland","JU",0.132150439273635,0.258989695472982
"2023-04-09","Espace Mittelland","NE",0.331975650006399,0.677281845366158
"2023-04-09","Espace Mittelland","SO",0.457730658449987,1.14614836098949
"2023-04-09","Lake Geneva","GE",1.35702175949451,3.21276377352745
"2023-04-09","Lake Geneva","VD",2.17609375663337,4.9242370170369
"2023-04-09","Lake Geneva","VS",3.06189820516089,4.44697542860755
"2023-04-09","Northwestern","AG",1.24113358999225,3.12170952232376
"2023-04-09","Northwestern","BL",0.403793681794679,1.05366660752729
"2023-04-09","Northwestern","BS",0.627646828609843,1.97433758796983
"2023-04-09","Ticino","TI",1.44427117528971,2.30531418305065
"2023-04-09","Zurich","ZH",4.60303044373414,12.6295543269973
"2023-04-10","9999","9999",0.0164196272607833,0.0586975333440736
"2023-04-10","Central","LU",2.33313248581518,4.42444128581246
"2023-04-10","Central","NW",0.171150441376538,0.270545666137131
"2023-04-10","Central","OW",0.234597624900887,0.379579648168277
"2023-04-10","Central","SZ",0.509411305789634,0.966385040863952
"2023-04-10","Central","UR",0.212084977649523,0.349500136292478
"2023-04-10","Central","ZG",0.31637289306935,0.895689690918571
"2023-04-10","Eastern","AI",0.048598918605561,0.0783086953241144
"2023-04-10","Eastern","AR",0.0982644322219063,0.15478203060157
"2023-04-10","Eastern","GL",0.0809090990508555,0.253483615333006
"2023-04-10","Eastern","GR",2.33205368064956,2.46084395293049
"2023-04-10","Eastern","SG",1.19120724585206,2.74882553951088
"2023-04-10","Eastern","SH",0.222691055705612,0.578342343591636
"2023-04-10","Eastern","TG",0.511579450218551,1.18034043889577
"2023-04-10","Espace Mittelland","BE",4.1296032239696,8.45196896746043
"2023-04-10","Espace Mittelland","FR",1.77895516530218,3.29804003939906
"2023-04-10","Espace Mittelland","JU",0.126041567228276,0.301067023950089
"2023-04-10","Espace Mittelland","NE",0.312818390899194,0.69614526806793
"2023-04-10","Espace Mittelland","SO",0.709412009107084,1.67653342632491
"2023-04-10","Lake Geneva","GE",1.3211322767153,3.2321370184644
"2023-04-10","Lake Geneva","VD",2.13637741239305,4.95166545328975
"2023-04-10","Lake Geneva","VS",4.20336864231032,6.26241841994533
"2023-04-10","Northwestern","AG",1.28320240970656,3.47019001414587
"2023-04-10","Northwestern","BL",0.427273891790702,1.25643990453409
"2023-04-10","Northwestern","BS",0.680074703747985,2.14336065300751
"2023-04-10","Ticino","TI",1.70528210241103,2.57106752017706
"2023-04-10","Zurich","ZH",4.76064380990164,14.1128651261878
"2023-04-11","9999","9999",0.011195948365174,0.0454421552293146
"2023-04-11","Central","LU",4.12622881570932,7.42624061842117
"2023-04-11","Central","NW",0.386784415270076,0.646488582361102
"2023-04-11","Central","OW",0.2580181899744,0.439398790429753
"2023-04-11","Central","SZ",1.31316891006202,2.2140899911019
"2023-04-11","Central","UR",0.291108931392663,0.504044249850962
"2023-04-11","Central","ZG",1.45712146257511,2.80888259881545
"2023-04-11","Eastern","AI",0.0830857804065055,0.121813526059733
"2023-04-11","Eastern","AR",0.231797058673949,0.401162122791025
"2023-04-11","Eastern","GL",0.260551385921692,0.494833461468655
"2023-04-11","Eastern","GR",2.1393682541856,3.65158476542399
"2023-04-11","Eastern","SG",4.01550204469773,7.4655988949773
"2023-04-11","Eastern","SH",0.61223334865294,1.32716924262848
"2023-04-11","Eastern","TG",1.86855924954336,3.57113481671211
"2023-04-11","Espace Mittelland","BE",8.8280587141782,17.8078527579004
"2023-04-11","Espace Mittelland","FR",2.26107532217784,4.14179583862699
"2023-04-11","Espace Mittelland","JU",0.482591500963907,0.866187977575979
"2023-04-11","Espace Mittelland","NE",1.2934176649072,2.46855926275626
"2023-04-11","Espace Mittelland","SO",1.71627389683062,3.49503535107379
"2023-04-11","Lake Geneva","GE",5.57983482668004,9.92606897826866
"2023-04-11","Lake Geneva","VD",7.40203361812769,13.4066253778632
"2023-04-11","Lake Geneva","VS",3.97543383809923,6.19899653388856
"2023-04-11","Northwestern","AG",5.14150871234296,9.92783636201729
"2023-04-11","Northwestern","BL",1.93300504594635,3.77302442184459
"2023-04-11","Northwestern","BS",1.99005806743159,5.14162521811895
"2023-04-11","Ticino","TI",3.36873164259708,5.23611227237287
"2023-04-11","Zurich","ZH",15.3803713545115,37.1421812642368
"2023-04-12","9999","9999",0.0119042744067123,0.0441845937158632
"2023-04-12","Central","LU",3.91328123252169,7.30452905680847
"2023-04-12","Central","NW",0.369542560568232,0.611310848133473
"2023-04-12","Central","OW",0.210330415992652,0.394738362627719
"2023-04-12","Central","SZ",1.31121802258641,2.15858734376498
"2023-04-12","Central","UR",0.273971407333949,0.465365736275076
"2023-04-12","Central","ZG",1.38196484629066,2.79311209767378
"2023-04-12","Eastern","AI",0.0894778826183304,0.1242266846396
"2023-04-12","Eastern","AR",0.207232196892295,0.372849994663861
"2023-04-12","Eastern","GL",0.255829177067244,0.494153698488411
"2023-04-12","Eastern","GR",1.94447381960903,3.35129946890118
"2023-04-12","Eastern","SG",3.82797016901748,7.12918419605452
"2023-04-12","Eastern","SH",0.56604988689414,1.2392079129849
"2023-04-12","Eastern","TG",1.71128748575787,3.30806654335766
"2023-04-12","Espace Mittelland","BE",8.35775124379987,16.8385107480724
"2023-04-12","Espace Mittelland","FR",2.10135445900542,3.94755356702225
"2023-04-12","Espace Mittelland","JU",0.426125099489951,0.766500736523189
"2023-04-12","Espace Mittelland","NE",1.15915220595146,2.22948662260443
"2023-04-12","Espace Mittelland","SO",1.58625329938023,3.29528699932907
"2023-04-12","Lake Geneva","GE",5.08632985172529,9.04319281952769
"2023-04-12","Lake Geneva","VD",6.50715673868362,12.049512575955
"2023-04-12","Lake Geneva","VS",3.64288874375156,6.00920670980442
"2023-04-12","Northwestern","AG",4.87037906386544,9.39245503877708
"2023-04-12","Northwestern","BL",1.73043898439754,3.45027295882472
"2023-04-12","Northwestern","BS",1.91873483669997,4.87451235503205
"2023-04-12","Ticino","TI",3.07973890960897,4.75453418901897
"2023-04-12","Zurich","ZH",14.9447021393229,35.7880934075906
"2023-04-13","9999","9999",0.0121905551538784,0.0446944159510462
"2023-04-13","Central","LU",3.75421108679945,7.48208314724822
"2023-04-13","Central","NW",0.385276112621283,0.625415929973537
"2023-04-13","Central","OW",0.229943370766439,0.404730878437306
"2023-04-13","Central","SZ",1.32653406409792,2.15257144138982
"2023-04-13","Central","UR",0.256083788949048,0.464991866635941
"2023-04-13","Central","ZG",1.40729418202922,2.81245135446173
"2023-04-13","Eastern","AI",0.0873446691006332,0.122697217934051
"2023-04-13","Eastern","AR",0.217032913811654,0.36945117976264
"2023-04-13","Eastern","GL",0.0552669711000007,0.163313056003633
"2023-04-13","Eastern","GR",1.82065548739925,3.26673695415882
"2023-04-13","Eastern","SG",3.9794929431277,7.34106631699659
"2023-04-13","Eastern","SH",0.587300721550054,1.27200647678168
"2023-04-13","Eastern","TG",1.7973895855924,3.34834249993712
"2023-04-13","Espace Mittelland","BE",8.5198670203706,17.0784330919495
"2023-04-13","Espace Mittelland","FR",2.14921107616745,4.01600569913283
"2023-04-13","Espace Mittelland","JU",0.446010969629738,0.813302417712992
"2023-04-13","Espace Mittelland","NE",1.22459054539985,2.3332864296877
"2023-04-13","Espace Mittelland","SO",1.71059424031489,3.45645880194494
"2023-04-13","Lake Geneva","GE",5.40538185170068,9.75408894426691
"2023-04-13","Lake Geneva","VD",6.73102498176142,12.5439381796355
"2023-04-13","Lake Geneva","VS",3.76018604265972,6.07745491302093
"2023-04-13","Northwestern","AG",4.96902328359439,9.49187037463777
"2023-04-13","Northwestern","BL",1.79179275293006,3.52178402434639
"2023-04-13","Northwestern","BS",2.01170786635153,5.20545496196386
"2023-04-13","Ticino","TI",3.08362995074542,4.96801375296462
"2023-04-13","Zurich","ZH",15.1405594648306,36.5518411040438
"2023-04-14","9999","9999",0.0177855903623768,0.0647134357192334
"2023-04-14","Central","LU",4.80566091991957,8.6900559512909
"2023-04-14","Central","NW",0.487060159178361,0.71867941086302
"2023-04-14","Central","OW",0.313072497614232,0.496906738558399
"2023-04-14","Central","SZ",1.6662313486703,2.52141083447024
"2023-04-14","Central","UR",0.349537079469667,0.571340784895123
"2023-04-14","Central","ZG",1.72494823675594,3.186456946192
"2023-04-14","Eastern","AI",0.123161356957349,0.153660421684167
"2023-04-14","Eastern","AR",0.26852773027002,0.421385071453286
"2023-04-14","Eastern","GL",0.311754635003952,0.551457717722984
"2023-04-14","Eastern","GR",2.29252266603977,3.704538301585
"2023-04-14","Eastern","SG",4.71829745783206,8.14413830185691
"2023-04-14","Eastern","SH",0.704302642793248,1.43803858470628
"2023-04-14","Eastern","TG",2.17285333113055,3.83940327686542
"2023-04-14","Espace Mittelland","BE",9.7356611203807,18.6526961778967
"2023-04-14","Espace Mittelland","FR",2.71579764596752,4.70365392994771
"2023-04-14","Espace Mittelland","JU",0.522724756594499,0.902385356273974
"2023-04-14","Espace Mittelland","NE",1.41864588231501,2.53799705118819
"2023-04-14","Espace Mittelland","SO",1.95258736568443,3.78553206068108
"2023-04-14","Lake Geneva","GE",5.80585865550602,9.88242819493699
"2023-04-14","Lake Geneva","VD",8.02871951381717,14.0002623885104
"2023-04-14","Lake Geneva","VS",4.5573389165043,7.12024531286431
"2023-04-14","Northwestern","AG",5.76184058129704,10.5169529488458
"2023-04-14","Northwestern","BL",2.21078918573606,4.02368702080958
"2023-04-14","Northwestern","BS",2.35354958384303,5.49190708183871
"2023-04-14","Ticino","TI",3.37463155573855,5.28281198911564
"2023-04-14","Zurich","ZH",19.1174766056977,41.0647535417351
"2023-04-15","9999","9999",0.0187498166567713,0.0646114712721968
"2023-04-15","Central","LU",5.50318734579026,8.96821496280677
"2023-04-15","Central","NW",0.554844861191275,0.763203886069005
"2023-04-15","Central","OW",0.335140504127532,0.524131245917174
"2023-04-15","Central","SZ",2.02034767479981,2.74066838374796
"2023-04-15","Central","UR",0.358854128581319,0.567941969993902
"2023-04-15","Central","ZG",2.01079268039359,2.9056808472022
"2023-04-15","Eastern","AI",0.152968847262347,0.180239154211709
"2023-04-15","Eastern","AR",0.279542300270287,0.432941042117435
"2023-04-15","Eastern","GL",0.319164260561932,0.563557498771328
"2023-04-15","Eastern","GR",2.72377003513419,3.95690030800061
"2023-04-15","Eastern","SG",5.60304380519928,8.58904317242664
"2023-04-15","Eastern","SH",0.794354116819548,1.44266097297194
"2023-04-15","Eastern","TG",2.7410290733381,4.24498385902803
"2023-04-15","Espace Mittelland","BE",10.5400835045362,17.650691556868
"2023-04-15","Espace Mittelland","FR",2.70718011968121,4.34966735798562
"2023-04-15","Espace Mittelland","JU",0.596417748118736,0.942729289151459
"2023-04-15","Espace Mittelland","NE",1.63927939770118,2.6508377059087
"2023-04-15","Espace Mittelland","SO",2.34675776940709,3.96519341635958
"2023-04-15","Lake Geneva","GE",6.01714873171207,9.20055794945418
"2023-04-15","Lake Geneva","VD",9.11032156069338,13.9121651062707
"2023-04-15","Lake Geneva","VS",4.64684963496238,6.70069560145768
"2023-04-15","Northwestern","AG",7.4998698803977,11.7305337974755
"2023-04-15","Northwestern","BL",2.67171978585926,4.08112699264021
"2023-04-15","Northwestern","BS",2.68541143035044,5.26143344338696
"2023-04-15","Ticino","TI",3.89906372509182,5.76252072427386
"2023-04-15","Zurich","ZH",23.2794775057796,40.6479908585474
"2023-04-16","9999","9999",0.0148582586054953,0.0445244752059852
"2023-04-16","Central","LU",1.12594475143028,2.76367836062922
"2023-04-16","Central","NW",0.136020384802599,0.182788265387625
"2023-04-16","Central","OW",0.1094564019093,0.180647011999856
"2023-04-16","Central","SZ",0.417170482078334,0.653796034398726
"2023-04-16","Central","UR",0.126365108919417,0.226497025017317
"2023-04-16","Central","ZG",0.327966869769422,0.775711524905496
"2023-04-16","Eastern","AI",0.0225832766140052,0.0315070141343117
"2023-04-16","Eastern","AR",0.0789268677396693,0.123037099424173
"2023-04-16","Eastern","GL",0.0664874102632429,0.186696902524028
"2023-04-16","Eastern","GR",0.973340928274163,1.4715169114833
"2023-04-16","Eastern","SG",0.921754872432332,2.20895778060106
"2023-04-16","Eastern","SH",0.163181318171741,0.404255044351136
"2023-04-16","Eastern","TG",0.38174398659762,0.8052472263971
"2023-04-16","Espace Mittelland","BE",2.38175343204133,5.78135015882662
"2023-04-16","Espace Mittelland","FR",0.700346576120837,1.65699024064289
"2023-04-16","Espace Mittelland","JU",0.107332810056274,0.231595247369147
"2023-04-16","Espace Mittelland","NE",0.263542055409299,0.599516960426239
"2023-04-16","Espace Mittelland","SO",0.412886479938729,1.05930864026331
"2023-04-16","Lake Geneva","GE",1.43137707555647,3.40374318282701
"2023-04-16","Lake Geneva","VD",1.84231179474681,4.39103093533347
"2023-04-16","Lake Geneva","VS",1.63299293016762,2.75317602258445
"2023-04-16","Northwestern","AG",1.29097813627666,3.19067147666951
"2023-04-16","Northwestern","BL",0.413733166849686,1.07266598282511
"2023-04-16","Northwestern","BS",0.671638191636595,2.13221254013151
"2023-04-16","Ticino","TI",1.47433731489461,2.34572609222616
"2023-04-16","Zurich","ZH",4.9822051443309,13.4451679388431
"2023-04-17","9999","9999",0.0124229436140258,0.0567602088503781
"2023-04-17","Central","LU",3.38908764677449,7.08469370899755
"2023-04-17","Central","NW",0.338208832236259,0.588912657934431
"2023-04-17","Central","OW",0.216093706978221,0.381448996363948
"2023-04-17","Central","SZ",1.16073977279016,2.09397587249278
"2023-04-17","Central","UR",0.213448649878576,0.437427477787045
"2023-04-17","Central","ZG",1.19839877642814,2.49309870634307
"2023-04-17","Eastern","AI",0.0696687077583907,0.107606479772633
"2023-04-17","Eastern","AR",0.194643362778147,0.363197360344395
"2023-04-17","Eastern","GL",0.215342410433453,0.462136862118916
"2023-04-17","Eastern","GR",1.54995334706601,2.98725240483148
"2023-04-17","Eastern","SG",3.41937678813616,7.03853780263898
"2023-04-17","Eastern","SH",0.492361719908313,1.12385213523749
"2023-04-17","Eastern","TG",1.57028100316424,3.26690689490388
"2023-04-17","Espace Mittelland","BE",7.1202212628866,16.3256635676272
"2023-04-17","Espace Mittelland","FR",1.98047683176573,4.03524299147373
"2023-04-17","Espace Mittelland","JU",0.376363940966024,0.72639472068879
"2023-04-17","Espace Mittelland","NE",1.04279933001729,2.21307034663154
"2023-04-17","Espace Mittelland","SO",1.3626643978596,3.10257419442989
"2023-04-17","Lake Geneva","GE",5.20110691280109,9.65970385446003
"2023-04-17","Lake Geneva","VD",6.31050225218812,12.6103170346564
"2023-04-17","Lake Geneva","VS",3.02632485104424,5.50050608353879
"2023-04-17","Northwestern","AG",4.37526534031203,9.0972679646061
"2023-04-17","Northwestern","BL",1.62462249308594,3.57881613838887
"2023-04-17","Northwestern","BS",1.77523544227156,4.98103121403629
"2023-04-17","Ticino","TI",2.85399667013648,5.04482696973219
"2023-04-17","Zurich","ZH",12.9778858940823,33.5445017031461
"2023-04-18","9999","9999",0.0113296060928469,0.0436407833316679
"2023-04-18","Central","LU",3.20216182240391,7.00896811299836
"2023-04-18","Central","NW",0.305199144629703,0.580109727340271
"2023-04-18","Central","OW",0.207356726373998,0.413159939392333
"2023-04-18","Central","SZ",1.159709459718,2.03147166645934
"2023-04-18","Central","UR",0.238300168345454,0.425837518973884
"2023-04-18","Central","ZG",1.13272803285551,2.4644806848748
"2023-04-18","Eastern","AI",0.0889796432948547,0.125008412066881
"2023-04-18","Eastern","AR",0.191781444243352,0.369043321974494
"2023-04-18","Eastern","GL",0.212229181222926,0.453231967077719
"2023-04-18","Eastern","GR",1.45129795101188,2.88348658589723
"2023-04-18","Eastern","SG",3.35301075104134,6.96073892955005
"2023-04-18","Eastern","SH",0.504511184249251,1.12517767304896
"2023-04-18","Eastern","TG",1.56953272195597,3.24144977129375
"2023-04-18","Espace Mittelland","BE",7.12698094636665,16.6198989736259
"2023-04-18","Espace Mittelland","FR",1.92314995898535,3.98269731310087
"2023-04-18","Espace Mittelland","JU",0.381205224284313,0.741315518105147
"2023-04-18","Espace Mittelland","NE",1.07904345944592,2.21731886525806
"2023-04-18","Espace Mittelland","SO",1.38897255098843,3.15590160023003
"2023-04-18","Lake Geneva","GE",5.15780078695349,9.80343973663263
"2023-04-18","Lake Geneva","VD",6.14709741142877,12.5618159460159
"2023-04-18","Lake Geneva","VS",2.92270417868505,5.38362083908583
"2023-04-18","Northwestern","AG",4.23978646295377,8.96994835840639
"2023-04-18","Northwestern","BL",1.58603641053293,3.55458258814317
"2023-04-18","Northwestern","BS",1.88437327975297,5.18465421476839
"2023-04-18","Ticino","TI",2.62587894464804,4.8300898442731
"2023-04-18","Zurich","ZH",14.2534643504616,36.9721385547287
"2023-04-19","9999","9999",0.0120654813451958,0.044320546311912
"2023-04-19","Central","LU",3.42389067248219,7.21289700707157
"2023-04-19","Central","NW",0.335089486200248,0.588062954209126
"2023-04-19","Central","OW",0.206928094331568,0.40031241906572
"2023-04-19","Central","SZ",1.20732608350625,2.10678940467038
"2023-04-19","Central","UR",0.23181850672336,0.439568731174814
"2023-04-19","Central","ZG",1.21241635921558,2.50169770804316
"2023-04-19","Eastern","AI",0.0815008177220584,0.120454000099245
"2023-04-19","Eastern","AR",0.197631835377727,0.365372601881176
"2023-04-19","Eastern","GL",0.221719157925222,0.46203489767188
"2023-04-19","Eastern","GR",1.52852083642756,2.91122091549119
"2023-04-19","Eastern","SG",3.47295658447618,7.05509003120792
"2023-04-19","Eastern","SH",0.521795872393575,1.09445238634193
"2023-04-19","Eastern","TG",1.66954656235054,3.28145382268111
"2023-04-19","Espace Mittelland","BE",7.33600822398963,16.6809077011028
"2023-04-19","Espace Mittelland","FR",1.99525495290853,4.03116441359227
"2023-04-19","Espace Mittelland","JU",0.393722105420574,0.752871488769296
"2023-04-19","Espace Mittelland","NE",1.07663360250981,2.25885238335097
"2023-04-19","Espace Mittelland","SO",1.50300766697865,3.26575129783747
"2023-04-19","Lake Geneva","GE",5.31320987164625,9.78919870219652
"2023-04-19","Lake Geneva","VD",6.47175061826244,12.8243404089862
"2023-04-19","Lake Geneva","VS",3.03236773421236,5.54863330254007
"2023-04-19","Northwestern","AG",4.41957111678396,9.12292901711031
"2023-04-19","Northwestern","BL",1.68853669349485,3.66059162491223
"2023-04-19","Northwestern","BS",1.93084624122856,5.24172031695988
"2023-04-19","Ticino","TI",2.76694975572583,4.99234926765735
"2023-04-19","Zurich","ZH",14.988435440453,37.0337590688879
"2023-04-20","9999","9999",0.0123308740340159,0.0459179893154855
"2023-04-20","Central","LU",3.7537788520173,7.39993379108572
"2023-04-20","Central","NW",0.374244280798521,0.622289020264414
"2023-04-20","Central","OW",0.205316949127792,0.373597733942129
"2023-04-20","Central","SZ",1.28745448843941,2.06658142438894
"2023-04-20","Central","UR",0.249138407732447,0.444700941675656
"2023-04-20","Central","ZG",1.2987857470933,2.49160322778654
"2023-04-20","Eastern","AI",0.0829669644000796,0.111039282822865
"2023-04-20","Eastern","AR",0.215944600545979,0.367377902672896
"2023-04-20","Eastern","GL",0.23768059892979,0.467914847450991
"2023-04-20","Eastern","GR",1.56709786513901,2.84470610787431
"2023-04-20","Eastern","SG",3.84553189218236,7.2859375392988
"2023-04-20","Eastern","SH",0.531518554753755,1.12663916345649
"2023-04-20","Eastern","TG",1.74360506356766,3.28621216354282
"2023-04-20","Espace Mittelland","BE",8.02703416000716,17.3769510047237
"2023-04-20","Espace Mittelland","FR",2.15325922808396,4.14138798083884
"2023-04-20","Espace Mittelland","JU",0.445723705961191,0.817652900786554
"2023-04-20","Espace Mittelland","NE",1.20019017218265,2.37121720398531
"2023-04-20","Espace Mittelland","SO",1.66283037803661,3.4268211360063
"2023-04-20","Lake Geneva","GE",5.76501024037648,10.5070284093342
"2023-04-20","Lake Geneva","VD",6.68743396143824,12.832055718812
"2023-04-20","Lake Geneva","VS",3.03230759978717,5.32563705687101
"2023-04-20","Northwestern","AG",4.69952094174113,9.33474316175436
"2023-04-20","Northwestern","BL",1.74903017477396,3.67697391273611
"2023-04-20","Northwestern","BS",2.01041878649881,5.34613191072537
"2023-04-20","Ticino","TI",2.88404327271044,4.80745373703097
"2023-04-20","Zurich","ZH",15.3051108931706,37.0958894052822
"2023-04-21","9999","9999",0.0171483636060522,0.0641696253350382
"2023-04-21","Central","LU",4.79454233647391,8.590062816897
"2023-04-21","Central","NW",0.465706509379613,0.729521630397913
"2023-04-21","Central","OW",0.283861006191868,0.484059218231787
"2023-04-21","Central","SZ",1.63296655576324,2.50764563412029
"2023-04-21","Central","UR",0.323108132743587,0.553497006663716
"2023-04-21","Central","ZG",1.55771322158133,2.80939242105063
"2023-04-21","Eastern","AI",0.124400816902435,0.160050193698461
"2023-04-21","Eastern","AR",0.294679630227483,0.438345157810375
"2023-04-21","Eastern","GL",0.306134090831812,0.555604271902473
"2023-04-21","Eastern","GR",2.0236028715355,3.28974693104009
"2023-04-21","Eastern","SG",4.66893303143993,8.33430199558018
"2023-04-21","Eastern","SH",0.643451523024344,1.31343803042755
"2023-04-21","Eastern","TG",2.15591012397157,3.79212576158945
"2023-04-21","Espace Mittelland","BE",9.87742777322368,19.1946032257472
"2023-04-21","Espace Mittelland","FR",2.73880097070496,4.85673655309867
"2023-04-21","Espace Mittelland","JU",0.524552214990423,0.917204189243295
"2023-04-21","Espace Mittelland","NE",1.49124888060038,2.66195183063569
"2023-04-21","Espace Mittelland","SO",2.02650949537102,3.82237521421031
"2023-04-21","Lake Geneva","GE",6.41591176313982,10.8736245845798
"2023-04-21","Lake Geneva","VD",8.27828661233237,14.5462480142424
"2023-04-21","Lake Geneva","VS",3.92187018751559,6.42600338114106
"2023-04-21","Northwestern","AG",5.87812867057256,10.6833929145586
"2023-04-21","Northwestern","BL",2.21322116819329,4.19964366824576
"2023-04-21","Northwestern","BS",2.38546853025062,5.70980510515593
"2023-04-21","Ticino","TI",3.32808767903076,5.27550453707801
"2023-04-21","Zurich","ZH",18.6687365920566,40.7858467909409
"2023-04-22","9999","9999",0.019279979387003,0.0754197026580772
"2023-04-22","Central","LU",5.23181738674123,8.81642388931827
"2023-04-22","Central","NW",0.511494480385406,0.760756739340127
"2023-04-22","Central","OW",0.320943739863207,0.528175835649626
"2023-04-22","Central","SZ",1.88248689698248,2.71691066758843
"2023-04-22","Central","UR",0.333468225913099,0.568757685570195
"2023-04-22","Central","ZG",1.58694375269993,2.59281993554487
"2023-04-22","Eastern","AI",0.164092462795554,0.207769554911593
"2023-04-22","Eastern","AR",0.311120815186278,0.47053193492493
"2023-04-22","Eastern","GL",0.346870460755989,0.614233828948522
"2023-04-22","Eastern","GR",2.23916950160838,3.45724052937222
"2023-04-22","Eastern","SG",5.35760901390128,8.72744291520433
"2023-04-22","Eastern","SH",0.739481277613115,1.37322318454001
"2023-04-22","Eastern","TG",2.58496123551917,4.14237363716019
"2023-04-22","Espace Mittelland","BE",10.567026436908,19.1150709570587
"2023-04-22","Espace Mittelland","FR",2.64809603018144,4.45622020513887
"2023-04-22","Espace Mittelland","JU",0.565691288979093,0.877132161557908
"2023-04-22","Espace Mittelland","NE",1.70653653330607,2.77346694754473
"2023-04-22","Espace Mittelland","SO",2.30968172038434,4.00832437745607
"2023-04-22","Lake Geneva","GE",6.89924850256333,9.93412416958455
"2023-04-22","Lake Geneva","VD",9.65963410959151,15.0803717759692
"2023-04-22","Lake Geneva","VS",4.11393616987657,6.06831210093665
"2023-04-22","Northwestern","AG",7.14610499761207,11.620514159123
"2023-04-22","Northwestern","BL",2.55295655957028,4.08714289501537
"2023-04-22","Northwestern","BS",2.84514773439539,5.58479669308905
"2023-04-22","Ticino","TI",3.85749354021915,5.64655315984423
"2023-04-22","Zurich","ZH",21.7598880021002,39.6483654079496
"2023-04-23","9999","9999",0.0137352141456939,0.0550608013997679
"2023-04-23","Central","LU",1.20953478225317,3.155799635783
"2023-04-23","Central","NW",0.177060724142774,0.227652622083732
"2023-04-23","Central","OW",0.114074769623298,0.192508876005115
"2023-04-23","Central","SZ",0.430454519646184,0.767690321738616
"2023-04-23","Central","UR",0.132940899948797,0.244510743993784
"2023-04-23","Central","ZG",0.317800392531807,0.82145957347592
"2023-04-23","Eastern","AI",0.029153706610037,0.050200496091023
"2023-04-23","Eastern","AR",0.093826377714984,0.130888361845992
"2023-04-23","Eastern","GL",0.0946347385241354,0.224253807182512
"2023-04-23","Eastern","GR",0.794771596032925,1.34382343564446
"2023-04-23","Eastern","SG",1.04766087091447,2.61134347675652
"2023-04-23","Eastern","SH",0.184983234944404,0.483719336741665
"2023-04-23","Eastern","TG",0.456289640881528,1.00543742407897
"2023-04-23","Espace Mittelland","BE",2.61083994990516,6.45547110633464
"2023-04-23","Espace Mittelland","FR",0.737741487189106,1.78495562167383
"2023-04-23","Espace Mittelland","JU",0.119451302583665,0.275439959594888
"2023-04-23","Espace Mittelland","NE",0.298969565139565,0.670892073351864
"2023-04-23","Espace Mittelland","SO",0.456009653180812,1.20708911216837
"2023-04-23","Lake Geneva","GE",1.53870938044597,3.52266771622071
"2023-04-23","Lake Geneva","VD",2.08833786612162,4.81758220543661
"2023-04-23","Lake Geneva","VS",1.20472722762752,2.23811961245353
"2023-04-23","Northwestern","AG",1.43871966274346,3.64152427331638
"2023-04-23","Northwestern","BL",0.455447488723395,1.22340342369423
"2023-04-23","Northwestern","BS",0.771106036826258,2.41390631914464
"2023-04-23","Ticino","TI",1.33618945354572,2.03140369016131
"2023-04-23","Zurich","ZH",5.2823508081887,15.0807796337573
"2023-04-24","9999","9999",0.012127323155732,0.0489429345775715
"2023-04-24","Central","LU",3.49284051226933,7.42692038140141
"2023-04-24","Central","NW",0.336975152338814,0.613180196329144
"2023-04-24","Central","OW",0.211283661762937,0.40772183555038
"2023-04-24","Central","SZ",1.15043266730672,2.06410028951105
"2023-04-24","Central","UR",0.226385962908377,0.416116908356394
"2023-04-24","Central","ZG",1.1813790737064,2.38090382645379
"2023-04-24","Eastern","AI",0.0754838429517666,0.108354219050901
"2023-04-24","Eastern","AR",0.213557640587216,0.396777651568451
"2023-04-24","Eastern","GL",0.222783477727552,0.471075745309126
"2023-04-24","Eastern","GR",1.53497897059286,2.7878779227259
"2023-04-24","Eastern","SG",3.493801135824,7.36458611611303
"2023-04-24","Eastern","SH",0.485798714688926,1.10407103251238
"2023-04-24","Eastern","TG",1.59270079371528,3.26208057774415
"2023-04-24","Espace Mittelland","BE",7.38315329222448,17.2744767354519
"2023-04-24","Espace Mittelland","FR",1.97144405448224,4.16898635783675
"2023-04-24","Espace Mittelland","JU",0.368735938472599,0.737780750607878
"2023-04-24","Espace Mittelland","NE",1.11652356747658,2.35310152056181
"2023-04-24","Espace Mittelland","SO",1.4068793813745,3.34157885828369
"2023-04-24","Lake Geneva","GE",5.62128410830686,10.6534833434278
"2023-04-24","Lake Geneva","VD",6.39998344776059,13.3506129082911
"2023-04-24","Lake Geneva","VS",2.691060913921,5.05074090766032
"2023-04-24","Northwestern","AG",4.34512968349458,9.48398512406694
"2023-04-24","Northwestern","BL",1.63046849436028,3.61470762374575
"2023-04-24","Northwestern","BS",1.82632821255704,5.05883008712522
"2023-04-24","Ticino","TI",2.86854524193468,5.07765952167798
"2023-04-24","Zurich","ZH",13.9800889694225,34.3985219233758
"2023-04-25","9999","9999",0.0130628293489062,0.0513221050084257
"2023-04-25","Central","LU",4.01235171118408,8.05209839433187
"2023-04-25","Central","NW",0.395496533054195,0.642206075585565
"2023-04-25","Central","OW",0.232483478491568,0.409217314106917
"2023-04-25","Central","SZ",1.35356234224087,2.16745825065716
"2023-04-25","Central","UR",0.245674111116098,0.425395673036726
"2023-04-25","Central","ZG",1.2455182534629,2.49085548850827
"2023-04-25","Eastern","AI",0.100347050742635,0.128169309925015
"2023-04-25","Eastern","AR",0.251813982387153,0.436543785912728
"2023-04-25","Eastern","GL",0.28824816025215,0.536502932157615
"2023-04-25","Eastern","GR",1.60170570067419,2.84864873315972
"2023-04-25","Eastern","SG",4.17764790022911,8.18407437694625
"2023-04-25","Eastern","SH",0.573580286469265,1.17918484182935
"2023-04-25","Eastern","TG",1.94687309545521,3.58037959324343
"2023-04-25","Espace Mittelland","BE",8.50822445759256,18.8111149404426
"2023-04-25","Espace Mittelland","FR",2.34638983961296,4.46155634453379
"2023-04-25","Espace Mittelland","JU",0.468364536342259,0.845727111870633
"2023-04-25","Espace Mittelland","NE",1.34350080654573,2.55703041463503
"2023-04-25","Espace Mittelland","SO",1.79488714999349,3.75480677397405
"2023-04-25","Lake Geneva","GE",6.50155168237626,11.1947446164471
"2023-04-25","Lake Geneva","VD",7.32896856847295,14.3017372702486
"2023-04-25","Lake Geneva","VS",3.00330416658376,5.23798162056854
"2023-04-25","Northwestern","AG",5.22987230672542,10.5167150318027
"2023-04-25","Northwestern","BL",1.88701781993779,3.85418812168573
"2023-04-25","Northwestern","BS",2.0740507161665,5.50196757394632
"2023-04-25","Ticino","TI",3.65974198423404,5.3726766551039
"2023-04-25","Zurich","ZH",15.6922500569066,36.6407880900088
"2023-04-26","9999","9999",0.0153724087240703,0.0586635451950614
"2023-04-26","Central","LU",4.06498997065792,8.38382272869096
"2023-04-26","Central","NW",0.406462951654871,0.682346079568976
"2023-04-26","Central","OW",0.234771938763121,0.443749273503315
"2023-04-26","Central","SZ",1.35345513332199,2.26864097026649
"2023-04-26","Central","UR",0.230800983377206,0.424885850801543
"2023-04-26","Central","ZG",1.45137939250971,2.63166838986582
"2023-04-26","Eastern","AI",0.0990459839482986,0.138773612416823
"2023-04-26","Eastern","AR",0.265710329066923,0.455169291571415
"2023-04-26","Eastern","GL",0.285993385596999,0.561586186128621
"2023-04-26","Eastern","GR",1.57303512929295,2.87070704186864
"2023-04-26","Eastern","SG",4.31243223202527,8.53778904371624
"2023-04-26","Eastern","SH",0.624154395379467,1.22714212008557
"2023-04-26","Eastern","TG",2.0590655706344,3.71361313737126
"2023-04-26","Espace Mittelland","BE",8.71336111309338,19.1914763160381
"2023-04-26","Espace Mittelland","FR",2.47085655532414,4.69909951798007
"2023-04-26","Espace Mittelland","JU",0.488660410010499,0.876554363024701
"2023-04-26","Espace Mittelland","NE",1.45593289916064,2.68975413652768
"2023-04-26","Espace Mittelland","SO",1.83856248225822,3.89201693153631
"2023-04-26","Lake Geneva","GE",6.81136823529471,11.640023356656
"2023-04-26","Lake Geneva","VD",7.78981501721148,14.9831996579433
"2023-04-26","Lake Geneva","VS",3.16506612670161,5.47151419243138
"2023-04-26","Northwestern","AG",5.4505755155451,10.8833112070483
"2023-04-26","Northwestern","BL",1.94950121184612,3.99710828828204
"2023-04-26","Northwestern","BS",2.14620941440767,5.60230058983034
"2023-04-26","Ticino","TI",3.191891167248,5.17884224128731
"2023-04-26","Zurich","ZH",15.938277502805,37.2821784500181
"2023-04-27","9999","9999",0.0161638601526558,0.0623342652883793
"2023-04-27","Central","LU",4.15765053704298,8.82665432217095
"2023-04-27","Central","NW",0.431167419600761,0.707123440198872
"2023-04-27","Central","OW",0.25231860090955,0.472401283120602
"2023-04-27","Central","SZ",1.38821087307083,2.30310495336486
"2023-04-27","Central","UR",0.253183458159976,0.453979706355988
"2023-04-27","Central","ZG",1.34407112024376,2.71242423191881
"2023-04-27","Eastern","AI",0.0973483377469962,0.140201114675335
"2023-04-27","Eastern","AR",0.264658481792871,0.444734929824669
"2023-04-27","Eastern","GL",0.279952722813034,0.559478920889864
"2023-04-27","Eastern","GR",1.63461752298901,2.92522403288421
"2023-04-27","Eastern","SG",4.46694191624251,8.67370765161603
"2023-04-27","Eastern","SH",0.600138031140414,1.25069590735102
"2023-04-27","Eastern","TG",2.08671277204948,3.82699760247597
"2023-04-27","Espace Mittelland","BE",8.90031397367597,19.9763306530279
"2023-04-27","Espace Mittelland","FR",2.48027011478411,4.78240447120898
"2023-04-27","Espace Mittelland","JU",0.525341179745396,0.951974065682778
"2023-04-27","Espace Mittelland","NE",1.42239503816274,2.73325896726329
"2023-04-27","Espace Mittelland","SO",1.91860927730463,4.1551871693378
"2023-04-27","Lake Geneva","GE",7.3134748688169,12.4039409938543
"2023-04-27","Lake Geneva","VD",7.78618198314742,15.2150668105045
"2023-04-27","Lake Geneva","VS",3.13542509080382,5.53102744135175
"2023-04-27","Northwestern","AG",5.41270025353928,10.9867031563434
"2023-04-27","Northwestern","BL",1.93682284573385,4.04897420367466
"2023-04-27","Northwestern","BS",2.21879041640062,5.85411878586175
"2023-04-27","Ticino","TI",3.64563380820667,5.52388993005919
"2023-04-27","Zurich","ZH",16.1548846941781,37.5811042205804
"2023-04-28","9999","9999",0.0175549876080047,0.0704574329022956
"2023-04-28","Central","LU",5.45164261180663,9.94367483945698
"2023-04-28","Central","NW",0.547345676223026,0.810209496152881
"2023-04-28","Central","OW",0.320724344762188,0.533104117256395
"2023-04-28","Central","SZ",1.84668157341998,2.65719348977399
"2023-04-28","Central","UR",0.337571981417993,0.541737107105494
"2023-04-28","Central","ZG",1.76308327195981,2.9669614798712
"2023-04-28","Eastern","AI",0.139794051028508,0.167119728692999
"2023-04-28","Eastern","AR",0.341403510776658,0.498062335624814
"2023-04-28","Eastern","GL",0.360003179339484,0.632587429415111
"2023-04-28","Eastern","GR",2.13625388149681,3.40683610438712
"2023-04-28","Eastern","SG",5.58898273107776,9.46726295475294
"2023-04-28","Eastern","SH",0.774612920175737,1.38807600565835
"2023-04-28","Eastern","TG",2.64895017711323,4.20780082400869
"2023-04-28","Espace Mittelland","BE",11.5636210411701,22.2241368879499
"2023-04-28","Espace Mittelland","FR",3.36703649873348,5.69240317286169
"2023-04-28","Espace Mittelland","JU",0.684798600407673,1.07446735472276
"2023-04-28","Espace Mittelland","NE",1.93257178516658,3.18808837734459
"2023-04-28","Espace Mittelland","SO",2.43430302104176,4.50468730563027
"2023-04-28","Lake Geneva","GE",8.30060466856249,12.9153266838919
"2023-04-28","Lake Geneva","VD",10.0050588143931,17.416751127217
"2023-04-28","Lake Geneva","VS",4.23066867276091,6.61936196087148
"2023-04-28","Northwestern","AG",7.03722743066344,12.3211458628605
"2023-04-28","Northwestern","BL",2.64418776638271,4.52440043205735
"2023-04-28","Northwestern","BS",2.58085769539546,5.98374958619429
"2023-04-28","Ticino","TI",4.28634005139473,6.03690705124937
"2023-04-28","Zurich","ZH",19.0733119939666,37.95065736479
"2023-04-29","9999","9999",0.0210830253052874,0.0881312703886409
"2023-04-29","Central","LU",6.20793744494098,10.3439532703737
"2023-04-29","Central","NW",0.612472668471031,0.834578998994631
"2023-04-29","Central","OW",0.367505841734769,0.557847489737278
"2023-04-29","Central","SZ",2.08880854448622,2.87498954864418
"2023-04-29","Central","UR",0.340814020321653,0.5467673531593
"2023-04-29","Central","ZG",1.86482361963367,2.92930261076568
"2023-04-29","Eastern","AI",0.187940254059801,0.241995620966881
"2023-04-29","Eastern","AR",0.369809719382721,0.534089773577749
"2023-04-29","Eastern","GL",0.413706342102842,0.669974393328534
"2023-04-29","Eastern","GR",2.34806285795544,3.54571168125098
"2023-04-29","Eastern","SG",6.56721361098463,10.1736726438226
"2023-04-29","Eastern","SH",0.918309666420489,1.6113441565195
"2023-04-29","Eastern","TG",3.25643065837989,4.85996542725482
"2023-04-29","Espace Mittelland","BE",12.4747555107399,21.8137979649256
"2023-04-29","Espace Mittelland","FR",3.44497760597687,5.31663019738278
"2023-04-29","Espace Mittelland","JU",0.739964929756737,1.0545502994016
"2023-04-29","Espace Mittelland","NE",2.23978606351958,3.34728886731774
"2023-04-29","Espace Mittelland","SO",2.84465034876459,4.82393798930189
"2023-04-29","Lake Geneva","GE",8.55060070456979,11.7557869921916
"2023-04-29","Lake Geneva","VD",11.9479210423719,17.7240039942873
"2023-04-29","Lake Geneva","VS",4.44427518137964,6.28624411240289
"2023-04-29","Northwestern","AG",8.60014906648882,13.592642517407
"2023-04-29","Northwestern","BL",3.12109242101552,4.70351797735166
"2023-04-29","Northwestern","BS",3.23608879495589,6.24301118685937
"2023-04-29","Ticino","TI",4.51884874514833,6.46753689923398
"2023-04-29","Zurich","ZH",23.7000554120949,40.7914208473789
"2023-04-30","9999","9999",0.016766974446241,0.067330523193173
"2023-04-30","Central","LU",1.53263080665848,3.84521525034651
"2023-04-30","Central","NW",0.177972522742167,0.268268460153314
"2023-04-30","Central","OW",0.143388292984208,0.247025867020687
"2023-04-30","Central","SZ",0.472955331349318,0.884303660999483
"2023-04-30","Central","UR",0.137849671980534,0.270647630584168
"2023-04-30","Central","ZG",0.356330718771598,0.9436809573238
"2023-04-30","Eastern","AI",0.0483862747254999,0.0915300852898611
"2023-04-30","Eastern","AR",0.0980576075497009,0.159030549228095
"2023-04-30","Eastern","GL",0.0877491667029453,0.243966933609589
"2023-04-30","Eastern","GR",0.844994919490848,1.44741931383365
"2023-04-30","Eastern","SG",1.22187609248432,2.9168289600782
"2023-04-30","Eastern","SH",0.258785612695447,0.623886463267988
"2023-04-30","Eastern","TG",0.562108513134162,1.19152253992078
"2023-04-30","Espace Mittelland","BE",3.6945508291496,8.97463872297007
"2023-04-30","Espace Mittelland","FR",0.870180564654812,2.04785395428322
"2023-04-30","Espace Mittelland","JU",0.135024822504664,0.290258792564209
"2023-04-30","Espace Mittelland","NE",0.373776731335048,0.820575881601603
"2023-04-30","Espace Mittelland","SO",0.529532117635545,1.37519449718272
"2023-04-30","Lake Geneva","GE",1.97199895863592,4.35235242175758
"2023-04-30","Lake Geneva","VD",2.47440875487369,5.77132365486802
"2023-04-30","Lake Geneva","VS",1.14668087206054,2.26330483087157
"2023-04-30","Northwestern","AG",1.67614201963958,4.07684448586467
"2023-04-30","Northwestern","BL",0.517631195343183,1.38556088263144
"2023-04-30","Northwestern","BS",0.850472082454087,2.65896087352262
"2023-04-30","Ticino","TI",1.59598568564153,2.34022001208619
"2023-04-30","Zurich","ZH",6.0574834470655,16.6151066446152
"2023-05-01","9999","9999",0.0137916479306253,0.0592413437282688
"2023-05-01","Central","LU",4.32498987111265,8.68703100602882
"2023-05-01","Central","NW",0.425041508946129,0.683297747741318
"2023-05-01","Central","OW",0.250605588240128,0.438311169661362
"2023-05-01","Central","SZ",1.6282886645234,2.49228299076678
"2023-05-01","Central","UR",0.233290135831394,0.456392864935854
"2023-05-01","Central","ZG",1.59713611483924,3.21442919282904
"2023-05-01","Eastern","AI",0.0910194988614892,0.131500148528211
"2023-05-01","Eastern","AR",0.250480287302202,0.462442755460026
"2023-05-01","Eastern","GL",0.289188584968249,0.565970657351195
"2023-05-01","Eastern","GR",1.92357889647746,3.31051369008654
"2023-05-01","Eastern","SG",5.71038092287914,10.0540003711506
"2023-05-01","Eastern","SH",0.21112127218598,0.521582134741258
"2023-05-01","Eastern","TG",0.422026583621741,0.912445848381586
"2023-05-01","Espace Mittelland","BE",9.31567983167937,19.6605467605555
"2023-05-01","Espace Mittelland","FR",2.48698154504801,4.68390681537162
"2023-05-01","Espace Mittelland","JU",0.104622970213993,0.268438400898375
"2023-05-01","Espace Mittelland","NE",0.285964434450514,0.708754871351457
"2023-05-01","Espace Mittelland","SO",0.975625546928687,2.23771175466538
"2023-05-01","Lake Geneva","GE",6.35797888604204,10.7463389665292
"2023-05-01","Lake Geneva","VD",8.46398248877393,15.3355208106038
"2023-05-01","Lake Geneva","VS",3.13513293994052,5.41431213764385
"2023-05-01","Northwestern","AG",6.5698069021969,11.6577311822914
"2023-05-01","Northwestern","BL",0.482572112741772,1.34188611115076
"2023-05-01","Northwestern","BS",0.704541171575009,2.25100112092915
"2023-05-01","Ticino","TI",1.3992596769305,2.11321316483369
"2023-05-01","Zurich","ZH",4.90812736062423,13.804354697604
"2023-05-02","9999","9999",0.0135752211738559,0.0560124695721096
"2023-05-02","Central","LU",3.72255684777693,8.07735158904793
"2023-05-02","Central","NW",0.377923927265744,0.655019607763165
"2023-05-02","Central","OW",0.232720444780775,0.441268138625424
"2023-05-02","Central","SZ",1.2000200210512,2.02576165742529
"2023-05-02","Central","UR",0.223480134025207,0.414791370544918
"2023-05-02","Central","ZG",1.32433794361185,2.83260632682596
"2023-05-02","Eastern","AI",0.0895159306826142,0.132383840402528
"2023-05-02","Eastern","AR",0.225626583695362,0.433960686587801
"2023-05-02","Eastern","GL",0.246007948027597,0.519474869502502
"2023-05-02","Eastern","GR",1.50239840844743,2.89847535961161
"2023-05-02","Eastern","SG",3.88039874512346,8.0260294840395
"2023-05-02","Eastern","SH",0.662970270070416,1.40551192610161
"2023-05-02","Eastern","TG",2.08343895463186,3.91054047274796
"2023-05-02","Espace Mittelland","BE",8.2893672495303,19.1260831173386
"2023-05-02","Espace Mittelland","FR",2.27679758042507,4.54628880002121
"2023-05-02","Espace Mittelland","JU",0.510868512190714,0.911358227613196
"2023-05-02","Espace Mittelland","NE",1.55474188549156,2.85313516882933
"2023-05-02","Espace Mittelland","SO",1.79799208115459,3.93970230460043
"2023-05-02","Lake Geneva","GE",6.37973310175758,11.6090941410549
"2023-05-02","Lake Geneva","VD",7.29320991996995,14.6495379990905
"2023-05-02","Lake Geneva","VS",3.06359071745809,5.40272217883069
"2023-05-02","Northwestern","AG",4.83610136851752,10.3387190954258
"2023-05-02","Northwestern","BL",2.05281312941111,4.25412667111232
"2023-05-02","Northwestern","BS",2.23389962540788,5.85017616057633
"2023-05-02","Ticino","TI",3.46579401287863,5.34970066637165
"2023-05-02","Zurich","ZH",16.6340939117626,37.9741431757575
"2023-05-03","9999","9999",0.0152327986438129,0.062130336394306
"2023-05-03","Central","LU",3.77671345057852,8.41665528063675
"2023-05-03","Central","NW",0.392511420401008,0.697946639965577
"2023-05-03","Central","OW",0.26242035414485,0.496532868919265
"2023-05-03","Central","SZ",1.21437384910333,2.08418728557726
"2023-05-03","Central","UR",0.207205250748785,0.422540668519701
"2023-05-03","Central","ZG",1.40096520999898,2.95601729588927
"2023-05-03","Eastern","AI",0.106619718216647,0.156821319542302
"2023-05-03","Eastern","AR",0.235478745388341,0.447284041000584
"2023-05-03","Eastern","GL",0.251953467154725,0.545441815347824
"2023-05-03","Eastern","GR",1.49309392584858,2.98698049963939
"2023-05-03","Eastern","SG",3.95157249348479,8.28943763888407
"2023-05-03","Eastern","SH",0.616114960009765,1.34161420595867
"2023-05-03","Eastern","TG",1.93947662772926,3.78675563404552
"2023-05-03","Espace Mittelland","BE",8.50630942912525,19.9060431608707
"2023-05-03","Espace Mittelland","FR",2.39279850001655,4.75810294466525
"2023-05-03","Espace Mittelland","JU",0.488446563911857,0.90863917569222
"2023-05-03","Espace Mittelland","NE",1.42453126701695,2.7449848786725
"2023-05-03","Espace Mittelland","SO",1.77005950750932,3.98419279165741
"2023-05-03","Lake Geneva","GE",6.52838153179698,11.7009641078349
"2023-05-03","Lake Geneva","VD",7.825329709327,15.4424815155452
"2023-05-03","Lake Geneva","VS",3.30837041710997,5.79212440206349
"2023-05-03","Northwestern","AG",4.97411631226679,10.8110184140994
"2023-05-03","Northwestern","BL",1.92968769411841,4.15443943005953
"2023-05-03","Northwestern","BS",2.11467582017359,5.68774679644701
"2023-05-03","Ticino","TI",3.28629012995345,5.23662209460805
"2023-05-03","Zurich","ZH",15.3282136026161,36.725010723261
"2023-05-04","9999","9999",0.0167936817124427,0.0663108787228069
"2023-05-04","Central","LU",4.02062481163692,8.7022916849353
"2023-05-04","Central","NW",0.395426749552184,0.698320509604711
"2023-05-04","Central","OW",0.256008389872296,0.491502622865459
"2023-05-04","Central","SZ",1.25877512559004,2.15185769026056
"2023-05-04","Central","UR",0.230973848311508,0.444055166844425
"2023-05-04","Central","ZG",1.4228617809258,2.99612331172367
"2023-05-04","Eastern","AI",0.102754816523294,0.164060795281901
"2023-05-04","Eastern","AR",0.253950622423608,0.465195795530015
"2023-05-04","Eastern","GL",0.266051105168409,0.560532553509242
"2023-05-04","Eastern","GR",1.55831261957057,3.05179589980566
"2023-05-04","Eastern","SG",4.12111675908875,8.51858573952434
"2023-05-04","Eastern","SH",0.617890061199074,1.37431080530841
"2023-05-04","Eastern","TG",1.99442466629535,3.84973567416513
"2023-05-04","Espace Mittelland","BE",8.69054036893942,19.9592346140748
"2023-05-04","Espace Mittelland","FR",2.39126621173645,4.76887718790212
"2023-05-04","Espace Mittelland","JU",0.521896471068275,0.941811609128129
"2023-05-04","Espace Mittelland","NE",1.44264372768869,2.80177907567189
"2023-05-04","Espace Mittelland","SO",1.87267377410721,4.14798168174721
"2023-05-04","Lake Geneva","GE",6.91430580079042,12.0090326904815
"2023-05-04","Lake Geneva","VD",7.75206498173918,15.1436237212809
"2023-05-04","Lake Geneva","VS",3.36694308204209,5.75208636252711
"2023-05-04","Northwestern","AG",5.13339909012103,11.0074699153899
"2023-05-04","Northwestern","BL",1.91457993403908,4.06545845594558
"2023-05-04","Northwestern","BS",2.12111759320132,5.7409042615021
"2023-05-04","Ticino","TI",3.58226563433084,5.43749205527017
"2023-05-04","Zurich","ZH",15.626169752316,37.4643889168725
"2023-05-05","9999","9999",0.0196964326027629,0.0825572139506397
"2023-05-05","Central","LU",5.37190008379385,10.09427632773
"2023-05-05","Central","NW",0.526347103836053,0.827101606211946
"2023-05-05","Central","OW",0.321744472262599,0.54799092652374
"2023-05-05","Central","SZ",1.65168814573749,2.47950344673819
"2023-05-05","Central","UR",0.323901091840426,0.568689709272171
"2023-05-05","Central","ZG",1.83606236102799,3.36435091812187
"2023-05-05","Eastern","AI",0.145832266299076,0.193596496773505
"2023-05-05","Eastern","AR",0.334672758862987,0.529535361610114
"2023-05-05","Eastern","GL",0.358507682080791,0.655597406296373
"2023-05-05","Eastern","GR",1.95292823577043,3.48470295377408
"2023-05-05","Eastern","SG",5.34006929094483,9.67278929182972
"2023-05-05","Eastern","SH",0.750367723224001,1.50061076703775
"2023-05-05","Eastern","TG",2.51564690812074,4.3356982287416
"2023-05-05","Espace Mittelland","BE",11.2717939819342,22.5955933685043
"2023-05-05","Espace Mittelland","FR",3.28196939553276,5.75283410180538
"2023-05-05","Espace Mittelland","JU",0.656300212573,1.077934145922
"2023-05-05","Espace Mittelland","NE",1.79490153354023,3.10695866565246
"2023-05-05","Espace Mittelland","SO",2.29324082521114,4.51267452064814
"2023-05-05","Lake Geneva","GE",7.7679696756771,13.0398592618726
"2023-05-05","Lake Geneva","VD",9.86302677277732,17.6417186855287
"2023-05-05","Lake Geneva","VS",4.25863680388083,6.83205979738985
"2023-05-05","Northwestern","AG",6.60754352529578,12.4761997986542
"2023-05-05","Northwestern","BL",2.40212380801741,4.49880735585116
"2023-05-05","Northwestern","BS",2.48293475590696,5.94588678819469
"2023-05-05","Ticino","TI",4.12040839780302,5.91339411773903
"2023-05-05","Zurich","ZH",19.2619721302472,40.4276456885013
"2023-05-06","9999","9999",0.0226877404018638,0.0882332348356775
"2023-05-06","Central","LU",5.83463887940352,10.138630862191
"2023-05-06","Central","NW",0.595562669173839,0.869586792477199
"2023-05-06","Central","OW",0.345888400899969,0.578818177677807
"2023-05-06","Central","SZ",1.89221782256779,2.74491690237448
"2023-05-06","Central","UR",0.334432405215237,0.567500124056744
"2023-05-06","Central","ZG",1.89929907406417,3.14461753475798
"2023-05-06","Eastern","AI",0.174469950932291,0.233974417800001
"2023-05-06","Eastern","AR",0.329129732335196,0.522363862168539
"2023-05-06","Eastern","GL",0.370441005534525,0.669192665901254
"2023-05-06","Eastern","GR",2.11068952181568,3.40367520652899
"2023-05-06","Eastern","SG",6.03672734689387,9.82400256678501
"2023-05-06","Eastern","SH",0.850780704103552,1.59666127614623
"2023-05-06","Eastern","TG",2.95977992225812,4.70470756256708
"2023-05-06","Espace Mittelland","BE",11.8862262549446,21.6751263169558
"2023-05-06","Espace Mittelland","FR",3.15854505423978,5.1930152994254
"2023-05-06","Espace Mittelland","JU",0.664604539380778,0.998537829829495
"2023-05-06","Espace Mittelland","NE",2.01664666643565,3.18054300826388
"2023-05-06","Espace Mittelland","SO",2.61407320125671,4.64257722617278
"2023-05-06","Lake Geneva","GE",8.0734589974953,11.5919981021018
"2023-05-06","Lake Geneva","VD",11.2829270311631,17.667651643225
"2023-05-06","Lake Geneva","VS",4.23209072895357,6.36173179135899
"2023-05-06","Northwestern","AG",8.07395994278959,13.3161829133418
"2023-05-06","Northwestern","BL",2.79127994209081,4.51671911038059
"2023-05-06","Northwestern","BS",2.9602374075465,6.14594103328052
"2023-05-06","Ticino","TI",4.10811099008821,6.07881443898142
"2023-05-06","Zurich","ZH",23.0826991085338,41.9117722032682
"2023-05-07","9999","9999",0.015938265989702,0.0567941969993903
"2023-05-07","Central","LU",1.40902894036568,3.7062037208866
"2023-05-07","Central","NW",0.167264017229367,0.24413687435465
"2023-05-07","Central","OW",0.126273168568115,0.224525712374609
"2023-05-07","Central","SZ",0.411593918742955,0.764937281668628
"2023-05-07","Central","UR",0.0975587964870954,0.250390693772895
"2023-05-07","Central","ZG",0.372330853983986,1.02994287951677
"2023-05-07","Eastern","AI",0.0496533700338685,0.084460550295323
"2023-05-07","Eastern","AR",0.0931555240825783,0.152062978680594
"2023-05-07","Eastern","GL",0.106905505545112,0.253483615333006
"2023-05-07","Eastern","GR",0.648260898599962,1.30864570141683
"2023-05-07","Eastern","SG",1.08484890640226,2.78495494191085
"2023-05-07","Eastern","SH",0.225380528320399,0.574161801263136
"2023-05-07","Eastern","TG",0.517344119643665,1.15739843831253
"2023-05-07","Espace Mittelland","BE",3.04150396495017,7.71208095161379
"2023-05-07","Espace Mittelland","FR",0.842699328144258,1.985961534932
"2023-05-07","Espace Mittelland","JU",0.126957191780614,0.261368865903837
"2023-05-07","Espace Mittelland","NE",0.328373286222238,0.74073771957194
"2023-05-07","Espace Mittelland","SO",0.509592621498197,1.33274329906648
"2023-05-07","Lake Geneva","GE",1.80389344714002,4.08506961792562
"2023-05-07","Lake Geneva","VD",2.39655329493515,5.31469287288908
"2023-05-07","Lake Geneva","VS",1.07855205749587,2.1929153742673
"2023-05-07","Northwestern","AG",1.59222493445432,3.89052145297977
"2023-05-07","Northwestern","BL",0.477173489504477,1.26082437575666
"2023-05-07","Northwestern","BS",0.805268092061137,2.57854491295975
"2023-05-07","Ticino","TI",1.40003643544666,2.17225057966788
"2023-05-07","Zurich","ZH",5.62215196131369,15.6037892707571
"2023-05-08","9999","9999",0.0119084958778216,0.0531574650550846
"2023-05-08","Central","LU",3.62071747566899,7.85663254936269
"2023-05-08","Central","NW",0.382160036463172,0.665555933956948
"2023-05-08","Central","OW",0.211444661152285,0.41944774695959
"2023-05-08","Central","SZ",1.1829205137286,2.0182842646426
"2023-05-08","Central","UR",0.234077702566714,0.466419368894454
"2023-05-08","Central","ZG",1.26740859791563,2.80215294531103
"2023-05-08","Eastern","AI",0.0790407260629557,0.125008412066881
"2023-05-08","Eastern","AR",0.207464628428678,0.427434961977458
"2023-05-08","Eastern","GL",0.236203248514437,0.483311478953519
"2023-05-08","Eastern","GR",1.48330687192801,2.91366806222007
"2023-05-08","Eastern","SG",3.67169563967108,7.86380404880426
"2023-05-08","Eastern","SH",0.541362825663538,1.26639843219466
"2023-05-08","Eastern","TG",1.74063681330278,3.50682923878102
"2023-05-08","Espace Mittelland","BE",7.95900424064787,18.45576884252
"2023-05-08","Espace Mittelland","FR",2.20755985823799,4.54132653026543
"2023-05-08","Espace Mittelland","JU",0.431826403772191,0.826999641764909
"2023-05-08","Espace Mittelland","NE",1.21232359258376,2.54476069284162
"2023-05-08","Espace Mittelland","SO",1.53310962643164,3.60440921459506
"2023-05-08","Lake Geneva","GE",6.81938987234698,12.1418583768212
"2023-05-08","Lake Geneva","VD",7.02016401339441,14.5937974347105
"2023-05-08","Lake Geneva","VS",3.00743546346742,5.50815341706654
"2023-05-08","Northwestern","AG",4.54813251849438,10.0709604575077
"2023-05-08","Northwestern","BL",1.75304085036531,3.89402223232803
"2023-05-08","Northwestern","BS",1.90197431977308,5.39629841866738
"2023-05-08","Ticino","TI",2.8341247566971,4.81802405137377
"2023-05-08","Zurich","ZH",14.9292004118229,37.7034955451733
"2023-05-09","9999","9999",0.0127831157696903,0.0547209199096459
"2023-05-09","Central","LU",3.57694196374385,7.87943859734988
"2023-05-09","Central","NW",0.374236386099303,0.654679726273043
"2023-05-09","Central","OW",0.2147930631142,0.425191744142652
"2023-05-09","Central","SZ",1.10465588829019,1.93803824482479
"2023-05-09","Central","UR",0.233965727849738,0.443817249801339
"2023-05-09","Central","ZG",1.30153593370445,2.77193748083918
"2023-05-09","Eastern","AI",0.0933435792640352,0.130106634418711
"2023-05-09","Eastern","AR",0.219932919570946,0.42237072777464
"2023-05-09","Eastern","GL",0.228770992268572,0.501936984612205
"2023-05-09","Eastern","GR",1.4003523056518,2.81622403900208
"2023-05-09","Eastern","SG",3.73058400641942,7.88790164645391
"2023-05-09","Eastern","SH",0.543812132599603,1.29885711450132
"2023-05-09","Eastern","TG",1.71126467101698,3.48769391088715
"2023-05-09","Espace Mittelland","BE",8.10189511275708,18.5946784075329
"2023-05-09","Espace Mittelland","FR",2.1514159802896,4.43953202397388
"2023-05-09","Espace Mittelland","JU",0.438912237013657,0.8166672444652
"2023-05-09","Espace Mittelland","NE",1.21465395428469,2.50985486380609
"2023-05-09","Espace Mittelland","SO",1.63393533639057,3.70994241727794
"2023-05-09","Lake Geneva","GE",6.06695930651051,11.4882322831675
"2023-05-09","Lake Geneva","VD",6.74858003202577,14.0339106560325
"2023-05-09","Lake Geneva","VS",3.01067102918765,5.3581977036247
"2023-05-09","Northwestern","AG",4.84652815153211,10.3317515248783
"2023-05-09","Northwestern","BL",1.6941106761721,3.75976904372983
"2023-05-09","Northwestern","BS",1.89119160565404,5.31024042536848
"2023-05-09","Ticino","TI",2.76339105166467,4.7069847685509
"2023-05-09","Zurich","ZH",14.8371916867862,38.2850667629211
"2023-05-10","9999","9999",0.0142401694459343,0.0587994977911102
"2023-05-10","Central","LU",3.84804201884736,8.28675257511211
"2023-05-10","Central","NW",0.374217538288126,0.675412497170487
"2023-05-10","Central","OW",0.225683835928774,0.422608644817725
"2023-05-10","Central","SZ",1.1934720651022,1.97719259248685
"2023-05-10","Central","UR",0.24112367070995,0.458296201280537
"2023-05-10","Central","ZG",1.34323844877353,2.85214951250798
"2023-05-10","Eastern","AI",0.1012070012182,0.132689733743638
"2023-05-10","Eastern","AR",0.238886807936853,0.434674437717057
"2023-05-10","Eastern","GL",0.247747867680314,0.524878985195442
"2023-05-10","Eastern","GR",1.44778582802572,2.87016323148445
"2023-05-10","Eastern","SG",4.04967078066518,8.21840240744857
"2023-05-10","Eastern","SH",0.565680923270349,1.31224844521212
"2023-05-10","Eastern","TG",1.81891362148388,3.60009271967051
"2023-05-10","Espace Mittelland","BE",8.7569577294112,19.4905040510475
"2023-05-10","Espace Mittelland","FR",2.41204643851615,4.75348055639959
"2023-05-10","Espace Mittelland","JU",0.481952993668573,0.887430570708605
"2023-05-10","Espace Mittelland","NE",1.34360527424961,2.6730999435117
"2023-05-10","Espace Mittelland","SO",1.73448812706747,3.87553267926539
"2023-05-10","Lake Geneva","GE",6.75217615367176,12.2227161833212
"2023-05-10","Lake Geneva","VD",7.71888675248599,15.3113212485071
"2023-05-10","Lake Geneva","VS",3.22616101488896,5.67374367905399
"2023-05-10","Northwestern","AG",5.07883417942827,10.6881172672712
"2023-05-10","Northwestern","BL",1.79988176513115,3.93548777412292
"2023-05-10","Northwestern","BS",2.09563043005078,5.63696850182278
"2023-05-10","Ticino","TI",2.96934861099131,4.88535457456694
"2023-05-10","Zurich","ZH",15.5166173060649,38.9054864349898
"2023-05-11","9999","9999",0.0154514457847372,0.0583236637049394
"2023-05-11","Central","LU",3.96336974302562,8.37162098319558
"2023-05-11","Central","NW",0.366683688698116,0.67021231037162
"2023-05-11","Central","OW",0.229556338619736,0.444429036483559
"2023-05-11","Central","SZ",1.26909283957556,2.05098086399234
"2023-05-11","Central","UR",0.243936407931514,0.449153389196255
"2023-05-11","Central","ZG",1.37758243061631,2.89378499504793
"2023-05-11","Eastern","AI",0.0989559624475004,0.136292477538932
"2023-05-11","Eastern","AR",0.246511215522598,0.434742414015081
"2023-05-11","Eastern","GL",0.254181691184531,0.541091332274263
"2023-05-11","Eastern","GR",1.47765946776483,2.89307124391867
"2023-05-11","Eastern","SG",4.06297933252723,8.24012083466737
"2023-05-11","Eastern","SH",0.57597531734821,1.31700678607383
"2023-05-11","Eastern","TG",1.82757906812451,3.5830986451644
"2023-05-11","Espace Mittelland","BE",8.92485439165181,19.5561691549391
"2023-05-11","Espace Mittelland","FR",2.25092537446671,4.60403466519294
"2023-05-11","Espace Mittelland","JU",0.47521084613252,0.900482019929291
"2023-05-11","Espace Mittelland","NE",1.35557243996061,2.73726956884673
"2023-05-11","Espace Mittelland","SO",1.85044104015215,3.99856977868957
"2023-05-11","Lake Geneva","GE",7.07850261380921,12.5388739454327
"2023-05-11","Lake Geneva","VD",7.2939507450734,14.7130618495943
"2023-05-11","Lake Geneva","VS",2.96893630092623,5.42549423866886
"2023-05-11","Northwestern","AG",5.15480601347541,10.6759495099249
"2023-05-11","Northwestern","BL",1.81175355222402,3.84868204154575
"2023-05-11","Northwestern","BS",2.06603695031732,5.58931711690768
"2023-05-11","Ticino","TI",2.91193317738613,5.02297258991735
"2023-05-11","Zurich","ZH",15.8940550044449,39.3757124765737
"2023-05-12","9999","9999",0.0177196288972887,0.078580600516212
"2023-05-12","Central","LU",5.10887551495339,9.78372661020555
"2023-05-12","Central","NW",0.504943986854511,0.803989664883648
"2023-05-12","Central","OW",0.284689659824107,0.50339847501973
"2023-05-12","Central","SZ",1.59831418331625,2.43198801441913
"2023-05-12","Central","UR",0.326178657740341,0.565324882519963
"2023-05-12","Central","ZG",1.88765275582157,3.37145444126542
"2023-05-12","Eastern","AI",0.13932250722317,0.17670438671444
"2023-05-12","Eastern","AR",0.302373570689867,0.506491396579841
"2023-05-12","Eastern","GL",0.336300112479492,0.632009630881904
"2023-05-12","Eastern","GR",1.82005355966016,3.32387103264834
"2023-05-12","Eastern","SG",5.08966576941086,9.42470979218966
"2023-05-12","Eastern","SH",0.725550963363399,1.50655869311488
"2023-05-12","Eastern","TG",2.30837367523981,4.14611233355154
"2023-05-12","Espace Mittelland","BE",10.7566408410405,21.5233352434673
"2023-05-12","Espace Mittelland","FR",3.12698546153937,5.62435889853926
"2023-05-12","Espace Mittelland","JU",0.610784620438271,1.05033576892409
"2023-05-12","Espace Mittelland","NE",1.69761204576339,3.04693559449691
"2023-05-12","Espace Mittelland","SO",2.16103305538366,4.32302064916005
"2023-05-12","Lake Geneva","GE",7.55466738709974,12.7176176210879
"2023-05-12","Lake Geneva","VD",9.32117922589631,16.937790131337
"2023-05-12","Lake Geneva","VS",4.00612441473444,6.53513932761925
"2023-05-12","Northwestern","AG",6.38444285374784,12.2296157775707
"2023-05-12","Northwestern","BL",2.35639549368219,4.48511013179924
"2023-05-12","Northwestern","BS",2.58332924533329,6.08095569236918
"2023-05-12","Ticino","TI",3.4038268230841,5.43307359589858
"2023-05-12","Zurich","ZH",19.6983968791158,43.8492666377088
"2023-05-13","9999","9999",0.0197534772870385,0.0789884583043584
"2023-05-13","Central","LU",6.19743500830825,10.2831484717909
"2023-05-13","Central","NW",0.612719170272438,0.878117817879262
"2023-05-13","Central","OW",0.340433782472144,0.553123137024582
"2023-05-13","Central","SZ",2.0403582937185,2.87070704186864
"2023-05-13","Central","UR",0.34803571209484,0.577968473952502
"2023-05-13","Central","ZG",1.92861107800876,3.17986324528363
"2023-05-13","Eastern","AI",0.16649989179837,0.205492348927776
"2023-05-13","Eastern","AR",0.339209681163134,0.518353260585099
"2023-05-13","Eastern","GL",0.389760015907192,0.674052971209999
"2023-05-13","Eastern","GR",2.08445081541102,3.38994399432806
"2023-05-13","Eastern","SG",6.16990796217892,9.80044877951956
"2023-05-13","Eastern","SH",0.876590081413968,1.6456042107238
"2023-05-13","Eastern","TG",2.94661451272767,4.67622549369486
"2023-05-13","Espace Mittelland","BE",12.0939195202849,21.5218737530598
"2023-05-13","Espace Mittelland","FR",3.26546649799214,5.43164609364007
"2023-05-13","Espace Mittelland","JU",0.665528340585877,1.02154780671076
"2023-05-13","Espace Mittelland","NE",1.98245466146882,3.20341703254909
"2023-05-13","Espace Mittelland","SO",2.70940819098618,4.77761214219826
"2023-05-13","Lake Geneva","GE",7.94206240801241,11.634551264665
"2023-05-13","Lake Geneva","VD",11.1921420863216,17.4118908219082
"2023-05-13","Lake Geneva","VS",4.24087958117775,6.41349574230457
"2023-05-13","Northwestern","AG",8.33325862869772,13.8750160594004
"2023-05-13","Northwestern","BL",2.87281142617675,4.61273563134006
"2023-05-13","Northwestern","BS",2.97373504841967,5.90989333839077
"2023-05-13","Ticino","TI",4.14025820138537,6.06810817204257
"2023-05-13","Zurich","ZH",24.8041851398288,43.9355285599017
"2023-05-14","9999","9999",0.0159537616865289,0.053565322843231
"2023-05-14","Central","LU",1.54247358556409,3.41499326015005
"2023-05-14","Central","NW",0.217650266759185,0.260519162178532
"2023-05-14","Central","OW",0.143042257665932,0.197471145760896
"2023-05-14","Central","SZ",0.528941699083459,0.789272796361365
"2023-05-14","Central","UR",0.144679417000116,0.238188948277515
"2023-05-14","Central","ZG",0.445785442039149,0.976173627779466
"2023-05-14","Eastern","AI",0.0429809550915478,0.0573040192345733
"2023-05-14","Eastern","AR",0.110019768585298,0.152198931276642
"2023-05-14","Eastern","GL",0.0911068143914743,0.215722781780449
"2023-05-14","Eastern","GR",0.709159617609435,1.20555964546282
"2023-05-14","Eastern","SG",1.29964166015077,2.82026862873453
"2023-05-14","Eastern","SH",0.236784957834846,0.514240694554623
"2023-05-14","Eastern","TG",0.584408332452457,1.0840520127442
"2023-05-14","Espace Mittelland","BE",3.32672845148604,7.7725458687065
"2023-05-14","Espace Mittelland","FR",1.03414948872209,2.10570178390199
"2023-05-14","Espace Mittelland","JU",0.166341563135642,0.282577470887451
"2023-05-14","Espace Mittelland","NE",0.428778764004716,0.801746447048843
"2023-05-14","Espace Mittelland","SO",0.624748604640304,1.3575886359944
"2023-05-14","Lake Geneva","GE",2.01089471624816,4.16949618007193
"2023-05-14","Lake Geneva","VD",2.78226954486985,5.58041222186648
"2023-05-14","Lake Geneva","VS",1.30202491555325,2.26432447534194
"2023-05-14","Northwestern","AG",1.86222493605989,4.03616067149706
"2023-05-14","Northwestern","BL",0.598502771076628,1.33576824432857
"2023-05-14","Northwestern","BS",0.85451812755106,2.47158420801835
"2023-05-14","Ticino","TI",1.50904495806816,2.15427084884043
"2023-05-14","Zurich","ZH",6.27479265968567,15.6177244118521
"2023-05-15","9999","9999",0.013043076936777,0.0544830028665605
"2023-05-15","Central","LU",3.34148077387961,7.59359826415725
"2023-05-15","Central","NW",0.358958619781327,0.640812561476064
"2023-05-15","Central","OW",0.206259872265568,0.411018686004564
"2023-05-15","Central","SZ",1.13791209727826,2.04938342098877
"2023-05-15","Central","UR",0.229454103048076,0.432601160627312
"2023-05-15","Central","ZG",1.17512388735209,2.6917594373194
"2023-05-15","Eastern","AI",0.073920641598446,0.114913931810256
"2023-05-15","Eastern","AR",0.190219887619035,0.400346407214732
"2023-05-15","Eastern","GL",0.218138277434666,0.483107550059445
"2023-05-15","Eastern","GR",1.36088554120573,2.84089943518494
"2023-05-15","Eastern","SG",3.44142162746663,7.52817107730876
"2023-05-15","Eastern","SH",0.51720367153482,1.2372705884912
"2023-05-15","Eastern","TG",1.59932489670113,3.34980399034465
"2023-05-15","Espace Mittelland","BE",7.54033060157291,17.7466061133804
"2023-05-15","Espace Mittelland","FR",1.94980350128892,4.27785039912283
"2023-05-15","Espace Mittelland","JU",0.371036248625021,0.786553744440389
"2023-05-15","Espace Mittelland","NE",1.10314914030191,2.40143266845716
"2023-05-15","Espace Mittelland","SO",1.39125331627786,3.41774630022004
"2023-05-15","Lake Geneva","GE",5.68783196236099,11.0839432506674
"2023-05-15","Lake Geneva","VD",6.38971363454929,13.7145919960628
"2023-05-15","Lake Geneva","VS",2.67285796965794,5.13394389644219
"2023-05-15","Northwestern","AG",4.24633336157699,9.65164866314413
"2023-05-15","Northwestern","BL",1.580637489678,3.65875626486557
"2023-05-15","Northwestern","BS",1.7431189208344,5.06892456738185
"2023-05-15","Ticino","TI",2.58074299512756,4.76524045595782
"2023-05-15","Zurich","ZH",13.9147647075946,36.571656194918
"2023-05-16","9999","9999",0.0126843889532372,0.0496226975578155
"2023-05-16","Central","LU",3.71399560646674,7.71738310285969
"2023-05-16","Central","NW",0.374135540715253,0.626843432232049
"2023-05-16","Central","OW",0.210560995250896,0.395350149309939
"2023-05-16","Central","SZ",1.21869537456034,2.04652841647174
"2023-05-16","Central","UR",0.251796708816594,0.448643566961072
"2023-05-16","Central","ZG",1.33392774753263,2.7438632697551
"2023-05-16","Eastern","AI",0.0922905062752736,0.125790139494161
"2023-05-16","Eastern","AR",0.233262465223918,0.415301192780101
"2023-05-16","Eastern","GL",0.227961660286104,0.477023671386261
"2023-05-16","Eastern","GR",1.48234812023159,2.84528390640751
"2023-05-16","Eastern","SG",3.73299893851931,7.62796028280859
"2023-05-16","Eastern","SH",0.568491819961839,1.28410625783002
"2023-05-16","Eastern","TG",1.79014690002828,3.42576750338692
"2023-05-16","Espace Mittelland","BE",8.09324789128022,18.5061052912071
"2023-05-16","Espace Mittelland","FR",2.13141784564725,4.3797128817124
"2023-05-16","Espace Mittelland","JU",0.423538598658856,0.816871173359273
"2023-05-16","Espace Mittelland","NE",1.24553223757545,2.50937902971992
"2023-05-16","Espace Mittelland","SO",1.6074412858081,3.63666396800763
"2023-05-16","Lake Geneva","GE",5.78666180542208,11.1460395989127
"2023-05-16","Lake Geneva","VD",6.70339152166556,13.9670219787764
"2023-05-16","Lake Geneva","VS",2.92672684513404,5.24117650657569
"2023-05-16","Northwestern","AG",4.70045649884258,10.1011759219795
"2023-05-16","Northwestern","BL",1.74335440295149,3.69121494717222
"2023-05-16","Northwestern","BS",1.91027798477323,5.06525384728853
"2023-05-16","Ticino","TI",2.71790041241854,4.89283196734962
"2023-05-16","Zurich","ZH",14.597138264735,37.2650144347669
"2023-05-17","9999","9999",0.0172940082753443,0.0680782624714415
"2023-05-17","Central","LU",4.25512330245513,8.78950527530061
"2023-05-17","Central","NW",0.510883647613569,0.802392221880075
"2023-05-17","Central","OW",0.289304628431497,0.504690024682194
"2023-05-17","Central","SZ",1.62645117328055,2.58292938418232
"2023-05-17","Central","UR",0.283119080686399,0.518931059118307
"2023-05-17","Central","ZG",1.79862813702051,3.31598578207751
"2023-05-17","Eastern","AI",0.116880602899069,0.165114427901279
"2023-05-17","Eastern","AR",0.292349844181703,0.508530685520573
"2023-05-17","Eastern","GL",0.335212202564025,0.643089767459882
"2023-05-17","Eastern","GR",1.85693159114291,3.41135652820575
"2023-05-17","Eastern","SG",4.89437293447736,9.39646564036052
"2023-05-17","Eastern","SH",0.716621596458009,1.52151347868025
"2023-05-17","Eastern","TG",2.31895937040432,4.29147964687673
"2023-05-17","Espace Mittelland","BE",9.57950337070958,20.2418460731112
"2023-05-17","Espace Mittelland","FR",2.743647505408,5.22999440555067
"2023-05-17","Espace Mittelland","JU",0.574535396265753,1.03408943369626
"2023-05-17","Espace Mittelland","NE",1.57242101489515,2.93402696347837
"2023-05-17","Espace Mittelland","SO",2.08012412863775,4.41764365601002
"2023-05-17","Lake Geneva","GE",6.97521719204526,12.3079244728948
"2023-05-17","Lake Geneva","VD",8.52544934417351,16.10225946417
"2023-05-17","Lake Geneva","VS",3.49937771482347,5.96223508786956
"2023-05-17","Northwestern","AG",6.10544296943886,12.2292758960806
"2023-05-17","Northwestern","BL",2.30274486434641,4.53143597890288
"2023-05-17","Northwestern","BS",2.35204452365999,5.80007762893234
"2023-05-17","Ticino","TI",3.42806477539618,5.8127552085139
"2023-05-17","Zurich","ZH",18.9479439236852,43.7657577555858
"2023-05-18","9999","9999",0.0171592109854332,0.0664808194678679
"2023-05-18","Central","LU",1.53932877364067,3.87848964822946
"2023-05-18","Central","NW",0.160489386295492,0.290870579246428
"2023-05-18","Central","OW",0.14497468501648,0.265175538593203
"2023-05-18","Central","SZ",0.521255531923628,1.06362513518786
"2023-05-18","Central","UR",0.134189546880175,0.283155269420658
"2023-05-18","Central","ZG",0.386563160058875,1.03928962049513
"2023-05-18","Eastern","AI",0.0526046521778599,0.0964243787476183
"2023-05-18","Eastern","AR",0.0827215747487607,0.157331141777485
"2023-05-18","Eastern","GL",0.0938685610979055,0.281761755311158
"2023-05-18","Eastern","GR",0.892290554833939,1.70222846697813
"2023-05-18","Eastern","SG",1.2234069905768,3.19570172272332
"2023-05-18","Eastern","SH",0.263752173455533,0.644925127506541
"2023-05-18","Eastern","TG",0.49717474129989,1.11861796028961
"2023-05-18","Espace Mittelland","BE",3.51887755531804,8.26921469022181
"2023-05-18","Espace Mittelland","FR",0.938897687036008,2.2263257247463
"2023-05-18","Espace Mittelland","JU",0.154831941453349,0.345353582112989
"2023-05-18","Espace Mittelland","NE",0.382217026323148,0.846474851148901
"2023-05-18","Espace Mittelland","SO",0.532074766858587,1.44639966936329
"2023-05-18","Lake Geneva","GE",1.98947342109511,4.57453295185035
"2023-05-18","Lake Geneva","VD",2.57347579526926,5.8846401436747
"2023-05-18","Lake Geneva","VS",1.78015605635213,2.93786762431675
"2023-05-18","Northwestern","AG",1.52231552843829,4.09098355585374
"2023-05-18","Northwestern","BL",0.499280295958176,1.40663353501901
"2023-05-18","Northwestern","BS",1.07504529162704,3.28162376342617
"2023-05-18","Ticino","TI",1.57911339763078,2.58738183170292
"2023-05-18","Zurich","ZH",5.97330754810743,16.8580199456054
"2023-05-19","9999","9999",0.016956490303694,0.0673984994911974
"2023-05-19","Central","LU",6.47064695419273,10.3965329368956
"2023-05-19","Central","NW",0.624372854551363,0.852966587610232
"2023-05-19","Central","OW",0.376666304813232,0.597953505571677
"2023-05-19","Central","SZ",2.03103638874027,2.88712331784154
"2023-05-19","Central","UR",0.40143774064172,0.601964107155117
"2023-05-19","Central","ZG",1.86871943048423,3.00703350755659
"2023-05-19","Eastern","AI",0.190959612320457,0.245462412166126
"2023-05-19","Eastern","AR",0.341642771854428,0.489497322073739
"2023-05-19","Eastern","GL",0.386324725261628,0.646862452000237
"2023-05-19","Eastern","GR",2.72195523723557,4.09339671443361
"2023-05-19","Eastern","SG",6.15305983210442,9.59618000395622
"2023-05-19","Eastern","SH",0.844680901563842,1.54506726594571
"2023-05-19","Eastern","TG",2.71810881524738,4.25310702664195
"2023-05-19","Espace Mittelland","BE",13.4038290434683,22.5868924023571
"2023-05-19","Espace Mittelland","FR",3.43555597951274,5.58710788722188
"2023-05-19","Espace Mittelland","JU",0.660110959605898,1.00519950703589
"2023-05-19","Espace Mittelland","NE",1.80091695756603,2.87594121681652
"2023-05-19","Espace Mittelland","SO",2.57475207756392,4.43586130388056
"2023-05-19","Lake Geneva","GE",7.09506151828843,11.2865126187801
"2023-05-19","Lake Geneva","VD",10.2702614312807,15.9946529843974
"2023-05-19","Lake Geneva","VS",4.92947371095901,7.00920603004145
"2023-05-19","Northwestern","AG",7.43496717827751,12.1770021228998
"2023-05-19","Northwestern","BL",2.59876183939083,4.10253952651789
"2023-05-19","Northwestern","BS",2.85988359775087,5.96152133674031
"2023-05-19","Ticino","TI",4.19208792774511,6.16109974773996
"2023-05-19","Zurich","ZH",21.4820867767089,39.9261505498263
"2023-05-20","9999","9999",0.0177083664196353,0.0684181439615635
"2023-05-20","Central","LU",5.33924595135369,9.12490032975302
"2023-05-20","Central","NW",0.563936703826094,0.774351998945008
"2023-05-20","Central","OW",0.338812929451225,0.543266573811043
"2023-05-20","Central","SZ",1.78134749804235,2.63292595137927
"2023-05-20","Central","UR",0.324601108084475,0.53996972335686
"2023-05-20","Central","ZG",1.51697295913185,2.56739680008375
"2023-05-20","Eastern","AI",0.177426112438993,0.248555333726236
"2023-05-20","Eastern","AR",0.280788472276117,0.4412001623274
"2023-05-20","Eastern","GL",0.333617817932,0.604513218331032
"2023-05-20","Eastern","GR",2.19890549785405,3.52276968066775
"2023-05-20","Eastern","SG",4.80158440034377,8.07507438306411
"2023-05-20","Eastern","SH",0.748507934155091,1.42485118288955
"2023-05-20","Eastern","TG",2.28408338921724,3.72982548445008
"2023-05-20","Espace Mittelland","BE",10.5594998632858,18.7560201508938
"2023-05-20","Espace Mittelland","FR",2.58743854592454,4.43647309056278
"2023-05-20","Espace Mittelland","JU",0.530196035993986,0.850281523838268
"2023-05-20","Espace Mittelland","NE",1.52232342705353,2.56124494511254
"2023-05-20","Espace Mittelland","SO",2.22177507479532,3.98490654278666
"2023-05-20","Lake Geneva","GE",6.44087698328913,9.87865551039664
"2023-05-20","Lake Geneva","VD",8.696214699666,14.1531070946182
"2023-05-20","Lake Geneva","VS",3.90298408548076,5.85670188518667
"2023-05-20","Northwestern","AG",6.64550016614308,11.2399828427824
"2023-05-20","Northwestern","BL",2.23034215489347,3.6493755357382
"2023-05-20","Northwestern","BS",2.518739445074,5.36387372450974
"2023-05-20","Ticino","TI",3.86155387879437,5.48888213657662
"2023-05-20","Zurich","ZH",19.5294182475642,36.2108380050044
"2023-05-21","9999","9999",0.0150277596773828,0.0647814120172578
"2023-05-21","Central","LU",1.4254105234782,3.64859380831092
"2023-05-21","Central","NW",0.280836862553016,0.347460847351745
"2023-05-21","Central","OW",0.191953467233045,0.277717165578706
"2023-05-21","Central","SZ",0.544943334132058,1.04425189025091
"2023-05-21","Central","UR",0.169227428141526,0.315138117641141
"2023-05-21","Central","ZG",0.347794837616238,0.97423630328577
"2023-05-21","Eastern","AI",0.0690219141616951,0.115525718492476
"2023-05-21","Eastern","AR",0.103834573282128,0.159710312208339
"2023-05-21","Eastern","GL",0.100485337207647,0.290802602948404
"2023-05-21","Eastern","GR",0.960010850042276,1.56549414350204
"2023-05-21","Eastern","SG",1.16285500393742,2.86989132629235
"2023-05-21","Eastern","SH",0.242142098657056,0.62561985886761
"2023-05-21","Eastern","TG",0.513391820183877,1.18397717084007
"2023-05-21","Espace Mittelland","BE",3.46206933999692,7.80921908149067
"2023-05-21","Espace Mittelland","FR",0.856720157313473,2.08690633749824
"2023-05-21","Espace Mittelland","JU",0.131719626007265,0.272788883971937
"2023-05-21","Espace Mittelland","NE",0.339143872422882,0.720786676101777
"2023-05-21","Espace Mittelland","SO",0.534811576340506,1.48385460957473
"2023-05-21","Lake Geneva","GE",1.77434795824927,3.94599011216769
"2023-05-21","Lake Geneva","VD",2.3504631519672,5.17955599241656
"2023-05-21","Lake Geneva","VS",1.16217788467072,2.33158702223709
"2023-05-21","Northwestern","AG",1.38805050807696,3.85530973060313
"2023-05-21","Northwestern","BL",0.4648051195652,1.36122536793871
"2023-05-21","Northwestern","BS",0.820096048492751,2.54588230175902
"2023-05-21","Ticino","TI",1.56874391775788,2.231084065608
"2023-05-21","Zurich","ZH",5.53452610620978,16.2978952498843
"2023-05-22","9999","9999",0.0118434037694925,0.0555026473369266
"2023-05-22","Central","LU",3.77230800086608,7.85958951832675
"2023-05-22","Central","NW",0.356639516642028,0.68333173589033
"2023-05-22","Central","OW",0.236766728755056,0.468424669686174
"2023-05-22","Central","SZ",1.16577175460438,2.16083056159978
"2023-05-22","Central","UR",0.229531060701359,0.470429970477894
"2023-05-22","Central","ZG",1.22771906667409,2.81870517387997
"2023-05-22","Eastern","AI",0.0938844209847261,0.152742741660838
"2023-05-22","Eastern","AR",0.207124545462986,0.438719027449509
"2023-05-22","Eastern","GL",0.2282423567867,0.514954445683879
"2023-05-22","Eastern","GR",1.53152516108192,3.07055735806039
"2023-05-22","Eastern","SG",3.54794753738975,7.86149285467143
"2023-05-22","Eastern","SH",0.533950208265181,1.30038658120686
"2023-05-22","Eastern","TG",1.56816444448571,3.29491312968994
"2023-05-22","Espace Mittelland","BE",7.86400660050113,18.4437370377697
"2023-05-22","Espace Mittelland","FR",2.07382299560391,4.45948306744404
"2023-05-22","Espace Mittelland","JU",0.396500338577255,0.799401264767001
"2023-05-22","Espace Mittelland","NE",1.11781771466103,2.44153868429156
"2023-05-22","Espace Mittelland","SO",1.47763928850637,3.56121027720055
"2023-05-22","Lake Geneva","GE",5.66032888619888,11.2575547158217
"2023-05-22","Lake Geneva","VD",6.47803626734752,13.9892162400814
"2023-05-22","Lake Geneva","VS",2.86951651315164,5.38538822283446
"2023-05-22","Northwestern","AG",4.35079152994482,10.0406770167378
"2023-05-22","Northwestern","BL",1.65279639155228,3.81836461262687
"2023-05-22","Northwestern","BS",1.87192936976017,5.25242658389873
"2023-05-22","Ticino","TI",2.74625405235283,4.7568453831518
"2023-05-22","Zurich","ZH",14.6245576711831,39.0819189165122
"2023-05-23","9999","9999",0.0114272285912547,0.0504384131341084
"2023-05-23","Central","LU",3.63727346271223,7.74712273324537
"2023-05-23","Central","NW",0.379493539146158,0.659098185644629
"2023-05-23","Central","OW",0.227797246126063,0.43596598737952
"2023-05-23","Central","SZ",1.20313510253987,2.06790696220042
"2023-05-23","Central","UR",0.243183560642257,0.461253170244599
"2023-05-23","Central","ZG",1.28653165840763,2.76653336514624
"2023-05-23","Eastern","AI",0.0983905633563769,0.138807600565835
"2023-05-23","Eastern","AR",0.209871889042571,0.401841885771269
"2023-05-23","Eastern","GL",0.235646480334561,0.492726196229899
"2023-05-23","Eastern","GR",1.50467083652722,2.92053366832053
"2023-05-23","Eastern","SG",3.62455087296988,7.59842458131699
"2023-05-23","Eastern","SH",0.537828483171742,1.24022755745527
"2023-05-23","Eastern","TG",1.61766432605935,3.14930789932166
"2023-05-23","Espace Mittelland","BE",7.98823252005413,18.3335134705231
"2023-05-23","Espace Mittelland","FR",2.09672694738136,4.35517343812559
"2023-05-23","Espace Mittelland","JU",0.417459343483627,0.796376319504915
"2023-05-23","Espace Mittelland","NE",1.15516555906765,2.43977130054293
"2023-05-23","Espace Mittelland","SO",1.60453549608514,3.67755171126931
"2023-05-23","Lake Geneva","GE",6.08735582192969,11.4317779676582
"2023-05-23","Lake Geneva","VD",6.61059783796378,13.954752256983
"2023-05-23","Lake Geneva","VS",2.85843512799361,5.26486624643719
"2023-05-23","Northwestern","AG",4.53694693583795,9.88973564697461
"2023-05-23","Northwestern","BL",1.73172249566777,3.77689907083198
"2023-05-23","Northwestern","BS",2.0001569893834,5.36744248015602
"2023-05-23","Ticino","TI",2.54185732518654,4.72792146834242
"2023-05-23","Zurich","ZH",14.8349645474943,38.2276607792395
"2023-05-24","9999","9999",0.0139375001490536,0.0541091332274263
"2023-05-24","Central","LU",4.02834943804329,7.93164439423262
"2023-05-24","Central","NW",0.413501984524142,0.666439625831265
"2023-05-24","Central","OW",0.225594722944949,0.429542227216214
"2023-05-24","Central","SZ",1.29335776935932,2.13989386180826
"2023-05-24","Central","UR",0.263058888852335,0.465025854784954
"2023-05-24","Central","ZG",1.38302539496434,2.86142827718831
"2023-05-24","Eastern","AI",0.100447794310128,0.13795789684053
"2023-05-24","Eastern","AR",0.226355464933424,0.413193927541345
"2023-05-24","Eastern","GL",0.254497443909033,0.521344217698173
"2023-05-24","Eastern","GR",1.58099668282831,2.98708246408642
"2023-05-24","Eastern","SG",3.96328587751052,7.92681807707289
"2023-05-24","Eastern","SH",0.592300090737741,1.2996388419286
"2023-05-24","Eastern","TG",1.67887493268017,3.1485601600434
"2023-05-24","Espace Mittelland","BE",8.58819535231147,18.7247510538026
"2023-05-24","Espace Mittelland","FR",2.30068430869046,4.53656818940372
"2023-05-24","Espace Mittelland","JU",0.458318465015774,0.834680963441667
"2023-05-24","Espace Mittelland","NE",1.32396450789158,2.62201575554636
"2023-05-24","Espace Mittelland","SO",1.69720052281862,3.72618875250578
"2023-05-24","Lake Geneva","GE",6.32157474406147,11.595566857748
"2023-05-24","Lake Geneva","VD",7.23057003209693,14.5001940723309
"2023-05-24","Lake Geneva","VS",3.13119591688036,5.43314157219661
"2023-05-24","Northwestern","AG",4.93626039540687,10.283590317728
"2023-05-24","Northwestern","BL",1.82773494927384,3.83875750203419
"2023-05-24","Northwestern","BS",2.07475623833669,5.39595853717726
"2023-05-24","Ticino","TI",2.75188767603657,4.86081513098013
"2023-05-24","Zurich","ZH",15.8353416525267,38.5368849589525
"2023-05-25","9999","9999",0.0166438664803199,0.0661409379777459
"2023-05-25","Central","LU",4.58205302177895,8.77400667935104
"2023-05-25","Central","NW",0.413928020244358,0.722350130956338
"2023-05-25","Central","OW",0.268833771261358,0.465467700722112
"2023-05-25","Central","SZ",1.45275352834804,2.33818072314545
"2023-05-25","Central","UR",0.297007986925438,0.514716528640794
"2023-05-25","Central","ZG",1.47076071461549,2.98150840764842
"2023-05-25","Eastern","AI",0.12333784421148,0.166643894606828
"2023-05-25","Eastern","AR",0.280933059619621,0.464719961443844
"2023-05-25","Eastern","GL",0.304944603236285,0.582318957026064
"2023-05-25","Eastern","GR",1.73632841434962,3.23951244680005
"2023-05-25","Eastern","SG",4.67159573804819,8.91390190068527
"2023-05-25","Eastern","SH",0.676514347125781,1.44194722184269
"2023-05-25","Eastern","TG",2.08689725581939,3.65790656114026
"2023-05-25","Espace Mittelland","BE",9.87287948271331,20.5231319943362
"2023-05-25","Espace Mittelland","FR",2.62594275230134,4.95587998376726
"2023-05-25","Espace Mittelland","JU",0.556513364361042,0.957446157673742
"2023-05-25","Espace Mittelland","NE",1.58349923199183,2.89262939798151
"2023-05-25","Espace Mittelland","SO",2.12604211155526,4.32227290988178
"2023-05-25","Lake Geneva","GE",8.24491069056896,12.5846219940031
"2023-05-25","Lake Geneva","VD",8.17601379147563,15.4940755257457
"2023-05-25","Lake Geneva","VS",3.36030840971438,5.66721795444364
"2023-05-25","Northwestern","AG",5.80844038270698,11.4157015731755
"2023-05-25","Northwestern","BL",2.06672064458402,4.16759284372725
"2023-05-25","Northwestern","BS",2.39410011505388,5.90506702123104
"2023-05-25","Ticino","TI",3.84314872684837,5.39809979056503
"2023-05-25","Zurich","ZH",17.8171645265929,41.6629109762008
"2023-05-26","9999","9999",0.0242329398046376,0.0974100350689722
"2023-05-26","Central","LU",5.93850021477615,10.503595606284
"2023-05-26","Central","NW",0.575506083995519,0.895383797577461
"2023-05-26","Central","OW",0.392538464445053,0.611004954792363
"2023-05-26","Central","SZ",1.94800332973037,2.87111489965679
"2023-05-26","Central","UR",0.408727469371357,0.6467604875532
"2023-05-26","Central","ZG",1.9892432686832,3.49989565638253
"2023-05-26","Eastern","AI",0.171711771721389,0.219563442618828
"2023-05-26","Eastern","AR",0.362723337898253,0.558629217164559
"2023-05-26","Eastern","GL",0.40518042722204,0.723981562108924
"2023-05-26","Eastern","GR",2.38917568285242,4.0017306765477
"2023-05-26","Eastern","SG",6.15506995332028,10.4468014092846
"2023-05-26","Eastern","SH",0.962203215063782,1.67041555950271
"2023-05-26","Eastern","TG",2.69949668198832,4.41009828692931
"2023-05-26","Espace Mittelland","BE",12.6554780086281,23.3513538499396
"2023-05-26","Espace Mittelland","FR",3.60887351190843,5.99418394794103
"2023-05-26","Espace Mittelland","JU",0.707090579851051,1.11426747721604
"2023-05-26","Espace Mittelland","NE",1.95119213815464,3.28573632945664
"2023-05-26","Espace Mittelland","SO",2.6226194990291,4.87893081440363
"2023-05-26","Lake Geneva","GE",8.42232916676615,12.9446244683404
"2023-05-26","Lake Geneva","VD",10.4778988306592,17.987989947665
"2023-05-26","Lake Geneva","VS",4.51514586492592,7.1001583167981
"2023-05-26","Northwestern","AG",7.48681824303806,13.3573085736465
"2023-05-26","Northwestern","BL",2.77226912260525,4.89381762367098
"2023-05-26","Northwestern","BS",2.78561261321056,6.33372555657293
"2023-05-26","Ticino","TI",4.28191982653341,6.06297596154173
"2023-05-26","Zurich","ZH",21.7642678527805,46.0121704763983
"2023-05-27","9999","9999",0.0262549539776042,0.101182719609327
"2023-05-27","Central","LU",6.83146039361177,10.8505126432516
"2023-05-27","Central","NW",0.680024531681332,0.995920742355555
"2023-05-27","Central","OW",0.444083069199972,0.732988421597157
"2023-05-27","Central","SZ",2.41074375440496,3.35201322003044
"2023-05-27","Central","UR",0.438099642985332,0.690299306437831
"2023-05-27","Central","ZG",2.130622619174,3.4460584283472
"2023-05-27","Eastern","AI",0.246672677002475,0.316123773962495
"2023-05-27","Eastern","AR",0.398704185373615,0.598633268551921
"2023-05-27","Eastern","GL",0.49079619635428,0.826761724721824
"2023-05-27","Eastern","GR",2.98495204931609,4.55220273794933
"2023-05-27","Eastern","SG",7.09738176098996,10.8241038514691
"2023-05-27","Eastern","SH",1.02392040996578,1.82390604044182
"2023-05-27","Eastern","TG",3.40566858279031,5.09968384223789
"2023-05-27","Espace Mittelland","BE",13.9589892070416,23.5997392429208
"2023-05-27","Espace Mittelland","FR",3.65332903704011,5.7091593303247
"2023-05-27","Espace Mittelland","JU",0.796844882674568,1.11967159290898
"2023-05-27","Espace Mittelland","NE",2.27187171887578,3.52389128958515
"2023-05-27","Espace Mittelland","SO",3.09457743146642,5.12313566505631
"2023-05-27","Lake Geneva","GE",8.05767201916178,11.2877701802935
"2023-05-27","Lake Geneva","VD",12.2490285085068,18.3927888024004
"2023-05-27","Lake Geneva","VS",4.763062297749,6.98425872866649
"2023-05-27","Northwestern","AG",9.30045998723447,14.506040033961
"2023-05-27","Northwestern","BL",3.19547662948364,4.78767263430587
"2023-05-27","Northwestern","BS",3.25679152758737,6.20127373987238
"2023-05-27","Ticino","TI",4.62727020524812,6.64662045637927
"2023-05-27","Zurich","ZH",26.2771899383609,45.1823838064144
"2023-05-28","9999","9999",0.0235883900882255,0.0892188911570314
"2023-05-28","Central","LU",1.7770268615222,4.53116407371078
"2023-05-28","Central","NW",0.300705161504615,0.509006519606743
"2023-05-28","Central","OW",0.238924064964806,0.449153389196255
"2023-05-28","Central","SZ",0.656931612289426,1.37499056828865
"2023-05-28","Central","UR",0.181513369745571,0.383386320857643
"2023-05-28","Central","ZG",0.435696795727599,1.1634483288367
"2023-05-28","Eastern","AI",0.0950925645063792,0.173271583664208
"2023-05-28","Eastern","AR",0.114691593907935,0.200496091022982
"2023-05-28","Eastern","GL",0.120906472653598,0.329039270587132
"2023-05-28","Eastern","GR",1.07835423575695,1.90748289886282
"2023-05-28","Eastern","SG",1.37093549330946,3.59829134777286
"2023-05-28","Eastern","SH",0.307969745460604,0.776663193077838
"2023-05-28","Eastern","TG",0.523672621751329,1.11793819730936
"2023-05-28","Espace Mittelland","BE",3.95481865595902,9.70589374896761
"2023-05-28","Espace Mittelland","FR",1.06832376585987,2.52416387454023
"2023-05-28","Espace Mittelland","JU",0.17158992471437,0.351369484488149
"2023-05-28","Espace Mittelland","NE",0.469950156918308,1.0506416622652
"2023-05-28","Espace Mittelland","SO",0.605630333442529,1.65369339018871
"2023-05-28","Lake Geneva","GE",1.75238567256672,4.12368015520348
"2023-05-28","Lake Geneva","VD",2.93086469352157,6.83097217662146
"2023-05-28","Lake Geneva","VS",1.50854179238972,3.04934875307678
"2023-05-28","Northwestern","AG",1.67388910509461,4.55917030849683
"2023-05-28","Northwestern","BL",0.536327981237652,1.49551254468592
"2023-05-28","Northwestern","BS",0.876810823626361,2.7037572539207
"2023-05-28","Ticino","TI",1.71857989696219,2.87869425688651
"2023-05-28","Zurich","ZH",6.2047758881099,18.007329204453
"2023-05-29","9999","9999",0.0204773068574466,0.0795662568375659
"2023-05-29","Central","LU",2.80944465815261,5.95720484181576
"2023-05-29","Central","NW",0.386999146389563,0.611650729623595
"2023-05-29","Central","OW",0.229094475219391,0.3854935860964
"2023-05-29","Central","SZ",0.651916391046962,1.33563229173252
"2023-05-29","Central","UR",0.185696820202733,0.37947768372124
"2023-05-29","Central","ZG",0.424417913860428,1.24277666863118
"2023-05-29","Eastern","AI",0.0904620062176474,0.159370430718217
"2023-05-29","Eastern","AR",0.110282012792882,0.20586621856691
"2023-05-29","Eastern","GL",0.126500235155129,0.373053923557934
"2023-05-29","Eastern","GR",1.09613138317711,1.86465783110745
"2023-05-29","Eastern","SG",1.31936493708048,3.65338613732164
"2023-05-29","Eastern","SH",0.27360656336471,0.742233198128477
"2023-05-29","Eastern","TG",0.643760222994238,1.56865504136018
"2023-05-29","Espace Mittelland","BE",4.17425406067046,10.2971855773329
"2023-05-29","Espace Mittelland","FR",2.11076649513305,4.08269044749477
"2023-05-29","Espace Mittelland","JU",0.153553607163456,0.3526270460016
"2023-05-29","Espace Mittelland","NE",0.445474419868542,0.998028007594312
"2023-05-29","Espace Mittelland","SO",0.91534133391916,2.24848599790225
"2023-05-29","Lake Geneva","GE",1.74589827788924,4.32995423155854
"2023-05-29","Lake Geneva","VD",2.63708213765288,6.32995287203258
"2023-05-29","Lake Geneva","VS",3.44824342687872,5.88433425033359
"2023-05-29","Northwestern","AG",1.60963684630309,4.66252826964294
"2023-05-29","Northwestern","BL",0.520124447871816,1.60277914296843
"2023-05-29","Northwestern","BS",0.834992065376944,2.76721312812648
"2023-05-29","Ticino","TI",2.17457295404415,3.55002817617553
"2023-05-29","Zurich","ZH",6.08472233275737,18.5351991467615
"2023-05-30","9999","9999",0.0147081144275718,0.0664128431698435
"2023-05-30","Central","LU",4.56986965252441,9.16245723441151
"2023-05-30","Central","NW",0.489617391665235,0.79212780087839
"2023-05-30","Central","OW",0.313039379820938,0.560566541658255
"2023-05-30","Central","SZ",1.60688848847396,2.64845853547785
"2023-05-30","Central","UR",0.336061196011609,0.578614248783734
"2023-05-30","Central","ZG",1.68571323812261,3.33236806990139
"2023-05-30","Eastern","AI",0.127060006923448,0.186458985480943
"2023-05-30","Eastern","AR",0.286029033140142,0.526374463751979
"2023-05-30","Eastern","GL",0.3254982255195,0.634626718355844
"2023-05-30","Eastern","GR",1.99109121178726,3.65651304703076
"2023-05-30","Eastern","SG",4.77530170135428,9.28698981239222
"2023-05-30","Eastern","SH",0.729560577712942,1.57620041044089
"2023-05-30","Eastern","TG",2.38756707131451,4.3454528275081
"2023-05-30","Espace Mittelland","BE",10.196835246129,22.0201740057277
"2023-05-30","Espace Mittelland","FR",2.67386770795348,5.06035955383077
"2023-05-30","Espace Mittelland","JU",0.572006985696657,0.992250022262238
"2023-05-30","Espace Mittelland","NE",1.673195197844,3.066682709073
"2023-05-30","Espace Mittelland","SO",2.00157507473032,4.34419526599465
"2023-05-30","Lake Geneva","GE",7.4621480324477,12.5193987360487
"2023-05-30","Lake Geneva","VD",8.65502810084117,16.5130402331315
"2023-05-30","Lake Geneva","VS",3.41022669076644,5.88338258216125
"2023-05-30","Northwestern","AG",5.85725888829861,12.1339731262503
"2023-05-30","Northwestern","BL",2.16025633602772,4.50567296195163
"2023-05-30","Northwestern","BS",2.32599461256484,6.05165790792067
"2023-05-30","Ticino","TI",3.33436765380077,5.21051919616668
"2023-05-30","Zurich","ZH",18.4490580454901,44.2647717593829
"2023-05-31","9999","9999",0.0164643090653817,0.0701515395611858
"2023-05-31","Central","LU",4.3610764472508,8.96488412420357
"2023-05-31","Central","NW",0.476553841768384,0.802596150774148
"2023-05-31","Central","OW",0.275816354681612,0.512609263402037
"2023-05-31","Central","SZ",1.47823901935743,2.48229047495719
"2023-05-31","Central","UR",0.305468038241688,0.5339538209817
"2023-05-31","Central","ZG",1.54237353121637,3.19910053762454
"2023-05-31","Eastern","AI",0.118197372939368,0.170484555445207
"2023-05-31","Eastern","AR",0.270861878763681,0.495955070386058
"2023-05-31","Eastern","GL",0.301985167935662,0.596152133674031
"2023-05-31","Eastern","GR",1.8248222947653,3.41944570767065
"2023-05-31","Eastern","SG",4.54311887932458,9.01549247808274
"2023-05-31","Eastern","SH",0.701237063731569,1.462306123101
"2023-05-31","Eastern","TG",2.15954648665384,4.0571653475866
"2023-05-31","Espace Mittelland","BE",9.67149857372429,20.8478207818498
"2023-05-31","Espace Mittelland","FR",2.59700119223664,4.89157440583617
"2023-05-31","Espace Mittelland","JU",0.563342690366329,0.981373814578333
"2023-05-31","Espace Mittelland","NE",1.54192863985293,2.90693840871565
"2023-05-31","Espace Mittelland","SO",1.95218868337395,4.23614694028486
"2023-05-31","Lake Geneva","GE",7.19436200055391,12.1373719411516
"2023-05-31","Lake Geneva","VD",8.47949352074086,15.8878962083501
"2023-05-31","Lake Geneva","VS",3.45013141130198,5.9620651471245
"2023-05-31","Northwestern","AG",5.62690065030509,11.7232943217359
"2023-05-31","Northwestern","BL",2.05444817409372,4.30772598210456
"2023-05-31","Northwestern","BS",2.2702415574719,5.93232551673882
"2023-05-31","Ticino","TI",3.30209035618749,5.09105085238879
"2023-05-31","Zurich","ZH",17.610237090153,43.086776502769
"2023-06-01","9999","9999",0.0168847174627931,0.072190828501918
"2023-06-01","Central","LU",4.53640205669916,9.16208336477237
"2023-06-01","Central","NW",0.47771929674035,0.804737404161917
"2023-06-01","Central","OW",0.288485796181023,0.524029281470137
"2023-06-01","Central","SZ",1.48427419187934,2.49204507372369
"2023-06-01","Central","UR",0.301460025544913,0.536978766243786
"2023-06-01","Central","ZG",1.60222698186781,3.26034718214453
"2023-06-01","Eastern","AI",0.121417670092009,0.176772363012465
"2023-06-01","Eastern","AR",0.266978614845809,0.487118151642885
"2023-06-01","Eastern","GL",0.303439472564857,0.596729932207238
"2023-06-01","Eastern","GR",1.80371600046063,3.37923772738921
"2023-06-01","Eastern","SG",4.55476087819553,9.00108150290157
"2023-06-01","Eastern","SH",0.686852612391803,1.48721943632694
"2023-06-01","Eastern","TG",2.15660558588268,4.10634619920726
"2023-06-01","Espace Mittelland","BE",9.79245202688707,21.1871924497366
"2023-06-01","Espace Mittelland","FR",2.64112237137404,5.18183319840038
"2023-06-01","Espace Mittelland","JU",0.572517486083253,1.00584528186712
"2023-06-01","Espace Mittelland","NE",1.54565663743684,3.0084610098151
"2023-06-01","Espace Mittelland","SO",2.09552907949996,4.44972846867754
"2023-06-01","Lake Geneva","GE",7.45839003422356,12.6856687610164
"2023-06-01","Lake Geneva","VD",8.21564087392331,15.9347318776889
"2023-06-01","Lake Geneva","VS",3.5268207857891,5.99952008733595
"2023-06-01","Northwestern","AG",5.66670122425051,11.7577922929833
"2023-06-01","Northwestern","BL",2.11076032739929,4.34603062604131
"2023-06-01","Northwestern","BS",2.37002948258975,6.12422260606172
"2023-06-01","Ticino","TI",3.25049713794245,5.40591706483783
"2023-06-01","Zurich","ZH",17.7571752761501,43.3807739917246
"2023-06-02","9999","9999",0.0203694439629805,0.0937393149756543
"2023-06-02","Central","LU",5.68250172460605,10.6330904540205
"2023-06-02","Central","NW",0.599764336962727,0.955882702819181
"2023-06-02","Central","OW",0.36229859446511,0.612092575560753
"2023-06-02","Central","SZ",1.90142357051815,2.94949157127893
"2023-06-02","Central","UR",0.390415882925558,0.661341403479435
"2023-06-02","Central","ZG",1.91818383681967,3.61124083254651
"2023-06-02","Eastern","AI",0.168867267733925,0.222112553794743
"2023-06-02","Eastern","AR",0.342462332484889,0.562367913555901
"2023-06-02","Eastern","GL",0.362359476850394,0.681360423247622
"2023-06-02","Eastern","GR",2.27739032117786,3.99700632383501
"2023-06-02","Eastern","SG",5.64727001203162,10.3019439181946
"2023-06-02","Eastern","SH",0.871486080049501,1.65026058713848
"2023-06-02","Eastern","TG",2.59326860507561,4.62330594568286
"2023-06-02","Espace Mittelland","BE",12.0762837647347,23.6263179754483
"2023-06-02","Espace Mittelland","FR",3.42186950416985,6.35398249338421
"2023-06-02","Espace Mittelland","JU",0.671501690877358,1.133640722153
"2023-06-02","Espace Mittelland","NE",1.87746152541245,3.33576688480261
"2023-06-02","Espace Mittelland","SO",2.4568202304581,4.83658158073443
"2023-06-02","Lake Geneva","GE",8.17655028641252,13.121872665439
"2023-06-02","Lake Geneva","VD",10.542364700588,18.3083282521051
"2023-06-02","Lake Geneva","VS",4.35509060485093,7.07684244657573
"2023-06-02","Northwestern","AG",6.99476330816516,13.3070061131085
"2023-06-02","Northwestern","BL",2.63654540383867,4.85483321675398
"2023-06-02","Northwestern","BS",2.69257010942269,6.48232174405428
"2023-06-02","Ticino","TI",3.98295884139681,6.0559404146962
"2023-06-02","Zurich","ZH",20.9807737680072,46.7060725266314
"2023-06-03","9999","9999",0.0236465390905464,0.0981577743472406
"2023-06-03","Central","LU",6.44610356395662,10.8263130811549
"2023-06-03","Central","NW",0.734483478750025,1.01974643481311
"2023-06-03","Central","OW",0.400538289257918,0.638807260684345
"2023-06-03","Central","SZ",2.23150854187854,3.28726579616219
"2023-06-03","Central","UR",0.39284896970083,0.656447110021678
"2023-06-03","Central","ZG",2.06946076310405,3.38912827875177
"2023-06-03","Eastern","AI",0.205022170614107,0.282067648652268
"2023-06-03","Eastern","AR",0.37403122965223,0.571782630832281
"2023-06-03","Eastern","GL",0.419992852712634,0.736217295753317
"2023-06-03","Eastern","GR",2.50339671196038,3.94690779219102
"2023-06-03","Eastern","SG",6.53644709094569,10.434021865256
"2023-06-03","Eastern","SH",0.910621396357145,1.71650348956326
"2023-06-03","Eastern","TG",3.10637793130505,5.06926444887197
"2023-06-03","Espace Mittelland","BE",12.7333175890997,22.3439791013669
"2023-06-03","Espace Mittelland","FR",3.40240609442271,6.04336479956169
"2023-06-03","Espace Mittelland","JU",0.714247085531394,1.09088363069565
"2023-06-03","Espace Mittelland","NE",2.12988937157203,3.39990252198863
"2023-06-03","Espace Mittelland","SO",2.83658054464864,5.13662896021415
"2023-06-03","Lake Geneva","GE",8.25690856572006,11.5629722228453
"2023-06-03","Lake Geneva","VD",11.745568317839,17.9937679329971
"2023-06-03","Lake Geneva","VS",4.37562038639564,6.58880661490951
"2023-06-03","Northwestern","AG",9.2415081731068,16.3039451404084
"2023-06-03","Northwestern","BL",2.9268447173793,4.67170506987624
"2023-06-03","Northwestern","BS",3.06741143076554,6.19369438264266
"2023-06-03","Ticino","TI",4.2311085868611,6.13958524941523
"2023-06-03","Zurich","ZH",24.8744929579498,45.4258749059378
"2023-06-04","9999","9999",0.0188804551319161,0.0800760790727489
"2023-06-04","Central","LU",1.67320328051225,4.03517501517571
"2023-06-04","Central","NW",0.236113665608039,0.379103814082106
"2023-06-04","Central","OW",0.15638754180906,0.274488291422547
"2023-06-04","Central","SZ",0.566868041672906,1.10770776445669
"2023-06-04","Central","UR",0.167041645952055,0.345013700622867
"2023-06-04","Central","ZG",0.432355321207605,1.14934324699664
"2023-06-04","Eastern","AI",0.0742494190102485,0.126401926176381
"2023-06-04","Eastern","AR",0.10307730872069,0.181122846086027
"2023-06-04","Eastern","GL",0.0936423286234573,0.269492033517753
"2023-06-04","Eastern","GR",0.864140383541483,1.50224219819033
"2023-06-04","Eastern","SG",1.19883522876538,3.17819782598204
"2023-06-04","Eastern","SH",0.262935185651155,0.662089142757703
"2023-06-04","Eastern","TG",0.596715788678278,1.42335570433301
"2023-06-04","Espace Mittelland","BE",3.51895158378729,9.44306339265625
"2023-06-04","Espace Mittelland","FR",0.944417847914627,2.44769053926277
"2023-06-04","Espace Mittelland","JU",0.139824431522818,0.309530073054127
"2023-06-04","Espace Mittelland","NE",0.372994741014255,0.814627955524468
"2023-06-04","Espace Mittelland","SO",0.572288214776169,1.59067936192009
"2023-06-04","Lake Geneva","GE",1.94950238273653,4.32383636473634
"2023-06-04","Lake Geneva","VD",2.42260781127151,5.8016410837869
"2023-06-04","Lake Geneva","VS",1.25965124531812,2.52525149530862
"2023-06-04","Northwestern","AG",1.65285022118296,4.67428816920116
"2023-06-04","Northwestern","BL",0.50499210300991,1.48810312820126
"2023-06-04","Northwestern","BS",0.795311576228899,2.61151341750159
"2023-06-04","Ticino","TI",1.37571184116028,2.24321783480536
"2023-06-04","Zurich","ZH",5.92219724187796,17.2781814436942
"2023-06-05","9999","9999",0.0141451628498465,0.0634898623547941
"2023-06-05","Central","LU",4.11962292613917,8.67126050488716
"2023-06-05","Central","NW",0.417273892456426,0.757459888885943
"2023-06-05","Central","OW",0.256285338740377,0.508768602563658
"2023-06-05","Central","SZ",1.35030750577916,2.40068492917889
"2023-06-05","Central","UR",0.288225995570815,0.523111601446808
"2023-06-05","Central","ZG",1.3606251688564,3.04448844776803
"2023-06-05","Eastern","AI",0.0993116350945336,0.158146857353778
"2023-06-05","Eastern","AR",0.224253728396039,0.457854355343379
"2023-06-05","Eastern","GL",0.259937764942591,0.554380698538034
"2023-06-05","Eastern","GR",1.81102799960418,3.40058228496888
"2023-06-05","Eastern","SG",3.92865958185029,8.41719909102094
"2023-06-05","Eastern","SH",0.587867538240938,1.39249446502993
"2023-06-05","Eastern","TG",1.84719643233843,3.88199042757771
"2023-06-05","Espace Mittelland","BE",8.77336970085007,20.2174765702695
"2023-06-05","Espace Mittelland","FR",2.4338880480821,4.91540009829373
"2023-06-05","Espace Mittelland","JU",0.46905316871199,0.900753925121389
"2023-06-05","Espace Mittelland","NE",1.34974453853735,2.73624992437637
"2023-06-05","Espace Mittelland","SO",1.66003665309913,3.9816776686305
"2023-06-05","Lake Geneva","GE",6.3269072452768,12.0143688298764
"2023-06-05","Lake Geneva","VD",7.71214207911611,15.4021715708167
"2023-06-05","Lake Geneva","VS",3.51386171142817,6.00750730235382
"2023-06-05","Northwestern","AG",4.93513603124785,11.0113785525263
"2023-06-05","Northwestern","BL",1.81561605731226,4.08615723869401
"2023-06-05","Northwestern","BS",2.0573759992693,5.63265200689823
"2023-06-05","Ticino","TI",3.14706782197079,5.01026102218678
"2023-06-05","Zurich","ZH",15.8110491970282,40.6175034888835
"2023-06-06","9999","9999",0.0158070753555345,0.0670246298520632
"2023-06-06","Central","LU",4.20344743657765,8.74752991127054
"2023-06-06","Central","NW",0.444935446090077,0.761402514171359
"2023-06-06","Central","OW",0.29132524066879,0.519542845800526
"2023-06-06","Central","SZ",1.36250924900628,2.39507688459188
"2023-06-06","Central","UR",0.291602910084815,0.527292143775308
"2023-06-06","Central","ZG",1.53553766153926,3.1115130776201
"2023-06-06","Eastern","AI",0.118275211697476,0.177282185247648
"2023-06-06","Eastern","AR",0.240388132235444,0.4768537306412
"2023-06-06","Eastern","GL",0.264215434875532,0.562096008363804
"2023-06-06","Eastern","GR",1.69673383487987,3.32227358964476
"2023-06-06","Eastern","SG",4.04694719167163,8.39616042678239
"2023-06-06","Eastern","SH",0.614176274856961,1.41309128333133
"2023-06-06","Eastern","TG",1.91342128511237,3.85388222834462
"2023-06-06","Espace Mittelland","BE",9.01021247482542,20.4502953910031
"2023-06-06","Espace Mittelland","FR",2.42938964376881,4.9075148477229
"2023-06-06","Espace Mittelland","JU",0.486894393990925,0.92315211532043
"2023-06-06","Espace Mittelland","NE",1.29966396972489,2.73574010214119
"2023-06-06","Espace Mittelland","SO",1.80957752092793,4.07500912581801
"2023-06-06","Lake Geneva","GE",6.44966914455142,12.0594711036156
"2023-06-06","Lake Geneva","VD",7.48878761021882,15.1887259950201
"2023-06-06","Lake Geneva","VS",3.53982913544777,6.0754156240802
"2023-06-06","Northwestern","AG",5.10311536853304,11.1781244115802
"2023-06-06","Northwestern","BL",1.82688147589773,4.05692743054352
"2023-06-06","Northwestern","BS",2.14086456989277,5.79120672204016
"2023-06-06","Ticino","TI",3.08429749142369,5.11222546922339
"2023-06-06","Zurich","ZH",15.8502377124871,40.9219013514368
"2023-06-07","9999","9999",0.0188109065911916,0.0791583990494194
"2023-06-07","Central","LU",4.72270246503407,9.45642073521804
"2023-06-07","Central","NW",0.572773601717288,0.930425579209041
"2023-06-07","Central","OW",0.350054100031956,0.60369750275474
"2023-06-07","Central","SZ",1.62142555108515,2.7260194915237
"2023-06-07","Central","UR",0.324379371202636,0.581673182194832
"2023-06-07","Central","ZG",1.74754187516266,3.53313606611647
"2023-06-07","Eastern","AI",0.14212779225594,0.201005913258165
"2023-06-07","Eastern","AR",0.26573048482926,0.48657434125869
"2023-06-07","Eastern","GL",0.291313155826634,0.608591796212497
"2023-06-07","Eastern","GR",1.88940757201983,3.56861969368521
"2023-06-07","Eastern","SG",4.32021392269602,8.84259476405767
"2023-06-07","Eastern","SH",0.618800955197515,1.43688298763987
"2023-06-07","Eastern","TG",2.00119700244066,4.00122085431252
"2023-06-07","Espace Mittelland","BE",9.37746610911554,21.0973957600464
"2023-06-07","Espace Mittelland","FR",2.84400010906903,5.49387839448141
"2023-06-07","Espace Mittelland","JU",0.645107863031527,1.10787770520175
"2023-06-07","Espace Mittelland","NE",1.37709347617967,2.84321062931777
"2023-06-07","Espace Mittelland","SO",2.06628260234208,4.54452141627257
"2023-06-07","Lake Geneva","GE",6.8609622580237,12.3857913222817
"2023-06-07","Lake Geneva","VD",8.10379218235007,16.3024836500009
"2023-06-07","Lake Geneva","VS",3.92171126361761,6.58197499695806
"2023-06-07","Northwestern","AG",5.67142652284587,12.0332662407272
"2023-06-07","Northwestern","BL",1.92924583767158,4.21738548203013
"2023-06-07","Northwestern","BS",2.23161207756932,5.91210256807656
"2023-06-07","Ticino","TI",3.65491075725881,5.82366540434681
"2023-06-07","Zurich","ZH",16.7971419168166,42.4883811512602
"2023-06-08","9999","9999",0.0177519164940383,0.0719529114588325
"2023-06-08","Central","LU",1.61295672788088,4.10536054288591
"2023-06-08","Central","NW",0.220586249007421,0.406260345142856
"2023-06-08","Central","OW",0.163808762706515,0.325266586046777
"2023-06-08","Central","SZ",0.485464255130018,1.03708039080933
"2023-06-08","Central","UR",0.164471525838632,0.330228855802559
"2023-06-08","Central","ZG",0.421256956180625,1.16800274080434
"2023-06-08","Eastern","AI",0.0481287062475113,0.0840866806561888
"2023-06-08","Eastern","AR",0.282068165425449,0.507171159560085
"2023-06-08","Eastern","GL",0.309127160840559,0.648052037215664
"2023-06-08","Eastern","GR",1.96701235176209,3.52664432965514
"2023-06-08","Eastern","SG",4.88690814000937,9.51148153661781
"2023-06-08","Eastern","SH",0.72722740822464,1.64040402392494
"2023-06-08","Eastern","TG",2.11708419685359,4.21650179015581
"2023-06-08","Espace Mittelland","BE",10.9717554956671,23.4269774814918
"2023-06-08","Espace Mittelland","FR",0.975573718384965,2.3709113106442
"2023-06-08","Espace Mittelland","JU",0.131376856650867,0.313438710190531
"2023-06-08","Espace Mittelland","NE",1.52112969840679,2.95853241891617
"2023-06-08","Espace Mittelland","SO",0.550077488861592,1.63816080609013
"2023-06-08","Lake Geneva","GE",7.03435607451699,12.9254551522975
"2023-06-08","Lake Geneva","VD",8.58412986416806,17.3446962513111
"2023-06-08","Lake Geneva","VS",1.36239920488787,2.80527985502015
"2023-06-08","Northwestern","AG",4.43381250802858,9.30870823961101
"2023-06-08","Northwestern","BL",2.15285770665794,4.46553295796822
"2023-06-08","Northwestern","BS",2.47884479262957,6.45231020847651
"2023-06-08","Ticino","TI",2.26175345177807,3.65008928686746
"2023-06-08","Zurich","ZH",18.48527720245,44.8082762502371
"2023-06-09","9999","9999",0.0197763429362102,0.0859560288518599
"2023-06-09","Central","LU",6.26428768547105,10.7976270833886
"2023-06-09","Central","NW",0.685094228698009,0.987457693251517
"2023-06-09","Central","OW",0.395668841913453,0.650227278752445
"2023-06-09","Central","SZ",2.01870226440846,3.0558065013891
"2023-06-09","Central","UR",0.437299447080878,0.692270619080539
"2023-06-09","Central","ZG",1.99593306684468,3.53847220551138
"2023-06-09","Eastern","AI",0.191864084043741,0.260315233284458
"2023-06-09","Eastern","AR",0.334747817245874,0.547753009480654
"2023-06-09","Eastern","GL",0.359254275483814,0.685303048533037
"2023-06-09","Eastern","GR",2.56069847912731,4.35085694320104
"2023-06-09","Eastern","SG",5.40506861306194,10.0792875540157
"2023-06-09","Eastern","SH",0.75582772226528,1.65535880949031
"2023-06-09","Eastern","TG",2.49130598010895,4.55271256018452
"2023-06-09","Espace Mittelland","BE",12.1583451100172,24.288407118206
"2023-06-09","Espace Mittelland","FR",3.44984650507833,5.76160304425053
"2023-06-09","Espace Mittelland","JU",0.722704054938773,1.16599744001262
"2023-06-09","Espace Mittelland","NE",1.71336722991886,3.16922495464282
"2023-06-09","Espace Mittelland","SO",2.56177104998681,4.7802292296722
"2023-06-09","Lake Geneva","GE",7.60012857786467,12.9249453300623
"2023-06-09","Lake Geneva","VD",9.6825705643469,17.8547224153882
"2023-06-09","Lake Geneva","VS",4.91883296436514,7.4469394011696
"2023-06-09","Northwestern","AG",7.16774842516513,13.6412115823455
"2023-06-09","Northwestern","BL",2.44945053657071,4.69824981425477
"2023-06-09","Northwestern","BS",2.67416378267026,6.49163449688363
"2023-06-09","Ticino","TI",4.05800915336333,6.01199373802343
"2023-06-09","Zurich","ZH",20.3713756893632,45.8395106794163
"2023-06-10","9999","9999",0.0221666197651306,0.092175860121093
"2023-06-10","Central","LU",5.88599193588586,9.94588406914277
"2023-06-10","Central","NW",0.653108631605558,0.931037365891261
"2023-06-10","Central","OW",0.373706924336909,0.624498249950207
"2023-06-10","Central","SZ",2.05791801971244,3.09951526101879
"2023-06-10","Central","UR",0.381043449522721,0.636156185061393
"2023-06-10","Central","ZG",1.83948453691776,3.12466649128782
"2023-06-10","Eastern","AI",0.219496056051456,0.296716540876527
"2023-06-10","Eastern","AR",0.341669251991386,0.547651045033618
"2023-06-10","Eastern","GL",0.407791101653467,0.741247541807123
"2023-06-10","Eastern","GR",2.77003168026099,4.44242101663992
"2023-06-10","Eastern","SG",6.03218985285459,10.1020596138538
"2023-06-10","Eastern","SH",0.886981624151642,1.69481905049347
"2023-06-10","Eastern","TG",2.99151429482732,4.96029844313885
"2023-06-10","Espace Mittelland","BE",12.5541262869216,23.0563707046627
"2023-06-10","Espace Mittelland","FR",3.00491896543554,5.00516279983495
"2023-06-10","Espace Mittelland","JU",0.665080919472592,1.03602675818995
"2023-06-10","Espace Mittelland","NE",2.01192930561574,3.25168020414642
"2023-06-10","Espace Mittelland","SO",2.58432356625243,4.67918246265892
"2023-06-10","Lake Geneva","GE",7.81827582298842,11.7042269701401
"2023-06-10","Lake Geneva","VD",11.3716557318882,18.4871399040583
"2023-06-10","Lake Geneva","VS",4.38669574088065,6.42719296635649
"2023-06-10","Northwestern","AG",8.25010611928592,14.9726633317495
"2023-06-10","Northwestern","BL",2.71617618426372,4.52266703645773
"2023-06-10","Northwestern","BS",2.95154770506909,6.07677515004068
"2023-06-10","Ticino","TI",4.01662923230821,5.99557746205053
"2023-06-10","Zurich","ZH",23.1653693794857,44.1834721069458
"2023-06-11","9999","9999",0.0183146213624131,0.0751817856149918
"2023-06-11","Central","LU",1.56569624274621,4.04622116360467
"2023-06-11","Central","NW",0.251588266827535,0.41744244616787
"2023-06-11","Central","OW",0.193987362615052,0.367717784163018
"2023-06-11","Central","SZ",0.57221282353146,1.21891698802462
"2023-06-11","Central","UR",0.199837828153834,0.375806963627922
"2023-06-11","Central","ZG",0.411058747421305,1.16195285028016
"2023-06-11","Eastern","AI",0.077212570615216,0.12993669367365
"2023-06-11","Eastern","AR",0.102315854016313,0.178199865270977
"2023-06-11","Eastern","GL",0.120736595643652,0.335870888538584
"2023-06-11","Eastern","GR",1.17662996178468,2.01947384985803
"2023-06-11","Eastern","SG",1.21396000004182,3.29032472957329
"2023-06-11","Eastern","SH",0.254992828452881,0.6696005236894
"2023-06-11","Eastern","TG",0.594248632516503,1.41404295150367
"2023-06-11","Espace Mittelland","BE",4.12301194899146,10.9095160699367
"2023-06-11","Espace Mittelland","FR",0.906248790316503,2.27176787997561
"2023-06-11","Espace Mittelland","JU",0.135404480783,0.319998422949886
"2023-06-11","Espace Mittelland","NE",0.390708593779924,0.906192028963341
"2023-06-11","Espace Mittelland","SO",0.552629254582539,1.61566065144405
"2023-06-11","Lake Geneva","GE",1.93273263574711,4.54003498060296
"2023-06-11","Lake Geneva","VD",2.44418356214209,6.18812032620466
"2023-06-11","Lake Geneva","VS",1.4624031181681,2.86764810845754
"2023-06-11","Northwestern","AG",1.64800847185812,4.74168666869236
"2023-06-11","Northwestern","BL",0.505635904766228,1.52450443579333
"2023-06-11","Northwestern","BS",0.888394227068553,2.69189538991544
"2023-06-11","Ticino","TI",1.54099143802248,2.52905816799798
"2023-06-11","Zurich","ZH",6.0523405126159,18.1196940250873
"2023-06-12","9999","9999",0.0128851594563007,0.0622323008413426
"2023-06-12","Central","LU",3.6339601678825,8.12690631030772
"2023-06-12","Central","NW",0.399532212442424,0.725511028814473
"2023-06-12","Central","OW",0.257787003732834,0.493032089571008
"2023-06-12","Central","SZ",1.30802095527294,2.32077879085121
"2023-06-12","Central","UR",0.268155927530687,0.502344842400352
"2023-06-12","Central","ZG",1.34406049999362,2.88008777099601
"2023-06-12","Eastern","AI",0.0945842727558743,0.159642335910315
"2023-06-12","Eastern","AR",0.22102842265198,0.450886784795877
"2023-06-12","Eastern","GL",0.239433241736156,0.553768911855814
"2023-06-12","Eastern","GR",1.7448115427802,3.34813857104305
"2023-06-12","Eastern","SG",3.54910631162915,7.93164439423262
"2023-06-12","Eastern","SH",0.550522544697929,1.33281127536451
"2023-06-12","Eastern","TG",1.69985470816424,3.6945117976264
"2023-06-12","Espace Mittelland","BE",7.89536122080747,18.8953375736948
"2023-06-12","Espace Mittelland","FR",2.0118854383436,4.33260530718149
"2023-06-12","Espace Mittelland","JU",0.387421332660707,0.78318891768818
"2023-06-12","Espace Mittelland","NE",1.04579908467463,2.38022406347355
"2023-06-12","Espace Mittelland","SO",1.53272869153032,3.71990094493852
"2023-06-12","Lake Geneva","GE",5.56496761213352,10.7587446409186
"2023-06-12","Lake Geneva","VD",6.62681152165718,14.394694857797
"2023-06-12","Lake Geneva","VS",2.96613674503282,5.46549829005622
"2023-06-12","Northwestern","AG",4.31539895112577,10.0951260314554
"2023-06-12","Northwestern","BL",1.69250900382418,3.90160158955775
"2023-06-12","Northwestern","BS",2.08823559530577,5.67493326426941
"2023-06-12","Ticino","TI",2.74685009039568,4.84963302995512
"2023-06-12","Zurich","ZH",14.6420978758102,38.9824695925025
"2023-06-13","9999","9999",0.0119978124947611,0.0634218860567697
"2023-06-13","Central","LU",3.94765287322389,8.44996366666871
"2023-06-13","Central","NW",0.427661448684277,0.729691571142974
"2023-06-13","Central","OW",0.256589813323141,0.493711852551252
"2023-06-13","Central","SZ",1.31510141181697,2.34144358545063
"2023-06-13","Central","UR",0.267878406923476,0.504961929874291
"2023-06-13","Central","ZG",1.38966616453743,2.99598735912762
"2023-06-13","Eastern","AI",0.113644062089507,0.169736816166939
"2023-06-13","Eastern","AR",0.229933106874252,0.467337048917783
"2023-06-13","Eastern","GL",0.250442004276632,0.554176769643961
"2023-06-13","Eastern","GR",1.69600332066087,3.33056669800374
"2023-06-13","Eastern","SG",3.79886684985528,8.14644949598974
"2023-06-13","Eastern","SH",0.577811915738168,1.36652751918461
"2023-06-13","Eastern","TG",1.75399258455132,3.7404637750909
"2023-06-13","Espace Mittelland","BE",8.74875961293684,19.9691591535863
"2023-06-13","Espace Mittelland","FR",2.1989146965884,4.66055695700023
"2023-06-13","Espace Mittelland","JU",0.453697567551928,0.886852772175398
"2023-06-13","Espace Mittelland","NE",1.32299248871453,2.73142360721664
"2023-06-13","Espace Mittelland","SO",1.70094715283253,3.93011764657899
"2023-06-13","Lake Geneva","GE",6.20432822028726,11.9254218439115
"2023-06-13","Lake Geneva","VD",7.00062580372179,14.9085276945635
"2023-06-13","Lake Geneva","VS",3.27077322003834,5.83443964758368
"2023-06-13","Northwestern","AG",5.03422164533309,11.004920804214
"2023-06-13","Northwestern","BL",1.7490585150211,3.96923800609204
"2023-06-13","Northwestern","BS",2.31725699364912,6.13254970256971
"2023-06-13","Ticino","TI",2.79229360423983,5.02827474116325
"2023-06-13","Zurich","ZH",15.7298520041123,41.6909851872849
"2023-06-14","9999","9999",0.0165040645150121,0.0699815988161248
"2023-06-14","Central","LU",4.17706068106654,8.76187291015369
"2023-06-14","Central","NW",0.453225542075953,0.774929797478215
"2023-06-14","Central","OW",0.287832012486062,0.514580576044745
"2023-06-14","Central","SZ",1.35088064292864,2.41305661541934
"2023-06-14","Central","UR",0.314261248997729,0.542518834532775
"2023-06-14","Central","ZG",1.43016772198419,3.09353334679264
"2023-06-14","Eastern","AI",0.118396295080314,0.179355462337392
"2023-06-14","Eastern","AR",0.252983807639043,0.483141538208457
"2023-06-14","Eastern","GL",0.263681634161385,0.590714029832078
"2023-06-14","Eastern","GR",1.74289633025989,3.4778033595246
"2023-06-14","Eastern","SG",4.01636951785047,8.46481648778704
"2023-06-14","Eastern","SH",0.605972347006789,1.3776416439116
"2023-06-14","Eastern","TG",1.82818348253721,3.83457695970569
"2023-06-14","Espace Mittelland","BE",9.20833641703705,20.6550400006526
"2023-06-14","Espace Mittelland","FR",2.34047244143577,4.8710455638328
"2023-06-14","Espace Mittelland","JU",0.479187076399311,0.928046408778187
"2023-06-14","Espace Mittelland","NE",1.3537612252216,2.80762503730199
"2023-06-14","Espace Mittelland","SO",1.78928208585409,4.06205964104436
"2023-06-14","Lake Geneva","GE",6.73829879577994,12.1601440009897
"2023-06-14","Lake Geneva","VD",7.62889974792061,15.5421007802999
"2023-06-14","Lake Geneva","VS",3.3955720887718,6.09356529565271
"2023-06-14","Northwestern","AG",5.16784698750868,11.2764861148215
"2023-06-14","Northwestern","BL",1.84737254757053,4.09574189671545
"2023-06-14","Northwestern","BS",2.46439170518208,6.34555343242918
"2023-06-14","Ticino","TI",2.87291807902059,5.23026631074277
"2023-06-14","Zurich","ZH",16.2612290847596,41.5952745596665
"2023-06-15","9999","9999",0.0160902976899581,0.0659370090836727
"2023-06-15","Central","LU",4.14419963388567,8.73019595527431
"2023-06-15","Central","NW",0.432065132271045,0.752055773193003
"2023-06-15","Central","OW",0.290339672057562,0.527224167477284
"2023-06-15","Central","SZ",1.37476446159011,2.41815483777117
"2023-06-15","Central","UR",0.319001604695516,0.552273433299277
"2023-06-15","Central","ZG",1.46374526794333,3.09492686090214
"2023-06-15","Eastern","AI",0.115969618832135,0.176976291906538
"2023-06-15","Eastern","AR",0.246800292309071,0.465841570361246
"2023-06-15","Eastern","GL",0.265193739266993,0.576133113905843
"2023-06-15","Eastern","GR",1.86446089814805,3.4582941619916
"2023-06-15","Eastern","SG",4.11240349391035,8.4602620758194
"2023-06-15","Eastern","SH",0.592233154183315,1.40931859879097
"2023-06-15","Eastern","TG",1.92057109831208,3.86431659009137
"2023-06-15","Espace Mittelland","BE",9.34311104884811,20.8114874505557
"2023-06-15","Espace Mittelland","FR",2.30900891265724,4.8440249853681
"2023-06-15","Espace Mittelland","JU",0.503074188434808,0.96172866444928
"2023-06-15","Espace Mittelland","NE",1.38083289679811,2.8937170187499
"2023-06-15","Espace Mittelland","SO",1.89599487615224,4.19505526812911
"2023-06-15","Lake Geneva","GE",6.91092025928119,12.7837925472146
"2023-06-15","Lake Geneva","VD",7.54110915362688,15.4052305042278
"2023-06-15","Lake Geneva","VS",3.38967472104427,6.12962672175466
"2023-06-15","Northwestern","AG",5.20687941426908,11.1689815994959
"2023-06-15","Northwestern","BL",1.87053053557463,4.07099852423457
"2023-06-15","Northwestern","BS",2.64390758288092,6.51267316112218
"2023-06-15","Ticino","TI",3.0831621741527,5.55838790130657
"2023-06-15","Zurich","ZH",16.4826492270359,41.0579219237836
"2023-06-16","9999","9999",0.0204181671017021,0.0879273414945677
"2023-06-16","Central","LU",5.31371315872136,10.1405341985357
"2023-06-16","Central","NW",0.572637512140303,0.895145880534375
"2023-06-16","Central","OW",0.365822817957513,0.598701244849946
"2023-06-16","Central","SZ",1.75052809996594,2.78940738943145
"2023-06-16","Central","UR",0.388425271328496,0.639147142174467
"2023-06-16","Central","ZG",1.78444838003729,3.43307495542454
"2023-06-16","Eastern","AI",0.155346972676748,0.203385083689019
"2023-06-16","Eastern","AR",0.30743104971966,0.519338916906453
"2023-06-16","Eastern","GL",0.347765291234495,0.673373208229754
"2023-06-16","Eastern","GR",2.30059850866077,3.92682079612481
"2023-06-16","Eastern","SG",5.14819872588561,9.44245160597403
"2023-06-16","Eastern","SH",0.709906058287622,1.53453093975193
"2023-06-16","Eastern","TG",2.36967093166697,4.29814132408312
"2023-06-16","Espace Mittelland","BE",11.2247186619572,22.5805706066409
"2023-06-16","Espace Mittelland","FR",3.11415150797938,5.69705954927636
"2023-06-16","Espace Mittelland","JU",0.599930579904779,1.07008288350018
"2023-06-16","Espace Mittelland","NE",1.62326967998433,3.12724959061274
"2023-06-16","Espace Mittelland","SO",2.17229182456473,4.47936613461618
"2023-06-16","Lake Geneva","GE",7.49947904187816,12.9755536839415
"2023-06-16","Lake Geneva","VD",9.36399689464199,17.1041961089007
"2023-06-16","Lake Geneva","VS",4.27995576947771,7.13703545847634
"2023-06-16","Northwestern","AG",6.20611149029729,12.3142802567601
"2023-06-16","Northwestern","BL",2.2995817489388,4.49401502684044
"2023-06-16","Northwestern","BS",2.76464981759544,6.73189672225089
"2023-06-16","Ticino","TI",3.48177071461874,5.92624163806564
"2023-06-16","Zurich","ZH",19.474796440996,44.1019345374655
"2023-06-17","9999","9999",0.0246601111710711,0.0949628883400936
"2023-06-17","Central","LU",5.88639165594202,10.13040573013
"2023-06-17","Central","NW",0.675647696337537,0.989836863682371
"2023-06-17","Central","OW",0.418834289938397,0.69706294809126
"2023-06-17","Central","SZ",2.00619625806373,3.05002851605702
"2023-06-17","Central","UR",0.389793180692744,0.683263759592305
"2023-06-17","Central","ZG",1.77375582056378,3.24896115222544
"2023-06-17","Eastern","AI",0.193400405825917,0.266908934192826
"2023-06-17","Eastern","AR",0.328611497806262,0.531472686103809
"2023-06-17","Eastern","GL",0.373754245539956,0.727890199245327
"2023-06-17","Eastern","GR",2.61331246710028,4.10134994130247
"2023-06-17","Eastern","SG",5.57507017990128,9.47399260825735
"2023-06-17","Eastern","SH",0.822647986518642,1.60291509556448
"2023-06-17","Eastern","TG",2.7139230230094,4.54261807992789
"2023-06-17","Espace Mittelland","BE",12.333695644942,23.3004735908683
"2023-06-17","Espace Mittelland","FR",2.99341334984318,5.15634208664123
"2023-06-17","Espace Mittelland","JU",0.631331334859671,0.998469853531471
"2023-06-17","Espace Mittelland","NE",1.86418515541458,3.17082239764639
"2023-06-17","Espace Mittelland","SO",2.49183490929243,4.65335146940965
"2023-06-17","Lake Geneva","GE",7.78463986565352,11.7315874300949
"2023-06-17","Lake Geneva","VD",10.6023817234549,17.4062487891722
"2023-06-17","Lake Geneva","VS",4.41893295801453,6.91913743515911
"2023-06-17","Northwestern","AG",7.56844483553663,13.0128386834079
"2023-06-17","Northwestern","BL",2.55421276833905,4.31673284159279
"2023-06-17","Northwestern","BS",3.18394000683354,6.65613713810269
"2023-06-17","Ticino","TI",3.97906478883988,6.04819111672142
"2023-06-17","Zurich","ZH",22.4338969961911,44.4072840681911
"2023-06-18","9999","9999",0.0176825794184714,0.0767792286185653
"2023-06-18","Central","LU",1.67731538889087,4.11001691930058
"2023-06-18","Central","NW",0.257419958959547,0.434640449568045
"2023-06-18","Central","OW",0.244758447403546,0.401264087238062
"2023-06-18","Central","SZ",0.570111294543212,1.15073676110614
"2023-06-18","Central","UR",0.203911183584311,0.402249743559416
"2023-06-18","Central","ZG",0.412040556651952,1.22551068893298
"2023-06-18","Eastern","AI",0.0704357897855726,0.125008412066881
"2023-06-18","Eastern","AR",0.097621824852127,0.185541305457613
"2023-06-18","Eastern","GL",0.11661044441216,0.349058290355319
"2023-06-18","Eastern","GR",1.17053036287809,1.93773235148368
"2023-06-18","Eastern","SG",1.12165435834369,3.14424366511885
"2023-06-18","Eastern","SH",0.239959300475922,0.649037693537018
"2023-06-18","Eastern","TG",0.546331497159179,1.36472614728696
"2023-06-18","Espace Mittelland","BE",4.23302585920868,10.4502002241858
"2023-06-18","Espace Mittelland","FR",0.902278923584547,2.23081216041591
"2023-06-18","Espace Mittelland","JU",0.124980431151376,0.292094152610868
"2023-06-18","Espace Mittelland","NE",0.384332868369749,0.895757667216595
"2023-06-18","Espace Mittelland","SO",0.525078888545554,1.56664974056846
"2023-06-18","Lake Geneva","GE",2.00289104981827,4.59676120130433
"2023-06-18","Lake Geneva","VD",2.41995664909445,5.97090206586767
"2023-06-18","Lake Geneva","VS",1.63032896260046,3.18948189145409
"2023-06-18","Northwestern","AG",1.56436019413238,4.3916767101647
"2023-06-18","Northwestern","BL",0.481738101992207,1.43239655197026
"2023-06-18","Northwestern","BS",0.990056222985498,2.94643263786783
"2023-06-18","Ticino","TI",1.46854239028787,2.48823840103433
"2023-06-18","Zurich","ZH",5.94491038942691,18.0254108997275
"2023-06-19","9999","9999",0.0129765045723447,0.0592073555792566
"2023-06-19","Central","LU",3.67142974181549,8.38705160284712
"2023-06-19","Central","NW",0.394965226845704,0.709468622480713
"2023-06-19","Central","OW",0.266404201073337,0.493473935508167
"2023-06-19","Central","SZ",1.22379856530837,2.26989853177994
"2023-06-19","Central","UR",0.269132285659494,0.513662896021415
"2023-06-19","Central","ZG",1.25307212567052,2.87655300349874
"2023-06-19","Eastern","AI",0.0885441856270602,0.151417203849362
"2023-06-19","Eastern","AR",0.216365341805212,0.446570289871328
"2023-06-19","Eastern","GL",0.241326160346424,0.550981883636814
"2023-06-19","Eastern","GR",1.82200399287727,3.5048239379893
"2023-06-19","Eastern","SG",3.53952268327418,7.95652371930955
"2023-06-19","Eastern","SH",0.542386982750008,1.33315115685463
"2023-06-19","Eastern","TG",1.6566254459854,3.60903160286072
"2023-06-19","Espace Mittelland","BE",8.32137591982106,19.3420778043112
"2023-06-19","Espace Mittelland","FR",2.14484391339661,4.63788686160909
"2023-06-19","Espace Mittelland","JU",0.418447688554053,0.85123319201061
"2023-06-19","Espace Mittelland","NE",1.21131601984807,2.64801668954069
"2023-06-19","Espace Mittelland","SO",1.48212430394236,3.70783515203919
"2023-06-19","Lake Geneva","GE",6.19687145757925,11.6912774853664
"2023-06-19","Lake Geneva","VD",6.90834661866449,14.8142445692036
"2023-06-19","Lake Geneva","VS",3.20772423323781,6.02905578882755
"2023-06-19","Northwestern","AG",4.40916168174433,10.3202635305122
"2023-06-19","Northwestern","BL",1.67241273368461,3.92532531756827
"2023-06-19","Northwestern","BS",1.99899263872947,5.64719893467546
"2023-06-19","Ticino","TI",2.74215352756562,5.07167760745183
"2023-06-19","Zurich","ZH",15.3540268450397,39.0654686523903
"2023-06-20","9999","9999",0.0123190398172327,0.0619264075002328
"2023-06-20","Central","LU",3.84306070643453,8.31438494025903
"2023-06-20","Central","NW",0.386099479624582,0.70647766536764
"2023-06-20","Central","OW",0.270529506444199,0.501325197929986
"2023-06-20","Central","SZ",1.26285877232485,2.25038933424693
"2023-06-20","Central","UR",0.280070293524643,0.507918898838353
"2023-06-20","Central","ZG",1.30431764428817,2.95632318923038
"2023-06-20","Eastern","AI",0.102217389573296,0.159132513675132
"2023-06-20","Eastern","AR",0.230675878240352,0.450376962560694
"2023-06-20","Eastern","GL",0.245809625037932,0.560702494254303
"2023-06-20","Eastern","GR",1.74807851107633,3.39041982841423
"2023-06-20","Eastern","SG",3.67237547274064,8.02327644396952
"2023-06-20","Eastern","SH",0.548276941364984,1.31795845424617
"2023-06-20","Eastern","TG",1.69425634825354,3.60104438784285
"2023-06-20","Espace Mittelland","BE",8.40138357814922,19.3857865639409
"2023-06-20","Espace Mittelland","FR",2.16486497634447,4.60019400435456
"2023-06-20","Espace Mittelland","JU",0.440662420558561,0.860138087051807
"2023-06-20","Espace Mittelland","NE",1.25299321783856,2.65644575049572
"2023-06-20","Espace Mittelland","SO",1.55412930617416,3.75341325986455
"2023-06-20","Lake Geneva","GE",6.0181521847932,11.7883476389453
"2023-06-20","Lake Geneva","VD",6.93297831126799,14.6233671243511
"2023-06-20","Lake Geneva","VS",3.32513430964734,5.9202937119885
"2023-06-20","Northwestern","AG",4.52494373881371,10.40601563047
"2023-06-20","Northwestern","BL",1.6555215821986,3.80300196927335
"2023-06-20","Northwestern","BS",1.99233770099083,5.58398097751276
"2023-06-20","Ticino","TI",2.82002990689068,5.01315001485282
"2023-06-20","Zurich","ZH",14.6848551751694,39.3755765239776
"2023-06-21","9999","9999",0.0150811585457004,0.0633539097587453
"2023-06-21","Central","LU",3.90654425413394,8.52273229370383
"2023-06-21","Central","NW",0.415458142964599,0.755080718455089
"2023-06-21","Central","OW",0.269661085614265,0.496634833366302
"2023-06-21","Central","SZ",1.32247244106767,2.33852060463558
"2023-06-21","Central","UR",0.302394356931656,0.536366979561567
"2023-06-21","Central","ZG",1.3568204133363,3.00842702166609
"2023-06-21","Eastern","AI",0.112422619759053,0.170076697657061
"2023-06-21","Eastern","AR",0.25351035979751,0.463870257718539
"2023-06-21","Eastern","GL",0.256473895172578,0.574603647200294
"2023-06-21","Eastern","GR",1.83193200398947,3.5722224374805
"2023-06-21","Eastern","SG",3.94989749363546,8.2761482726203
"2023-06-21","Eastern","SH",0.560792373573314,1.32261483066085
"2023-06-21","Eastern","TG",1.78515291537007,3.63931504363059
"2023-06-21","Espace Mittelland","BE",8.77146337769842,19.611739778574
"2023-06-21","Espace Mittelland","FR",2.28912902228219,4.76010824545697
"2023-06-21","Espace Mittelland","JU",0.47865152130756,0.898204813945474
"2023-06-21","Espace Mittelland","NE",1.3250395301805,2.72877253159368
"2023-06-21","Espace Mittelland","SO",1.64848998977006,3.82033592526958
"2023-06-21","Lake Geneva","GE",6.48164432894287,11.9560791543205
"2023-06-21","Lake Geneva","VD",7.41621478487863,15.1919548691762
"2023-06-21","Lake Geneva","VS",3.50183409801027,6.20045802429609
"2023-06-21","Northwestern","AG",4.84453290336567,10.6131733986993
"2023-06-21","Northwestern","BL",1.77574389066293,3.8644185545384
"2023-06-21","Northwestern","BS",2.12614280029845,5.59366759998124
"2023-06-21","Ticino","TI",2.78619438910334,5.03221736644867
"2023-06-21","Zurich","ZH",15.6423036979809,39.8643600949221
"2023-06-22","9999","9999",0.0137747268019952,0.0609067630298667
"2023-06-22","Central","LU",3.98462230073097,8.32950966656946
"2023-06-22","Central","NW",0.396360939962156,0.697640746624467
"2023-06-22","Central","OW",0.279092380735325,0.487492021282019
"2023-06-22","Central","SZ",1.32470213360551,2.27023841327006
"2023-06-22","Central","UR",0.297225788205732,0.532798223915285
"2023-06-22","Central","ZG",1.38017961435389,2.9669614798712
"2023-06-22","Eastern","AI",0.102633658736048,0.157637035118595
"2023-06-22","Eastern","AR",0.238147604066282,0.44429308388751
"2023-06-22","Eastern","GL",0.2586118627403,0.560362612764181
"2023-06-22","Eastern","GR",1.98478673838714,3.59241139799375
"2023-06-22","Eastern","SG",4.09128104993328,8.32427549162158
"2023-06-22","Eastern","SH",0.59021119875067,1.3403226562962
"2023-06-22","Eastern","TG",1.817180249419,3.66409240426048
"2023-06-22","Espace Mittelland","BE",8.75671158005172,19.1503166675843
"2023-06-22","Espace Mittelland","FR",2.12719466323659,4.42253794946778
"2023-06-22","Espace Mittelland","JU",0.588410478949119,1.02358709565149
"2023-06-22","Espace Mittelland","NE",1.32931787366912,2.654440449704
"2023-06-22","Espace Mittelland","SO",1.75519015481509,3.89993617025616
"2023-06-22","Lake Geneva","GE",6.36482067674356,11.8324302682141
"2023-06-22","Lake Geneva","VD",6.80424111543923,13.9124709996119
"2023-06-22","Lake Geneva","VS",3.33155023301757,5.85381289252064
"2023-06-22","Northwestern","AG",4.82698699309535,10.4666165001587
"2023-06-22","Northwestern","BL",1.75662648882191,3.85153704606278
"2023-06-22","Northwestern","BS",2.16923163786457,5.57092952829207
"2023-06-22","Ticino","TI",3.14942682153649,5.41471999543199
"2023-06-22","Zurich","ZH",15.7107249414464,39.4537492667057
"2023-06-23","9999","9999",0.0221019584191596,0.093025563846398
"2023-06-23","Central","LU",5.76200157677037,10.72910697498
"2023-06-23","Central","NW",0.594188682144321,0.888960037414155
"2023-06-23","Central","OW",0.363171824169369,0.589864326106773
"2023-06-23","Central","SZ",1.8444487872252,2.82638649555673
"2023-06-23","Central","UR",0.414281433347022,0.663346704271155
"2023-06-23","Central","ZG",1.87246560623965,3.45611892045482
"2023-06-23","Eastern","AI",0.14701831562778,0.197777039102006
"2023-06-23","Eastern","AR",0.335643810782747,0.530113160143321
"2023-06-23","Eastern","GL",0.380269310824909,0.699510094820138
"2023-06-23","Eastern","GR",2.68508507695591,4.28682327046206
"2023-06-23","Eastern","SG",5.75572529480857,10.0880225083118
"2023-06-23","Eastern","SH",0.795282828715529,1.63071740145646
"2023-06-23","Eastern","TG",2.54363791663791,4.44497012781583
"2023-06-23","Espace Mittelland","BE",12.3269583258604,23.636650372748
"2023-06-23","Espace Mittelland","FR",3.29851695529787,5.77159556006012
"2023-06-23","Espace Mittelland","JU",0.147028101765351,0.319114731075569
"2023-06-23","Espace Mittelland","NE",1.89284122185242,3.27265089208695
"2023-06-23","Espace Mittelland","SO",2.44150263428608,4.72129377928504
"2023-06-23","Lake Geneva","GE",8.29910350090476,13.0915552365201
"2023-06-23","Lake Geneva","VD",10.2387486585326,17.8845640102209
"2023-06-23","Lake Geneva","VS",4.66961168187102,7.37019416070005
"2023-06-23","Northwestern","AG",6.81969938684934,13.0374121151437
"2023-06-23","Northwestern","BL",2.41087082146856,4.61195390391278
"2023-06-23","Northwestern","BS",2.80273474338901,6.46457993026991
"2023-06-23","Ticino","TI",4.13595920871571,5.99323227976869
"2023-06-23","Zurich","ZH",20.9913023127549,45.6675986217126
"2023-06-24","9999","9999",0.0252020572098072,0.0972400943239111
"2023-06-24","Central","LU",6.2823704822804,11.5878175597733
"2023-06-24","Central","NW",0.678635757754867,0.978076964124149
"2023-06-24","Central","OW",0.447118326507662,0.729861511888035
"2023-06-24","Central","SZ",2.07366483141408,3.09628638686263
"2023-06-24","Central","UR",0.414491022730362,0.705763914238383
"2023-06-24","Central","ZG",1.9379707412657,3.21147222386498
"2023-06-24","Eastern","AI",0.190118642800798,0.269424057219729
"2023-06-24","Eastern","AR",0.348987927951487,0.542518834532775
"2023-06-24","Eastern","GL",0.422364434455213,0.773672235964764
"2023-06-24","Eastern","GR",2.89047346606278,4.52297292979884
"2023-06-24","Eastern","SG",6.38471436717816,10.3860645869998
"2023-06-24","Eastern","SH",0.878520887531641,1.68951689924757
"2023-06-24","Eastern","TG",2.9839224450438,4.81853387360895
"2023-06-24","Espace Mittelland","BE",13.0412917870767,23.3852400345048
"2023-06-24","Espace Mittelland","FR",3.08197119063699,5.13856628470785
"2023-06-24","Espace Mittelland","JU",0.721202057084495,1.06648013970489
"2023-06-24","Espace Mittelland","NE",2.04082279260127,3.30337617879398
"2023-06-24","Espace Mittelland","SO",2.71573504836484,4.81261993568083
"2023-06-24","Lake Geneva","GE",8.12533884109739,11.6584789215696
"2023-06-24","Lake Geneva","VD",11.3990677057276,18.0133790949772
"2023-06-24","Lake Geneva","VS",4.53875516656862,6.99272177777053
"2023-06-24","Northwestern","AG",8.16550096563802,13.918486901987
"2023-06-24","Northwestern","BL",2.73616660042782,4.4429308388751
"2023-06-24","Northwestern","BS",3.07326557344845,6.20229338434275
"2023-06-24","Ticino","TI",4.17344893841104,6.21785995659034
"2023-06-24","Zurich","ZH",23.7966051477582,44.6594081575636
"2023-06-25","9999","9999",0.0201363897791887,0.0793963160925049
"2023-06-25","Central","LU",1.74897596137318,4.44452828187867
"2023-06-25","Central","NW",0.288916715179972,0.483039573761421
"2023-06-25","Central","OW",0.278820608847584,0.475902062468858
"2023-06-25","Central","SZ",0.606369204451277,1.26697623072787
"2023-06-25","Central","UR",0.238811483264508,0.438209205214326
"2023-06-25","Central","ZG",0.432974287555968,1.21279912120242
"2023-06-25","Eastern","AI",0.0851362718873634,0.146556898540617
"2023-06-25","Eastern","AR",0.113275670204846,0.204880562245556
"2023-06-25","Eastern","GL",0.13819380019637,0.40170593317522
"2023-06-25","Eastern","GR",1.36783094591846,2.29175291159479
"2023-06-25","Eastern","SG",1.3478577250045,3.52378932513811
"2023-06-25","Eastern","SH",0.257960503062609,0.705288080152213
"2023-06-25","Eastern","TG",0.618302888178983,1.51223471399992
"2023-06-25","Espace Mittelland","BE",3.97546206478175,9.90883698671947
"2023-06-25","Espace Mittelland","FR",0.951620770197066,2.34956675306454
"2023-06-25","Espace Mittelland","JU",0.126574788371251,0.289375100689891
"2023-06-25","Espace Mittelland","NE",0.421751318642878,0.951124361957473
"2023-06-25","Espace Mittelland","SO",0.592070506148943,1.68757957475387
"2023-06-25","Lake Geneva","GE",2.15058098270263,4.8342703866016
"2023-06-25","Lake Geneva","VD",2.701632448752,6.50009754598767
"2023-06-25","Lake Geneva","VS",1.80554359591731,3.42230071218767
"2023-06-25","Northwestern","AG",1.63287038219277,4.7846816771928
"2023-06-25","Northwestern","BL",0.525463116820907,1.57793380604051
"2023-06-25","Northwestern","BS",0.877795315331693,2.73516230360798
"2023-06-25","Ticino","TI",1.73936002584136,2.81469457229653
"2023-06-25","Zurich","ZH",6.20397465837579,18.9955006488338
"2023-06-26","9999","9999",0.015091250132944,0.0658690327856483
"2023-06-26","Central","LU",4.09442562297939,8.70936121992983
"2023-06-26","Central","NW",0.441496493964469,0.780571830214241
"2023-06-26","Central","OW",0.288846391267003,0.556046117839632
"2023-06-26","Central","SZ",1.38224781016767,2.48004725712239
"2023-06-26","Central","UR",0.305547345507834,0.568757685570195
"2023-06-26","Central","ZG",1.35591962267316,3.03191283263352
"2023-06-26","Eastern","AI",0.10645098076894,0.17299967847211
"2023-06-26","Eastern","AR",0.248632011336318,0.490007144308922
"2023-06-26","Eastern","GL",0.292781828338483,0.618108477935913
"2023-06-26","Eastern","GR",2.10954309479188,3.91811982997768
"2023-06-26","Eastern","SG",4.2002529851665,8.90839582054529
"2023-06-26","Eastern","SH",0.644643469881333,1.45336723991079
"2023-06-26","Eastern","TG",1.95979201493232,4.05526201124192
"2023-06-26","Espace Mittelland","BE",9.2641918643425,20.6150019611162
"2023-06-26","Espace Mittelland","FR",2.47913447248335,5.02358437659957
"2023-06-26","Espace Mittelland","JU",0.517878315875977,0.929949745122871
"2023-06-26","Espace Mittelland","NE",1.50562693316111,2.86999329073939
"2023-06-26","Espace Mittelland","SO",1.7961086197361,4.07735430809985
"2023-06-26","Lake Geneva","GE",6.94407328110439,12.3075166151066
"2023-06-26","Lake Geneva","VD",8.18034817714704,15.9464577890981
"2023-06-26","Lake Geneva","VS",3.54201032022807,6.14798032222125
"2023-06-26","Northwestern","AG",5.2253844012656,11.3179176684674
"2023-06-26","Northwestern","BL",1.91159360741925,4.18903936575395
"2023-06-26","Northwestern","BS",2.27488240314895,5.85418676215977
"2023-06-26","Ticino","TI",3.49279731072084,5.32801622730186
"2023-06-26","Zurich","ZH",16.6315165822538,41.3064092812118
"2023-06-27","9999","9999",0.014136406625913,0.0677043928323072
"2023-06-27","Central","LU",4.29951760059164,8.78199389436891
"2023-06-27","Central","NW",0.431913441264654,0.747195467884258
"2023-06-27","Central","OW",0.290919172741881,0.534055785428737
"2023-06-27","Central","SZ",1.41266041193718,2.45404632312805
"2023-06-27","Central","UR",0.296937424135161,0.541567166360433
"2023-06-27","Central","ZG",1.41122090986902,3.05329137836219
"2023-06-27","Eastern","AI",0.119568892875381,0.177044268204562
"2023-06-27","Eastern","AR",0.245366151274256,0.482189870036116
"2023-06-27","Eastern","GL",0.282299328170887,0.594724631415518
"2023-06-27","Eastern","GR",2.04000555808755,3.69213262719555
"2023-06-27","Eastern","SG",4.30399084838321,8.81533626854988
"2023-06-27","Eastern","SH",0.649239402708517,1.4494925909234
"2023-06-27","Eastern","TG",1.97963697048013,3.95747810653381
"2023-06-27","Espace Mittelland","BE",9.52475183026716,21.2767852105328
"2023-06-27","Espace Mittelland","FR",2.52748521323032,4.95968665645663
"2023-06-27","Espace Mittelland","JU",0.523618318282059,0.928352302119297
"2023-06-27","Espace Mittelland","NE",1.47699140625571,2.84055955369482
"2023-06-27","Espace Mittelland","SO",1.81068244595654,4.08727884761142
"2023-06-27","Lake Geneva","GE",7.12114633288265,12.155181731234
"2023-06-27","Lake Geneva","VD",8.03626800932735,15.6518145253113
"2023-06-27","Lake Geneva","VS",3.48837125881962,5.97545647783531
"2023-06-27","Northwestern","AG",5.27969640354588,11.3681861408564
"2023-06-27","Northwestern","BL",1.87555312285342,4.06658006486298
"2023-06-27","Northwestern","BS",2.31157465074268,5.95142685648368
"2023-06-27","Ticino","TI",3.5178696066443,5.33325040224974
"2023-06-27","Zurich","ZH",16.7214580669859,41.306851127149
"2023-06-28","9999","9999",0.0168803236867406,0.0690639187927953
"2023-06-28","Central","LU",4.39910039667457,9.06596487936586
"2023-06-28","Central","NW",0.472274542770526,0.801372577409709
"2023-06-28","Central","OW",0.294383727815646,0.535585252134286
"2023-06-28","Central","SZ",1.45409450331684,2.51094248457448
"2023-06-28","Central","UR",0.319047680603747,0.559750826081962
"2023-06-28","Central","ZG",1.45734347749447,3.11885451780673
"2023-06-28","Eastern","AI",0.123996961527639,0.18904208480587
"2023-06-28","Eastern","AR",0.268073514859541,0.497450548942595
"2023-06-28","Eastern","GL",0.289817631155791,0.613214184478156
"2023-06-28","Eastern","GR",2.12126702857936,3.81003751611888
"2023-06-28","Eastern","SG",4.56931392992226,9.14019499680851
"2023-06-28","Eastern","SH",0.646283832521052,1.43351816088766
"2023-06-28","Eastern","TG",2.06338157058517,3.99591870306662
"2023-06-28","Espace Mittelland","BE",9.70056105269893,21.0092644896577
"2023-06-28","Espace Mittelland","FR",2.6697340888691,5.11572624857165
"2023-06-28","Espace Mittelland","JU",0.533245598527986,0.952381923470924
"2023-06-28","Espace Mittelland","NE",1.56159946950754,2.96978249623921
"2023-06-28","Espace Mittelland","SO",1.88036285478699,4.19770634375206
"2023-06-28","Lake Geneva","GE",7.18170197317003,12.355745798555
"2023-06-28","Lake Geneva","VD",8.55635571317002,16.3480957459753
"2023-06-28","Lake Geneva","VS",3.63236390747621,6.06732644461529
"2023-06-28","Northwestern","AG",5.44861194016004,11.5971982889006
"2023-06-28","Northwestern","BL",1.90248207111262,4.12779272123396
"2023-06-28","Northwestern","BS",2.41162559544036,6.01009040167874
"2023-06-28","Ticino","TI",3.81369718722793,5.61035578114623
"2023-06-28","Zurich","ZH",17.2278398485233,41.9815498731902
"2023-06-29","9999","9999",0.0156719491198227,0.0707633262434054
"2023-06-29","Central","LU",4.4839480382019,8.8290334926018
"2023-06-29","Central","NW",0.443741768351613,0.751376010212759
"2023-06-29","Central","OW",0.30829368266991,0.525490771877662
"2023-06-29","Central","SZ",1.39923559339866,2.4188006126024
"2023-06-29","Central","UR",0.330818704549015,0.555468319306424
"2023-06-29","Central","ZG",1.44013409444238,3.04608589077161
"2023-06-29","Eastern","AI",0.116219641136814,0.176126588181233
"2023-06-29","Eastern","AR",0.253375061256855,0.477975339558603
"2023-06-29","Eastern","GL",0.288890795034079,0.608523819914472
"2023-06-29","Eastern","GR",2.14911264696863,3.78638176440639
"2023-06-29","Eastern","SG",4.41287973654981,8.90625456715752
"2023-06-29","Eastern","SH",0.662500966229339,1.44990044871154
"2023-06-29","Eastern","TG",1.98971850138073,3.95707024874567
"2023-06-29","Espace Mittelland","BE",9.44674546644254,20.7306296440557
"2023-06-29","Espace Mittelland","FR",2.55607806725013,4.98409014744739
"2023-06-29","Espace Mittelland","JU",0.549069285646457,0.986200131738066
"2023-06-29","Espace Mittelland","NE",1.59062520836905,3.01471482923334
"2023-06-29","Espace Mittelland","SO",1.92693148858231,4.27122271006545
"2023-06-29","Lake Geneva","GE",7.79226788772705,12.8221991555984
"2023-06-29","Lake Geneva","VD",8.20689884948347,15.918281613567
"2023-06-29","Lake Geneva","VS",3.44675756303276,5.79253225985163
"2023-06-29","Northwestern","AG",5.29379297640174,11.4025821476568
"2023-06-29","Northwestern","BL",1.94757231283089,4.16249462137542
"2023-06-29","Northwestern","BS",2.40955196810485,6.11178294352325
"2023-06-29","Ticino","TI",2.30669080418739,3.51315103449729
"2023-06-29","Zurich","ZH",17.2472977327642,42.1379293467954
"2023-06-30","9999","9999",0.0210224836138684,0.0844265621463108
"2023-06-30","Central","LU",5.62228057912177,10.1207530958106
"2023-06-30","Central","NW",0.636323032561362,0.85894850183638
"2023-06-30","Central","OW",0.359301906052555,0.56342154617528
"2023-06-30","Central","SZ",1.81609091015571,2.72037745878767
"2023-06-30","Central","UR",0.437966623569154,0.669838440732485
"2023-06-30","Central","ZG",1.86133867775231,3.33671855297495
"2023-06-30","Eastern","AI",0.137823379812605,0.174733074071733
"2023-06-30","Eastern","AR",0.3174404866656,0.497654477836668
"2023-06-30","Eastern","GL",0.377425253263889,0.670858085202852
"2023-06-30","Eastern","GR",2.87825135952418,4.26303156615351
"2023-06-30","Eastern","SG",5.35451533738579,9.55488440290639
"2023-06-30","Eastern","SH",0.782196980992615,1.55223876538728
"2023-06-30","Eastern","TG",2.44376128188643,4.21949274726888
"2023-06-30","Espace Mittelland","BE",11.7798980806079,22.2140763958423
"2023-06-30","Espace Mittelland","FR",3.37612516939093,5.66439693807563
"2023-06-30","Espace Mittelland","JU",0.637999786788297,1.03990140717735
"2023-06-30","Espace Mittelland","NE",1.8376983024795,3.07990409903875
"2023-06-30","Espace Mittelland","SO",2.34865977710311,4.51573345405924
"2023-06-30","Lake Geneva","GE",7.95472748706394,12.213913252727
"2023-06-30","Lake Geneva","VD",10.1901349765262,17.3620641954563
"2023-06-30","Lake Geneva","VS",4.54011839628725,6.84147451466623
"2023-06-30","Northwestern","AG",6.74977722635149,12.5717064973785
"2023-06-30","Northwestern","BL",2.36987948722065,4.41767764415903
"2023-06-30","Northwestern","BS",2.64647699419446,6.02127250270376
"2023-06-30","Ticino","TI",4.03383256119115,5.29953415842964
"2023-06-30","Zurich","ZH",20.6933983401246,43.8134771167989
"2023-07-01","9999","9999",0.0211352885273882,0.086465851087043
"2023-07-01","Central","LU",6.3246232531857,10.5722176791396
"2023-07-01","Central","NW",0.725896924277268,0.965603313436671
"2023-07-01","Central","OW",0.410879468043889,0.654543773676994
"2023-07-01","Central","SZ",2.14751537231278,3.0708632514015
"2023-07-01","Central","UR",0.431519223218614,0.683365724039342
"2023-07-01","Central","ZG",1.95765828058377,3.31639363986565
"2023-07-01","Eastern","AI",0.178391631020461,0.228808219150147
"2023-07-01","Eastern","AR",0.352944319653677,0.515022421981903
"2023-07-01","Eastern","GL",0.418012974930332,0.707429333539981
"2023-07-01","Eastern","GR",3.03335515901775,4.43001534225046
"2023-07-01","Eastern","SG",6.27467481093654,9.86315691444707
"2023-07-01","Eastern","SH",0.886892601236311,1.63340246522842
"2023-07-01","Eastern","TG",2.94264355342573,4.65307956421755
"2023-07-01","Espace Mittelland","BE",12.9534637947782,22.132504838213
"2023-07-01","Espace Mittelland","FR",3.2472264768381,5.14696135751386
"2023-07-01","Espace Mittelland","JU",0.662160851935476,0.988205432529786
"2023-07-01","Espace Mittelland","NE",1.99981733718006,3.11277063913355
"2023-07-01","Espace Mittelland","SO",2.67048428109582,4.73961339160262
"2023-07-01","Lake Geneva","GE",8.14899513108132,11.2065724923034
"2023-07-01","Lake Geneva","VD",11.5552157201694,17.8308967229306
"2023-07-01","Lake Geneva","VS",4.53691054033471,6.61052504212831
"2023-07-01","Northwestern","AG",8.24414064019753,13.5464526228994
"2023-07-01","Northwestern","BL",2.66839427695867,4.2429445700873
"2023-07-01","Northwestern","BS",3.09740768505188,6.0737502047786
"2023-07-01","Ticino","TI",3.92081141279962,5.60066915867775
"2023-07-01","Zurich","ZH",24.6159680857097,45.7891742307292
"2023-07-02","9999","9999",0.0158334184317425,0.0701175514121736
"2023-07-02","Central","LU",1.6179066886261,3.7866876577475
"2023-07-02","Central","NW",0.234668986559537,0.328461472053924
"2023-07-02","Central","OW",0.1966659956825,0.319148719224581
"2023-07-02","Central","SZ",0.511687007663345,0.970429630596404
"2023-07-02","Central","UR",0.20668709454028,0.367513855268945
"2023-07-02","Central","ZG",0.392879048661489,1.01546392803757
"2023-07-02","Eastern","AI",0.0546231771757259,0.0898646659882632
"2023-07-02","Eastern","AR",0.0907979303685728,0.147440590414934
"2023-07-02","Eastern","GL",0.108380944942003,0.290768614799392
"2023-07-02","Eastern","GR",1.446716687601,2.18003386579168
"2023-07-02","Eastern","SG",1.141528449091,3.00074569998933
"2023-07-02","Eastern","SH",0.254735079837907,0.651042994328737
"2023-07-02","Eastern","TG",0.532237070283073,1.22663229785039
"2023-07-02","Espace Mittelland","BE",3.79839836054666,8.58690191903887
"2023-07-02","Espace Mittelland","FR",0.92002006318759,2.20243205599072
"2023-07-02","Espace Mittelland","JU",0.130930723908635,0.278192999664877
"2023-07-02","Espace Mittelland","NE",0.369731042596026,0.804873356757966
"2023-07-02","Espace Mittelland","SO",0.518618839445772,1.44602579972415
"2023-07-02","Lake Geneva","GE",1.95035514339674,4.27601503907617
"2023-07-02","Lake Geneva","VD",2.57188447296599,6.32662203342938
"2023-07-02","Lake Geneva","VS",1.79903953073657,3.26170670810502
"2023-07-02","Northwestern","AG",1.59553447773551,4.12616129008137
"2023-07-02","Northwestern","BL",0.470331542162097,1.32550382332688
"2023-07-02","Northwestern","BS",0.79193123128012,2.51162224755472
"2023-07-02","Ticino","TI",1.68237738309338,2.58163783451986
"2023-07-02","Zurich","ZH",6.61021988315477,18.8611454957885
"2023-07-03","9999","9999",0.0137939348871446,0.0666167720639168
"2023-07-03","Central","LU",4.12626262663841,8.64967803026441
"2023-07-03","Central","NW",0.431981258923903,0.754468931772869
"2023-07-03","Central","OW",0.292240093764904,0.540343592995994
"2023-07-03","Central","SZ",1.33965323716326,2.44075695686428
"2023-07-03","Central","UR",0.275042717234544,0.525014937791491
"2023-07-03","Central","ZG",1.36315799669767,2.95268645728607
"2023-07-03","Eastern","AI",0.0977822525023445,0.151451191998374
"2023-07-03","Eastern","AR",0.227641874059521,0.456800722724001
"2023-07-03","Eastern","GL",0.25757892984979,0.542076988595616
"2023-07-03","Eastern","GR",2.09861742631028,3.62582174847274
"2023-07-03","Eastern","SG",3.97379455628143,8.36047287031958
"2023-07-03","Eastern","SH",0.614062941280547,1.40952252768505
"2023-07-03","Eastern","TG",1.8283272827604,3.8404569094848
"2023-07-03","Espace Mittelland","BE",9.13476627893734,20.1296511932219
"2023-07-03","Espace Mittelland","FR",2.52898484189163,4.9571035571317
"2023-07-03","Espace Mittelland","JU",0.465482093939112,0.842158356224352
"2023-07-03","Espace Mittelland","NE",1.37726391318068,2.65715950162497
"2023-07-03","Espace Mittelland","SO",1.64996671362198,3.87940732825278
"2023-07-03","Lake Geneva","GE",6.80240834300222,11.5464199942764
"2023-07-03","Lake Geneva","VD",7.98339760027068,15.3610798986609
"2023-07-03","Lake Geneva","VS",3.61746296032103,6.06630680014493
"2023-07-03","Northwestern","AG",4.94121736974648,11.0230024994885
"2023-07-03","Northwestern","BL",1.70650312181117,3.66184918642568
"2023-07-03","Northwestern","BS",2.03852756152866,5.31428501510093
"2023-07-03","Ticino","TI",3.33094025785443,5.04407923045393
"2023-07-03","Zurich","ZH",16.132962849249,40.4291751552069
"2023-07-04","9999","9999",0.0144104733022164,0.0647134357192334
"2023-07-04","Central","LU",4.16584895896701,8.71568301564611
"2023-07-04","Central","NW",0.440775319456595,0.761742395661481
"2023-07-04","Central","OW",0.296390645725972,0.548262831715837
"2023-07-04","Central","SZ",1.33937708324753,2.40564719893468
"2023-07-04","Central","UR",0.269114820203884,0.49197845695163
"2023-07-04","Central","ZG",1.33715362893184,3.0310291407592
"2023-07-04","Eastern","AI",0.105505175439386,0.160526027784632
"2023-07-04","Eastern","AR",0.240648892270904,0.466997167427661
"2023-07-04","Eastern","GL",0.2523252777261,0.525830653367784
"2023-07-04","Eastern","GR",1.96301958022075,3.48358134485668
"2023-07-04","Eastern","SG",4.0259603360208,8.4418744872038
"2023-07-04","Eastern","SH",0.630379236483667,1.4352855446363
"2023-07-04","Eastern","TG",1.83631087566441,3.85123115272167
"2023-07-04","Espace Mittelland","BE",9.14956500618494,20.5194952623919
"2023-07-04","Espace Mittelland","FR",2.46160016146853,4.91716748204236
"2023-07-04","Espace Mittelland","JU",0.48211906038966,0.853680338739488
"2023-07-04","Espace Mittelland","NE",1.37411650101903,2.66436498921556
"2023-07-04","Espace Mittelland","SO",1.70403548006274,4.02783357498907
"2023-07-04","Lake Geneva","GE",6.68496344141405,11.5394864118779
"2023-07-04","Lake Geneva","VD",7.88610330361952,15.4275947062778
"2023-07-04","Lake Geneva","VS",3.60828751062852,6.04530212405538
"2023-07-04","Northwestern","AG",4.9773825091067,11.1429466773525
"2023-07-04","Northwestern","BL",1.67783136779145,3.61416381336156
"2023-07-04","Northwestern","BS",2.06525182717938,5.30993453202737
"2023-07-04","Ticino","TI",3.1988392152752,4.98769289124268
"2023-07-04","Zurich","ZH",15.9023001523368,40.6541087253696
"2023-07-05","9999","9999",0.015786809944597,0.0662089142757703
"2023-07-05","Central","LU",4.4421161299525,8.94500105703144
"2023-07-05","Central","NW",0.47766872523951,0.786315827397303
"2023-07-05","Central","OW",0.285553377512295,0.505471752109474
"2023-07-05","Central","SZ",1.46362704717216,2.47593469109191
"2023-07-05","Central","UR",0.313631631071057,0.506355443983792
"2023-07-05","Central","ZG",1.48054364496548,3.07300450478927
"2023-07-05","Eastern","AI",0.102123201425689,0.150975357912203
"2023-07-05","Eastern","AR",0.267100555837342,0.46434609180471
"2023-07-05","Eastern","GL",0.262767587765686,0.535891145475396
"2023-07-05","Eastern","GR",2.05240578877724,3.51240329521902
"2023-07-05","Eastern","SG",4.4317313423518,8.82978123188007
"2023-07-05","Eastern","SH",0.644451741471768,1.45666409036497
"2023-07-05","Eastern","TG",2.15333933030246,4.83447431549567
"2023-07-05","Espace Mittelland","BE",9.59744992521711,20.6022224170876
"2023-07-05","Espace Mittelland","FR",2.66066403889358,4.9899700972265
"2023-07-05","Espace Mittelland","JU",0.491466674048628,0.875568706703347
"2023-07-05","Espace Mittelland","NE",1.40063843759015,2.71041893112709
"2023-07-05","Espace Mittelland","SO",1.86381881552515,4.10525857843887
"2023-07-05","Lake Geneva","GE",6.86942580634709,11.4620614084281
"2023-07-05","Lake Geneva","VD",8.13057743220264,15.2717250549079
"2023-07-05","Lake Geneva","VS",3.77563253859336,6.1436638272967
"2023-07-05","Northwestern","AG",5.44024866548157,11.4838478119449
"2023-07-05","Northwestern","BL",1.76074433025591,3.67503658824241
"2023-07-05","Northwestern","BS",2.08559405087735,5.32835610879199
"2023-07-05","Ticino","TI",3.26458112862142,5.02151109950982
"2023-07-05","Zurich","ZH",16.6441621869307,40.4925290649656
"2023-07-06","9999","9999",0.015473998152194,0.0657330801895995
"2023-07-06","Central","LU",4.42423674304466,9.11409209836714
"2023-07-06","Central","NW",0.50835141500755,0.804193593777721
"2023-07-06","Central","OW",0.309031527681042,0.548466760609911
"2023-07-06","Central","SZ",1.43675621658711,2.50169770804316
"2023-07-06","Central","UR",0.312645122614684,0.526476428199016
"2023-07-06","Central","ZG",1.45708547042208,3.17609056074328
"2023-07-06","Eastern","AI",0.105713237574365,0.168615207249536
"2023-07-06","Eastern","AR",0.253349642361706,0.48147611890686
"2023-07-06","Eastern","GL",0.27372585320973,0.557201714906047
"2023-07-06","Eastern","GR",2.11987878331579,3.60281177159148
"2023-07-06","Eastern","SG",4.51285550538397,9.23974628526525
"2023-07-06","Eastern","SH",0.669111519781017,1.49598837877209
"2023-07-06","Eastern","TG",2.727502215029,7.73594063222036
"2023-07-06","Espace Mittelland","BE",9.81452856641108,21.4736445696115
"2023-07-06","Espace Mittelland","FR",2.52385816676304,5.04883757131563
"2023-07-06","Espace Mittelland","JU",0.495987172554868,0.909488879417525
"2023-07-06","Espace Mittelland","NE",1.41102086774594,2.76704318738142
"2023-07-06","Espace Mittelland","SO",1.95595493265526,4.35231843360857
"2023-07-06","Lake Geneva","GE",6.85860716273137,12.0325524895979
"2023-07-06","Lake Geneva","VD",7.80238414982178,15.5079426905427
"2023-07-06","Lake Geneva","VS",3.86749429142954,6.2046725547736
"2023-07-06","Northwestern","AG",5.2987601363131,11.5749360512976
"2023-07-06","Northwestern","BL",1.7616897204872,3.70066365259761
"2023-07-06","Northwestern","BS",2.04184585320174,5.34762738928191
"2023-07-06","Ticino","TI",3.41768953505575,5.35320144571991
"2023-07-06","Zurich","ZH",17.0948485023863,42.318100524709
"2023-07-07","9999","9999",0.0222764171741866,0.106314930110169
"2023-07-07","Central","LU",5.42707472294041,10.2948403950511
"2023-07-07","Central","NW",0.621134700340968,0.939398450548263
"2023-07-07","Central","OW",0.390100275093849,0.666371649533241
"2023-07-07","Central","SZ",1.79057297882474,2.95020532240818
"2023-07-07","Central","UR",0.399113668071217,0.657364790045007
"2023-07-07","Central","ZG",1.87234225939642,3.73747281797783
"2023-07-07","Eastern","AI",0.149707071610643,0.219427490022779
"2023-07-07","Eastern","AR",0.315964792727315,0.556725880819876
"2023-07-07","Eastern","GL",0.328849846451037,0.650941029881701
"2023-07-07","Eastern","GR",2.64478839400268,4.25208738217158
"2023-07-07","Eastern","SG",5.25283810814545,10.0908435246798
"2023-07-07","Eastern","SH",0.746274971739346,1.58796030999911
"2023-07-07","Eastern","TG",3.24840340575288,8.99761471170232
"2023-07-07","Espace Mittelland","BE",11.9813300192723,23.95141462075
"2023-07-07","Espace Mittelland","FR",3.22919290833424,5.85993075934283
"2023-07-07","Espace Mittelland","JU",0.628303662885504,1.02953502172862
"2023-07-07","Espace Mittelland","NE",1.714408131913,2.99493372650824
"2023-07-07","Espace Mittelland","SO",2.28189619334403,4.64148960540439
"2023-07-07","Lake Geneva","GE",7.39016869973642,12.0518237700878
"2023-07-07","Lake Geneva","VD",9.37639117689512,17.0343844508297
"2023-07-07","Lake Geneva","VS",4.64925939791398,7.27856211096315
"2023-07-07","Northwestern","AG",6.08093471374708,12.0178016329266
"2023-07-07","Northwestern","BL",2.14379499530659,4.11382359198995
"2023-07-07","Northwestern","BS",2.2264860720804,5.51896164845242
"2023-07-07","Ticino","TI",3.92411652706057,5.65936669202183
"2023-07-07","Zurich","ZH",19.7217086923579,46.7722814409072
"2023-07-08","9999","9999",0.0274825992860145,0.116307445919757
"2023-07-08","Central","LU",5.89766547439347,10.2102099040107
"2023-07-08","Central","NW",0.665775488530821,0.997348244614068
"2023-07-08","Central","OW",0.46487713519943,0.764733352774555
"2023-07-08","Central","SZ",2.00016324326963,3.08748345626847
"2023-07-08","Central","UR",0.400153806441172,0.675276544574438
"2023-07-08","Central","ZG",2.13587242576464,3.92865615617147
"2023-07-08","Eastern","AI",0.18109113648217,0.266025242318508
"2023-07-08","Eastern","AR",0.336194372068645,0.53487150100503
"2023-07-08","Eastern","GL",0.391380054395652,0.725239123622375
"2023-07-08","Eastern","GR",3.02768236337157,4.50645468937891
"2023-07-08","Eastern","SG",5.85394635317704,9.85163493193193
"2023-07-08","Eastern","SH",0.836949606172969,1.59720508653043
"2023-07-08","Eastern","TG",3.72065641823754,9.87399913398196
"2023-07-08","Espace Mittelland","BE",12.5496402024118,22.7874564696782
"2023-07-08","Espace Mittelland","FR",3.16609573488992,5.2785294823401
"2023-07-08","Espace Mittelland","JU",0.651259039856471,1.02647608831753
"2023-07-08","Espace Mittelland","NE",1.83839736321432,3.02548907247021
"2023-07-08","Espace Mittelland","SO",2.53479724761807,4.56525418717002
"2023-07-08","Lake Geneva","GE",7.09468177777364,10.3806604713069
"2023-07-08","Lake Geneva","VD",10.3542519144557,17.1456616506956
"2023-07-08","Lake Geneva","VS",4.72146584812055,7.17156741787274
"2023-07-08","Northwestern","AG",7.42989537052527,12.4453725475001
"2023-07-08","Northwestern","BL",2.29045037015155,3.78009395683913
"2023-07-08","Northwestern","BS",2.50492686600879,5.07599410237638
"2023-07-08","Ticino","TI",4.02345721511814,5.99506763981535
"2023-07-08","Zurich","ZH",21.7053283467082,45.8966107697568
"2023-07-09","9999","9999",0.0218543522997073,0.0998231936488385
"2023-07-09","Central","LU",1.66140297255867,4.27570914573507
"2023-07-09","Central","NW",0.284216690586966,0.480184569244396
"2023-07-09","Central","OW",0.276666158745633,0.534395666918859
"2023-07-09","Central","SZ",0.580487337668038,1.23210438984135
"2023-07-09","Central","UR",0.232756143232196,0.457004651618074
"2023-07-09","Central","ZG",0.59005814888484,1.69311964304286
"2023-07-09","Eastern","AI",0.0710484904996361,0.125144364662929
"2023-07-09","Eastern","AR",0.10755067007689,0.201005913258165
"2023-07-09","Eastern","GL",0.132331339883926,0.380837209681728
"2023-07-09","Eastern","GR",1.67996757314953,2.61790318951588
"2023-07-09","Eastern","SG",1.21262659082644,3.2814198345321
"2023-07-09","Eastern","SH",0.249935991650604,0.670008381477546
"2023-07-09","Eastern","TG",0.798230966294306,2.60094310315879
"2023-07-09","Espace Mittelland","BE",4.13583765149427,10.2993608188697
"2023-07-09","Espace Mittelland","FR",0.951901145583904,2.41135720796873
"2023-07-09","Espace Mittelland","JU",0.15293678679484,0.345251617665952
"2023-07-09","Espace Mittelland","NE",0.410181558619373,0.902419344422987
"2023-07-09","Espace Mittelland","SO",0.53716962822902,1.63860265202729
"2023-07-09","Lake Geneva","GE",1.97196274326966,4.54037486209309
"2023-07-09","Lake Geneva","VD",2.82357802594589,6.9918040977472
"2023-07-09","Lake Geneva","VS",2.18841694743333,4.03609269519904
"2023-07-09","Northwestern","AG",1.41792572597271,4.26670228624683
"2023-07-09","Northwestern","BL",0.436717502799182,1.35408785664614
"2023-07-09","Northwestern","BS",0.698452329979301,2.3419194195368
"2023-07-09","Ticino","TI",1.67632275186095,2.83573323653509
"2023-07-09","Zurich","ZH",6.34397125386507,20.6041937297303
"2023-07-10","9999","9999",0.0133371466505816,0.0598191422614763
"2023-07-10","Central","LU",4.33738869203462,8.1335339993651
"2023-07-10","Central","NW",0.444027085757506,0.784990289585827
"2023-07-10","Central","OW",0.324135974806229,0.56743214775872
"2023-07-10","Central","SZ",1.29489249340474,2.41489197546599
"2023-07-10","Central","UR",0.297048866273221,0.5696073892955
"2023-07-10","Central","ZG",1.18745451076073,2.72635937301382
"2023-07-10","Eastern","AI",0.102767191151035,0.172625808832976
"2023-07-10","Eastern","AR",0.212082909990204,0.440690340092217
"2023-07-10","Eastern","GL",0.252734404065751,0.555672248200497
"2023-07-10","Eastern","GR",2.309066227547,4.02355106821353
"2023-07-10","Eastern","SG",3.80255493143268,7.94731293092724
"2023-07-10","Eastern","SH",0.572002826881891,1.3272372189265
"2023-07-10","Eastern","TG",1.76470646676155,3.69899823329601
"2023-07-10","Espace Mittelland","BE",8.87462744979008,19.5860787260698
"2023-07-10","Espace Mittelland","FR",2.45104654243561,4.98963021573638
"2023-07-10","Espace Mittelland","JU",0.473275141072029,0.878389723071359
"2023-07-10","Espace Mittelland","NE",1.30987960869563,2.63363970250853
"2023-07-10","Espace Mittelland","SO",1.49336652793286,3.58625954302254
"2023-07-10","Lake Geneva","GE",6.31245060599786,11.495267830013
"2023-07-10","Lake Geneva","VD",7.68906728307141,15.5053935793667
"2023-07-10","Lake Geneva","VS",4.01208553137495,6.84164445541129
"2023-07-10","Northwestern","AG",4.45834546989961,9.96029504432395
"2023-07-10","Northwestern","BL",1.54181892468033,3.4975844622497
"2023-07-10","Northwestern","BS",1.81237094433177,4.99285908989254
"2023-07-10","Ticino","TI",3.46897262398307,5.45989024546921
"2023-07-10","Zurich","ZH",15.6985511546963,40.8088907559712
"2023-07-11","9999","9999",0.014491155091887,0.0616545023081352
"2023-07-11","Central","LU",3.74895337767755,8.08292564548593
"2023-07-11","Central","NW",0.429460864450689,0.769933539573421
"2023-07-11","Central","OW",0.308064372202612,0.567398159609707
"2023-07-11","Central","SZ",1.26556486845064,2.34820722710405
"2023-07-11","Central","UR",0.304723547742177,0.533511975044541
"2023-07-11","Central","ZG",1.22926608702683,2.76721312812648
"2023-07-11","Eastern","AI",0.112228917674684,0.18302618243071
"2023-07-11","Eastern","AR",0.223321911095059,0.465399724424088
"2023-07-11","Eastern","GL",0.23722019620544,0.540751450784141
"2023-07-11","Eastern","GR",2.1353182774031,3.8646904597305
"2023-07-11","Eastern","SG",3.62645751331926,7.84415889867521
"2023-07-11","Eastern","SH",0.551695678987933,1.32876668563205
"2023-07-11","Eastern","TG",1.72990248946065,3.67282735855662
"2023-07-11","Espace Mittelland","BE",8.79868744124916,19.7208077487542
"2023-07-11","Espace Mittelland","FR",2.28527656962099,4.74219649092754
"2023-07-11","Espace Mittelland","JU",0.431680449737205,0.845659135572609
"2023-07-11","Espace Mittelland","NE",1.26095539793735,2.58734784355391
"2023-07-11","Espace Mittelland","SO",1.60058084701249,3.66518002502887
"2023-07-11","Lake Geneva","GE",5.88027428613015,11.066269413181
"2023-07-11","Lake Geneva","VD",6.99523083021648,14.6013428037912
"2023-07-11","Lake Geneva","VS",3.74162440649709,6.55264322436053
"2023-07-11","Northwestern","AG",4.58607586444891,10.1087212910602
"2023-07-11","Northwestern","BL",1.52898763793094,3.4794687788262
"2023-07-11","Northwestern","BS",1.76311605297526,5.01454352896232
"2023-07-11","Ticino","TI",3.0795004513156,5.27985502015157
"2023-07-11","Zurich","ZH",15.4984821011407,41.5122415116297
"2023-07-12","9999","9999",0.0129114594562729,0.0545849673135971
"2023-07-12","Central","LU",4.03538491124907,7.84419288682422
"2023-07-12","Central","NW",0.462563408757564,0.718577446415984
"2023-07-12","Central","OW",0.278990274392372,0.467031155576674
"2023-07-12","Central","SZ",1.3030680496796,2.2461068274714
"2023-07-12","Central","UR",0.302727015120703,0.522465826615576
"2023-07-12","Central","ZG",1.23741835472221,2.60339024988767
"2023-07-12","Eastern","AI",0.100678459720843,0.148494223034312
"2023-07-12","Eastern","AR",0.226542670338229,0.416898635783675
"2023-07-12","Eastern","GL",0.266956618553396,0.531064828315663
"2023-07-12","Eastern","GR",2.37695784869321,3.78468235695578
"2023-07-12","Eastern","SG",3.94573949731764,7.62955772581216
"2023-07-12","Eastern","SH",0.592029337015573,1.32149322174344
"2023-07-12","Eastern","TG",1.72805668842031,3.38821059872844
"2023-07-12","Espace Mittelland","BE",9.4154441314399,19.5055268129109
"2023-07-12","Espace Mittelland","FR",2.43164090575273,4.73424326405869
"2023-07-12","Espace Mittelland","JU",0.469149804372995,0.866697799811162
"2023-07-12","Espace Mittelland","NE",1.3183666453156,2.63391160770063
"2023-07-12","Espace Mittelland","SO",1.67345224549114,3.64098046293218
"2023-07-12","Lake Geneva","GE",6.32484734359642,11.0511106987216
"2023-07-12","Lake Geneva","VD",7.38948578084197,14.7212529935062
"2023-07-12","Lake Geneva","VS",3.88840698155037,6.6717716866483
"2023-07-12","Northwestern","AG",4.89760679672826,9.97140916905093
"2023-07-12","Northwestern","BL",1.61607067763935,3.4702919785929
"2023-07-12","Northwestern","BS",1.90785805191397,5.06069943532089
"2023-07-12","Ticino","TI",3.28503459865638,5.38525227023841
"2023-07-12","Zurich","ZH",16.1780425137933,39.6004421178423
"2023-07-13","9999","9999",0.0141699003572653,0.0589014622381468
"2023-07-13","Central","LU",4.09532697363359,8.13737466020348
"2023-07-13","Central","NW",0.460137554873887,0.730983120805438
"2023-07-13","Central","OW",0.28639867031962,0.494017745892362
"2023-07-13","Central","SZ",1.36265322936646,2.29029142118726
"2023-07-13","Central","UR",0.308780307073803,0.541873059701543
"2023-07-13","Central","ZG",1.31379089957893,2.72000358914854
"2023-07-13","Eastern","AI",0.107363139642305,0.155427805432802
"2023-07-13","Eastern","AR",0.233436857406581,0.421249118857237
"2023-07-13","Eastern","GL",0.277436036812121,0.550472061401631
"2023-07-13","Eastern","GR",2.41586816607316,3.88379179947536
"2023-07-13","Eastern","SG",4.17931171983724,7.98605942080115
"2023-07-13","Eastern","SH",0.627443802478432,1.35765661229243
"2023-07-13","Eastern","TG",1.86468021492864,3.57395583308012
"2023-07-13","Espace Mittelland","BE",9.77457350541997,19.7249882910827
"2023-07-13","Espace Mittelland","FR",2.37109970775241,4.78818245654105
"2023-07-13","Espace Mittelland","JU",0.529041079875493,0.926347001327577
"2023-07-13","Espace Mittelland","NE",1.38349612815324,2.69906688935702
"2023-07-13","Espace Mittelland","SO",1.78942665753351,3.8008947040346
"2023-07-13","Lake Geneva","GE",6.49390794922473,11.4834739423058
"2023-07-13","Lake Geneva","VD",7.56999459710438,15.029831398388
"2023-07-13","Lake Geneva","VS",3.93321144377221,6.80697654341884
"2023-07-13","Northwestern","AG",4.98779639274667,10.222377661357
"2023-07-13","Northwestern","BL",1.65805395578139,3.57048904188088
"2023-07-13","Northwestern","BS",1.9845412547513,5.17340413744536
"2023-07-13","Ticino","TI",3.39795861405219,5.93351510195425
"2023-07-13","Zurich","ZH",17.0778270178748,41.7346599587656
"2023-07-14","9999","9999",0.0202777189928571,0.0741961292936379
"2023-07-14","Central","LU",4.87195994605555,9.18869608544893
"2023-07-14","Central","NW",0.558695348009718,0.88348794542319
"2023-07-14","Central","OW",0.399209540108042,0.641730241499394
"2023-07-14","Central","SZ",1.64098567089771,2.66242766472186
"2023-07-14","Central","UR",0.389583305439839,0.686560610046489
"2023-07-14","Central","ZG",1.55774653909172,2.92682147588779
"2023-07-14","Eastern","AI",0.150077268781187,0.216232604015632
"2023-07-14","Eastern","AR",0.29241019007205,0.479844687754274
"2023-07-14","Eastern","GL",0.325742177990952,0.642647921522723
"2023-07-14","Eastern","GR",2.83007745847327,4.4977877113808
"2023-07-14","Eastern","SG",4.6355307626843,8.5708255245561
"2023-07-14","Eastern","SH",0.697429672729042,1.459519094882
"2023-07-14","Eastern","TG",2.21171897845396,3.99496703489427
"2023-07-14","Espace Mittelland","BE",10.7926587419107,21.3383037602449
"2023-07-14","Espace Mittelland","FR",2.99075883555176,5.52388993005919
"2023-07-14","Espace Mittelland","JU",0.58582579123595,1.00577730556909
"2023-07-14","Espace Mittelland","NE",1.58444641576093,2.90044667225432
"2023-07-14","Espace Mittelland","SO",1.95840200354308,4.00529943219398
"2023-07-14","Lake Geneva","GE",6.98964701049338,11.5768053994933
"2023-07-14","Lake Geneva","VD",8.98038795374319,16.5722815768598
"2023-07-14","Lake Geneva","VS",4.73362475790519,7.69301360001795
"2023-07-14","Northwestern","AG",5.51435023901848,10.7726797820136
"2023-07-14","Northwestern","BL",2.00063053035967,3.95271976567211
"2023-07-14","Northwestern","BS",2.26969429347605,5.61878484210126
"2023-07-14","Ticino","TI",3.98854252405916,6.61283623626114
"2023-07-14","Zurich","ZH",19.3056976110824,43.953100432941
"2023-07-15","9999","9999",0.0199377574238299,0.0782067308770778
"2023-07-15","Central","LU",5.23907039493785,9.13332939070805
"2023-07-15","Central","NW",0.639329550187725,0.937902971991726
"2023-07-15","Central","OW",0.453175742031336,0.7609606682342
"2023-07-15","Central","SZ",1.86741541100973,2.87798050575725
"2023-07-15","Central","UR",0.39372634647179,0.714124998895385
"2023-07-15","Central","ZG",1.54647850851995,2.65824712239336
"2023-07-15","Eastern","AI",0.173795341835327,0.257222311724348
"2023-07-15","Eastern","AR",0.319417172890431,0.507511041050207
"2023-07-15","Eastern","GL",0.382001739128616,0.740397838081818
"2023-07-15","Eastern","GR",3.21582453532871,4.97634084947261
"2023-07-15","Eastern","SG",5.09841091883581,8.62976097494326
"2023-07-15","Eastern","SH",0.753908867845034,1.48575794591942
"2023-07-15","Eastern","TG",2.50277917887586,4.23580705879474
"2023-07-15","Espace Mittelland","BE",11.0503318951523,20.4669835721681
"2023-07-15","Espace Mittelland","FR",2.78534161277905,4.92746589119306
"2023-07-15","Espace Mittelland","JU",0.582324593949597,0.927944444331151
"2023-07-15","Espace Mittelland","NE",1.65591623492302,2.79647692442599
"2023-07-15","Espace Mittelland","SO",2.20311270289725,4.10189375168666
"2023-07-15","Lake Geneva","GE",6.29249613891055,9.91230377791872
"2023-07-15","Lake Geneva","VD",9.71147833697863,16.419674787795
"2023-07-15","Lake Geneva","VS",4.93339861001681,7.56416452711269
"2023-07-15","Northwestern","AG",6.50339874045948,11.3431368750344
"2023-07-15","Northwestern","BL",2.15910892608254,3.68190219434288
"2023-07-15","Northwestern","BS",2.54936998910058,5.68968412094071
"2023-07-15","Ticino","TI",4.42090346475753,7.33783744284043
"2023-07-15","Zurich","ZH",21.04565282519,40.6110117524222
"2023-07-16","9999","9999",0.0147314539153375,0.0607708104338179
"2023-07-16","Central","LU",1.6636571402305,3.60440921459506
"2023-07-16","Central","NW",0.274505897267869,0.351369484488149
"2023-07-16","Central","OW",0.2406695884442,0.374957259902617
"2023-07-16","Central","SZ",0.518563572635229,1.00152878694257
"2023-07-16","Central","UR",0.201581186073373,0.415980955760345
"2023-07-16","Central","ZG",0.35010138599081,0.904118751873597
"2023-07-16","Eastern","AI",0.0660882971904069,0.115423754045439
"2023-07-16","Eastern","AR",0.0940655839684536,0.15277672980985
"2023-07-16","Eastern","GL",0.121420352566694,0.333083860319584
"2023-07-16","Eastern","GR",1.88715755924675,2.93868333989305
"2023-07-16","Eastern","SG",1.06048419247626,2.68812270537509
"2023-07-16","Eastern","SH",0.239348816229992,0.620011814280597
"2023-07-16","Eastern","TG",0.504206192751658,1.12912029833438
"2023-07-16","Espace Mittelland","BE",3.81679327992864,8.59567086148402
"2023-07-16","Espace Mittelland","FR",0.892364293517602,2.19617823657247
"2023-07-16","Espace Mittelland","JU",0.127035614025915,0.266263159361594
"2023-07-16","Espace Mittelland","NE",0.3753474827777,0.757901734823102
"2023-07-16","Espace Mittelland","SO",0.473340002135093,1.35677292041811
"2023-07-16","Lake Geneva","GE",1.91822457519068,4.33260530718149
"2023-07-16","Lake Geneva","VD",2.56754117442979,6.03167287630149
"2023-07-16","Lake Geneva","VS",2.25641787648592,4.02694988311476
"2023-07-16","Northwestern","AG",1.26877017507322,3.49286010953701
"2023-07-16","Northwestern","BL",0.419011822770253,1.22285961331003
"2023-07-16","Northwestern","BS",0.872180633443645,2.68598145198732
"2023-07-16","Ticino","TI",2.05474307008805,3.82138955788896
"2023-07-16","Zurich","ZH",5.51292066798068,16.0941362965561
"2023-07-17","9999","9999",0.00902672703036186,0.0439806648217899
"2023-07-17","Central","LU",3.7475675838434,7.48330672061266
"2023-07-17","Central","NW",0.426660607589445,0.739888015846635
"2023-07-17","Central","OW",0.304125363719582,0.545509791645849
"2023-07-17","Central","SZ",1.24504642378799,2.22513613953087
"2023-07-17","Central","UR",0.30765611521972,0.576472995395965
"2023-07-17","Central","ZG",1.11164003811902,2.46804944052108
"2023-07-17","Eastern","AI",0.104899680204767,0.168581219100524
"2023-07-17","Eastern","AR",0.195304124823309,0.384915787563193
"2023-07-17","Eastern","GL",0.248700576955662,0.538100375161189
"2023-07-17","Eastern","GR",2.55125344268703,4.40214506006046
"2023-07-17","Eastern","SG",3.51372290413231,7.19512120513819
"2023-07-17","Eastern","SH",0.532016938970024,1.25973675498827
"2023-07-17","Eastern","TG",1.63481182030864,3.33610676629273
"2023-07-17","Espace Mittelland","BE",8.63063655042026,18.1920547943343
"2023-07-17","Espace Mittelland","FR",2.18712860379264,4.49319931126415
"2023-07-17","Espace Mittelland","JU",0.430332042159714,0.806062941973393
"2023-07-17","Espace Mittelland","NE",1.18916357608054,2.38797336144833
"2023-07-17","Espace Mittelland","SO",1.4033979404163,3.32033626515107
"2023-07-17","Lake Geneva","GE",5.73510370605729,10.7936504699541
"2023-07-17","Lake Geneva","VD",7.03209945541574,14.0921663434394
"2023-07-17","Lake Geneva","VS",3.97723400965778,6.90618795038546
"2023-07-17","Northwestern","AG",4.11299625032724,8.95985387814977
"2023-07-17","Northwestern","BL",1.55350520200567,3.3989848419653
"2023-07-17","Northwestern","BS",1.84856459624407,4.98456598153356
"2023-07-17","Ticino","TI",3.44610729200903,6.16466850338624
"2023-07-17","Zurich","ZH",14.2961026380134,36.0698551629018
"2023-07-18","9999","9999",0.0137807888031799,0.0536332991412554
"2023-07-18","Central","LU",3.65499732874472,7.31683276675089
"2023-07-18","Central","NW",0.440718646794356,0.710556243249104
"2023-07-18","Central","OW",0.29667671500798,0.535245370644164
"2023-07-18","Central","SZ",1.19204765538065,2.14947851982971
"2023-07-18","Central","UR",0.302152703164788,0.539187995929579
"2023-07-18","Central","ZG",1.1254158026667,2.42165561711942
"2023-07-18","Eastern","AI",0.106071890313712,0.165522285689426
"2023-07-18","Eastern","AR",0.219907500675798,0.395044255968829
"2023-07-18","Eastern","GL",0.241169268863564,0.511317713739573
"2023-07-18","Eastern","GR",2.29552132812713,4.03758817375557
"2023-07-18","Eastern","SG",3.44454926372003,6.93786490526483
"2023-07-18","Eastern","SH",0.591920655672627,1.23574112178566
"2023-07-18","Eastern","TG",1.63268114437284,3.28247346715147
"2023-07-18","Espace Mittelland","BE",8.38193337322637,17.8663123742014
"2023-07-18","Espace Mittelland","FR",2.12630313004813,4.33433870278111
"2023-07-18","Espace Mittelland","JU",0.424571143863244,0.768913895103055
"2023-07-18","Espace Mittelland","NE",1.14824450417622,2.3018134037024
"2023-07-18","Espace Mittelland","SO",1.41695198374622,3.23152523178218
"2023-07-18","Lake Geneva","GE",5.728177196148,10.4711029358283
"2023-07-18","Lake Geneva","VD",7.17921740637694,16.0778219850303
"2023-07-18","Lake Geneva","VS",3.78626694123251,6.5684477136512
"2023-07-18","Northwestern","AG",4.06323589850373,8.84126922624619
"2023-07-18","Northwestern","BL",1.53741624751107,3.31720935544194
"2023-07-18","Northwestern","BS",1.81314663769009,4.99153355208106
"2023-07-18","Ticino","TI",3.23946887361521,6.08415057837633
"2023-07-18","Zurich","ZH",14.12164199938,35.4931782386118
"2023-07-19","9999","9999",0.0131968395185084,0.0567941969993903
"2023-07-19","Central","LU",3.76451774585645,7.54914176524929
"2023-07-19","Central","NW",0.425415453749189,0.732852469001109
"2023-07-19","Central","OW",0.299326541821736,0.521956004380393
"2023-07-19","Central","SZ",1.27601029564329,2.18411244367314
"2023-07-19","Central","UR",0.323932557072674,0.547888962076703
"2023-07-19","Central","ZG",1.17530165514523,2.55720035538009
"2023-07-19","Eastern","AI",0.11287277033928,0.178267841569002
"2023-07-19","Eastern","AR",0.216284088276412,0.391339547726499
"2023-07-19","Eastern","GL",0.251430901506081,0.521650111039283
"2023-07-19","Eastern","GR",2.49177602407808,4.24726106501185
"2023-07-19","Eastern","SG",3.61692019974983,7.19685460073782
"2023-07-19","Eastern","SH",0.551124221811647,1.26731611221799
"2023-07-19","Eastern","TG",1.62778725713858,3.31051369008654
"2023-07-19","Espace Mittelland","BE",8.51310988230448,18.2543890596227
"2023-07-19","Espace Mittelland","FR",2.20991198127005,4.46043473561638
"2023-07-19","Espace Mittelland","JU",0.425722634302765,0.791482026047158
"2023-07-19","Espace Mittelland","NE",1.16729322291725,2.31330139806852
"2023-07-19","Espace Mittelland","SO",1.46711516103089,3.36292341586336
"2023-07-19","Lake Geneva","GE",5.45587363409221,10.3952073990841
"2023-07-19","Lake Geneva","VD",7.42443389905993,16.6839326463649
"2023-07-19","Lake Geneva","VS",3.89163603884297,6.6561711262517
"2023-07-19","Northwestern","AG",4.24134984444408,9.13414510628434
"2023-07-19","Northwestern","BL",1.52038291311871,3.38834655132448
"2023-07-19","Northwestern","BS",1.87042179549136,5.08204399290056
"2023-07-19","Ticino","TI",3.26818484343298,5.83590113799121
"2023-07-19","Zurich","ZH",14.6098533161361,36.3245623515992
"2023-07-20","9999","9999",0.0142974020992389,0.0558765169760608
"2023-07-20","Central","LU",3.99270445206251,7.9232493214266
"2023-07-20","Central","NW",0.45570398421151,0.751749879851893
"2023-07-20","Central","OW",0.30845741544222,0.560124695721096
"2023-07-20","Central","SZ",1.26282161711346,2.20481122642157
"2023-07-20","Central","UR",0.320384398857247,0.58163919404582
"2023-07-20","Central","ZG",1.17162402934507,2.53979842308584
"2023-07-20","Eastern","AI",0.119296470928081,0.186153092139833
"2023-07-20","Eastern","AR",0.22624202170841,0.392563121090938
"2023-07-20","Eastern","GL",0.254639763876125,0.534531619514908
"2023-07-20","Eastern","GR",2.60777271828243,4.32152517060351
"2023-07-20","Eastern","SG",3.71160895978969,7.19957365265879
"2023-07-20","Eastern","SH",0.559580564655595,1.28390232893595
"2023-07-20","Eastern","TG",1.71905456575264,3.32737181199659
"2023-07-20","Espace Mittelland","BE",8.82685363298531,18.5246628205677
"2023-07-20","Espace Mittelland","FR",2.22293079062198,4.45203966281037
"2023-07-20","Espace Mittelland","JU",0.458169115790202,0.810175508003869
"2023-07-20","Espace Mittelland","NE",1.22030436203631,2.38535627397439
"2023-07-20","Espace Mittelland","SO",1.61626910244558,3.51943884206455
"2023-07-20","Lake Geneva","GE",5.96832020110556,10.8192095580113
"2023-07-20","Lake Geneva","VD",7.52139458984486,16.8060180776167
"2023-07-20","Lake Geneva","VS",3.95215344309704,6.72231206422945
"2023-07-20","Northwestern","AG",4.34977811058913,9.10770232635285
"2023-07-20","Northwestern","BL",1.59810052127062,3.41417754457376
"2023-07-20","Northwestern","BS",1.94320747226075,5.16320769274169
"2023-07-20","Ticino","TI",3.46434689414877,6.09251166303333
"2023-07-20","Zurich","ZH",14.782906015834,36.0365127887208
"2023-07-21","9999","9999",0.0160391348698812,0.059275331877281
"2023-07-21","Central","LU",4.89755626438763,8.9685888324459
"2023-07-21","Central","NW",0.581651003018207,0.819794154174323
"2023-07-21","Central","OW",0.353595401293846,0.542858716022897
"2023-07-21","Central","SZ",1.61794612687799,2.40778845232244
"2023-07-21","Central","UR",0.434623347679299,0.656719015213775
"2023-07-21","Central","ZG",1.46911918108536,2.63686857666469
"2023-07-21","Eastern","AI",0.138901899108665,0.176092600032221
"2023-07-21","Eastern","AR",0.276531839210337,0.419311794363541
"2023-07-21","Eastern","GL",0.31632714610692,0.582726814814211
"2023-07-21","Eastern","GR",3.23265646482253,4.78175869637775
"2023-07-21","Eastern","SG",4.52257870465898,7.84436282756928
"2023-07-21","Eastern","SH",0.64502566574156,1.33199555978821
"2023-07-21","Eastern","TG",2.04957750103454,3.57861220949479
"2023-07-21","Espace Mittelland","BE",10.6581349351887,19.6679561770402
"2023-07-21","Espace Mittelland","FR",2.82154167913446,4.95751141491985
"2023-07-21","Espace Mittelland","JU",0.520423126742852,0.852796646865171
"2023-07-21","Espace Mittelland","NE",1.4494584625981,2.51264189202509
"2023-07-21","Espace Mittelland","SO",1.91439167914053,3.73638519720944
"2023-07-21","Lake Geneva","GE",6.22371840434955,10.6134453038914
"2023-07-21","Lake Geneva","VD",8.84830057807878,17.7805262860946
"2023-07-21","Lake Geneva","VS",4.80483296725517,7.5160033199624
"2023-07-21","Northwestern","AG",5.36575501987837,10.0056692232552
"2023-07-21","Northwestern","BL",2.00543671046179,3.74811110861865
"2023-07-21","Northwestern","BS",2.2080897076865,5.28685657884809
"2023-07-21","Ticino","TI",3.93488601677521,6.43409256060597
"2023-07-21","Zurich","ZH",16.7227925374431,36.0539487091641
"2023-07-22","9999","9999",0.0191720538361939,0.0700835632631614
"2023-07-22","Central","LU",5.26347793055827,9.38963402240907
"2023-07-22","Central","NW",0.615818160829019,0.857996833664038
"2023-07-22","Central","OW",0.408603049538255,0.661511344224496
"2023-07-22","Central","SZ",1.75662051688922,2.61759729617477
"2023-07-22","Central","UR",0.447737798022791,0.702263134890126
"2023-07-22","Central","ZG",1.44041799424852,2.44446166510661
"2023-07-22","Eastern","AI",0.173216867148624,0.234178346694075
"2023-07-22","Eastern","AR",0.27328795586058,0.423186443350932
"2023-07-22","Eastern","GL",0.338702611211318,0.636699995445588
"2023-07-22","Eastern","GR",3.46472275388631,4.96403713953019
"2023-07-22","Eastern","SG",4.82757338206138,7.93021689197411
"2023-07-22","Eastern","SH",0.723371529044679,1.40180721785928
"2023-07-22","Eastern","TG",2.27506786984023,3.73342822824538
"2023-07-22","Espace Mittelland","BE",10.8058202589158,19.0555577081383
"2023-07-22","Espace Mittelland","FR",2.61730038277504,4.57915534011601
"2023-07-22","Espace Mittelland","JU",0.491640263446896,0.773468307070691
"2023-07-22","Espace Mittelland","NE",1.38777787074848,2.35014455159775
"2023-07-22","Espace Mittelland","SO",2.06528903721508,3.82261313125339
"2023-07-22","Lake Geneva","GE",6.06196051297797,9.20385479990837
"2023-07-22","Lake Geneva","VD",9.21272627315212,17.675808798988
"2023-07-22","Lake Geneva","VS",4.71737598665971,7.19063476946858
"2023-07-22","Northwestern","AG",6.16114793970456,10.4498263545467
"2023-07-22","Northwestern","BL",2.11744425152861,3.6078760057943
"2023-07-22","Northwestern","BS",2.46324817209811,5.409179927143
"2023-07-22","Ticino","TI",4.34103994734643,6.88593101357419
"2023-07-22","Zurich","ZH",18.6187748509986,35.5351536026418
"2023-07-23","9999","9999",0.0154650069669742,0.0597851541124641
"2023-07-23","Central","LU",1.56891525935984,3.96373192595206
"2023-07-23","Central","NW",0.274960046105983,0.443545344609242
"2023-07-23","Central","OW",0.302833405591108,0.513934801213513
"2023-07-23","Central","SZ",0.525648951618209,1.0818427830584
"2023-07-23","Central","UR",0.243087347911566,0.463904245867551
"2023-07-23","Central","ZG",0.335385905526915,0.905240360790999
"2023-07-23","Eastern","AI",0.0736541720037307,0.143633917725567
"2023-07-23","Eastern","AR",0.0940538515682278,0.169159017633731
"2023-07-23","Eastern","GL",0.128140719191513,0.358405031333675
"2023-07-23","Eastern","GR",1.89176418672848,2.84606563383479
"2023-07-23","Eastern","SG",1.01434523630109,2.66161194914557
"2023-07-23","Eastern","SH",0.222302558966893,0.587009321589748
"2023-07-23","Eastern","TG",0.481117702379998,1.10464883104559
"2023-07-23","Espace Mittelland","BE",3.96325909192389,9.12207931338501
"2023-07-23","Espace Mittelland","FR",0.833484350131367,2.03952685777523
"2023-07-23","Espace Mittelland","JU",0.114143480135435,0.24583628180526
"2023-07-23","Espace Mittelland","NE",0.312130909839766,0.663788550208313
"2023-07-23","Espace Mittelland","SO",0.464290264562766,1.3066064124761
"2023-07-23","Lake Geneva","GE",1.65618559062553,3.92705871316789
"2023-07-23","Lake Geneva","VD",2.99864836953687,9.19940235238777
"2023-07-23","Lake Geneva","VS",2.28914005371458,4.09618374265261
"2023-07-23","Northwestern","AG",1.19055765230004,3.36723991078791
"2023-07-23","Northwestern","BL",0.413894420780427,1.2049478587806
"2023-07-23","Northwestern","BS",0.754054708315398,2.35952528072512
"2023-07-23","Ticino","TI",1.93008437925795,3.31146535825888
"2023-07-23","Zurich","ZH",4.94026586268971,15.0030147488174
"2023-07-24","9999","9999",0.0109950995416818,0.0449323329941316
"2023-07-24","Central","LU",3.78158811797956,7.29365284912457
"2023-07-24","Central","NW",0.436294819193315,0.67670404683295
"2023-07-24","Central","OW",0.254323662625715,0.432499196180276
"2023-07-24","Central","SZ",1.20152780678516,2.00448507614365
"2023-07-24","Central","UR",0.318996502119584,0.553293077769643
"2023-07-24","Central","ZG",1.05212308727366,2.22639370104432
"2023-07-24","Eastern","AI",0.0825117699842416,0.12793139288193
"2023-07-24","Eastern","AR",0.198205426785697,0.350825674103953
"2023-07-24","Eastern","GL",0.228804141390037,0.456970663469062
"2023-07-24","Eastern","GR",2.76374244410027,4.3000446604278
"2023-07-24","Eastern","SG",3.49829522468167,6.52718610075039
"2023-07-24","Eastern","SH",0.51152974807447,1.12514368489995
"2023-07-24","Eastern","TG",1.54215787591582,2.93572637092898
"2023-07-24","Espace Mittelland","BE",8.61133245617325,17.1617040570294
"2023-07-24","Espace Mittelland","FR",2.1359729813631,4.14135399268983
"2023-07-24","Espace Mittelland","JU",0.396460551799454,0.689755496053636
"2023-07-24","Espace Mittelland","NE",1.06982615923232,1.99099178098581
"2023-07-24","Espace Mittelland","SO",1.36381835539263,2.98354769658915
"2023-07-24","Lake Geneva","GE",5.39327793460508,9.82002595335059
"2023-07-24","Lake Geneva","VD",6.66988292901189,12.8380036448891
"2023-07-24","Lake Geneva","VS",3.91680359981994,6.37658461247732
"2023-07-24","Northwestern","AG",4.02418919001314,8.32471733755874
"2023-07-24","Northwestern","BL",1.51863386522003,3.16970078872899
"2023-07-24","Northwestern","BS",1.67069085122664,4.40697137722019
"2023-07-24","Ticino","TI",3.78896600809981,5.84161114702526
"2023-07-24","Zurich","ZH",13.0820403240794,31.148779043723
"2023-07-25","9999","9999",0.0138909034099724,0.0509822235183036
"2023-07-25","Central","LU",4.11989316686253,7.78148475189671
"2023-07-25","Central","NW",0.461744490354618,0.703146826764444
"2023-07-25","Central","OW",0.276647416667034,0.452280298905378
"2023-07-25","Central","SZ",1.30292716297636,2.07208750452892
"2023-07-25","Central","UR",0.331624069601767,0.529739290504187
"2023-07-25","Central","ZG",1.15688300858936,2.37094529879322
"2023-07-25","Eastern","AI",0.102899094501104,0.139487363546079
"2023-07-25","Eastern","AR",0.213750105208811,0.356161813498869
"2023-07-25","Eastern","GL",0.265661269150358,0.467642942258893
"2023-07-25","Eastern","GR",2.70122829184355,4.29144565872771
"2023-07-25","Eastern","SG",3.98804698287446,7.01076948489601
"2023-07-25","Eastern","SH",0.586882690177655,1.24750102134388
"2023-07-25","Eastern","TG",1.76535880152858,3.11831070742254
"2023-07-25","Espace Mittelland","BE",9.44899675583861,18.3179808864245
"2023-07-25","Espace Mittelland","FR",2.43543019298815,4.41302126774436
"2023-07-25","Espace Mittelland","JU",0.515834548203927,0.798517572892684
"2023-07-25","Espace Mittelland","NE",1.20930064333144,2.16416140020298
"2023-07-25","Espace Mittelland","SO",1.64328543672315,3.32251150668785
"2023-07-25","Lake Geneva","GE",6.17778651955594,10.1293860856597
"2023-07-25","Lake Geneva","VD",7.33124897740443,13.1153129526797
"2023-07-25","Lake Geneva","VS",4.30572624894719,6.71653407889737
"2023-07-25","Northwestern","AG",4.77435920897886,9.19617347823161
"2023-07-25","Northwestern","BL",1.74173438404313,3.41325986455043
"2023-07-25","Northwestern","BS",1.96560983260038,4.89242410956148
"2023-07-25","Ticino","TI",4.01793007980535,5.83178857196073
"2023-07-25","Zurich","ZH",14.4772986103054,33.2056398574945
"2023-07-26","9999","9999",0.0143748453391809,0.0520018679886697
"2023-07-26","Central","LU",4.14525413622226,7.81244795564683
"2023-07-26","Central","NW",0.446128798798762,0.695907351024845
"2023-07-26","Central","OW",0.290414836173028,0.475664145425773
"2023-07-26","Central","SZ",1.3012527975225,2.07195155193287
"2023-07-26","Central","UR",0.34001914237431,0.555264390412351
"2023-07-26","Central","ZG",1.18999312256567,2.40071891732791
"2023-07-26","Eastern","AI",0.10230568410864,0.148800116375422
"2023-07-26","Eastern","AR",0.215067078882225,0.36003646248626
"2023-07-26","Eastern","GL",0.253342883308705,0.47947081811514
"2023-07-26","Eastern","GR",2.71647861859932,4.28621148377984
"2023-07-26","Eastern","SG",3.91813688372264,6.97460609434702
"2023-07-26","Eastern","SH",0.589887899852858,1.23981969966712
"2023-07-26","Eastern","TG",1.75034642789943,3.07548563966716
"2023-07-26","Espace Mittelland","BE",9.43348284951195,18.4402702465704
"2023-07-26","Espace Mittelland","FR",2.44251306963344,4.40102345114306
"2023-07-26","Espace Mittelland","JU",0.493789595308829,0.809053899086467
"2023-07-26","Espace Mittelland","NE",1.15933898059391,2.10916857510123
"2023-07-26","Espace Mittelland","SO",1.65606558023257,3.3326739632425
"2023-07-26","Lake Geneva","GE",5.95270694923106,10.0214737125459
"2023-07-26","Lake Geneva","VD",7.31272975175396,13.0805770643892
"2023-07-26","Lake Geneva","VS",4.31190315403298,6.88246422237494
"2023-07-26","Northwestern","AG",4.81998452803426,9.26673287558094
"2023-07-26","Northwestern","BL",1.81688212270699,3.45605094415679
"2023-07-26","Northwestern","BS",2.00098618342659,5.01437358821726
"2023-07-26","Ticino","TI",3.91717745847052,6.06640876459196
"2023-07-26","Zurich","ZH",14.5871778681255,33.2959463694199
"2023-07-27","9999","9999",0.014211754794386,0.0540411569294019
"2023-07-27","Central","LU",4.24951714182972,8.13788448243866
"2023-07-27","Central","NW",0.442798997938673,0.730065440782108
"2023-07-27","Central","OW",0.354061544905623,0.579090082869905
"2023-07-27","Central","SZ",1.2823957641148,2.16657455878284
"2023-07-27","Central","UR",0.342735424071855,0.589558432765663
"2023-07-27","Central","ZG",1.19042641075759,2.43871766792355
"2023-07-27","Eastern","AI",0.135796768230471,0.190809468554504
"2023-07-27","Eastern","AR",0.236564665964918,0.375840951776934
"2023-07-27","Eastern","GL",0.268126306744536,0.518557189479172
"2023-07-27","Eastern","GR",2.68884912543317,4.36285475980235
"2023-07-27","Eastern","SG",3.8225116854765,7.00917204189243
"2023-07-27","Eastern","SH",0.603121475568469,1.27496344574574
"2023-07-27","Eastern","TG",1.72130874125651,3.14070889762158
"2023-07-27","Espace Mittelland","BE",9.42225281218017,18.8450691013058
"2023-07-27","Espace Mittelland","FR",2.42175600220452,4.42213009167963
"2023-07-27","Espace Mittelland","JU",0.515461386605156,0.85833671515416
"2023-07-27","Espace Mittelland","NE",1.21020960673132,2.16766217955123
"2023-07-27","Espace Mittelland","SO",1.71326746144071,3.50818876474151
"2023-07-27","Lake Geneva","GE",6.16219459041817,10.447753077457
"2023-07-27","Lake Geneva","VD",7.02944039462343,13.0399612263196
"2023-07-27","Lake Geneva","VS",4.30903186837491,7.0277295712531
"2023-07-27","Northwestern","AG",4.65210458328917,9.14638083992873
"2023-07-27","Northwestern","BL",1.6957859814711,3.44469890238672
"2023-07-27","Northwestern","BS",2.06105857100454,5.07908702393649
"2023-07-27","Ticino","TI",4.35472629737663,6.33321573433775
"2023-07-27","Zurich","ZH",14.4163352808583,33.5125868312237
"2023-07-28","9999","9999",0.015838035421017,0.0626741467785013
"2023-07-28","Central","LU",4.86825529579145,8.82220187465035
"2023-07-28","Central","NW",0.565770470932554,0.821663502369994
"2023-07-28","Central","OW",0.404846073395711,0.612976267435071
"2023-07-28","Central","SZ",1.55420228906569,2.35595652507884
"2023-07-28","Central","UR",0.415860937097586,0.702365099337163
"2023-07-28","Central","ZG",1.36715618018064,2.52844638131576
"2023-07-28","Eastern","AI",0.148002180769682,0.206919851186288
"2023-07-28","Eastern","AR",0.257022275234536,0.403269388029782
"2023-07-28","Eastern","GL",0.315489199755811,0.582896755559272
"2023-07-28","Eastern","GR",3.33103360405742,4.98888247645811
"2023-07-28","Eastern","SG",4.45670833406155,7.58136253051286
"2023-07-28","Eastern","SH",0.680034396139332,1.35065505359591
"2023-07-28","Eastern","TG",2.05251660826789,3.42688911230432
"2023-07-28","Espace Mittelland","BE",11.1401119105725,20.3711369919536
"2023-07-28","Espace Mittelland","FR",2.9672709658178,4.95061182067037
"2023-07-28","Espace Mittelland","JU",0.536540037714498,0.846780744490011
"2023-07-28","Espace Mittelland","NE",1.41542910566564,2.30188138000042
"2023-07-28","Espace Mittelland","SO",2.07623503767998,3.79073224747995
"2023-07-28","Lake Geneva","GE",6.88168082704587,10.2741416123026
"2023-07-28","Lake Geneva","VD",8.20684263499574,13.8854844092962
"2023-07-28","Lake Geneva","VS",5.19358562189183,7.85802606347219
"2023-07-28","Northwestern","AG",5.61248003842338,9.89344035521694
"2023-07-28","Northwestern","BL",2.08204728676555,3.80252613518718
"2023-07-28","Northwestern","BS",2.16638486650069,5.06443813171223
"2023-07-28","Ticino","TI",4.84679762471527,6.69094100269118
"2023-07-28","Zurich","ZH",15.8102254070946,33.6329048787269
"2023-07-29","9999","9999",0.0151659012496013,0.0585275925990126
"2023-07-29","Central","LU",5.29912989488925,8.73087571825456
"2023-07-29","Central","NW",0.615842933580631,0.871558105119907
"2023-07-29","Central","OW",0.405675968406745,0.608285902871387
"2023-07-29","Central","SZ",1.74795715357199,2.44034909907613
"2023-07-29","Central","UR",0.469664205116942,0.725341088069412
"2023-07-29","Central","ZG",1.39493816322155,2.24328581110338
"2023-07-29","Eastern","AI",0.154464967168448,0.201481747344336
"2023-07-29","Eastern","AR",0.276769804085011,0.40863951557371
"2023-07-29","Eastern","GL",0.351443003187128,0.615865260101108
"2023-07-29","Eastern","GR",3.73534626834113,5.34640381591747
"2023-07-29","Eastern","SG",4.93094941272934,7.60855304972262
"2023-07-29","Eastern","SH",0.714704363270637,1.35191261510936
"2023-07-29","Eastern","TG",2.31720043846752,3.56912951592039
"2023-07-29","Espace Mittelland","BE",11.7986868930062,19.7613895986747
"2023-07-29","Espace Mittelland","FR",2.70029727732696,4.39983386592763
"2023-07-29","Espace Mittelland","JU",0.553725638768396,0.826115949890592
"2023-07-29","Espace Mittelland","NE",1.4387376451139,2.3324707141114
"2023-07-29","Espace Mittelland","SO",2.25559017836291,3.79409707423216
"2023-07-29","Lake Geneva","GE",6.08630550582002,8.81723960489457
"2023-07-29","Lake Geneva","VD",8.69513307496494,13.2267600932907
"2023-07-29","Lake Geneva","VS",5.20833156508649,7.3870522826101
"2023-07-29","Northwestern","AG",6.6488435634296,10.4668544172018
"2023-07-29","Northwestern","BL",2.46636759253853,4.07201816870494
"2023-07-29","Northwestern","BS",2.30351443304721,4.77764613034727
"2023-07-29","Ticino","TI",4.66081916425077,6.9990435734868
"2023-07-29","Zurich","ZH",17.4546462668213,31.819977010416
"2023-07-30","9999","9999",0.0150163601389791,0.0568621732974147
"2023-07-30","Central","LU",1.24684081138288,3.01406905440211
"2023-07-30","Central","NW",0.184626583292012,0.253959449419177
"2023-07-30","Central","OW",0.19986767998525,0.335259101856365
"2023-07-30","Central","SZ",0.335194647039922,0.708686895053433
"2023-07-30","Central","UR",0.184089583188351,0.355448062369613
"2023-07-30","Central","ZG",0.273846952256654,0.714872738173654
"2023-07-30","Eastern","AI",0.0606083225237762,0.0969342009828013
"2023-07-30","Eastern","AR",0.0489225581972379,0.0951668172341668
"2023-07-30","Eastern","GL",0.0867256087677558,0.243015265437247
"2023-07-30","Eastern","GR",1.6041793652636,2.55318975379665
"2023-07-30","Eastern","SG",0.74114372661374,1.9940507143969
"2023-07-30","Eastern","SH",0.206543016279563,0.503636392062816
"2023-07-30","Eastern","TG",0.380631366586885,0.895961596110668
"2023-07-30","Espace Mittelland","BE",3.24242277949357,7.136083790304
"2023-07-30","Espace Mittelland","FR",0.697870604994806,1.7246946334752
"2023-07-30","Espace Mittelland","JU",0.0974960422435643,0.221364814516474
"2023-07-30","Espace Mittelland","NE",0.237460040770404,0.564033332857499
"2023-07-30","Espace Mittelland","SO",0.375120698144229,1.09455435078897
"2023-07-30","Lake Geneva","GE",1.20884605589893,2.88555986298697
"2023-07-30","Lake Geneva","VD",1.74873644967004,4.18934525909506
"2023-07-30","Lake Geneva","VS",2.07243800847017,3.64594273268797
"2023-07-30","Northwestern","AG",0.986738503051542,2.80089538379758
"2023-07-30","Northwestern","BL",0.459600531274097,1.43331423199359
"2023-07-30","Northwestern","BS",0.652950616224546,2.12449723030574
"2023-07-30","Ticino","TI",1.5175128257632,2.64896835771303
"2023-07-30","Zurich","ZH",3.97563922559157,11.6448496738157
